Prey,Predator,PreyMass,PredatorMass
Rhizophora mangle,Pseudococcus,0.057932236,-999
Acanalonia latifrons,Cheyletia wellsi,0.011,4.83e-07
Amblyseius,Cheyletia wellsi,0.0004,4.83e-07
Argas radiatus,Cheyletia wellsi,0.002585816,4.83e-07
Arunta interclusa,Cheyletia wellsi,0.787365181,4.83e-07
Asca,Cheyletia wellsi,5.3e-07,4.83e-07
Bdella,Cheyletia wellsi,8.52e-06,4.83e-07
Blissus insularis,Cheyletia wellsi,0.004,4.83e-07
Carpoglyphus lactis,Cheyletia wellsi,1.09e-06,4.83e-07
Flatoidinus punctatus,Cheyletia wellsi,0.0115,4.83e-07
Galumna,Cheyletia wellsi,0.0017,4.83e-07
Lasioseius sp.,Cheyletia wellsi,3.59e-06,4.83e-07
Saproglyphidae,Cheyletia wellsi,0.008,4.83e-07
Sphaerolophus,Cheyletia wellsi,6.37e-05,4.83e-07
Tetranychus,Cheyletia wellsi,0.000415,4.83e-07
Tydeidae,Cheyletia wellsi,0.0002,4.83e-07
Rhizophora mangle,Asca,0.057932236,5.3e-07
Fungi,Tyrophagus putrescentiae,4.46244769,1.17e-06
Bema ydda,Melichares,0.205558315,3.59e-06
Fungi,Lasioseius sp.,4.46244769,3.59e-06
Melipotis,Melichares,0.40131981,3.59e-06
Oiketicus abbottii,Melichares,0.071247903,3.59e-06
Orgygia detrita,Melichares,0.313497562,3.59e-06
Oxydia,Melichares,0.262111693,3.59e-06
Phocides batabano,Melichares,1.36330884,3.59e-06
Detritus,Rhizoglyphus callae,-999,5.5e-06
Carpoglyphus lactis,Bdella,1.09e-06,8.52e-06
Cheyletia wellsi,Bdella,4.83e-07,8.52e-06
Entonyssus,Bdella,0.021508161,8.52e-06
Eupodes,Bdella,6.37e-05,8.52e-06
Lasioseius sp.,Bdella,3.59e-06,8.52e-06
Ornitnonyssus bursa,Bdella,3.77e-09,8.52e-06
Pellonyssus,Bdella,2.71e-06,8.52e-06
Rhizoglyphus callae,Bdella,5.5e-06,8.52e-06
Saproglyphidae,Bdella,0.008,8.52e-06
Sphaerolophus,Bdella,6.37e-05,8.52e-06
Tetranychus,Bdella,0.000415,8.52e-06
Tydeidae,Bdella,0.0002,8.52e-06
Tyrophagus putrescentiae,Bdella,1.17e-06,8.52e-06
Fungi,Anisomeristes,4.46244769,3.62e-05
Aleurothrixus,Sphaerolophus,0.0025,6.37e-05
Arunta interclusa,Sphaerolophus,0.787365181,6.37e-05
Blissus insularis,Sphaerolophus,0.004,6.37e-05
Flatoidinus punctatus,Sphaerolophus,0.0115,6.37e-05
Metatropiphorus belfragei,Sphaerolophus,0.009,6.37e-05
Paraleyrodes,Sphaerolophus,0.0025,6.37e-05
Psallus conspurcatus,Sphaerolophus,0.006,6.37e-05
Rhizophora mangle,Eupodes,0.057932236,6.37e-05
Scaphytopius,Sphaerolophus,0.0075,6.37e-05
Amblyseius,Tydeidae,0.0004,0.0002
Arctoseius,Tydeidae,5.3e-07,0.0002
Argas radiatus,Tydeidae,0.002585816,0.0002
Cheyletia wellsi,Tydeidae,4.83e-07,0.0002
Galumna,Tydeidae,0.0017,0.0002
Melichares,Tydeidae,3.59e-06,0.0002
Proctolaelaps,Tydeidae,3.59e-06,0.0002
Veigaia,Tydeidae,0.000795,0.0002
Detritus,Scheloribates,-999,0.000282
Detritus,Tapinoma littorale,-999,0.000398141
Rhizophora mangle,Tapinoma littorale,0.057932236,0.000398141
Aedes taeniorhynchus,Ooencyrtus submetallicus,0.0035,0.000398141
Aleurothrixus,Ooencyrtus submetallicus,0.0025,0.000398141
Anisomeristes,Ooencyrtus submetallicus,3.62e-05,0.000398141
Ataxia,Ooencyrtus submetallicus,0.023,0.000398141
Automeris io,Ooencyrtus submetallicus,2.636851999,0.000398141
Bema ydda,Ooencyrtus submetallicus,0.205558315,0.000398141
Bembidion contractum,Ooencyrtus submetallicus,0.0051,0.000398141
Carthasis decoratus,Ooencyrtus submetallicus,0.009,0.000398141
Cecidomyidae,Ooencyrtus submetallicus,0.003,0.000398141
Ceroplastes,Ooencyrtus submetallicus,0.005,0.000398141
Chauliognathus marginatus,Ooencyrtus submetallicus,0.0095,0.000398141
Chrysopa,Ooencyrtus submetallicus,0.017427594,0.000398141
Copidita suturalis,Ooencyrtus submetallicus,0.007,0.000398141
Cryptorama minutum,Ooencyrtus submetallicus,0.005,0.000398141
Cucujidae,Ooencyrtus submetallicus,0.0155,0.000398141
Cycloptilum,Ooencyrtus submetallicus,0.018459537,0.000398141
Dufouriellus afer,Ooencyrtus submetallicus,0.0035,0.000398141
Ecdytolopha,Ooencyrtus submetallicus,0.148376753,0.000398141
Latiblattella,Ooencyrtus submetallicus,0.057932236,0.000398141
Melanophthalma floridana,Ooencyrtus submetallicus,0.002,0.000398141
Melipotis,Ooencyrtus submetallicus,0.40131981,0.000398141
Oxacis,Ooencyrtus submetallicus,0.007,0.000398141
Oxycopis,Ooencyrtus submetallicus,0.007,0.000398141
Pentacora sphacelata,Ooencyrtus submetallicus,0.032069663,0.000398141
Pseudoacalles,Ooencyrtus submetallicus,0.00423,0.000398141
Pyraustidae,Ooencyrtus submetallicus,0.027,0.000398141
Scydmaenidae,Ooencyrtus submetallicus,0.003,0.000398141
Tafaliscu lurida,Ooencyrtus submetallicus,0.083718572,0.000398141
Tetraluerodes,Ooencyrtus submetallicus,0.0025,0.000398141
Tholeria reversalis,Ooencyrtus submetallicus,0.578053133,0.000398141
Tricorynus,Ooencyrtus submetallicus,0.005,0.000398141
Trischidias atoma,Ooencyrtus submetallicus,0.0025,0.000398141
Turpilia rostrata,Ooencyrtus submetallicus,0.388073661,0.000398141
Argas radiatus,Amblyseius,0.002585816,0.0004
Bdella,Amblyseius,8.52e-06,0.0004
Carpoglyphus lactis,Amblyseius,1.09e-06,0.0004
Neurothrips magnafemoraus,Amblyseius,0.001874225,0.0004
Ornitnonyssus bursa,Amblyseius,3.77e-09,0.0004
Pellonyssus,Amblyseius,2.71e-06,0.0004
Proctolaelaps,Amblyseius,3.59e-06,0.0004
Rhizoglyphus callae,Amblyseius,5.5e-06,0.0004
Saproglyphidae,Amblyseius,0.008,0.0004
Tetranychus,Amblyseius,0.000415,0.0004
Rhizophora mangle,Tetranychus,0.057932236,0.000415
Detritus,Anurida maritima,-999,0.00065
Actenodes auronotata,Entedontini,0.0115,0.000722205
Actenodes auronotata,Euderus,0.0115,0.000722205
Actinopteryx fucicola,Entedontini,0.000866,0.000722205
Actinopteryx fucicola,Euderus,0.000866,0.000722205
Alarodia slossoniae,Euderus,0.055875412,0.000722205
Anisomeristes,Euderus,3.62e-05,0.000722205
Ataxia,Entedontini,0.023,0.000722205
Ataxia,Euderus,0.023,0.000722205
Automeris io,Euderus,2.636851999,0.000722205
Bema ydda,Euderus,0.205558315,0.000722205
Chauliognathus marginatus,Entedontini,0.0095,0.000722205
Chauliognathus marginatus,Euderus,0.0095,0.000722205
Chrysomelidae,Euderus,0.0105,0.000722205
Copidita suturalis,Euderus,0.007,0.000722205
Cryptorama minutum,Entedontini,0.005,0.000722205
Cryptorhynchus minutissimus,Entedontini,0.00075,0.000722205
Cryptorhynchus minutissimus,Euderus,0.00075,0.000722205
Cucujidae,Entedontini,0.0155,0.000722205
Cucujidae,Euderus,0.0155,0.000722205
Ecdytolopha,Entedontini,0.148376753,0.000722205
Holoparamecus,Euderus,2,0.000722205
Leptostylus,Euderus,0.01,0.000722205
Melipotis,Entedontini,0.40131981,0.000722205
Micronaspis floridana,Euderus,0.0125,0.000722205
Oiketicus abbottii,Entedontini,0.071247903,0.000722205
Oxacis,Euderus,0.007,0.000722205
Oxycopis,Euderus,0.007,0.000722205
Oxydia,Entedontini,0.262111693,0.000722205
Phocides batabano,Euderus,1.36330884,0.000722205
Phoebis agarithe,Euderus,5.536546454,0.000722205
Pseudoacalles,Euderus,0.00423,0.000722205
Pyraustidae,Euderus,0.027,0.000722205
Scydmaenidae,Entedontini,0.003,0.000722205
Scydmaenidae,Euderus,0.003,0.000722205
Staphylinidae,Entedontini,0.0476,0.000722205
Tachys occulator,Euderus,0.0035,0.000722205
Tholeria reversalis,Euderus,0.578053133,0.000722205
Trischidias atoma,Entedontini,0.0025,0.000722205
Vacusus vicinus,Entedontini,0.007,0.000722205
Vacusus vicinus,Euderus,0.007,0.000722205
Fungi,Axelsonia littoralis,4.46244769,0.00074676
Fungi,Cryptorhynchus minutissimus,4.46244769,0.00075
Amblyseius,Veigaia,0.0004,0.000795
Anurida maritima,Veigaia,0.00065,0.000795
Arctoseius,Veigaia,5.3e-07,0.000795
Asca,Veigaia,5.3e-07,0.000795
Axelsonia littoralis,Veigaia,0.00074676,0.000795
Bdella,Veigaia,8.52e-06,0.000795
Entonyssus,Veigaia,0.021508161,0.000795
Galumna,Veigaia,0.0017,0.000795
Lasioseius sp.,Veigaia,3.59e-06,0.000795
Ligia exotica,Veigaia,1.348779475,0.000795
Melichares,Veigaia,3.59e-06,0.000795
Scheloribates,Veigaia,0.000282,0.000795
Sphaerolophus,Veigaia,6.37e-05,0.000795
Staphylinidae,Veigaia,0.0476,0.000795
Detritus,Rhyscotus,-999,0.001
Rhizophora mangle,Paratrechina bourbonica,0.057932236,0.00114621
Algae,Caecilius,8.21e-07,0.00125
Detritus,Caecilius,-999,0.00125
Fungi,Caecilius,4.46244769,0.00125
Rhizophora mangle,Pauropoda,0.057932236,0.001387308
Rhizophora mangle,Crematogaster ashmeadi,0.057932236,0.001558448
Actinopteryx fucicola,Ecphylus,0.000866,0.001671743
Actinopteryx fucicola,Heterospilus,0.000866,0.001671743
Aedes taeniorhynchus,Iphiaulax epicus,0.0035,0.001671743
Alarodia slossoniae,Ecphylus,0.055875412,0.001671743
Alarodia slossoniae,Heterospilus,0.055875412,0.001671743
Aleurothrixus,Ecphylus,0.0025,0.001671743
Anisomeristes,Heterospilus,3.62e-05,0.001671743
Anisomeristes,Iphiaulax epicus,3.62e-05,0.001671743
Ascia monuste,Ecphylus,6.828348317,0.001671743
Ascia monuste,Heterospilus,6.828348317,0.001671743
Ascia monuste,Macrocentrus,6.828348317,0.001671743
Ataxia,Iphiaulax epicus,0.023,0.001671743
Automeris io,Callihormius bifasciatus,2.636851999,0.001671743
Automeris io,Iphiaulax epicus,2.636851999,0.001671743
Bema ydda,Iphiaulax epicus,0.205558315,0.001671743
Bembidion contractum,Callihormius bifasciatus,0.0051,0.001671743
Bembidion contractum,Heterospilus,0.0051,0.001671743
Carthasis decoratus,Callihormius bifasciatus,0.009,0.001671743
Carthasis decoratus,Ecphylus,0.009,0.001671743
Carthasis decoratus,Heterospilus,0.009,0.001671743
Carthasis decoratus,Iphiaulax epicus,0.009,0.001671743
Cecidomyidae,Callihormius bifasciatus,0.003,0.001671743
Cecidomyidae,Ecphylus,0.003,0.001671743
Cecidomyidae,Heterospilus,0.003,0.001671743
Cecidomyidae,Iphiaulax epicus,0.003,0.001671743
Chauliognathus marginatus,Callihormius bifasciatus,0.0095,0.001671743
Chauliognathus marginatus,Iphiaulax epicus,0.0095,0.001671743
Chrysobothris,Callihormius bifasciatus,0.0136,0.001671743
Chrysobothris,Iphiaulax epicus,0.0136,0.001671743
Chrysomelidae,Callihormius bifasciatus,0.0105,0.001671743
Chrysomelidae,Heterospilus,0.0105,0.001671743
Chrysopa,Heterospilus,0.017427594,0.001671743
Chrysopa,Iphiaulax epicus,0.017427594,0.001671743
Copidita suturalis,Callihormius bifasciatus,0.007,0.001671743
Copidita suturalis,Iphiaulax epicus,0.007,0.001671743
Cryptorama minutum,Ecphylus,0.005,0.001671743
Cryptorhynchus minutissimus,Ecphylus,0.00075,0.001671743
Cryptorhynchus minutissimus,Heterospilus,0.00075,0.001671743
Cucujidae,Heterospilus,0.0155,0.001671743
Cucujidae,Iphiaulax epicus,0.0155,0.001671743
Dufouriellus afer,Callihormius bifasciatus,0.0035,0.001671743
Dufouriellus afer,Ecphylus,0.0035,0.001671743
Dufouriellus afer,Heterospilus,0.0035,0.001671743
Ecdytolopha,Callihormius bifasciatus,0.148376753,0.001671743
Ecdytolopha,Heterospilus,0.148376753,0.001671743
Ecdytolopha,Iphiaulax epicus,0.148376753,0.001671743
Ecdytolopha,Macrocentrus,0.148376753,0.001671743
Haplothrips flavipes,Heterospilus,0.002532042,0.001671743
Holoparamecus,Ecphylus,2,0.001671743
Leptostylus,Ecphylus,0.01,0.001671743
Leptostylus,Iphiaulax epicus,0.01,0.001671743
Liothrips,Callihormius bifasciatus,0.001874225,0.001671743
Liothrips,Iphiaulax epicus,0.001874225,0.001671743
Lynchia albipennis,Callihormius bifasciatus,0.0055,0.001671743
Lynchia albipennis,Iphiaulax epicus,0.0055,0.001671743
Melanophthalma floridana,Callihormius bifasciatus,0.002,0.001671743
Melanophthalma floridana,Ecphylus,0.002,0.001671743
Melipotis,Callihormius bifasciatus,0.40131981,0.001671743
Melipotis,Ecphylus,0.40131981,0.001671743
Melipotis,Heterospilus,0.40131981,0.001671743
Metatropiphorus belfragei,Ecphylus,0.009,0.001671743
Micronaspis floridana,Heterospilus,0.0125,0.001671743
Nemapogon,Ecphylus,0.025336077,0.001671743
Nemapogon,Iphiaulax epicus,0.025336077,0.001671743
Nemapogon,Macrocentrus,0.025336077,0.001671743
Neurothrips magnafemoraus,Heterospilus,0.001874225,0.001671743
Oebalus pugnax,Callihormius bifasciatus,0.009,0.001671743
Oebalus pugnax,Heterospilus,0.009,0.001671743
Oiketicus abbottii,Heterospilus,0.071247903,0.001671743
Oiketicus abbottii,Iphiaulax epicus,0.071247903,0.001671743
Olfersia sordida,Ecphylus,0.0055,0.001671743
Olfersia sordida,Iphiaulax epicus,0.0055,0.001671743
Orgygia detrita,Callihormius bifasciatus,0.313497562,0.001671743
Orgygia detrita,Heterospilus,0.313497562,0.001671743
Orgygia detrita,Iphiaulax epicus,0.313497562,0.001671743
Orius,Callihormius bifasciatus,0.0035,0.001671743
Orius,Heterospilus,0.0035,0.001671743
Orius,Iphiaulax epicus,0.0035,0.001671743
Oxacis,Callihormius bifasciatus,0.007,0.001671743
Oxacis,Ecphylus,0.007,0.001671743
Oxacis,Heterospilus,0.007,0.001671743
Oxacis,Iphiaulax epicus,0.007,0.001671743
Oxycopis,Callihormius bifasciatus,0.007,0.001671743
Oxycopis,Ecphylus,0.007,0.001671743
Oxycopis,Heterospilus,0.007,0.001671743
Paraleyrodes,Ecphylus,0.0025,0.001671743
Paraleyrodes,Iphiaulax epicus,0.0025,0.001671743
Pentacora sphacelata,Callihormius bifasciatus,0.032069663,0.001671743
Pentacora sphacelata,Ecphylus,0.032069663,0.001671743
Phocides batabano,Ecphylus,1.36330884,0.001671743
Phocides batabano,Macrocentrus,1.36330884,0.001671743
Phoebis agarithe,Ecphylus,5.536546454,0.001671743
Phoebis agarithe,Heterospilus,5.536546454,0.001671743
Poecilipa rhizophorae,Callihormius bifasciatus,0.000875,0.001671743
Poecilipa rhizophorae,Heterospilus,0.000875,0.001671743
Psallus conspurcatus,Callihormius bifasciatus,0.006,0.001671743
Psallus conspurcatus,Ecphylus,0.006,0.001671743
Pseudothrips inequalis,Ecphylus,0.001874225,0.001671743
Pseudothrips inequalis,Heterospilus,0.001874225,0.001671743
Pyraustidae,Callihormius bifasciatus,0.027,0.001671743
Pyraustidae,Iphiaulax epicus,0.027,0.001671743
Scydmaenidae,Callihormius bifasciatus,0.003,0.001671743
Scydmaenidae,Heterospilus,0.003,0.001671743
Scydmaenidae,Iphiaulax epicus,0.003,0.001671743
Staphylinidae,Callihormius bifasciatus,0.0476,0.001671743
Staphylinidae,Ecphylus,0.0476,0.001671743
Staphylinidae,Iphiaulax epicus,0.0476,0.001671743
Styloleptus biustus,Callihormius bifasciatus,0.0065,0.001671743
Styloleptus biustus,Iphiaulax epicus,0.0065,0.001671743
Syrphidae,Callihormius bifasciatus,0.015,0.001671743
Syrphidae,Iphiaulax epicus,0.015,0.001671743
Tachys occulator,Callihormius bifasciatus,0.0035,0.001671743
Tachys occulator,Ecphylus,0.0035,0.001671743
Tachys occulator,Iphiaulax epicus,0.0035,0.001671743
Tetraluerodes,Ecphylus,0.0025,0.001671743
Tetraluerodes,Heterospilus,0.0025,0.001671743
Tetraluerodes,Iphiaulax epicus,0.0025,0.001671743
Tholeria reversalis,Callihormius bifasciatus,0.578053133,0.001671743
Tholeria reversalis,Heterospilus,0.578053133,0.001671743
Tholeria reversalis,Macrocentrus,0.578053133,0.001671743
Tricorynus,Ecphylus,0.005,0.001671743
Tricorynus,Heterospilus,0.005,0.001671743
Tricorynus,Iphiaulax epicus,0.005,0.001671743
Trischidias atoma,Ecphylus,0.0025,0.001671743
Trochopus plumbeus,Callihormius bifasciatus,0.008,0.001671743
Trochopus plumbeus,Ecphylus,0.008,0.001671743
Vacusus vicinus,Iphiaulax epicus,0.007,0.001671743
Detritus,Galumna,-999,0.0017
Fungi,Neurothrips magnafemoraus,4.46244769,0.001874225
Fungi,Melanophthalma floridana,4.46244769,0.002
Acanalonia latifrons,Theridion,0.011,0.0023
Aedes taeniorhynchus,Theridion,0.0035,0.0023
Aglaopteryx,Theridion,0.054003595,0.0023
Apanteles hemileucae,Theridion,0.001671743,0.0023
Apocrita,Theridion,0.826845887,0.0023
Ataxia,Theridion,0.023,0.0023
Bembidion contractum,Theridion,0.0051,0.0023
Camponotus floridanus,Theridion,0.013570258,0.0023
Camponotus tortuganus,Theridion,0.013570258,0.0023
Casinaria texana,Theridion,0.098554409,0.0023
Cecidomyidae,Theridion,0.003,0.0023
Chauliognathus marginatus,Theridion,0.0095,0.0023
Chrysobothris,Theridion,0.0136,0.0023
Crematogaster ashmeadi,Theridion,0.001558448,0.0023
Cryptorama minutum,Theridion,0.005,0.0023
Cryptorhynchus minutissimus,Theridion,0.00075,0.0023
Cucujidae,Theridion,0.0155,0.0023
Cyrtoxipha,Theridion,0.018459537,0.0023
Euderus,Theridion,0.000722205,0.0023
Holoparamecus,Theridion,2,0.0023
Hypoponera opacior,Theridion,0.00114621,0.0023
Iphiaulax epicus,Theridion,0.001671743,0.0023
Leptostylus,Theridion,0.01,0.0023
Melanophthalma floridana,Theridion,0.002,0.0023
Membracidae,Theridion,0.0085,0.0023
Monomorium floricola,Theridion,0.000455048,0.0023
Olfersia sordida,Theridion,0.0055,0.0023
Orocharis gryllodes,Theridion,0.083718572,0.0023
Oxacis,Theridion,0.007,0.0023
Paracryptocerus varians,Theridion,0.00744984,0.0023
Poecilipa rhizophorae,Theridion,0.000875,0.0023
Probaryconus,Theridion,0.000921608,0.0023
Pseudoacalles,Theridion,0.00423,0.0023
Sapintus fulvipes,Theridion,0.007,0.0023
Scaphytopius,Theridion,0.0075,0.0023
Staphylinidae,Theridion,0.0476,0.0023
Syrphidae,Theridion,0.015,0.0023
Tapinoma littorale,Theridion,0.000398141,0.0023
Tricorynus,Theridion,0.005,0.0023
Trischidias atoma,Theridion,0.0025,0.0023
Turpilia rostrata,Theridion,0.388073661,0.0023
Vacusus vicinus,Theridion,0.007,0.0023
Actenodes auronotata,Cephalonomia waterstoni,0.0115,0.002300114
Actinopteryx fucicola,Scleroderma macrogaster,0.000866,0.002300114
Alarodia slossoniae,Cephalonomia waterstoni,0.055875412,0.002300114
Alarodia slossoniae,Nesepyris floridanus,0.055875412,0.002300114
Alarodia slossoniae,Scleroderma macrogaster,0.055875412,0.002300114
Anisomeristes,Cephalonomia waterstoni,3.62e-05,0.002300114
Anisomeristes,Nesepyris floridanus,3.62e-05,0.002300114
Anisomeristes,Scleroderma macrogaster,3.62e-05,0.002300114
Ascia monuste,Scleroderma macrogaster,6.828348317,0.002300114
Ataxia,Cephalonomia waterstoni,0.023,0.002300114
Ataxia,Nesepyris floridanus,0.023,0.002300114
Automeris io,Cephalonomia waterstoni,2.636851999,0.002300114
Automeris io,Scleroderma macrogaster,2.636851999,0.002300114
Bema ydda,Nesepyris floridanus,0.205558315,0.002300114
Bema ydda,Scleroderma macrogaster,0.205558315,0.002300114
Bembidion contractum,Cephalonomia waterstoni,0.0051,0.002300114
Chauliognathus marginatus,Nesepyris floridanus,0.0095,0.002300114
Chauliognathus marginatus,Scleroderma macrogaster,0.0095,0.002300114
Chrysobothris,Cephalonomia waterstoni,0.0136,0.002300114
Chrysobothris,Nesepyris floridanus,0.0136,0.002300114
Chrysobothris,Scleroderma macrogaster,0.0136,0.002300114
Chrysomelidae,Scleroderma macrogaster,0.0105,0.002300114
Copidita suturalis,Cephalonomia waterstoni,0.007,0.002300114
Copidita suturalis,Nesepyris floridanus,0.007,0.002300114
Copidita suturalis,Scleroderma macrogaster,0.007,0.002300114
Cryptorama minutum,Cephalonomia waterstoni,0.005,0.002300114
Cryptorhynchus minutissimus,Cephalonomia waterstoni,0.00075,0.002300114
Cryptorhynchus minutissimus,Nesepyris floridanus,0.00075,0.002300114
Cryptorhynchus minutissimus,Scleroderma macrogaster,0.00075,0.002300114
Cucujidae,Nesepyris floridanus,0.0155,0.002300114
Cucujidae,Scleroderma macrogaster,0.0155,0.002300114
Ecdytolopha,Cephalonomia waterstoni,0.148376753,0.002300114
Ecdytolopha,Nesepyris floridanus,0.148376753,0.002300114
Ecdytolopha,Scleroderma macrogaster,0.148376753,0.002300114
Holoparamecus,Scleroderma macrogaster,2,0.002300114
Leptostylus,Cephalonomia waterstoni,0.01,0.002300114
Leptostylus,Nesepyris floridanus,0.01,0.002300114
Melanophthalma floridana,Cephalonomia waterstoni,0.002,0.002300114
Melanophthalma floridana,Nesepyris floridanus,0.002,0.002300114
Melipotis,Cephalonomia waterstoni,0.40131981,0.002300114
Melipotis,Scleroderma macrogaster,0.40131981,0.002300114
Nemapogon,Cephalonomia waterstoni,0.025336077,0.002300114
Nemapogon,Nesepyris floridanus,0.025336077,0.002300114
Nemapogon,Scleroderma macrogaster,0.025336077,0.002300114
Oiketicus abbottii,Nesepyris floridanus,0.071247903,0.002300114
Oiketicus abbottii,Scleroderma macrogaster,0.071247903,0.002300114
Orgygia detrita,Cephalonomia waterstoni,0.313497562,0.002300114
Orgygia detrita,Nesepyris floridanus,0.313497562,0.002300114
Orgygia detrita,Scleroderma macrogaster,0.313497562,0.002300114
Oxacis,Nesepyris floridanus,0.007,0.002300114
Oxycopis,Cephalonomia waterstoni,0.007,0.002300114
Oxycopis,Scleroderma macrogaster,0.007,0.002300114
Oxydia,Cephalonomia waterstoni,0.262111693,0.002300114
Oxydia,Scleroderma macrogaster,0.262111693,0.002300114
Phocides batabano,Nesepyris floridanus,1.36330884,0.002300114
Phocides batabano,Scleroderma macrogaster,1.36330884,0.002300114
Phoebis agarithe,Scleroderma macrogaster,5.536546454,0.002300114
Poecilipa rhizophorae,Cephalonomia waterstoni,0.000875,0.002300114
Poecilipa rhizophorae,Scleroderma macrogaster,0.000875,0.002300114
Pseudoacalles,Scleroderma macrogaster,0.00423,0.002300114
Pyraustidae,Cephalonomia waterstoni,0.027,0.002300114
Sapintus fulvipes,Nesepyris floridanus,0.007,0.002300114
Sapintus fulvipes,Scleroderma macrogaster,0.007,0.002300114
Scydmaenidae,Cephalonomia waterstoni,0.003,0.002300114
Scydmaenidae,Nesepyris floridanus,0.003,0.002300114
Staphylinidae,Nesepyris floridanus,0.0476,0.002300114
Styloleptus biustus,Cephalonomia waterstoni,0.0065,0.002300114
Styloleptus biustus,Nesepyris floridanus,0.0065,0.002300114
Tachys occulator,Cephalonomia waterstoni,0.0035,0.002300114
Tachys occulator,Nesepyris floridanus,0.0035,0.002300114
Tachys occulator,Scleroderma macrogaster,0.0035,0.002300114
Tholeria reversalis,Cephalonomia waterstoni,0.578053133,0.002300114
Tholeria reversalis,Scleroderma macrogaster,0.578053133,0.002300114
Trischidias atoma,Cephalonomia waterstoni,0.0025,0.002300114
Trischidias atoma,Scleroderma macrogaster,0.0025,0.002300114
Vacusus vicinus,Cephalonomia waterstoni,0.007,0.002300114
Actenodes auronotata,Neanastatus,0.0115,0.002300114
Leptostylus,Neanastatus,0.01,0.002300114
Tricorynus,Neanastatus,0.005,0.002300114
Fungi,Trischidias atoma,4.46244769,0.0025
Rhizophora mangle,Paraleyrodes,0.057932236,0.0025
Rhizophora mangle,Tetraluerodes,0.057932236,0.0025
Rhizophora mangle,Trischidias atoma,0.057932236,0.0025
Actinopteryx fucicola,Tyrannochelifer,0.000866,0.00255
Amblyseius,Tyrannochelifer,0.0004,0.00255
Asca,Tyrannochelifer,5.3e-07,0.00255
Ataxia,Tyrannochelifer,0.023,0.00255
Bdella,Tyrannochelifer,8.52e-06,0.00255
Bema ydda,Tyrannochelifer,0.205558315,0.00255
Bembidion contractum,Tyrannochelifer,0.0051,0.00255
Camponotus planatus,Tyrannochelifer,0.003869709,0.00255
Cecidomyidae,Tyrannochelifer,0.003,0.00255
Chauliognathus marginatus,Tyrannochelifer,0.0095,0.00255
Cheyletia wellsi,Tyrannochelifer,4.83e-07,0.00255
Chrysobothris,Tyrannochelifer,0.0136,0.00255
Copidita suturalis,Tyrannochelifer,0.007,0.00255
Cryptorhynchus minutissimus,Tyrannochelifer,0.00075,0.00255
Cucujidae,Tyrannochelifer,0.0155,0.00255
Holoparamecus,Tyrannochelifer,2,0.00255
Hypoponera opacior,Tyrannochelifer,0.00114621,0.00255
Lasioseius sp.,Tyrannochelifer,3.59e-06,0.00255
Melanophthalma floridana,Tyrannochelifer,0.002,0.00255
Melichares,Tyrannochelifer,3.59e-06,0.00255
Micronaspis floridana,Tyrannochelifer,0.0125,0.00255
Nemapogon,Tyrannochelifer,0.025336077,0.00255
Oxacis,Tyrannochelifer,0.007,0.00255
Oxycopis,Tyrannochelifer,0.007,0.00255
Oxydia,Tyrannochelifer,0.262111693,0.00255
Paracryptocerus varians,Tyrannochelifer,0.00744984,0.00255
Paratrechina bourbonica,Tyrannochelifer,0.00114621,0.00255
Pseudomyrmex elongatus,Tyrannochelifer,0.016248394,0.00255
Pyraustidae,Tyrannochelifer,0.027,0.00255
Rhizoglyphus callae,Tyrannochelifer,5.5e-06,0.00255
Sapintus fulvipes,Tyrannochelifer,0.007,0.00255
Sphaerolophus,Tyrannochelifer,6.37e-05,0.00255
Styloleptus biustus,Tyrannochelifer,0.0065,0.00255
Tetranychus,Tyrannochelifer,0.000415,0.00255
Tyrophagus putrescentiae,Tyrannochelifer,1.17e-06,0.00255
Vacusus vicinus,Tyrannochelifer,0.007,0.00255
Veigaia,Tyrannochelifer,0.000795,0.00255
Xenomyrmex floridanus,Tyrannochelifer,0.000760079,0.00255
Rhizophora mangle,Cecidomyidae,0.057932236,0.003
Acanalonia latifrons,Dictyna,0.011,0.00325
Aedes taeniorhynchus,Dictyna,0.0035,0.00325
Algae,Embidopsocus laticeps,8.21e-07,0.00325
Algae,Liposcelis bostrychophilus,8.21e-07,0.00325
Algae,Trogiomorpha,8.21e-07,0.00325
Arunta interclusa,Dictyna,0.787365181,0.00325
Blissus insularis,Dictyna,0.004,0.00325
Callihormius bifasciatus,Dictyna,0.001671743,0.00325
Detritus,Archipsocus panama,-999,0.00325
Detritus,Belaphotroctes okalensis,-999,0.00325
Detritus,Ectopsocopsis cryptomeriae,-999,0.00325
Detritus,Embidopsocus laticeps,-999,0.00325
Detritus,Psocidus texanus,-999,0.00325
Euchrysia,Dictyna,0.003869709,0.00325
Fungi,Echmepteryx hageni,4.46244769,0.00325
Fungi,Embidopsocus laticeps,4.46244769,0.00325
Fungi,Lachesilla,4.46244769,0.00325
Heterospilus,Dictyna,0.001671743,0.00325
Macrocentrus,Dictyna,0.001671743,0.00325
Metapelma schwarzi,Dictyna,0.002300114,0.00325
Nesepyris floridanus,Dictyna,0.002300114,0.00325
Olfersia sordida,Dictyna,0.0055,0.00325
Pseudococcus,Dictyna,-999,0.00325
Scleroderma macrogaster,Dictyna,0.002300114,0.00325
Syrphidae,Dictyna,0.015,0.00325
Fungi,Ectopsocus,4.46244769,0.00325
Fungi,Peripsocus,4.46244769,0.00325
Ascia monuste,Orius,6.828348317,0.0035
Haplothrips flavipes,Orius,0.002532042,0.0035
Melipotis,Orius,0.40131981,0.0035
Neurothrips magnafemoraus,Orius,0.001874225,0.0035
Orgygia detrita,Orius,0.313497562,0.0035
Phocides batabano,Orius,1.36330884,0.0035
Phoebis agarithe,Orius,5.536546454,0.0035
Pyraustidae,Orius,0.027,0.0035
Rhizophora mangle,Orius,0.057932236,0.0035
Poecilipa rhizophorae,Euchrysia,0.000875,0.003869709
Rhizophora mangle,Camponotus planatus,0.057932236,0.003869709
Rhizophora mangle,Colobopsis,0.057932236,0.003869709
Tricorynus,Euchrysia,0.005,0.003869709
Camponotus floridanus,Sergiolus,0.013570258,0.0039
Camponotus tortuganus,Sergiolus,0.013570258,0.0039
Monomorium floricola,Sergiolus,0.000455048,0.0039
Paratrechina bourbonica,Sergiolus,0.00114621,0.0039
Xenomyrmex floridanus,Sergiolus,0.000760079,0.0039
Acanalonia latifrons,Ballus,0.011,0.004
Actenodes auronotata,Ballus,0.0115,0.004
Actinopteryx fucicola,Ballus,0.000866,0.004
Aedes taeniorhynchus,Ballus,0.0035,0.004
Aedes taeniorhynchus,Misumenops,0.0035,0.004
Alarodia slossoniae,Misumenops,0.055875412,0.004
Anisomeristes,Ballus,3.62e-05,0.004
Anyphaena,Ballus,0.006,0.004
Apocrita,Misumenops,0.826845887,0.004
Argyrodes nephilae,Ballus,0.0077,0.004
Ariadna arthuri,Ballus,0.01,0.004
Automeris io,Ballus,2.636851999,0.004
Aysha velox,Misumenops,0.0065,0.004
Blissus insularis,Ballus,0.004,0.004
Brachymyrmex,Misumenops,0.000398141,0.004
Camponotus tortuganus,Misumenops,0.013570258,0.004
Carthasis decoratus,Ballus,0.009,0.004
Casinaria texana,Misumenops,0.098554409,0.004
Chauliognathus marginatus,Ballus,0.0095,0.004
Chrysobothris,Ballus,0.0136,0.004
Colobopsis,Misumenops,0.003869709,0.004
Copidita suturalis,Ballus,0.007,0.004
Crematogaster ashmeadi,Misumenops,0.001558448,0.004
Cryptorhynchus minutissimus,Ballus,0.00075,0.004
Cucujidae,Ballus,0.0155,0.004
Dictyna,Ballus,0.00325,0.004
Dictyna,Misumenops,0.00325,0.004
Dolomedes,Misumenops,0.03,0.004
Dufouriellus afer,Ballus,0.0035,0.004
Dufouriellus afer,Misumenops,0.0035,0.004
Ecphylus,Misumenops,0.001671743,0.004
Eriophora,Ballus,0.014,0.004
Euchrysia,Misumenops,0.003869709,0.004
Eustala,Ballus,0.008,0.004
Eustala,Misumenops,0.008,0.004
Gasteracantha ellipsoides,Misumenops,0.007,0.004
Heterospilus,Misumenops,0.001671743,0.004
Leptostylus,Ballus,0.01,0.004
Lynchia albipennis,Ballus,0.0055,0.004
Macrocentrus,Misumenops,0.001671743,0.004
Maevia vittata,Misumenops,0.007,0.004
Mangora,Ballus,0.006,0.004
Mangora,Misumenops,0.006,0.004
Meioneta,Ballus,0.00175,0.004
Meioneta,Misumenops,0.00175,0.004
Melanophthalma floridana,Ballus,0.002,0.004
Melipotis,Ballus,0.40131981,0.004
Melittobia chalybii,Misumenops,0.000722205,0.004
Membracidae,Ballus,0.0085,0.004
Metacyrba undata,Misumenops,0.0115,0.004
Metapelma schwarzi,Misumenops,0.002300114,0.004
Metepeira labyrinthea,Ballus,0.012,0.004
Metepeira labyrinthea,Misumenops,0.012,0.004
Micronaspis floridana,Ballus,0.0125,0.004
Monomorium floricola,Misumenops,0.000455048,0.004
Neanastatus,Misumenops,0.002300114,0.004
Nemapogon,Misumenops,0.025336077,0.004
Nephila clavipes,Ballus,0.032,0.004
Nephila clavipes,Misumenops,0.032,0.004
Neurotmeta breviceps,Ballus,0.008,0.004
Oliarus,Ballus,0.0065,0.004
Orius,Ballus,0.0035,0.004
Orius,Misumenops,0.0035,0.004
Oxycopis,Ballus,0.007,0.004
Pachodynerus nasidens,Misumenops,0.053463429,0.004
Paraleyrodes,Misumenops,0.0025,0.004
Paraphidippus flavus,Misumenops,0.008,0.004
Paratrechina bourbonica,Misumenops,0.00114621,0.004
Pentacora sphacelata,Ballus,0.032069663,0.004
Phoebis agarithe,Ballus,5.536546454,0.004
Phoebis agarithe,Misumenops,5.536546454,0.004
Pirata,Ballus,0.00665,0.004
Pirata,Misumenops,0.00665,0.004
Probaryconus,Misumenops,0.000921608,0.004
Psallus conspurcatus,Misumenops,0.006,0.004
Pseudoacalles,Ballus,0.00423,0.004
Pseudococcus,Ballus,-999,0.004
Pyraustidae,Misumenops,0.027,0.004
Rhizophora mangle,Blissus insularis,0.057932236,0.004
Sapintus fulvipes,Ballus,0.007,0.004
Scaphytopius,Ballus,0.0075,0.004
Sergiolus,Misumenops,0.0039,0.004
Styloleptus biustus,Ballus,0.0065,0.004
Syrphidae,Misumenops,0.015,0.004
Tachys occulator,Ballus,0.0035,0.004
Tetragnatha,Ballus,0.01,0.004
Tetragnatha,Misumenops,0.01,0.004
Tetraluerodes,Ballus,0.0025,0.004
Tetraluerodes,Misumenops,0.0025,0.004
Theridion,Ballus,0.0023,0.004
Tholeria reversalis,Ballus,0.578053133,0.004
Tricorynus,Ballus,0.005,0.004
Trochopus plumbeus,Ballus,0.008,0.004
Trochopus plumbeus,Misumenops,0.008,0.004
Uloborus,Misumenops,0.005,0.004
Vacusus vicinus,Ballus,0.007,0.004
Rhizophora mangle,Pseudoacalles,0.057932236,0.00423
Actenodes auronotata,Argiope argentata,0.0115,0.00459071
Actinopteryx fucicola,Argiope argentata,0.000866,0.00459071
Anisomeristes,Argiope argentata,3.62e-05,0.00459071
Apanteles hemileucae,Argiope argentata,0.001671743,0.00459071
Apidae,Argiope argentata,0.001671743,0.00459071
Arunta interclusa,Argiope argentata,0.787365181,0.00459071
Ataxia,Argiope argentata,0.023,0.00459071
Bembidion contractum,Argiope argentata,0.0051,0.00459071
Brachymeria psyche,Argiope argentata,0.008284363,0.00459071
Camponotus planatus,Argiope argentata,0.003869709,0.00459071
Camponotus tortuganus,Argiope argentata,0.013570258,0.00459071
Cecidomyidae,Argiope argentata,0.003,0.00459071
Chrysomelidae,Argiope argentata,0.0105,0.00459071
Colobopsis,Argiope argentata,0.003869709,0.00459071
Copidita suturalis,Argiope argentata,0.007,0.00459071
Cryptorama minutum,Argiope argentata,0.005,0.00459071
Cycloptilum,Argiope argentata,0.018459537,0.00459071
Ecphylus,Argiope argentata,0.001671743,0.00459071
Entedontini,Argiope argentata,0.000722205,0.00459071
Euderus,Argiope argentata,0.000722205,0.00459071
Flatoidinus punctatus,Argiope argentata,0.0115,0.00459071
Hypoponera opacior,Argiope argentata,0.00114621,0.00459071
Leptostylus,Argiope argentata,0.01,0.00459071
Lynchia albipennis,Argiope argentata,0.0055,0.00459071
Macrocentrus,Argiope argentata,0.001671743,0.00459071
Melittobia chalybii,Argiope argentata,0.000722205,0.00459071
Membracidae,Argiope argentata,0.0085,0.00459071
Monomorium floricola,Argiope argentata,0.000455048,0.00459071
Neanastatus,Argiope argentata,0.002300114,0.00459071
Nesepyris floridanus,Argiope argentata,0.002300114,0.00459071
Olfersia sordida,Argiope argentata,0.0055,0.00459071
Ooencyrtus submetallicus,Argiope argentata,0.000398141,0.00459071
Orocharis gryllodes,Argiope argentata,0.083718572,0.00459071
Oxacis,Argiope argentata,0.007,0.00459071
Paracryptocerus varians,Argiope argentata,0.00744984,0.00459071
Poecilipa rhizophorae,Argiope argentata,0.000875,0.00459071
Probaryconus,Argiope argentata,0.000921608,0.00459071
Pseudococcus,Argiope argentata,-999,0.00459071
Sapintus fulvipes,Argiope argentata,0.007,0.00459071
Scleroderma macrogaster,Argiope argentata,0.002300114,0.00459071
Styloleptus biustus,Argiope argentata,0.0065,0.00459071
Tafaliscu lurida,Argiope argentata,0.083718572,0.00459071
Telonemus,Argiope argentata,0.000921608,0.00459071
Tricorynus,Argiope argentata,0.005,0.00459071
Urolepis rufipes,Argiope argentata,0.003869709,0.00459071
Vacusus vicinus,Argiope argentata,0.007,0.00459071
Actinopteryx fucicola,Uloborus,0.000866,0.005
Aedes taeniorhynchus,Uloborus,0.0035,0.005
Aglaopteryx,Uloborus,0.054003595,0.005
Anisomeristes,Uloborus,3.62e-05,0.005
Apanteles hemileucae,Uloborus,0.001671743,0.005
Apocrita,Uloborus,0.826845887,0.005
Arunta interclusa,Uloborus,0.787365181,0.005
Ataxia,Uloborus,0.023,0.005
Blissus insularis,Uloborus,0.004,0.005
Brachymyrmex,Uloborus,0.000398141,0.005
Calliephialtes ferrugineus,Uloborus,0.098554409,0.005
Camponotus floridanus,Uloborus,0.013570258,0.005
Camponotus planatus,Uloborus,0.003869709,0.005
Casinaria texana,Uloborus,0.098554409,0.005
Ceroplastes,Uloborus,0.005,0.005
Chauliognathus marginatus,Uloborus,0.0095,0.005
Chrysobothris,Uloborus,0.0136,0.005
Chrysomelidae,Uloborus,0.0105,0.005
Colobopsis,Uloborus,0.003869709,0.005
Cryptorama minutum,Uloborus,0.005,0.005
Cryptorhynchus minutissimus,Uloborus,0.00075,0.005
Cucujidae,Uloborus,0.0155,0.005
Cyrtoxipha,Uloborus,0.018459537,0.005
Entedontini,Uloborus,0.000722205,0.005
Hypoponera opacior,Uloborus,0.00114621,0.005
Iphiaulax epicus,Uloborus,0.001671743,0.005
Latiblattella,Uloborus,0.057932236,0.005
Leptostylus,Uloborus,0.01,0.005
Lynchia albipennis,Uloborus,0.0055,0.005
Macrocentrus,Uloborus,0.001671743,0.005
Melittobia chalybii,Uloborus,0.000722205,0.005
Membracidae,Uloborus,0.0085,0.005
Micronaspis floridana,Uloborus,0.0125,0.005
Nesepyris floridanus,Uloborus,0.002300114,0.005
Oliarus,Uloborus,0.0065,0.005
Ooencyrtus submetallicus,Uloborus,0.000398141,0.005
Orocharis gryllodes,Uloborus,0.083718572,0.005
Oxacis,Uloborus,0.007,0.005
Oxycopis,Uloborus,0.007,0.005
Polistes,Uloborus,0.016248394,0.005
Pseudoacalles,Uloborus,0.00423,0.005
Pseudococcus,Uloborus,-999,0.005
Rhizophora mangle,Ceroplastes,0.057932236,0.005
Sapintus fulvipes,Uloborus,0.007,0.005
Scaphytopius,Uloborus,0.0075,0.005
Scydmaenidae,Uloborus,0.003,0.005
Styloleptus biustus,Uloborus,0.0065,0.005
Syrphidae,Uloborus,0.015,0.005
Tafaliscu lurida,Uloborus,0.083718572,0.005
Tapinoma littorale,Uloborus,0.000398141,0.005
Tricorynus,Uloborus,0.005,0.005
Trischidias atoma,Uloborus,0.0025,0.005
Turpilia rostrata,Uloborus,0.388073661,0.005
Urolepis rufipes,Uloborus,0.003869709,0.005
Vacusus vicinus,Uloborus,0.007,0.005
Detritus,Diradius caribbeana,-999,0.0055
Actenodes auronotata,Hentzia palmarum,0.0115,0.006
Aedes taeniorhynchus,Mangora,0.0035,0.006
Alarodia slossoniae,Hentzia palmarum,0.055875412,0.006
Anyphaena,Hentzia palmarum,0.006,0.006
Argyrodes nephilae,Hentzia palmarum,0.0077,0.006
Aysha velox,Hentzia palmarum,0.0065,0.006
Blissus insularis,Hentzia palmarum,0.004,0.006
Camponotus tortuganus,Anyphaena,0.013570258,0.006
Ceroplastes,Hentzia palmarum,0.005,0.006
Chrysobothris,Hentzia palmarum,0.0136,0.006
Chrysomelidae,Hentzia palmarum,0.0105,0.006
Colobopsis,Anyphaena,0.003869709,0.006
Crematogaster ashmeadi,Anyphaena,0.001558448,0.006
Cryptorama minutum,Hentzia palmarum,0.005,0.006
Cryptorhynchus minutissimus,Hentzia palmarum,0.00075,0.006
Dictyna,Hentzia palmarum,0.00325,0.006
Dolomedes,Hentzia palmarum,0.03,0.006
Dufouriellus afer,Hentzia palmarum,0.0035,0.006
Ecdytolopha,Hentzia palmarum,0.148376753,0.006
Eriophora,Hentzia palmarum,0.014,0.006
Flatoidinus punctatus,Hentzia palmarum,0.0115,0.006
Gnaphosa,Hentzia palmarum,0.0066,0.006
Leptostylus,Hentzia palmarum,0.01,0.006
Melanophthalma floridana,Hentzia palmarum,0.002,0.006
Melipotis,Hentzia palmarum,0.40131981,0.006
Misumenops,Hentzia palmarum,0.004,0.006
Nemapogon,Hentzia palmarum,0.025336077,0.006
Nephila clavipes,Hentzia palmarum,0.032,0.006
Neurotmeta breviceps,Hentzia palmarum,0.008,0.006
Oebalus pugnax,Hentzia palmarum,0.009,0.006
Oiketicus abbottii,Hentzia palmarum,0.071247903,0.006
Orgygia detrita,Hentzia palmarum,0.313497562,0.006
Oxacis,Hentzia palmarum,0.007,0.006
Oxycopis,Hentzia palmarum,0.007,0.006
Oxydia,Hentzia palmarum,0.262111693,0.006
Paracryptocerus varians,Anyphaena,0.00744984,0.006
Paraleyrodes,Hentzia palmarum,0.0025,0.006
Pentacora sphacelata,Hentzia palmarum,0.032069663,0.006
Pirata,Hentzia palmarum,0.00665,0.006
Poecilipa rhizophorae,Hentzia palmarum,0.000875,0.006
Pseudoacalles,Hentzia palmarum,0.00423,0.006
Pseudomyrmex elongatus,Anyphaena,0.016248394,0.006
Sapintus fulvipes,Hentzia palmarum,0.007,0.006
Scytodes,Hentzia palmarum,4.75,0.006
Tetragnatha,Hentzia palmarum,0.01,0.006
Tetraluerodes,Hentzia palmarum,0.0025,0.006
Theridion,Hentzia palmarum,0.0023,0.006
Tricorynus,Hentzia palmarum,0.005,0.006
Trischidias atoma,Hentzia palmarum,0.0025,0.006
Trochopus plumbeus,Hentzia palmarum,0.008,0.006
Uloborus,Hentzia palmarum,0.005,0.006
Xenomyrmex floridanus,Anyphaena,0.000760079,0.006
Rhizophora mangle,Styloleptus biustus,0.057932236,0.0065
Hypoponera opacior,Aysha velox,0.00114621,0.0065
Camponotus planatus,Gnaphosa,0.003869709,0.0066
Camponotus tortuganus,Gnaphosa,0.013570258,0.0066
Colobopsis,Gnaphosa,0.003869709,0.0066
Crematogaster ashmeadi,Gnaphosa,0.001558448,0.0066
Paratrechina bourbonica,Gnaphosa,0.00114621,0.0066
Pseudomyrmex elongatus,Gnaphosa,0.016248394,0.0066
Tapinoma littorale,Gnaphosa,0.000398141,0.0066
Xenomyrmex floridanus,Gnaphosa,0.000760079,0.0066
Acanalonia latifrons,Pirata,0.011,0.00665
Aedes taeniorhynchus,Pirata,0.0035,0.00665
Anyphaena,Pirata,0.006,0.00665
Arunta interclusa,Pirata,0.787365181,0.00665
Ballus,Pirata,0.004,0.00665
Blissus insularis,Pirata,0.004,0.00665
Camponotus floridanus,Pirata,0.013570258,0.00665
Camponotus planatus,Pirata,0.003869709,0.00665
Camponotus tortuganus,Pirata,0.013570258,0.00665
Ceroplastes,Pirata,0.005,0.00665
Colobopsis,Pirata,0.003869709,0.00665
Crematogaster ashmeadi,Pirata,0.001558448,0.00665
Dolomedes,Pirata,0.03,0.00665
Eriophora,Pirata,0.014,0.00665
Eustala,Pirata,0.008,0.00665
Hypoponera opacior,Pirata,0.00114621,0.00665
Latiblattella,Pirata,0.057932236,0.00665
Leucauge venusta,Pirata,0.00675,0.00665
Meioneta,Pirata,0.00175,0.00665
Membracidae,Pirata,0.0085,0.00665
Metepeira labyrinthea,Pirata,0.012,0.00665
Nephila clavipes,Pirata,0.032,0.00665
Neurotmeta breviceps,Pirata,0.008,0.00665
Oliarus,Pirata,0.0065,0.00665
Orocharis gryllodes,Pirata,0.083718572,0.00665
Paracryptocerus varians,Pirata,0.00744984,0.00665
Paratrechina bourbonica,Pirata,0.00114621,0.00665
Pseudococcus,Pirata,-999,0.00665
Pseudomyrmex elongatus,Pirata,0.016248394,0.00665
Scaphytopius,Pirata,0.0075,0.00665
Stoidis aurata,Pirata,0.009,0.00665
Syrphidae,Pirata,0.015,0.00665
Theridion,Pirata,0.0023,0.00665
Trochopus plumbeus,Pirata,0.008,0.00665
Turpilia rostrata,Pirata,0.388073661,0.00665
Uloborus,Pirata,0.005,0.00665
Xenomyrmex floridanus,Pirata,0.000760079,0.00665
Aedes taeniorhynchus,Leucauge venusta,0.0035,0.00675
Acanalonia latifrons,Maevia vittata,0.011,0.007
Actinopteryx fucicola,Maevia vittata,0.000866,0.007
Aedes taeniorhynchus,Maevia vittata,0.0035,0.007
Alarodia slossoniae,Gasteracantha ellipsoides,0.055875412,0.007
Aleurothrixus,Gasteracantha ellipsoides,0.0025,0.007
Aleurothrixus,Maevia vittata,0.0025,0.007
Anisomeristes,Gasteracantha ellipsoides,3.62e-05,0.007
Anyphaena,Maevia vittata,0.006,0.007
Argiope argentata,Maevia vittata,0.00459071,0.007
Arunta interclusa,Maevia vittata,0.787365181,0.007
Ascia monuste,Gasteracantha ellipsoides,6.828348317,0.007
Automeris io,Gasteracantha ellipsoides,2.636851999,0.007
Aysha velox,Maevia vittata,0.0065,0.007
Bema ydda,Maevia vittata,0.205558315,0.007
Bembidion contractum,Gasteracantha ellipsoides,0.0051,0.007
Bembidion contractum,Maevia vittata,0.0051,0.007
Carthasis decoratus,Maevia vittata,0.009,0.007
Cecidomyidae,Maevia vittata,0.003,0.007
Chauliognathus marginatus,Gasteracantha ellipsoides,0.0095,0.007
Chrysobothris,Maevia vittata,0.0136,0.007
Chrysomelidae,Gasteracantha ellipsoides,0.0105,0.007
Cryptorama minutum,Gasteracantha ellipsoides,0.005,0.007
Cryptorhynchus minutissimus,Gasteracantha ellipsoides,0.00075,0.007
Cryptorhynchus minutissimus,Maevia vittata,0.00075,0.007
Cucujidae,Gasteracantha ellipsoides,0.0155,0.007
Cucujidae,Maevia vittata,0.0155,0.007
Detritus,Copidita suturalis,-999,0.007
Dictyna,Maevia vittata,0.00325,0.007
Dufouriellus afer,Maevia vittata,0.0035,0.007
Eriophora,Maevia vittata,0.014,0.007
Eustala,Maevia vittata,0.008,0.007
Flatoidinus punctatus,Maevia vittata,0.0115,0.007
Gasteracantha ellipsoides,Maevia vittata,0.007,0.007
Leucauge venusta,Maevia vittata,0.00675,0.007
Lynchia albipennis,Maevia vittata,0.0055,0.007
Mangora,Maevia vittata,0.006,0.007
Melanophthalma floridana,Gasteracantha ellipsoides,0.002,0.007
Metepeira labyrinthea,Maevia vittata,0.012,0.007
Micronaspis floridana,Gasteracantha ellipsoides,0.0125,0.007
Misumenops,Maevia vittata,0.004,0.007
Nemapogon,Gasteracantha ellipsoides,0.025336077,0.007
Neurotmeta breviceps,Maevia vittata,0.008,0.007
Oebalus pugnax,Maevia vittata,0.009,0.007
Olfersia sordida,Maevia vittata,0.0055,0.007
Orgygia detrita,Gasteracantha ellipsoides,0.313497562,0.007
Oxacis,Gasteracantha ellipsoides,0.007,0.007
Oxacis,Maevia vittata,0.007,0.007
Oxydia,Maevia vittata,0.262111693,0.007
Paraleyrodes,Gasteracantha ellipsoides,0.0025,0.007
Paraphidippus flavus,Maevia vittata,0.008,0.007
Phocides batabano,Gasteracantha ellipsoides,1.36330884,0.007
Phoebis agarithe,Gasteracantha ellipsoides,5.536546454,0.007
Phoebis agarithe,Maevia vittata,5.536546454,0.007
Pirata,Maevia vittata,0.00665,0.007
Poecilipa rhizophorae,Gasteracantha ellipsoides,0.000875,0.007
Poecilipa rhizophorae,Maevia vittata,0.000875,0.007
Pseudoacalles,Gasteracantha ellipsoides,0.00423,0.007
Rhizophora mangle,Copidita suturalis,0.057932236,0.007
Sapintus fulvipes,Maevia vittata,0.007,0.007
Scydmaenidae,Gasteracantha ellipsoides,0.003,0.007
Scydmaenidae,Maevia vittata,0.003,0.007
Scytodes,Maevia vittata,4.75,0.007
Sergiolus,Maevia vittata,0.0039,0.007
Staphylinidae,Gasteracantha ellipsoides,0.0476,0.007
Staphylinidae,Maevia vittata,0.0476,0.007
Stoidis aurata,Maevia vittata,0.009,0.007
Styloleptus biustus,Gasteracantha ellipsoides,0.0065,0.007
Styloleptus biustus,Maevia vittata,0.0065,0.007
Syrphidae,Maevia vittata,0.015,0.007
Tachys occulator,Gasteracantha ellipsoides,0.0035,0.007
Tetragnatha,Maevia vittata,0.01,0.007
Theridion,Maevia vittata,0.0023,0.007
Tholeria reversalis,Gasteracantha ellipsoides,0.578053133,0.007
Tholeria reversalis,Maevia vittata,0.578053133,0.007
Tricorynus,Maevia vittata,0.005,0.007
Trischidias atoma,Gasteracantha ellipsoides,0.0025,0.007
Trischidias atoma,Maevia vittata,0.0025,0.007
Trochopus plumbeus,Maevia vittata,0.008,0.007
Vacusus vicinus,Gasteracantha ellipsoides,0.007,0.007
Vacusus vicinus,Maevia vittata,0.007,0.007
Acanalonia latifrons,Argyrodes nephilae,0.011,0.0077
Actenodes auronotata,Argyrodes nephilae,0.0115,0.0077
Aedes taeniorhynchus,Argyrodes nephilae,0.0035,0.0077
Aglaopteryx,Argyrodes nephilae,0.054003595,0.0077
Apidae,Argyrodes nephilae,0.001671743,0.0077
Apocrita,Argyrodes nephilae,0.826845887,0.0077
Ataxia,Argyrodes nephilae,0.023,0.0077
Bembidion contractum,Argyrodes nephilae,0.0051,0.0077
Callihormius bifasciatus,Argyrodes nephilae,0.001671743,0.0077
Camponotus tortuganus,Argyrodes nephilae,0.013570258,0.0077
Casinaria texana,Argyrodes nephilae,0.098554409,0.0077
Cecidomyidae,Argyrodes nephilae,0.003,0.0077
Colobopsis,Argyrodes nephilae,0.003869709,0.0077
Cryptorhynchus minutissimus,Argyrodes nephilae,0.00075,0.0077
Cucujidae,Argyrodes nephilae,0.0155,0.0077
Cycloptilum,Argyrodes nephilae,0.018459537,0.0077
Ecphylus,Argyrodes nephilae,0.001671743,0.0077
Euchrysia,Argyrodes nephilae,0.003869709,0.0077
Euderus,Argyrodes nephilae,0.000722205,0.0077
Iphiaulax epicus,Argyrodes nephilae,0.001671743,0.0077
Latiblattella,Argyrodes nephilae,0.057932236,0.0077
Leptostylus,Argyrodes nephilae,0.01,0.0077
Macrocentrus,Argyrodes nephilae,0.001671743,0.0077
Melittobia chalybii,Argyrodes nephilae,0.000722205,0.0077
Metapelma schwarzi,Argyrodes nephilae,0.002300114,0.0077
Neurotmeta breviceps,Argyrodes nephilae,0.008,0.0077
Olfersia sordida,Argyrodes nephilae,0.0055,0.0077
Oliarus,Argyrodes nephilae,0.0065,0.0077
Ooencyrtus submetallicus,Argyrodes nephilae,0.000398141,0.0077
Orocharis gryllodes,Argyrodes nephilae,0.083718572,0.0077
Oxacis,Argyrodes nephilae,0.007,0.0077
Paracryptocerus varians,Argyrodes nephilae,0.00744984,0.0077
Pseudoacalles,Argyrodes nephilae,0.00423,0.0077
Scleroderma macrogaster,Argyrodes nephilae,0.002300114,0.0077
Scydmaenidae,Argyrodes nephilae,0.003,0.0077
Staphylinidae,Argyrodes nephilae,0.0476,0.0077
Styloleptus biustus,Argyrodes nephilae,0.0065,0.0077
Syrphidae,Argyrodes nephilae,0.015,0.0077
Tafaliscu lurida,Argyrodes nephilae,0.083718572,0.0077
Tapinoma littorale,Argyrodes nephilae,0.000398141,0.0077
Telonemus,Argyrodes nephilae,0.000921608,0.0077
Tricorynus,Argyrodes nephilae,0.005,0.0077
Trischidias atoma,Argyrodes nephilae,0.0025,0.0077
Urolepis rufipes,Argyrodes nephilae,0.003869709,0.0077
Xenomyrmex floridanus,Argyrodes nephilae,0.000760079,0.0077
Acanalonia latifrons,Paraphidippus flavus,0.011,0.008
Actinopteryx fucicola,Paraphidippus flavus,0.000866,0.008
Aedes taeniorhynchus,Paraphidippus flavus,0.0035,0.008
Aedes taeniorhynchus,Trochopus plumbeus,0.0035,0.008
Alarodia slossoniae,Paraphidippus flavus,0.055875412,0.008
Anyphaena,Paraphidippus flavus,0.006,0.008
Argiope argentata,Paraphidippus flavus,0.00459071,0.008
Ariadna arthuri,Paraphidippus flavus,0.01,0.008
Arunta interclusa,Paraphidippus flavus,0.787365181,0.008
Ascia monuste,Eustala,6.828348317,0.008
Aysha velox,Paraphidippus flavus,0.0065,0.008
Bembidion contractum,Paraphidippus flavus,0.0051,0.008
Cecidomyidae,Paraphidippus flavus,0.003,0.008
Copidita suturalis,Paraphidippus flavus,0.007,0.008
Cucujidae,Paraphidippus flavus,0.0155,0.008
Detritus,Saproglyphidae,-999,0.008
Dictyna,Paraphidippus flavus,0.00325,0.008
Dolomedes,Paraphidippus flavus,0.03,0.008
Flatoidinus punctatus,Paraphidippus flavus,0.0115,0.008
Hentzia palmarum,Paraphidippus flavus,0.006,0.008
Holoparamecus,Paraphidippus flavus,2,0.008
Leptostylus,Paraphidippus flavus,0.01,0.008
Leucauge venusta,Paraphidippus flavus,0.00675,0.008
Maevia vittata,Paraphidippus flavus,0.007,0.008
Mangora,Paraphidippus flavus,0.006,0.008
Meioneta,Paraphidippus flavus,0.00175,0.008
Melanophthalma floridana,Paraphidippus flavus,0.002,0.008
Membracidae,Paraphidippus flavus,0.0085,0.008
Metacyrba undata,Paraphidippus flavus,0.0115,0.008
Metatropiphorus belfragei,Paraphidippus flavus,0.009,0.008
Metepeira labyrinthea,Paraphidippus flavus,0.012,0.008
Nemapogon,Eustala,0.025336077,0.008
Nephila clavipes,Paraphidippus flavus,0.032,0.008
Neurotmeta breviceps,Paraphidippus flavus,0.008,0.008
Oebalus pugnax,Paraphidippus flavus,0.009,0.008
Oiketicus abbottii,Eustala,0.071247903,0.008
Orgygia detrita,Paraphidippus flavus,0.313497562,0.008
Orius,Paraphidippus flavus,0.0035,0.008
Oxacis,Paraphidippus flavus,0.007,0.008
Oxycopis,Paraphidippus flavus,0.007,0.008
Oxydia,Paraphidippus flavus,0.262111693,0.008
Phocides batabano,Paraphidippus flavus,1.36330884,0.008
Rhizophora mangle,Neurotmeta breviceps,0.057932236,0.008
Sapintus fulvipes,Paraphidippus flavus,0.007,0.008
Scydmaenidae,Paraphidippus flavus,0.003,0.008
Scytodes,Paraphidippus flavus,4.75,0.008
Sergiolus,Paraphidippus flavus,0.0039,0.008
Stoidis aurata,Paraphidippus flavus,0.009,0.008
Styloleptus biustus,Paraphidippus flavus,0.0065,0.008
Tachys occulator,Paraphidippus flavus,0.0035,0.008
Tachys occulator,Trochopus plumbeus,0.0035,0.008
Tetragnatha,Paraphidippus flavus,0.01,0.008
Theridion,Paraphidippus flavus,0.0023,0.008
Tholeria reversalis,Paraphidippus flavus,0.578053133,0.008
Trochopus plumbeus,Paraphidippus flavus,0.008,0.008
Uloborus,Paraphidippus flavus,0.005,0.008
Actenodes auronotata,Brachymeria psyche,0.0115,0.008284363
Aedes taeniorhynchus,Brachymeria psyche,0.0035,0.008284363
Alarodia slossoniae,Brachymeria psyche,0.055875412,0.008284363
Anisomeristes,Brachymeria psyche,3.62e-05,0.008284363
Ascia monuste,Brachymeria psyche,6.828348317,0.008284363
Chauliognathus marginatus,Brachymeria psyche,0.0095,0.008284363
Chrysomelidae,Brachymeria psyche,0.0105,0.008284363
Cryptorama minutum,Brachymeria psyche,0.005,0.008284363
Leptostylus,Brachymeria psyche,0.01,0.008284363
Melipotis,Brachymeria psyche,0.40131981,0.008284363
Micronaspis floridana,Brachymeria psyche,0.0125,0.008284363
Nemapogon,Brachymeria psyche,0.025336077,0.008284363
Oiketicus abbottii,Brachymeria psyche,0.071247903,0.008284363
Olfersia sordida,Brachymeria psyche,0.0055,0.008284363
Oxacis,Brachymeria psyche,0.007,0.008284363
Oxydia,Brachymeria psyche,0.262111693,0.008284363
Phoebis agarithe,Brachymeria psyche,5.536546454,0.008284363
Pseudoacalles,Brachymeria psyche,0.00423,0.008284363
Pyraustidae,Brachymeria psyche,0.027,0.008284363
Rhizophora mangle,Kalotermes jouteli,0.057932236,0.008284363
Sapintus fulvipes,Brachymeria psyche,0.007,0.008284363
Styloleptus biustus,Brachymeria psyche,0.0065,0.008284363
Syrphidae,Brachymeria psyche,0.015,0.008284363
Tachys occulator,Brachymeria psyche,0.0035,0.008284363
Tholeria reversalis,Brachymeria psyche,0.578053133,0.008284363
Vacusus vicinus,Brachymeria psyche,0.007,0.008284363
Acanalonia latifrons,Stoidis aurata,0.011,0.009
Alarodia slossoniae,Carthasis decoratus,0.055875412,0.009
Alarodia slossoniae,Metatropiphorus belfragei,0.055875412,0.009
Aleurothrixus,Stoidis aurata,0.0025,0.009
Amblyseius,Carthasis decoratus,0.0004,0.009
Amblyseius,Metatropiphorus belfragei,0.0004,0.009
Anyphaena,Stoidis aurata,0.006,0.009
Ariadna arthuri,Stoidis aurata,0.01,0.009
Arunta interclusa,Stoidis aurata,0.787365181,0.009
Ascia monuste,Metatropiphorus belfragei,6.828348317,0.009
Ataxia,Stoidis aurata,0.023,0.009
Automeris io,Metatropiphorus belfragei,2.636851999,0.009
Aysha velox,Stoidis aurata,0.0065,0.009
Ballus,Stoidis aurata,0.004,0.009
Bdella,Carthasis decoratus,8.52e-06,0.009
Blissus insularis,Metatropiphorus belfragei,0.004,0.009
Blissus insularis,Stoidis aurata,0.004,0.009
Chauliognathus marginatus,Stoidis aurata,0.0095,0.009
Cheyletia wellsi,Metatropiphorus belfragei,4.83e-07,0.009
Chrysomelidae,Stoidis aurata,0.0105,0.009
Copidita suturalis,Stoidis aurata,0.007,0.009
Cucujidae,Stoidis aurata,0.0155,0.009
Dictyna,Stoidis aurata,0.00325,0.009
Dufouriellus afer,Stoidis aurata,0.0035,0.009
Ecdytolopha,Metatropiphorus belfragei,0.148376753,0.009
Entonyssus,Metatropiphorus belfragei,0.021508161,0.009
Eriophora,Stoidis aurata,0.014,0.009
Galumna,Carthasis decoratus,0.0017,0.009
Gnaphosa,Stoidis aurata,0.0066,0.009
Haplothrips flavipes,Carthasis decoratus,0.002532042,0.009
Hentzia palmarum,Stoidis aurata,0.006,0.009
Holoparamecus,Stoidis aurata,2,0.009
Liothrips,Carthasis decoratus,0.001874225,0.009
Liothrips,Metatropiphorus belfragei,0.001874225,0.009
Maevia vittata,Stoidis aurata,0.007,0.009
Mangora,Stoidis aurata,0.006,0.009
Melanophthalma floridana,Stoidis aurata,0.002,0.009
Melichares,Carthasis decoratus,3.59e-06,0.009
Melichares,Metatropiphorus belfragei,3.59e-06,0.009
Melipotis,Carthasis decoratus,0.40131981,0.009
Melipotis,Stoidis aurata,0.40131981,0.009
Membracidae,Stoidis aurata,0.0085,0.009
Metatropiphorus belfragei,Stoidis aurata,0.009,0.009
Monomorium floricola,Stoidis aurata,0.000455048,0.009
Nemapogon,Carthasis decoratus,0.025336077,0.009
Neurothrips magnafemoraus,Carthasis decoratus,0.001874225,0.009
Orgygia detrita,Carthasis decoratus,0.313497562,0.009
Orgygia detrita,Metatropiphorus belfragei,0.313497562,0.009
Orius,Stoidis aurata,0.0035,0.009
Ornitnonyssus bursa,Carthasis decoratus,3.77e-09,0.009
Ornitnonyssus bursa,Metatropiphorus belfragei,3.77e-09,0.009
Paracryptocerus varians,Stoidis aurata,0.00744984,0.009
Paraleyrodes,Stoidis aurata,0.0025,0.009
Paratrechina bourbonica,Stoidis aurata,0.00114621,0.009
Pellonyssus,Carthasis decoratus,2.71e-06,0.009
Phocides batabano,Carthasis decoratus,1.36330884,0.009
Phocides batabano,Metatropiphorus belfragei,1.36330884,0.009
Phocides batabano,Stoidis aurata,1.36330884,0.009
Phoebis agarithe,Carthasis decoratus,5.536546454,0.009
Phoebis agarithe,Metatropiphorus belfragei,5.536546454,0.009
Phoebis agarithe,Stoidis aurata,5.536546454,0.009
Proctolaelaps,Metatropiphorus belfragei,3.59e-06,0.009
Psallus conspurcatus,Stoidis aurata,0.006,0.009
Pseudoacalles,Stoidis aurata,0.00423,0.009
Pseudomyrmex elongatus,Stoidis aurata,0.016248394,0.009
Pseudothrips inequalis,Metatropiphorus belfragei,0.001874225,0.009
Pyraustidae,Stoidis aurata,0.027,0.009
Rhizophora mangle,Oebalus pugnax,0.057932236,0.009
Sapintus fulvipes,Stoidis aurata,0.007,0.009
Scaphytopius,Metatropiphorus belfragei,0.0075,0.009
Scaphytopius,Stoidis aurata,0.0075,0.009
Scydmaenidae,Stoidis aurata,0.003,0.009
Sphaerolophus,Metatropiphorus belfragei,6.37e-05,0.009
Syrphidae,Stoidis aurata,0.015,0.009
Tetraluerodes,Stoidis aurata,0.0025,0.009
Tetranychus,Carthasis decoratus,0.000415,0.009
Tetranychus,Metatropiphorus belfragei,0.000415,0.009
Tholeria reversalis,Metatropiphorus belfragei,0.578053133,0.009
Tricorynus,Stoidis aurata,0.005,0.009
Trischidias atoma,Stoidis aurata,0.0025,0.009
Trochopus plumbeus,Stoidis aurata,0.008,0.009
Tydeidae,Carthasis decoratus,0.0002,0.009
Tyrophagus putrescentiae,Metatropiphorus belfragei,1.17e-06,0.009
Uloborus,Stoidis aurata,0.005,0.009
Acanalonia latifrons,Tetragnatha,0.011,0.01
Aedes taeniorhynchus,Tetragnatha,0.0035,0.01
Apocrita,Tetragnatha,0.826845887,0.01
Ascia monuste,Tetragnatha,6.828348317,0.01
Blissus insularis,Tetragnatha,0.004,0.01
Cecidomyidae,Tetragnatha,0.003,0.01
Ceroplastes,Tetragnatha,0.005,0.01
Melipotis,Tetragnatha,0.40131981,0.01
Membracidae,Tetragnatha,0.0085,0.01
Odonata,Tetragnatha,0.399604248,0.01
Olfersia sordida,Tetragnatha,0.0055,0.01
Orgygia detrita,Tetragnatha,0.313497562,0.01
Oxydia,Tetragnatha,0.262111693,0.01
Phocides batabano,Tetragnatha,1.36330884,0.01
Tholeria reversalis,Tetragnatha,0.578053133,0.01
Actinopteryx fucicola,Metacyrba undata,0.000866,0.0115
Aedes taeniorhynchus,Metacyrba undata,0.0035,0.0115
Argyrodes nephilae,Metacyrba undata,0.0077,0.0115
Arunta interclusa,Metacyrba undata,0.787365181,0.0115
Ascia monuste,Metacyrba undata,6.828348317,0.0115
Ataxia,Metacyrba undata,0.023,0.0115
Aysha velox,Metacyrba undata,0.0065,0.0115
Ballus,Metacyrba undata,0.004,0.0115
Bema ydda,Metacyrba undata,0.205558315,0.0115
Bembidion contractum,Metacyrba undata,0.0051,0.0115
Blissus insularis,Metacyrba undata,0.004,0.0115
Carthasis decoratus,Metacyrba undata,0.009,0.0115
Copidita suturalis,Metacyrba undata,0.007,0.0115
Cryptorhynchus minutissimus,Metacyrba undata,0.00075,0.0115
Dolomedes,Metacyrba undata,0.03,0.0115
Eriophora,Metacyrba undata,0.014,0.0115
Eustala,Metacyrba undata,0.008,0.0115
Flatoidinus punctatus,Metacyrba undata,0.0115,0.0115
Gnaphosa,Metacyrba undata,0.0066,0.0115
Lynchia albipennis,Metacyrba undata,0.0055,0.0115
Melipotis,Metacyrba undata,0.40131981,0.0115
Metatropiphorus belfragei,Metacyrba undata,0.009,0.0115
Metepeira labyrinthea,Metacyrba undata,0.012,0.0115
Misumenops,Metacyrba undata,0.004,0.0115
Neurotmeta breviceps,Metacyrba undata,0.008,0.0115
Oiketicus abbottii,Metacyrba undata,0.071247903,0.0115
Olfersia sordida,Metacyrba undata,0.0055,0.0115
Orgygia detrita,Metacyrba undata,0.313497562,0.0115
Orius,Metacyrba undata,0.0035,0.0115
Oxycopis,Metacyrba undata,0.007,0.0115
Oxydia,Metacyrba undata,0.262111693,0.0115
Paraleyrodes,Metacyrba undata,0.0025,0.0115
Paraphidippus flavus,Metacyrba undata,0.008,0.0115
Pentacora sphacelata,Metacyrba undata,0.032069663,0.0115
Pirata,Metacyrba undata,0.00665,0.0115
Pseudococcus,Metacyrba undata,-999,0.0115
Pyraustidae,Metacyrba undata,0.027,0.0115
Sapintus fulvipes,Metacyrba undata,0.007,0.0115
Sergiolus,Metacyrba undata,0.0039,0.0115
Staphylinidae,Metacyrba undata,0.0476,0.0115
Syrphidae,Metacyrba undata,0.015,0.0115
Tetraluerodes,Metacyrba undata,0.0025,0.0115
Theridion,Metacyrba undata,0.0023,0.0115
Tholeria reversalis,Metacyrba undata,0.578053133,0.0115
Trochopus plumbeus,Metacyrba undata,0.008,0.0115
Vacusus vicinus,Metacyrba undata,0.007,0.0115
Rhizophora mangle,Camponotus tortuganus,0.057932236,0.013570258
Acanalonia latifrons,Syrphidae,0.011,0.015
Membracidae,Syrphidae,0.0085,0.015
Scaphytopius,Syrphidae,0.0075,0.015
Amblyseius,Cucujidae,0.0004,0.0155
Arctoseius,Cucujidae,5.3e-07,0.0155
Argas radiatus,Cucujidae,0.002585816,0.0155
Entonyssus,Cucujidae,0.021508161,0.0155
Galumna,Cucujidae,0.0017,0.0155
Pellonyssus,Cucujidae,2.71e-06,0.0155
Proctolaelaps,Cucujidae,3.59e-06,0.0155
Veigaia,Cucujidae,0.000795,0.0155
Detritus,Cyrtoxipha,-999,0.018459537
Rhizophora mangle,Cycloptilum,0.057932236,0.018459537
Rhizophora mangle,Cyrtoxipha,0.057932236,0.018459537
Actenodes auronotata,Labidura riparia,0.0115,0.0215
Aedes taeniorhynchus,Labidura riparia,0.0035,0.0215
Ataxia,Labidura riparia,0.023,0.0215
Bembidion contractum,Labidura riparia,0.0051,0.0215
Chauliognathus marginatus,Labidura riparia,0.0095,0.0215
Copidita suturalis,Labidura riparia,0.007,0.0215
Cryptorhynchus minutissimus,Labidura riparia,0.00075,0.0215
Detritus,Labidura riparia,-999,0.0215
Lynchia albipennis,Labidura riparia,0.0055,0.0215
Micronaspis floridana,Labidura riparia,0.0125,0.0215
Olfersia sordida,Labidura riparia,0.0055,0.0215
Oxycopis,Labidura riparia,0.007,0.0215
Pseudoacalles,Labidura riparia,0.00423,0.0215
Rhizophora mangle,Labidura riparia,0.057932236,0.0215
Sapintus fulvipes,Labidura riparia,0.007,0.0215
Scydmaenidae,Labidura riparia,0.003,0.0215
Staphylinidae,Labidura riparia,0.0476,0.0215
Styloleptus biustus,Labidura riparia,0.0065,0.0215
Vacusus vicinus,Labidura riparia,0.007,0.0215
Rhizophora mangle,Pyraustidae,0.057932236,0.027
Anisomeristes,Dolomedes,3.62e-05,0.03
Bembidion contractum,Dolomedes,0.0051,0.03
Tachys occulator,Dolomedes,0.0035,0.03
Veigaia,Dolomedes,0.000795,0.03
Acanalonia latifrons,Nephila clavipes,0.011,0.032
Apanteles hemileucae,Nephila clavipes,0.001671743,0.032
Apidae,Nephila clavipes,0.001671743,0.032
Arunta interclusa,Nephila clavipes,0.787365181,0.032
Ataxia,Nephila clavipes,0.023,0.032
Bembidion contractum,Nephila clavipes,0.0051,0.032
Callihormius bifasciatus,Nephila clavipes,0.001671743,0.032
Cecidomyidae,Nephila clavipes,0.003,0.032
Chauliognathus marginatus,Nephila clavipes,0.0095,0.032
Chrysobothris,Nephila clavipes,0.0136,0.032
Chrysomelidae,Nephila clavipes,0.0105,0.032
Cucujidae,Nephila clavipes,0.0155,0.032
Cycloptilum,Nephila clavipes,0.018459537,0.032
Euchrysia,Nephila clavipes,0.003869709,0.032
Euderus,Nephila clavipes,0.000722205,0.032
Flatoidinus punctatus,Nephila clavipes,0.0115,0.032
Heterospilus,Nephila clavipes,0.001671743,0.032
Holoparamecus,Nephila clavipes,2,0.032
Latiblattella,Nephila clavipes,0.057932236,0.032
Leptostylus,Nephila clavipes,0.01,0.032
Micronaspis floridana,Nephila clavipes,0.0125,0.032
Neanastatus,Nephila clavipes,0.002300114,0.032
Nesepyris floridanus,Nephila clavipes,0.002300114,0.032
Oliarus,Nephila clavipes,0.0065,0.032
Ooencyrtus submetallicus,Nephila clavipes,0.000398141,0.032
Orocharis gryllodes,Nephila clavipes,0.083718572,0.032
Oxycopis,Nephila clavipes,0.007,0.032
Pachodynerus nasidens,Nephila clavipes,0.053463429,0.032
Paracryptocerus varians,Nephila clavipes,0.00744984,0.032
Polistes,Nephila clavipes,0.016248394,0.032
Pseudoacalles,Nephila clavipes,0.00423,0.032
Pseudococcus,Nephila clavipes,-999,0.032
Styloleptus biustus,Nephila clavipes,0.0065,0.032
Syrphidae,Nephila clavipes,0.015,0.032
Tachys occulator,Nephila clavipes,0.0035,0.032
Telonemus,Nephila clavipes,0.000921608,0.032
Turpilia rostrata,Nephila clavipes,0.388073661,0.032
Urolepis rufipes,Nephila clavipes,0.003869709,0.032
Xenomyrmex floridanus,Nephila clavipes,0.000760079,0.032
Detritus,Staphylinidae,-999,0.0476
Actenodes auronotata,Pachodynerus nasidens,0.0115,0.053463429
Actinopteryx fucicola,Pachodynerus nasidens,0.000866,0.053463429
Alarodia slossoniae,Pachodynerus nasidens,0.055875412,0.053463429
Ascia monuste,Pachodynerus nasidens,6.828348317,0.053463429
Ataxia,Pachodynerus nasidens,0.023,0.053463429
Bembidion contractum,Pachodynerus nasidens,0.0051,0.053463429
Chrysomelidae,Pachodynerus nasidens,0.0105,0.053463429
Cryptorama minutum,Pachodynerus nasidens,0.005,0.053463429
Cryptorhynchus minutissimus,Pachodynerus nasidens,0.00075,0.053463429
Cucujidae,Pachodynerus nasidens,0.0155,0.053463429
Leptostylus,Pachodynerus nasidens,0.01,0.053463429
Melanophthalma floridana,Pachodynerus nasidens,0.002,0.053463429
Nemapogon,Pachodynerus nasidens,0.025336077,0.053463429
Oxydia,Pachodynerus nasidens,0.262111693,0.053463429
Poecilipa rhizophorae,Pachodynerus nasidens,0.000875,0.053463429
Pseudoacalles,Pachodynerus nasidens,0.00423,0.053463429
Pyraustidae,Pachodynerus nasidens,0.027,0.053463429
Staphylinidae,Pachodynerus nasidens,0.0476,0.053463429
Tholeria reversalis,Pachodynerus nasidens,0.578053133,0.053463429
Tricorynus,Pachodynerus nasidens,0.005,0.053463429
Trischidias atoma,Pachodynerus nasidens,0.0025,0.053463429
Detritus,Aglaopteryx,-999,0.054003595
Rhizophora mangle,Alarodia slossoniae,0.057932236,0.055875412
Detritus,Latiblattella,-999,0.057932236
Rhizophora mangle,Orocharis gryllodes,0.057932236,0.083718572
Rhizophora mangle,Tafaliscu lurida,0.057932236,0.083718572
Rhizophora mangle,Ecdytolopha,0.057932236,0.148376753
Rhizophora mangle,Bema ydda,0.057932236,0.205558315
Orocharis gryllodes,Orphnaeus brasilianus,0.083718572,0.22
Rhizophora mangle,Orgygia detrita,0.057932236,0.313497562
Rhizophora mangle,Turpilia rostrata,0.057932236,0.388073661
Actinopteryx fucicola,Odonata,0.000866,0.399604248
Anurida maritima,Odonata,0.00065,0.399604248
Axelsonia littoralis,Odonata,0.00074676,0.399604248
Entonyssus,Odonata,0.021508161,0.399604248
Ligia exotica,Odonata,1.348779475,0.399604248
Lynchia albipennis,Odonata,0.0055,0.399604248
Pentacora sphacelata,Odonata,0.032069663,0.399604248
Staphylinidae,Odonata,0.0476,0.399604248
Syrphidae,Odonata,0.015,0.399604248
Veigaia,Odonata,0.000795,0.399604248
Rhizophora mangle,Melipotis,0.057932236,0.40131981
Rhizophora mangle,Arunta interclusa,0.057932236,0.787365181
Fungi,Apocrita,4.46244769,0.826845887
Rhizophora mangle,Apocrita,0.057932236,0.826845887
Rhizophora mangle,Automeris io,0.057932236,2.636851999
Aedes taeniorhynchus,Scytodes,0.0035,4.75
Alarodia slossoniae,Scytodes,0.055875412,4.75
Automeris io,Scytodes,2.636851999,4.75
Lynchia albipennis,Scytodes,0.0055,4.75
Melipotis,Scytodes,0.40131981,4.75
Nemapogon,Scytodes,0.025336077,4.75
Olfersia sordida,Scytodes,0.0055,4.75
Phoebis agarithe,Scytodes,5.536546454,4.75
Pyraustidae,Scytodes,0.027,4.75
Tholeria reversalis,Scytodes,0.578053133,4.75
Bembidion contractum,Natrix,0.0051,100
Aleurothrixus,Butorides virescens,0.0025,240
Carthasis decoratus,Butorides virescens,0.009,240
Cycloptilum,Butorides virescens,0.018459537,240
Cyrtoxipha,Butorides virescens,0.018459537,240
Metatropiphorus belfragei,Butorides virescens,0.009,240
Odonata,Butorides virescens,0.399604248,240
Oebalus pugnax,Butorides virescens,0.009,240
Pentacora sphacelata,Butorides virescens,0.032069663,240
Psallus conspurcatus,Butorides virescens,0.006,240
Aedes taeniorhynchus,Phalacrocorax dilophus,0.0035,2568.732374
Tachys occulator,Phalacrocorax dilophus,0.0035,2568.732374
