Prey,Predator,PreyMass,PredatorMass
Polychaeta,Olivancillaria sp.,0.0009,0.0867
