Prey,Predator,PreyMass,PredatorMass
Achnanthes delicatula,Corynoneura,4.41e-09,6.98e-06
Achnanthes lanceolata,Corynoneura,3.62e-09,6.98e-06
Amphora inariensis,Corynoneura,1.16e-09,6.98e-06
Amphora pediculus,Corynoneura,5.23e-10,6.98e-06
Cocconeis pediculus,Corynoneura,4.51e-08,6.98e-06
Cocconeis placentula,Corynoneura,1.49e-08,6.98e-06
Achnanthes delicatula,Thienemanniella,4.41e-09,3.28e-05
Cocconeis neodiminuta,Thienemanniella,6.86e-09,3.28e-05
Encyonema silesiacum,Thienemanniella,3.45e-09,3.28e-05
Navicula atomus,Thienemanniella,1.29e-08,3.28e-05
Navicula cryptonella,Thienemanniella,1.12e-08,3.28e-05
Navicula lanceolata phyllepta,Thienemanniella,3.57e-09,3.28e-05
Navicula minima,Thienemanniella,1.11e-09,3.28e-05
Navicula tripunctata,Thienemanniella,2.47e-08,3.28e-05
Nitzschia agnita,Thienemanniella,6e-09,3.28e-05
Nitzschia capitellata,Thienemanniella,6e-09,3.28e-05
Nitzschia dissipata,Thienemanniella,4.7e-10,3.28e-05
Amphora pediculus,Polypedilum nubeculosum,5.23e-10,5.16e-05
Brillia longifurca,Polypedilum nubeculosum,0.000397291,5.16e-05
Brillia modesta,Polypedilum nubeculosum,0.000276125,5.16e-05
Cocconeis neodiminuta,Polypedilum nubeculosum,6.86e-09,5.16e-05
Cocconeis pediculus,Polypedilum nubeculosum,4.51e-08,5.16e-05
Corynoneura,Polypedilum nubeculosum,6.98e-06,5.16e-05
Cricotopus bicinctus,Polypedilum nubeculosum,0.000129092,5.16e-05
Eukiefferiella claripennis,Polypedilum nubeculosum,9.3e-05,5.16e-05
Gomphonema,Polypedilum nubeculosum,5e-09,5.16e-05
Heterotrissocladius marcidus,Polypedilum nubeculosum,0.000226682,5.16e-05
Navicula cryptonella,Polypedilum nubeculosum,1.12e-08,5.16e-05
Navicula lanceolata,Polypedilum nubeculosum,3.66e-08,5.16e-05
Navicula lanceolata phyllepta,Polypedilum nubeculosum,3.57e-09,5.16e-05
Navicula menisculus,Polypedilum nubeculosum,3.19e-08,5.16e-05
Navicula minima,Polypedilum nubeculosum,1.11e-09,5.16e-05
Navicula radiosa,Polypedilum nubeculosum,1.29e-08,5.16e-05
Navicula seminulum,Polypedilum nubeculosum,1.29e-08,5.16e-05
Nitzschia capitellata,Polypedilum nubeculosum,6e-09,5.16e-05
Nitzschia dissipata,Polypedilum nubeculosum,4.7e-10,5.16e-05
Nitzschia frustulum,Polypedilum nubeculosum,6e-09,5.16e-05
Nitzschia heufleriana,Polypedilum nubeculosum,6e-09,5.16e-05
Nitzschia palea,Polypedilum nubeculosum,5e-09,5.16e-05
Achnanthes lanceolata,Hydroptila,3.62e-09,5.17e-05
Amphora inariensis,Hydroptila,1.16e-09,5.17e-05
Amphora pediculus,Hydroptila,5.23e-10,5.17e-05
Cocconeis placentula,Hydroptila,1.49e-08,5.17e-05
Encyonema silesiacum,Hydroptila,3.45e-09,5.17e-05
Fragilaria capucina,Hydroptila,7.62e-09,5.17e-05
Fragilaria fasciculata,Hydroptila,3.87e-09,5.17e-05
Amphora inariensis,Eukiefferiella claripennis,1.16e-09,9.3e-05
Amphora pediculus,Eukiefferiella claripennis,5.23e-10,9.3e-05
Cocconeis pediculus,Eukiefferiella claripennis,4.51e-08,9.3e-05
Achnanthes lanceolata,Epoicocladius flavens,3.62e-09,9.71e-05
Amphora inariensis,Epoicocladius flavens,1.16e-09,9.71e-05
Cocconeis neodiminuta,Epoicocladius flavens,6.86e-09,9.71e-05
Cocconeis pediculus,Epoicocladius flavens,4.51e-08,9.71e-05
Cocconeis placentula,Epoicocladius flavens,1.49e-08,9.71e-05
Diatoma vulgaris,Epoicocladius flavens,6.01e-08,9.71e-05
Amphora inariensis,Tanytarsini,1.16e-09,9.86e-05
Brillia longifurca,Tanytarsini,0.000397291,9.86e-05
Brillia modesta,Tanytarsini,0.000276125,9.86e-05
Chaetocladius piger,Tanytarsini,0.00017243,9.86e-05
Cocconeis neodiminuta,Tanytarsini,6.86e-09,9.86e-05
Cocconeis pediculus,Tanytarsini,4.51e-08,9.86e-05
Cocconeis placentula,Tanytarsini,1.49e-08,9.86e-05
Epoicocladius flavens,Tanytarsini,9.71e-05,9.86e-05
Eukiefferiella claripennis,Tanytarsini,9.3e-05,9.86e-05
Melosira varians,Tanytarsini,6.41e-09,9.86e-05
Navicula cryptonella,Tanytarsini,1.12e-08,9.86e-05
Navicula lanceolata,Tanytarsini,3.66e-08,9.86e-05
Navicula minima,Tanytarsini,1.11e-09,9.86e-05
Navicula pupula,Tanytarsini,1.29e-08,9.86e-05
Navicula radiosa,Tanytarsini,1.29e-08,9.86e-05
Nitzschia agnita,Tanytarsini,6e-09,9.86e-05
Nitzschia capitellata,Tanytarsini,6e-09,9.86e-05
Nitzschia frustulum,Tanytarsini,6e-09,9.86e-05
Nitzschia recta,Tanytarsini,2.02e-08,9.86e-05
Pseudosmittia,Tanytarsini,0.00019678,9.86e-05
Achnanthes delicatula,Cricotopus,4.41e-09,9.89e-05
Achnanthes minutissima,Cricotopus,9.13e-10,9.89e-05
Amphora inariensis,Cricotopus,1.16e-09,9.89e-05
Cocconeis neodiminuta,Cricotopus,6.86e-09,9.89e-05
Cocconeis pediculus,Cricotopus,4.51e-08,9.89e-05
Cocconeis placentula,Cricotopus,1.49e-08,9.89e-05
Achnanthes delicatula,Parametriocnemus stylatus,4.41e-09,0.000104589
Achnanthes lanceolata,Parametriocnemus stylatus,3.62e-09,0.000104589
Amphora inariensis,Parametriocnemus stylatus,1.16e-09,0.000104589
Cocconeis placentula,Parametriocnemus stylatus,1.49e-08,0.000104589
Fragilaria capucina,Parametriocnemus stylatus,7.62e-09,0.000104589
Fragilaria ulna,Parametriocnemus stylatus,5.25e-08,0.000104589
Gomphonema,Parametriocnemus stylatus,5e-09,0.000104589
Melosira varians,Parametriocnemus stylatus,6.41e-09,0.000104589
Meridion circulare,Parametriocnemus stylatus,3.53e-09,0.000104589
Navicula cryptonella,Parametriocnemus stylatus,1.12e-08,0.000104589
Navicula lanceolata,Parametriocnemus stylatus,3.66e-08,0.000104589
Navicula menisculus,Parametriocnemus stylatus,3.19e-08,0.000104589
Navicula minima,Parametriocnemus stylatus,1.11e-09,0.000104589
Navicula pupula,Parametriocnemus stylatus,1.29e-08,0.000104589
Navicula seminulum,Parametriocnemus stylatus,1.29e-08,0.000104589
Navicula tripunctata,Parametriocnemus stylatus,2.47e-08,0.000104589
Nitzschia capitellata,Parametriocnemus stylatus,6e-09,0.000104589
Nitzschia frustulum,Parametriocnemus stylatus,6e-09,0.000104589
Nitzschia heufleriana,Parametriocnemus stylatus,6e-09,0.000104589
Achnanthes delicatula,Rheocricotopus chalybeatus,4.41e-09,0.000115352
Amphora inariensis,Rheocricotopus chalybeatus,1.16e-09,0.000115352
Amphora pediculus,Rheocricotopus chalybeatus,5.23e-10,0.000115352
Cocconeis neodiminuta,Rheocricotopus chalybeatus,6.86e-09,0.000115352
Cocconeis pediculus,Rheocricotopus chalybeatus,4.51e-08,0.000115352
Encyonema silesiacum,Rheocricotopus chalybeatus,3.45e-09,0.000115352
Fragilaria fasciculata,Rheocricotopus chalybeatus,3.87e-09,0.000115352
Meridion circulare,Rheocricotopus chalybeatus,3.53e-09,0.000115352
Navicula atomus,Rheocricotopus chalybeatus,1.29e-08,0.000115352
Navicula cryptonella,Rheocricotopus chalybeatus,1.12e-08,0.000115352
Navicula goeppertiana,Rheocricotopus chalybeatus,1.29e-08,0.000115352
Navicula lanceolata,Rheocricotopus chalybeatus,3.66e-08,0.000115352
Navicula lenzii,Rheocricotopus chalybeatus,1.29e-08,0.000115352
Navicula menisculus,Rheocricotopus chalybeatus,3.19e-08,0.000115352
Navicula minima,Rheocricotopus chalybeatus,1.11e-09,0.000115352
Navicula pupula,Rheocricotopus chalybeatus,1.29e-08,0.000115352
Navicula radiosa,Rheocricotopus chalybeatus,1.29e-08,0.000115352
Nitzschia capitellata,Rheocricotopus chalybeatus,6e-09,0.000115352
Nitzschia frustulum,Rheocricotopus chalybeatus,6e-09,0.000115352
Nitzschia heufleriana,Rheocricotopus chalybeatus,6e-09,0.000115352
Nitzschia palea,Rheocricotopus chalybeatus,5e-09,0.000115352
Nitzschia recta,Rheocricotopus chalybeatus,2.02e-08,0.000115352
Achnanthes delicatula,Nanocladius rectinervis,4.41e-09,0.000115701
Achnanthes lanceolata,Nanocladius rectinervis,3.62e-09,0.000115701
Cocconeis neodiminuta,Nanocladius rectinervis,6.86e-09,0.000115701
Cocconeis pediculus,Nanocladius rectinervis,4.51e-08,0.000115701
Fragilaria ulna,Nanocladius rectinervis,5.25e-08,0.000115701
Gomphonema,Nanocladius rectinervis,5e-09,0.000115701
Meridion circulare,Nanocladius rectinervis,3.53e-09,0.000115701
Amphora pediculus,Polypedilum convictum,5.23e-10,0.000118642
Brillia modesta,Polypedilum convictum,0.000276125,0.000118642
Cocconeis placentula,Polypedilum convictum,1.49e-08,0.000118642
Corynoneura,Polypedilum convictum,6.98e-06,0.000118642
Cricotopus bicinctus,Polypedilum convictum,0.000129092,0.000118642
Epoicocladius flavens,Polypedilum convictum,9.71e-05,0.000118642
Eukiefferiella claripennis,Polypedilum convictum,9.3e-05,0.000118642
Gomphonema,Polypedilum convictum,5e-09,0.000118642
Melosira varians,Polypedilum convictum,6.41e-09,0.000118642
Nanocladius rectinervis,Polypedilum convictum,0.000115701,0.000118642
Navicula cryptonella,Polypedilum convictum,1.12e-08,0.000118642
Navicula goeppertiana,Polypedilum convictum,1.29e-08,0.000118642
Navicula lenzii,Polypedilum convictum,1.29e-08,0.000118642
Navicula menisculus,Polypedilum convictum,3.19e-08,0.000118642
Nitzschia agnita,Polypedilum convictum,6e-09,0.000118642
Nitzschia dissipata,Polypedilum convictum,4.7e-10,0.000118642
Parametriocnemus stylatus,Polypedilum convictum,0.000104589,0.000118642
Achnanthes minutissima,Cricotopus bicinctus,9.13e-10,0.000129092
Amphora inariensis,Cricotopus bicinctus,1.16e-09,0.000129092
Cocconeis placentula,Cricotopus bicinctus,1.49e-08,0.000129092
Cocconeis pediculus,Synorthocladius semivirens,4.51e-08,0.000144423
Diatoma vulgaris,Synorthocladius semivirens,6.01e-08,0.000144423
Fragilaria capucina,Synorthocladius semivirens,7.62e-09,0.000144423
Fragilaria ulna,Synorthocladius semivirens,5.25e-08,0.000144423
Melosira varians,Synorthocladius semivirens,6.41e-09,0.000144423
Meridion circulare,Synorthocladius semivirens,3.53e-09,0.000144423
Navicula atomus,Synorthocladius semivirens,1.29e-08,0.000144423
Navicula lanceolata phyllepta,Synorthocladius semivirens,3.57e-09,0.000144423
Navicula lenzii,Synorthocladius semivirens,1.29e-08,0.000144423
Navicula tripunctata,Synorthocladius semivirens,2.47e-08,0.000144423
Nitzschia capitellata,Synorthocladius semivirens,6e-09,0.000144423
Nitzschia heufleriana,Synorthocladius semivirens,6e-09,0.000144423
Nitzschia palea,Synorthocladius semivirens,5e-09,0.000144423
Rhoicosphenia abbreviata,Synorthocladius semivirens,1e-08,0.000144423
Staurosirella pinnata,Synorthocladius semivirens,2.07e-09,0.000144423
Amphora inariensis,Baetis scambus,1.16e-09,0.000149142
Amphora pediculus,Baetis scambus,5.23e-10,0.000149142
Achnanthes delicatula,Tvetenia,4.41e-09,0.000152897
Cocconeis neodiminuta,Tvetenia,6.86e-09,0.000152897
Cocconeis placentula,Tvetenia,1.49e-08,0.000152897
Diatoma vulgaris,Tvetenia,6.01e-08,0.000152897
Encyonema silesiacum,Tvetenia,3.45e-09,0.000152897
Fragilaria capucina,Tvetenia,7.62e-09,0.000152897
Fragilaria ulna,Tvetenia,5.25e-08,0.000152897
Navicula cryptonella,Tvetenia,1.12e-08,0.000152897
Navicula goeppertiana,Tvetenia,1.29e-08,0.000152897
Navicula lanceolata phyllepta,Tvetenia,3.57e-09,0.000152897
Navicula minima,Tvetenia,1.11e-09,0.000152897
Navicula radiosa,Tvetenia,1.29e-08,0.000152897
Navicula seminulum,Tvetenia,1.29e-08,0.000152897
Nitzschia agnita,Tvetenia,6e-09,0.000152897
Nitzschia capitellata,Tvetenia,6e-09,0.000152897
Nitzschia dissipata,Tvetenia,4.7e-10,0.000152897
Achnanthes delicatula,Elmis aenea,4.41e-09,0.00016697
Amphora inariensis,Elmis aenea,1.16e-09,0.00016697
Amphora pediculus,Elmis aenea,5.23e-10,0.00016697
Cocconeis pediculus,Elmis aenea,4.51e-08,0.00016697
Cocconeis placentula,Elmis aenea,1.49e-08,0.00016697
Diatoma vulgaris,Elmis aenea,6.01e-08,0.00016697
Achnanthes delicatula,Simulium equinum,4.41e-09,0.000167515
Achnanthes lanceolata,Simulium equinum,3.62e-09,0.000167515
Achnanthes minutissima,Simulium equinum,9.13e-10,0.000167515
Apsectrotanypus trifascipennis,Simulium equinum,0.001134434,0.000167515
Brillia longifurca,Simulium equinum,0.000397291,0.000167515
Chaetocladius piger,Simulium equinum,0.00017243,0.000167515
Cocconeis neodiminuta,Simulium equinum,6.86e-09,0.000167515
Cocconeis pediculus,Simulium equinum,4.51e-08,0.000167515
Cocconeis placentula,Simulium equinum,1.49e-08,0.000167515
Corynoneura,Simulium equinum,6.98e-06,0.000167515
Cricotopus,Simulium equinum,9.89e-05,0.000167515
Cricotopus bicinctus,Simulium equinum,0.000129092,0.000167515
Diatoma vulgaris,Simulium equinum,6.01e-08,0.000167515
Eukiefferiella claripennis,Simulium equinum,9.3e-05,0.000167515
Fragilaria ulna,Simulium equinum,5.25e-08,0.000167515
Heterotrissocladius marcidus,Simulium equinum,0.000226682,0.000167515
Microtendipes pedellus,Simulium equinum,0.000565952,0.000167515
Nanocladius rectinervis,Simulium equinum,0.000115701,0.000167515
Polypedilum nubeculosum,Simulium equinum,5.16e-05,0.000167515
Polypedilum pedestre,Simulium equinum,0.000417515,0.000167515
Prodiamesa olivacea,Simulium equinum,0.001700319,0.000167515
Pseudorthocladius,Simulium equinum,0.000338411,0.000167515
Pseudosmittia,Simulium equinum,0.00019678,0.000167515
Rheocricotopus chalybeatus,Simulium equinum,0.000115352,0.000167515
Rhoicosphenia abbreviata,Simulium equinum,1e-08,0.000167515
Achnanthes delicatula,Limnius volckmari,4.41e-09,0.000167701
Achnanthes lanceolata,Limnius volckmari,3.62e-09,0.000167701
Achnanthes minutissima,Limnius volckmari,9.13e-10,0.000167701
Cocconeis neodiminuta,Limnius volckmari,6.86e-09,0.000167701
Cocconeis pediculus,Limnius volckmari,4.51e-08,0.000167701
Cocconeis placentula,Limnius volckmari,1.49e-08,0.000167701
Diatoma vulgaris,Limnius volckmari,6.01e-08,0.000167701
Fragilaria capucina,Limnius volckmari,7.62e-09,0.000167701
Fragilaria fasciculata,Limnius volckmari,3.87e-09,0.000167701
Gomphonema,Limnius volckmari,5e-09,0.000167701
Achnanthes delicatula,Chaetocladius piger,4.41e-09,0.00017243
Achnanthes lanceolata,Chaetocladius piger,3.62e-09,0.00017243
Amphora inariensis,Chaetocladius piger,1.16e-09,0.00017243
Amphora pediculus,Chaetocladius piger,5.23e-10,0.00017243
Achnanthes minutissima,Pseudosmittia,9.13e-10,0.00019678
Amphora inariensis,Pseudosmittia,1.16e-09,0.00019678
Amphora pediculus,Pseudosmittia,5.23e-10,0.00019678
Fragilaria capucina,Pseudosmittia,7.62e-09,0.00019678
Fragilaria fasciculata,Pseudosmittia,3.87e-09,0.00019678
Gomphonema,Pseudosmittia,5e-09,0.00019678
Meridion circulare,Pseudosmittia,3.53e-09,0.00019678
Navicula lanceolata phyllepta,Pseudosmittia,3.57e-09,0.00019678
Navicula lenzii,Pseudosmittia,1.29e-08,0.00019678
Navicula minima,Pseudosmittia,1.11e-09,0.00019678
Navicula radiosa,Pseudosmittia,1.29e-08,0.00019678
Navicula seminulum,Pseudosmittia,1.29e-08,0.00019678
Navicula tripunctata,Pseudosmittia,2.47e-08,0.00019678
Nitzschia capitellata,Pseudosmittia,6e-09,0.00019678
Nitzschia dissipata,Pseudosmittia,4.7e-10,0.00019678
Nitzschia frustulum,Pseudosmittia,6e-09,0.00019678
Nitzschia recta,Pseudosmittia,2.02e-08,0.00019678
Achnanthes delicatula,Heterotrissocladius marcidus,4.41e-09,0.000226682
Achnanthes lanceolata,Heterotrissocladius marcidus,3.62e-09,0.000226682
Amphora inariensis,Heterotrissocladius marcidus,1.16e-09,0.000226682
Amphora pediculus,Heterotrissocladius marcidus,5.23e-10,0.000226682
Cocconeis neodiminuta,Heterotrissocladius marcidus,6.86e-09,0.000226682
Cocconeis pediculus,Heterotrissocladius marcidus,4.51e-08,0.000226682
Cocconeis placentula,Heterotrissocladius marcidus,1.49e-08,0.000226682
Amphora inariensis,Baetis rhodani,1.16e-09,0.00027139
Achnanthes lanceolata,Brillia modesta,3.62e-09,0.000276125
Amphora inariensis,Brillia modesta,1.16e-09,0.000276125
Brillia longifurca,Hydracarina,0.000397291,0.000320421
Brillia modesta,Hydracarina,0.000276125,0.000320421
Cricotopus,Hydracarina,9.89e-05,0.000320421
Cricotopus bicinctus,Hydracarina,0.000129092,0.000320421
Achnanthes delicatula,Pseudorthocladius,4.41e-09,0.000338411
Achnanthes minutissima,Pseudorthocladius,9.13e-10,0.000338411
Cocconeis neodiminuta,Pseudorthocladius,6.86e-09,0.000338411
Cocconeis placentula,Pseudorthocladius,1.49e-08,0.000338411
Encyonema silesiacum,Pseudorthocladius,3.45e-09,0.000338411
Fragilaria capucina,Pseudorthocladius,7.62e-09,0.000338411
Fragilaria fasciculata,Pseudorthocladius,3.87e-09,0.000338411
Fragilaria ulna,Pseudorthocladius,5.25e-08,0.000338411
Melosira varians,Pseudorthocladius,6.41e-09,0.000338411
Meridion circulare,Pseudorthocladius,3.53e-09,0.000338411
Navicula atomus,Pseudorthocladius,1.29e-08,0.000338411
Navicula cryptonella,Pseudorthocladius,1.12e-08,0.000338411
Navicula goeppertiana,Pseudorthocladius,1.29e-08,0.000338411
Navicula menisculus,Pseudorthocladius,3.19e-08,0.000338411
Navicula tripunctata,Pseudorthocladius,2.47e-08,0.000338411
Nitzschia agnita,Pseudorthocladius,6e-09,0.000338411
Nitzschia capitellata,Pseudorthocladius,6e-09,0.000338411
Nitzschia frustulum,Pseudorthocladius,6e-09,0.000338411
Nitzschia palea,Pseudorthocladius,5e-09,0.000338411
Brillia longifurca,Clinocera,0.000397291,0.000344584
Chaetocladius piger,Clinocera,0.00017243,0.000344584
Apsectrotanypus trifascipennis,Heremodromia,0.001134434,0.000363193
Corynoneura,Heremodromia,6.98e-06,0.000363193
Cricotopus,Heremodromia,9.89e-05,0.000363193
Eukiefferiella claripennis,Heremodromia,9.3e-05,0.000363193
Amphora inariensis,Oulimnius tuberculatus,1.16e-09,0.00037967
Cocconeis neodiminuta,Oulimnius tuberculatus,6.86e-09,0.00037967
Cocconeis placentula,Oulimnius tuberculatus,1.49e-08,0.00037967
Diatoma vulgaris,Oulimnius tuberculatus,6.01e-08,0.00037967
Encyonema silesiacum,Oulimnius tuberculatus,3.45e-09,0.00037967
Fragilaria capucina,Oulimnius tuberculatus,7.62e-09,0.00037967
Gomphonema,Oulimnius tuberculatus,5e-09,0.00037967
Meridion circulare,Oulimnius tuberculatus,3.53e-09,0.00037967
Navicula atomus,Oulimnius tuberculatus,1.29e-08,0.00037967
Navicula cryptonella,Oulimnius tuberculatus,1.12e-08,0.00037967
Navicula lenzii,Oulimnius tuberculatus,1.29e-08,0.00037967
Navicula minima,Oulimnius tuberculatus,1.11e-09,0.00037967
Navicula radiosa,Oulimnius tuberculatus,1.29e-08,0.00037967
Navicula tripunctata,Oulimnius tuberculatus,2.47e-08,0.00037967
Nitzschia capitellata,Oulimnius tuberculatus,6e-09,0.00037967
Nitzschia dissipata,Oulimnius tuberculatus,4.7e-10,0.00037967
Nitzschia frustulum,Oulimnius tuberculatus,6e-09,0.00037967
Nitzschia recta,Oulimnius tuberculatus,2.02e-08,0.00037967
Amphora pediculus,Brillia longifurca,5.23e-10,0.000397291
Amphora pediculus,Polypedilum pedestre,5.23e-10,0.000417515
Brillia modesta,Polypedilum pedestre,0.000276125,0.000417515
Chaetocladius piger,Polypedilum pedestre,0.00017243,0.000417515
Cocconeis neodiminuta,Polypedilum pedestre,6.86e-09,0.000417515
Cocconeis pediculus,Polypedilum pedestre,4.51e-08,0.000417515
Melosira varians,Polypedilum pedestre,6.41e-09,0.000417515
Navicula lanceolata phyllepta,Polypedilum pedestre,3.57e-09,0.000417515
Navicula menisculus,Polypedilum pedestre,3.19e-08,0.000417515
Navicula radiosa,Polypedilum pedestre,1.29e-08,0.000417515
Nitzschia capitellata,Polypedilum pedestre,6e-09,0.000417515
Nitzschia frustulum,Polypedilum pedestre,6e-09,0.000417515
Nitzschia heufleriana,Polypedilum pedestre,6e-09,0.000417515
Nitzschia recta,Polypedilum pedestre,2.02e-08,0.000417515
Apsectrotanypus trifascipennis,Serratella ignita,0.001134434,0.000469034
Brillia modesta,Serratella ignita,0.000276125,0.000469034
Corynoneura,Serratella ignita,6.98e-06,0.000469034
Cricotopus,Serratella ignita,9.89e-05,0.000469034
Cricotopus bicinctus,Serratella ignita,0.000129092,0.000469034
Epoicocladius flavens,Serratella ignita,9.71e-05,0.000469034
Eukiefferiella claripennis,Serratella ignita,9.3e-05,0.000469034
Rheocricotopus chalybeatus,Serratella ignita,0.000115352,0.000469034
Achnanthes lanceolata,Simulium intermedium,3.62e-09,0.000472497
Achnanthes minutissima,Simulium intermedium,9.13e-10,0.000472497
Apsectrotanypus trifascipennis,Simulium intermedium,0.001134434,0.000472497
Brillia longifurca,Simulium intermedium,0.000397291,0.000472497
Cocconeis neodiminuta,Simulium intermedium,6.86e-09,0.000472497
Fragilaria capucina,Simulium intermedium,7.62e-09,0.000472497
Fragilaria fasciculata,Simulium intermedium,3.87e-09,0.000472497
Fragilaria ulna,Simulium intermedium,5.25e-08,0.000472497
Gomphonema,Simulium intermedium,5e-09,0.000472497
Heterotrissocladius marcidus,Simulium intermedium,0.000226682,0.000472497
Meridion circulare,Simulium intermedium,3.53e-09,0.000472497
Microtendipes pedellus,Simulium intermedium,0.000565952,0.000472497
Nanocladius rectinervis,Simulium intermedium,0.000115701,0.000472497
Polypedilum nubeculosum,Simulium intermedium,5.16e-05,0.000472497
Polypedilum pedestre,Simulium intermedium,0.000417515,0.000472497
Pseudorthocladius,Simulium intermedium,0.000338411,0.000472497
Pseudosmittia,Simulium intermedium,0.00019678,0.000472497
Rheocricotopus chalybeatus,Simulium intermedium,0.000115352,0.000472497
Rhoicosphenia abbreviata,Simulium intermedium,1e-08,0.000472497
Amphora inariensis,Thienemannimyia,1.16e-09,0.000528527
Apsectrotanypus trifascipennis,Thienemannimyia,0.001134434,0.000528527
Baetis scambus,Thienemannimyia,0.000149142,0.000528527
Baetis vernus,Thienemannimyia,0.000329396,0.000528527
Brillia modesta,Thienemannimyia,0.000276125,0.000528527
Cocconeis neodiminuta,Thienemannimyia,6.86e-09,0.000528527
Cocconeis placentula,Thienemannimyia,1.49e-08,0.000528527
Eukiefferiella claripennis,Thienemannimyia,9.3e-05,0.000528527
Gammarus pulex,Thienemannimyia,0.004890172,0.000528527
Gomphonema,Thienemannimyia,5e-09,0.000528527
Navicula lanceolata phyllepta,Thienemannimyia,3.57e-09,0.000528527
Navicula lenzii,Thienemannimyia,1.29e-08,0.000528527
Navicula menisculus,Thienemannimyia,3.19e-08,0.000528527
Navicula minima,Thienemannimyia,1.11e-09,0.000528527
Navicula pupula,Thienemannimyia,1.29e-08,0.000528527
Navicula radiosa,Thienemannimyia,1.29e-08,0.000528527
Navicula tripunctata,Thienemannimyia,2.47e-08,0.000528527
Nitzschia capitellata,Thienemannimyia,6e-09,0.000528527
Polypedilum nubeculosum,Thienemannimyia,5.16e-05,0.000528527
Polypedilum pedestre,Thienemannimyia,0.000417515,0.000528527
Pseudosmittia,Thienemannimyia,0.00019678,0.000528527
Rheocricotopus chalybeatus,Thienemannimyia,0.000115352,0.000528527
Simulium equinum,Thienemannimyia,0.000167515,0.000528527
Thienemanniella,Thienemannimyia,3.28e-05,0.000528527
Achnanthes lanceolata,Caenis rivulorum,3.62e-09,0.000538682
Achnanthes minutissima,Caenis rivulorum,9.13e-10,0.000538682
Amphora inariensis,Caenis rivulorum,1.16e-09,0.000538682
Amphora pediculus,Caenis rivulorum,5.23e-10,0.000538682
Amphora inariensis,Microtendipes pedellus,1.16e-09,0.000565952
Amphora pediculus,Microtendipes pedellus,5.23e-10,0.000565952
Brillia longifurca,Microtendipes pedellus,0.000397291,0.000565952
Brillia modesta,Microtendipes pedellus,0.000276125,0.000565952
Cocconeis pediculus,Microtendipes pedellus,4.51e-08,0.000565952
Corynoneura,Microtendipes pedellus,6.98e-06,0.000565952
Cricotopus,Microtendipes pedellus,9.89e-05,0.000565952
Encyonema silesiacum,Microtendipes pedellus,3.45e-09,0.000565952
Eukiefferiella claripennis,Microtendipes pedellus,9.3e-05,0.000565952
Fragilaria capucina,Microtendipes pedellus,7.62e-09,0.000565952
Fragilaria fasciculata,Microtendipes pedellus,3.87e-09,0.000565952
Fragilaria ulna,Microtendipes pedellus,5.25e-08,0.000565952
Gomphonema,Microtendipes pedellus,5e-09,0.000565952
Heterotrissocladius marcidus,Microtendipes pedellus,0.000226682,0.000565952
Melosira varians,Microtendipes pedellus,6.41e-09,0.000565952
Amphora pediculus,Athripsodes,5.23e-10,0.000575266
Achnanthes lanceolata,Limnephilus lunatus,3.62e-09,0.000670151
Brillia modesta,Limnephilus lunatus,0.000276125,0.000670151
Corynoneura,Limnephilus lunatus,6.98e-06,0.000670151
Heterotrissocladius marcidus,Limnephilus lunatus,0.000226682,0.000670151
Amphora inariensis,Pisidium,1.16e-09,0.000889912
Amphora pediculus,Pisidium,5.23e-10,0.000889912
Cocconeis neodiminuta,Pisidium,6.86e-09,0.000889912
Navicula lanceolata phyllepta,Pisidium,3.57e-09,0.000889912
Navicula menisculus,Pisidium,3.19e-08,0.000889912
Navicula pupula,Pisidium,1.29e-08,0.000889912
Navicula seminulum,Pisidium,1.29e-08,0.000889912
Navicula tripunctata,Pisidium,2.47e-08,0.000889912
Nitzschia agnita,Pisidium,6e-09,0.000889912
Nitzschia capitellata,Pisidium,6e-09,0.000889912
Nitzschia dissipata,Pisidium,4.7e-10,0.000889912
Nitzschia frustulum,Pisidium,6e-09,0.000889912
Nitzschia palea,Pisidium,5e-09,0.000889912
Achnanthes delicatula,Lype reducta,4.41e-09,0.001283319
Cocconeis neodiminuta,Lype reducta,6.86e-09,0.001283319
Cocconeis pediculus,Lype reducta,4.51e-08,0.001283319
Cocconeis placentula,Lype reducta,1.49e-08,0.001283319
Encyonema silesiacum,Lype reducta,3.45e-09,0.001283319
Fragilaria capucina,Lype reducta,7.62e-09,0.001283319
Fragilaria fasciculata,Lype reducta,3.87e-09,0.001283319
Fragilaria ulna,Lype reducta,5.25e-08,0.001283319
Gomphonema,Lype reducta,5e-09,0.001283319
Achnanthes lanceolata,Oligochaeta,3.62e-09,0.001613797
Cocconeis neodiminuta,Oligochaeta,6.86e-09,0.001613797
Diatoma vulgaris,Oligochaeta,6.01e-08,0.001613797
Fragilaria fasciculata,Oligochaeta,3.87e-09,0.001613797
Fragilaria ulna,Oligochaeta,5.25e-08,0.001613797
Meridion circulare,Oligochaeta,3.53e-09,0.001613797
Navicula atomus,Oligochaeta,1.29e-08,0.001613797
Navicula menisculus,Oligochaeta,3.19e-08,0.001613797
Navicula pupula,Oligochaeta,1.29e-08,0.001613797
Navicula seminulum,Oligochaeta,1.29e-08,0.001613797
Nitzschia agnita,Oligochaeta,6e-09,0.001613797
Nitzschia dissipata,Oligochaeta,4.7e-10,0.001613797
Nitzschia frustulum,Oligochaeta,6e-09,0.001613797
Nitzschia heufleriana,Oligochaeta,6e-09,0.001613797
Nitzschia recta,Oligochaeta,2.02e-08,0.001613797
Amphora inariensis,Prodiamesa olivacea,1.16e-09,0.001700319
Cocconeis pediculus,Prodiamesa olivacea,4.51e-08,0.001700319
Gomphonema,Prodiamesa olivacea,5e-09,0.001700319
Navicula cryptonella,Prodiamesa olivacea,1.12e-08,0.001700319
Navicula menisculus,Prodiamesa olivacea,3.19e-08,0.001700319
Navicula minima,Prodiamesa olivacea,1.11e-09,0.001700319
Nitzschia agnita,Prodiamesa olivacea,6e-09,0.001700319
Nitzschia frustulum,Prodiamesa olivacea,6e-09,0.001700319
Amphora pediculus,Rhyacophila dorsalis,5.23e-10,0.001887711
Brillia longifurca,Rhyacophila dorsalis,0.000397291,0.001887711
Cricotopus,Rhyacophila dorsalis,9.89e-05,0.001887711
Cricotopus bicinctus,Rhyacophila dorsalis,0.000129092,0.001887711
Epoicocladius flavens,Rhyacophila dorsalis,9.71e-05,0.001887711
Eukiefferiella claripennis,Rhyacophila dorsalis,9.3e-05,0.001887711
Heterotrissocladius marcidus,Rhyacophila dorsalis,0.000226682,0.001887711
Hydropsyche siltalai,Rhyacophila dorsalis,0.005897064,0.001887711
Oligochaeta,Rhyacophila dorsalis,0.001613797,0.001887711
Parametriocnemus stylatus,Rhyacophila dorsalis,0.000104589,0.001887711
Pisidium,Rhyacophila dorsalis,0.000889912,0.001887711
Polypedilum nubeculosum,Rhyacophila dorsalis,5.16e-05,0.001887711
Pseudorthocladius,Rhyacophila dorsalis,0.000338411,0.001887711
Pseudosmittia,Rhyacophila dorsalis,0.00019678,0.001887711
Rheocricotopus chalybeatus,Rhyacophila dorsalis,0.000115352,0.001887711
Baetis scambus,Dendrocoelum lacteum,0.000149142,0.002000797
Baetis vernus,Dendrocoelum lacteum,0.000329396,0.002000797
Amphora inariensis,Ephemera danica,1.16e-09,0.003194018
Cocconeis placentula,Ephemera danica,1.49e-08,0.003194018
Diatoma vulgaris,Ephemera danica,6.01e-08,0.003194018
Apsectrotanypus trifascipennis,Calopteryx virgo,0.001134434,0.003440514
Brillia modesta,Calopteryx virgo,0.000276125,0.003440514
Apsectrotanypus trifascipennis,Calopteryx splendens,0.001134434,0.004028394
Brillia longifurca,Calopteryx splendens,0.000397291,0.004028394
Achnanthes lanceolata,Gammarus pulex,3.62e-09,0.004890172
Achnanthes minutissima,Gammarus pulex,9.13e-10,0.004890172
Amphora inariensis,Gammarus pulex,1.16e-09,0.004890172
Amphora pediculus,Gammarus pulex,5.23e-10,0.004890172
Apsectrotanypus trifascipennis,Gammarus pulex,0.001134434,0.004890172
Baetis rhodani,Gammarus pulex,0.00027139,0.004890172
Baetis scambus,Gammarus pulex,0.000149142,0.004890172
Brillia longifurca,Gammarus pulex,0.000397291,0.004890172
Brillia modesta,Gammarus pulex,0.000276125,0.004890172
Cocconeis neodiminuta,Gammarus pulex,6.86e-09,0.004890172
Corynoneura,Gammarus pulex,6.98e-06,0.004890172
Cricotopus bicinctus,Gammarus pulex,0.000129092,0.004890172
Diatoma vulgaris,Gammarus pulex,6.01e-08,0.004890172
Epoicocladius flavens,Gammarus pulex,9.71e-05,0.004890172
Fragilaria capucina,Gammarus pulex,7.62e-09,0.004890172
Fragilaria fasciculata,Gammarus pulex,3.87e-09,0.004890172
Fragilaria ulna,Gammarus pulex,5.25e-08,0.004890172
Achnanthes delicatula,Hydropsyche siltalai,4.41e-09,0.005897064
Amphora inariensis,Hydropsyche siltalai,1.16e-09,0.005897064
Amphora pediculus,Hydropsyche siltalai,5.23e-10,0.005897064
Brillia longifurca,Hydropsyche siltalai,0.000397291,0.005897064
Brillia modesta,Hydropsyche siltalai,0.000276125,0.005897064
Cocconeis neodiminuta,Hydropsyche siltalai,6.86e-09,0.005897064
Corynoneura,Hydropsyche siltalai,6.98e-06,0.005897064
Cricotopus bicinctus,Hydropsyche siltalai,0.000129092,0.005897064
Epoicocladius flavens,Hydropsyche siltalai,9.71e-05,0.005897064
Eukiefferiella claripennis,Hydropsyche siltalai,9.3e-05,0.005897064
Fragilaria fasciculata,Hydropsyche siltalai,3.87e-09,0.005897064
Fragilaria ulna,Hydropsyche siltalai,5.25e-08,0.005897064
Gammarus pulex,Hydropsyche siltalai,0.004890172,0.005897064
Achnanthes delicatula,Hydropsyche pellucidula,4.41e-09,0.006422471
Achnanthes lanceolata,Hydropsyche pellucidula,3.62e-09,0.006422471
Achnanthes minutissima,Hydropsyche pellucidula,9.13e-10,0.006422471
Amphora pediculus,Hydropsyche pellucidula,5.23e-10,0.006422471
Apsectrotanypus trifascipennis,Hydropsyche pellucidula,0.001134434,0.006422471
Baetis scambus,Hydropsyche pellucidula,0.000149142,0.006422471
Baetis vernus,Hydropsyche pellucidula,0.000329396,0.006422471
Cocconeis pediculus,Hydropsyche pellucidula,4.51e-08,0.006422471
Cocconeis placentula,Hydropsyche pellucidula,1.49e-08,0.006422471
Cricotopus bicinctus,Hydropsyche pellucidula,0.000129092,0.006422471
Diatoma vulgaris,Hydropsyche pellucidula,6.01e-08,0.006422471
Encyonema silesiacum,Hydropsyche pellucidula,3.45e-09,0.006422471
Fragilaria capucina,Hydropsyche pellucidula,7.62e-09,0.006422471
Fragilaria fasciculata,Hydropsyche pellucidula,3.87e-09,0.006422471
Gammarus pulex,Hydropsyche pellucidula,0.004890172,0.006422471
Amphora pediculus,Asellus aquaticus,5.23e-10,0.007152198
Amphora inariensis,Potamopyrgus antipodarum,1.16e-09,0.007630592
Cocconeis pediculus,Potamopyrgus antipodarum,4.51e-08,0.007630592
Cocconeis placentula,Potamopyrgus antipodarum,1.49e-08,0.007630592
Gomphonema,Potamopyrgus antipodarum,5e-09,0.007630592
Melosira varians,Potamopyrgus antipodarum,6.41e-09,0.007630592
Navicula atomus,Potamopyrgus antipodarum,1.29e-08,0.007630592
Navicula cryptonella,Potamopyrgus antipodarum,1.12e-08,0.007630592
Navicula lanceolata,Potamopyrgus antipodarum,3.66e-08,0.007630592
Navicula lanceolata phyllepta,Potamopyrgus antipodarum,3.57e-09,0.007630592
Navicula lenzii,Potamopyrgus antipodarum,1.29e-08,0.007630592
Navicula tripunctata,Potamopyrgus antipodarum,2.47e-08,0.007630592
Nitzschia frustulum,Potamopyrgus antipodarum,6e-09,0.007630592
Nitzschia heufleriana,Potamopyrgus antipodarum,6e-09,0.007630592
Nitzschia palea,Potamopyrgus antipodarum,5e-09,0.007630592
Amphora inariensis,Ancylus fluviatilis,1.16e-09,0.020020872
Achnanthes delicatula,Phoxinus phoxinus,4.41e-09,1.80544639
Achnanthes lanceolata,Phoxinus phoxinus,3.62e-09,1.80544639
Achnanthes minutissima,Phoxinus phoxinus,9.13e-10,1.80544639
Amphora pediculus,Phoxinus phoxinus,5.23e-10,1.80544639
Apsectrotanypus trifascipennis,Phoxinus phoxinus,0.001134434,1.80544639
Asellus aquaticus,Phoxinus phoxinus,0.007152198,1.80544639
Brillia modesta,Phoxinus phoxinus,0.000276125,1.80544639
Chaetocladius piger,Phoxinus phoxinus,0.00017243,1.80544639
Cocconeis pediculus,Phoxinus phoxinus,4.51e-08,1.80544639
Elmis aenea,Phoxinus phoxinus,0.00016697,1.80544639
Eukiefferiella claripennis,Phoxinus phoxinus,9.3e-05,1.80544639
Fragilaria fasciculata,Phoxinus phoxinus,3.87e-09,1.80544639
Fragilaria ulna,Phoxinus phoxinus,5.25e-08,1.80544639
Gammarus pulex,Phoxinus phoxinus,0.004890172,1.80544639
Hydracarina,Phoxinus phoxinus,0.000320421,1.80544639
Limnius volckmari,Phoxinus phoxinus,0.000167701,1.80544639
Microtendipes pedellus,Phoxinus phoxinus,0.000565952,1.80544639
Nanocladius rectinervis,Phoxinus phoxinus,0.000115701,1.80544639
Navicula atomus,Phoxinus phoxinus,1.29e-08,1.80544639
Navicula cryptonella,Phoxinus phoxinus,1.12e-08,1.80544639
Navicula lanceolata,Phoxinus phoxinus,3.66e-08,1.80544639
Navicula lanceolata phyllepta,Phoxinus phoxinus,3.57e-09,1.80544639
Navicula minima,Phoxinus phoxinus,1.11e-09,1.80544639
Navicula radiosa,Phoxinus phoxinus,1.29e-08,1.80544639
Navicula seminulum,Phoxinus phoxinus,1.29e-08,1.80544639
Navicula tripunctata,Phoxinus phoxinus,2.47e-08,1.80544639
Nitzschia capitellata,Phoxinus phoxinus,6e-09,1.80544639
Nitzschia dissipata,Phoxinus phoxinus,4.7e-10,1.80544639
Nitzschia palea,Phoxinus phoxinus,5e-09,1.80544639
Parametriocnemus stylatus,Phoxinus phoxinus,0.000104589,1.80544639
Brillia longifurca,Cottus gobio,0.000397291,2.237172915
Brillia modesta,Cottus gobio,0.000276125,2.237172915
Corynoneura,Cottus gobio,6.98e-06,2.237172915
Achnanthes lanceolata,Lampetra planeri,3.62e-09,4.983824859
Achnanthes minutissima,Lampetra planeri,9.13e-10,4.983824859
Amphora inariensis,Lampetra planeri,1.16e-09,4.983824859
Cocconeis placentula,Lampetra planeri,1.49e-08,4.983824859
Diatoma vulgaris,Lampetra planeri,6.01e-08,4.983824859
Encyonema silesiacum,Lampetra planeri,3.45e-09,4.983824859
Fragilaria capucina,Lampetra planeri,7.62e-09,4.983824859
Fragilaria fasciculata,Lampetra planeri,3.87e-09,4.983824859
Fragilaria ulna,Lampetra planeri,5.25e-08,4.983824859
Gomphonema,Lampetra planeri,5e-09,4.983824859
Asellus aquaticus,Barbatula barbatula,0.007152198,9.600696635
Baetis rhodani,Barbatula barbatula,0.00027139,9.600696635
Baetis scambus,Barbatula barbatula,0.000149142,9.600696635
Baetis vernus,Barbatula barbatula,0.000329396,9.600696635
Achnanthes delicatula,Gobio gobio,4.41e-09,20.39882147
Amphora pediculus,Gobio gobio,5.23e-10,20.39882147
Ancylus fluviatilis,Gobio gobio,0.020020872,20.39882147
Antocha,Gobio gobio,0.000631705,20.39882147
Apsectrotanypus trifascipennis,Gobio gobio,0.001134434,20.39882147
Asellus aquaticus,Gobio gobio,0.007152198,20.39882147
Athripsodes,Gobio gobio,0.000575266,20.39882147
Baetis scambus,Gobio gobio,0.000149142,20.39882147
Baetis vernus,Gobio gobio,0.000329396,20.39882147
Caenis rivulorum,Gobio gobio,0.000538682,20.39882147
Chaetocladius piger,Gobio gobio,0.00017243,20.39882147
Cocconeis placentula,Gobio gobio,1.49e-08,20.39882147
Corynoneura,Gobio gobio,6.98e-06,20.39882147
Cottus gobio,Gobio gobio,2.237172915,20.39882147
Cricotopus bicinctus,Gobio gobio,0.000129092,20.39882147
Diatoma vulgaris,Gobio gobio,6.01e-08,20.39882147
Encyonema silesiacum,Gobio gobio,3.45e-09,20.39882147
Eukiefferiella claripennis,Gobio gobio,9.3e-05,20.39882147
Fragilaria capucina,Gobio gobio,7.62e-09,20.39882147
Fragilaria fasciculata,Gobio gobio,3.87e-09,20.39882147
Fragilaria ulna,Gobio gobio,5.25e-08,20.39882147
Achnanthes delicatula,Squalius cephalus,4.41e-09,29.4334539
Achnanthes lanceolata,Squalius cephalus,3.62e-09,29.4334539
Achnanthes minutissima,Squalius cephalus,9.13e-10,29.4334539
Amphora inariensis,Squalius cephalus,1.16e-09,29.4334539
Ancylus fluviatilis,Squalius cephalus,0.020020872,29.4334539
Antocha,Squalius cephalus,0.000631705,29.4334539
Athripsodes,Squalius cephalus,0.000575266,29.4334539
Baetis rhodani,Squalius cephalus,0.00027139,29.4334539
Baetis vernus,Squalius cephalus,0.000329396,29.4334539
Brillia modesta,Squalius cephalus,0.000276125,29.4334539
Caenis rivulorum,Squalius cephalus,0.000538682,29.4334539
Cocconeis pediculus,Squalius cephalus,4.51e-08,29.4334539
Cottus gobio,Squalius cephalus,2.237172915,29.4334539
Cricotopus,Squalius cephalus,9.89e-05,29.4334539
Cricotopus bicinctus,Squalius cephalus,0.000129092,29.4334539
Epoicocladius flavens,Squalius cephalus,9.71e-05,29.4334539
Eukiefferiella claripennis,Squalius cephalus,9.3e-05,29.4334539
Fragilaria capucina,Squalius cephalus,7.62e-09,29.4334539
Fragilaria ulna,Squalius cephalus,5.25e-08,29.4334539
Gammarus pulex,Squalius cephalus,0.004890172,29.4334539
Gobio gobio,Squalius cephalus,20.39882147,29.4334539
Hydropsyche pellucidula,Squalius cephalus,0.006422471,29.4334539
Hydropsyche siltalai,Squalius cephalus,0.005897064,29.4334539
Hydroptila,Squalius cephalus,5.17e-05,29.4334539
Melosira varians,Squalius cephalus,6.41e-09,29.4334539
Meridion circulare,Squalius cephalus,3.53e-09,29.4334539
Microtendipes pedellus,Squalius cephalus,0.000565952,29.4334539
Navicula goeppertiana,Squalius cephalus,1.29e-08,29.4334539
Navicula lanceolata,Squalius cephalus,3.66e-08,29.4334539
Navicula lanceolata phyllepta,Squalius cephalus,3.57e-09,29.4334539
Navicula menisculus,Squalius cephalus,3.19e-08,29.4334539
Navicula minima,Squalius cephalus,1.11e-09,29.4334539
Navicula tripunctata,Squalius cephalus,2.47e-08,29.4334539
Nitzschia agnita,Squalius cephalus,6e-09,29.4334539
Nitzschia dissipata,Squalius cephalus,4.7e-10,29.4334539
Nitzschia palea,Squalius cephalus,5e-09,29.4334539
Parametriocnemus stylatus,Squalius cephalus,0.000104589,29.4334539
Phoxinus phoxinus,Squalius cephalus,1.80544639,29.4334539
Polypedilum convictum,Squalius cephalus,0.000118642,29.4334539
Pseudorthocladius,Squalius cephalus,0.000338411,29.4334539
Simulium equinum,Squalius cephalus,0.000167515,29.4334539
Acroloxus lacustris,Salmo trutta,0.010600875,130.5166771
Ancylus fluviatilis,Salmo trutta,0.020020872,130.5166771
Antocha,Salmo trutta,0.000631705,130.5166771
Asellus aquaticus,Salmo trutta,0.007152198,130.5166771
Athripsodes,Salmo trutta,0.000575266,130.5166771
Baetis rhodani,Salmo trutta,0.00027139,130.5166771
Baetis vernus,Salmo trutta,0.000329396,130.5166771
Caenis rivulorum,Salmo trutta,0.000538682,130.5166771
Chaetocladius piger,Salmo trutta,0.00017243,130.5166771
Cricotopus,Salmo trutta,9.89e-05,130.5166771
Cricotopus bicinctus,Salmo trutta,0.000129092,130.5166771
Elmis aenea,Salmo trutta,0.00016697,130.5166771
Ephemera danica,Salmo trutta,0.003194018,130.5166771
Gammarus pulex,Salmo trutta,0.004890172,130.5166771
Goera pilosa,Salmo trutta,0.021391212,130.5166771
Heterotrissocladius marcidus,Salmo trutta,0.000226682,130.5166771
Hydropsyche pellucidula,Salmo trutta,0.006422471,130.5166771
Hydroptila,Salmo trutta,5.17e-05,130.5166771
Ithytrichia,Salmo trutta,9.46e-05,130.5166771
Limnephilus lunatus,Salmo trutta,0.000670151,130.5166771
Nanocladius rectinervis,Salmo trutta,0.000115701,130.5166771
Oulimnius tuberculatus,Salmo trutta,0.00037967,130.5166771
Polypedilum nubeculosum,Salmo trutta,5.16e-05,130.5166771
Polypedilum pedestre,Salmo trutta,0.000417515,130.5166771
Potamopyrgus antipodarum,Salmo trutta,0.007630592,130.5166771
Rhyacophila dorsalis,Salmo trutta,0.001887711,130.5166771
