Iteration,Version,ROC_AUC,PR_AUC,TimeElapsed,K,TrainRatio,ExperimentID,Seed,ThresholdMode,Threshold,Precision,Recall,F1Score,TestTP,TestFP,TestFN,TestTN,TestTPR,TestTNR,TestFPR,TestFNR,TestPrecision,TestRecall,TestF1Score,TestAccuracy,TestExpectedAccuracy,TestKappa,TestMCC,TestTSS,TotalLinks,TrainLinks,TestLinks,BackboneTotal,NonBackboneTotal,BackboneTrainLinks,NonBackboneTrainLinks,BackboneTestLinks,NonBackboneTestLinks,EmpiricalNumSpecies,EmpiricalLinks,EmpiricalConnectance,EmpiricalMeanTrophicLevel,EmpiricalMeanDegree,EmpiricalMeanGenerality,EmpiricalMeanVulnerability,EmpiricalDegreeStd,EmpiricalDegreeCV,EmpiricalDegreeGini,EmpiricalGeneralityStd,EmpiricalGeneralityCV,EmpiricalGeneralityGini,EmpiricalVulnerabilityStd,EmpiricalVulnerabilityCV,EmpiricalVulnerabilityGini,EmpiricalTrophicLevelStd,EmpiricalTrophicLevelCV,EmpiricalTrophicLevelRange,EmpiricalNetworkXMeanTrophicLevel,EmpiricalNetworkXTrophicLevelStd,EmpiricalNetworkXTrophicLevelRange,EmpiricalMeanLocalClustering,EmpiricalTransitivity,EmpiricalNumTriangles,EmpiricalTriangleDensity,EmpiricalMeanDietOverlap,EmpiricalNetworkXTrophicLevelNumSpeciesFull,EmpiricalNetworkXTrophicLevelNumSpeciesLargest,EmpiricalNetworkXTrophicLevelNumSpeciesWithLevel,EmpiricalNetworkXTrophicLevelLargestFraction,EmpiricalNetworkXTrophicLevelStatusCode,EmpiricalPropBasal,EmpiricalPropIntermediate,EmpiricalPropTop,TrainNumSpecies,TrainConnectance,TrainMeanTrophicLevel,TrainMeanDegree,TrainMeanGenerality,TrainMeanVulnerability,TrainDegreeStd,TrainDegreeCV,TrainDegreeGini,TrainGeneralityStd,TrainGeneralityCV,TrainGeneralityGini,TrainVulnerabilityStd,TrainVulnerabilityCV,TrainVulnerabilityGini,TrainTrophicLevelStd,TrainTrophicLevelCV,TrainTrophicLevelRange,TrainNetworkXMeanTrophicLevel,TrainNetworkXTrophicLevelStd,TrainNetworkXTrophicLevelRange,TrainMeanLocalClustering,TrainTransitivity,TrainNumTriangles,TrainTriangleDensity,TrainMeanDietOverlap,TrainNetworkXTrophicLevelNumSpeciesFull,TrainNetworkXTrophicLevelNumSpeciesLargest,TrainNetworkXTrophicLevelNumSpeciesWithLevel,TrainNetworkXTrophicLevelLargestFraction,TrainNetworkXTrophicLevelStatusCode,TrainPropBasal,TrainPropIntermediate,TrainPropTop,PseudoNumSpecies,PseudoLinks,PseudoConnectance,PseudoMeanTrophicLevel,PseudoMeanDegree,PseudoMeanGenerality,PseudoMeanVulnerability,PseudoDegreeStd,PseudoDegreeCV,PseudoDegreeGini,PseudoGeneralityStd,PseudoGeneralityCV,PseudoGeneralityGini,PseudoVulnerabilityStd,PseudoVulnerabilityCV,PseudoVulnerabilityGini,PseudoTrophicLevelStd,PseudoTrophicLevelCV,PseudoTrophicLevelRange,PseudoNetworkXMeanTrophicLevel,PseudoNetworkXTrophicLevelStd,PseudoNetworkXTrophicLevelRange,PseudoMeanLocalClustering,PseudoTransitivity,PseudoNumTriangles,PseudoTriangleDensity,PseudoMeanDietOverlap,PseudoNetworkXTrophicLevelNumSpeciesFull,PseudoNetworkXTrophicLevelNumSpeciesLargest,PseudoNetworkXTrophicLevelNumSpeciesWithLevel,PseudoNetworkXTrophicLevelLargestFraction,PseudoNetworkXTrophicLevelStatusCode,PseudoPropBasal,PseudoPropIntermediate,PseudoPropTop,DeltaLinks,DeltaConnectance,DeltaMeanTrophicLevel,DeltaMeanDegree,DeltaMeanGenerality,DeltaMeanVulnerability,DeltaDegreeStd,DeltaDegreeCV,DeltaDegreeGini,DeltaGeneralityStd,DeltaGeneralityCV,DeltaGeneralityGini,DeltaVulnerabilityStd,DeltaVulnerabilityCV,DeltaVulnerabilityGini,DeltaTrophicLevelStd,DeltaTrophicLevelCV,DeltaTrophicLevelRange,DeltaNetworkXMeanTrophicLevel,DeltaNetworkXTrophicLevelStd,DeltaNetworkXTrophicLevelRange,DeltaMeanLocalClustering,DeltaTransitivity,DeltaNumTriangles,DeltaTriangleDensity,DeltaMeanDietOverlap,DeltaPropBasal,DeltaPropIntermediate,DeltaPropTop,PseudoTP,PseudoFP,PseudoFN,PseudoTN,PseudoTPR,PseudoTNR,PseudoFPR,PseudoFNR,PseudoPrecision,PseudoRecall,PseudoF1Score,PseudoMCC,PseudoTSS,PseudoJaccardLinks,NumPredictedNovelLinks,NumTrueNovelLinks,EvaluateOnAllUnseen,CvK,FoldID,NumFolds
1,WLNM_dir_neg_kfold,0.654320987654,0.298786181139,00:00:02,10,90,1,13346,threshold_sweep,0.1,1,0.111111111111,0.2,1,0,8,18,0.111111111111,1,0,0.888888888889,1,0.111111111111,0.2,0.703703703704,0.654320987654,0.142857142857,0.277350098113,0.111111111111,94,85,9,0,94,0,85,0,9,23,88,0.173913043478,1.68507579377,7.65217391304,7.33333333333,5.5,3.63829000359,0.475458352741,0.249505928854,5.32278271304,1.39118184545,0.672924901186,3.27042079462,0.854769071322,0.442687747036,0.749191304359,0.444603920564,2.5,1.68507579377,0.749191304359,2.5,0.259446613992,0.18878248974,46,0.025974025974,0.333144633145,23,23,23,1,0,0.478260869565,0.217391304348,0.304347826087,23,0.156126482213,1.68985691515,6.86956521739,6.58333333333,4.9375,3.30707709213,0.481409956449,0.260319207485,4.73695420897,1.37911325071,0.672537149147,2.92055547264,0.850288302161,0.453494771602,0.752495275795,0.445301178488,2.5,1.68985691515,0.752495275795,2.5,0.269840765295,0.200342465753,39,0.0220214568041,0.276593860685,23,23,23,1,0,0.478260869565,0.217391304348,0.304347826087,23,80,0.158102766798,1.68907311397,6.95652173913,6.66666666667,5,3.39087359178,0.487438078818,0.263043478261,4.83236781052,1.38930574552,0.676086956522,2.96754513204,0.85316922546,0.45652173913,0.751891859637,0.445150570106,2.5,1.68907311397,0.751891859637,2.5,0.276817122272,0.208955223881,42,0.0237154150198,0.282560116651,23,23,23,1,0,0.478260869565,0.217391304348,0.304347826087,-8,-0.0158102766798,0.00399732020285,-0.695652173913,-0.666666666667,-0.5,-0.247416411809,0.0119797260766,0.0135375494071,-0.490414902526,-0.00187609993079,0.00316205533597,-0.302875662588,-0.00159984586192,0.0138339920949,0.00270055527815,0.000546649542032,0,0.00399732020285,0.00270055527815,0,0.0173705082796,0.0201727341405,-4,-0.00225861095426,-0.0505845164936,0,0,0,80,0,8,418,0.909090909091,1,0,0.0909090909091,1,0.909090909091,0.952380952381,0.944467458064,0.909090909091,0.909090909091,1,9,0,10,1,10
2,WLNM_dir_neg_kfold,0.654320987654,0.298786181139,00:00:02,10,90,1,13346,threshold_sweep,0.2,1,0.111111111111,0.2,1,0,8,18,0.111111111111,1,0,0.888888888889,1,0.111111111111,0.2,0.703703703704,0.654320987654,0.142857142857,0.277350098113,0.111111111111,94,85,9,0,94,0,85,0,9,23,88,0.173913043478,1.68507579377,7.65217391304,7.33333333333,5.5,3.63829000359,0.475458352741,0.249505928854,5.32278271304,1.39118184545,0.672924901186,3.27042079462,0.854769071322,0.442687747036,0.749191304359,0.444603920564,2.5,1.68507579377,0.749191304359,2.5,0.259446613992,0.18878248974,46,0.025974025974,0.333144633145,23,23,23,1,0,0.478260869565,0.217391304348,0.304347826087,23,0.156126482213,1.68985691515,6.86956521739,6.58333333333,4.9375,3.30707709213,0.481409956449,0.260319207485,4.73695420897,1.37911325071,0.672537149147,2.92055547264,0.850288302161,0.453494771602,0.752495275795,0.445301178488,2.5,1.68985691515,0.752495275795,2.5,0.269840765295,0.200342465753,39,0.0220214568041,0.276593860685,23,23,23,1,0,0.478260869565,0.217391304348,0.304347826087,23,80,0.158102766798,1.68907311397,6.95652173913,6.66666666667,5,3.39087359178,0.487438078818,0.263043478261,4.83236781052,1.38930574552,0.676086956522,2.96754513204,0.85316922546,0.45652173913,0.751891859637,0.445150570106,2.5,1.68907311397,0.751891859637,2.5,0.276817122272,0.208955223881,42,0.0237154150198,0.282560116651,23,23,23,1,0,0.478260869565,0.217391304348,0.304347826087,-8,-0.0158102766798,0.00399732020285,-0.695652173913,-0.666666666667,-0.5,-0.247416411809,0.0119797260766,0.0135375494071,-0.490414902526,-0.00187609993079,0.00316205533597,-0.302875662588,-0.00159984586192,0.0138339920949,0.00270055527815,0.000546649542032,0,0.00399732020285,0.00270055527815,0,0.0173705082796,0.0201727341405,-4,-0.00225861095426,-0.0505845164936,0,0,0,80,0,8,418,0.909090909091,1,0,0.0909090909091,1,0.909090909091,0.952380952381,0.944467458064,0.909090909091,0.909090909091,1,9,0,10,1,10
3,WLNM_dir_neg_kfold,0.654320987654,0.298786181139,00:00:02,10,90,1,13346,threshold_sweep,0.3,1,0.111111111111,0.2,1,0,8,18,0.111111111111,1,0,0.888888888889,1,0.111111111111,0.2,0.703703703704,0.654320987654,0.142857142857,0.277350098113,0.111111111111,94,85,9,0,94,0,85,0,9,23,88,0.173913043478,1.68507579377,7.65217391304,7.33333333333,5.5,3.63829000359,0.475458352741,0.249505928854,5.32278271304,1.39118184545,0.672924901186,3.27042079462,0.854769071322,0.442687747036,0.749191304359,0.444603920564,2.5,1.68507579377,0.749191304359,2.5,0.259446613992,0.18878248974,46,0.025974025974,0.333144633145,23,23,23,1,0,0.478260869565,0.217391304348,0.304347826087,23,0.156126482213,1.68985691515,6.86956521739,6.58333333333,4.9375,3.30707709213,0.481409956449,0.260319207485,4.73695420897,1.37911325071,0.672537149147,2.92055547264,0.850288302161,0.453494771602,0.752495275795,0.445301178488,2.5,1.68985691515,0.752495275795,2.5,0.269840765295,0.200342465753,39,0.0220214568041,0.276593860685,23,23,23,1,0,0.478260869565,0.217391304348,0.304347826087,23,80,0.158102766798,1.68907311397,6.95652173913,6.66666666667,5,3.39087359178,0.487438078818,0.263043478261,4.83236781052,1.38930574552,0.676086956522,2.96754513204,0.85316922546,0.45652173913,0.751891859637,0.445150570106,2.5,1.68907311397,0.751891859637,2.5,0.276817122272,0.208955223881,42,0.0237154150198,0.282560116651,23,23,23,1,0,0.478260869565,0.217391304348,0.304347826087,-8,-0.0158102766798,0.00399732020285,-0.695652173913,-0.666666666667,-0.5,-0.247416411809,0.0119797260766,0.0135375494071,-0.490414902526,-0.00187609993079,0.00316205533597,-0.302875662588,-0.00159984586192,0.0138339920949,0.00270055527815,0.000546649542032,0,0.00399732020285,0.00270055527815,0,0.0173705082796,0.0201727341405,-4,-0.00225861095426,-0.0505845164936,0,0,0,80,0,8,418,0.909090909091,1,0,0.0909090909091,1,0.909090909091,0.952380952381,0.944467458064,0.909090909091,0.909090909091,1,9,0,10,1,10
4,WLNM_dir_neg_kfold,0.654320987654,0.298786181139,00:00:02,10,90,1,13346,threshold_sweep,0.4,1,0.111111111111,0.2,1,0,8,18,0.111111111111,1,0,0.888888888889,1,0.111111111111,0.2,0.703703703704,0.654320987654,0.142857142857,0.277350098113,0.111111111111,94,85,9,0,94,0,85,0,9,23,88,0.173913043478,1.68507579377,7.65217391304,7.33333333333,5.5,3.63829000359,0.475458352741,0.249505928854,5.32278271304,1.39118184545,0.672924901186,3.27042079462,0.854769071322,0.442687747036,0.749191304359,0.444603920564,2.5,1.68507579377,0.749191304359,2.5,0.259446613992,0.18878248974,46,0.025974025974,0.333144633145,23,23,23,1,0,0.478260869565,0.217391304348,0.304347826087,23,0.156126482213,1.68985691515,6.86956521739,6.58333333333,4.9375,3.30707709213,0.481409956449,0.260319207485,4.73695420897,1.37911325071,0.672537149147,2.92055547264,0.850288302161,0.453494771602,0.752495275795,0.445301178488,2.5,1.68985691515,0.752495275795,2.5,0.269840765295,0.200342465753,39,0.0220214568041,0.276593860685,23,23,23,1,0,0.478260869565,0.217391304348,0.304347826087,23,80,0.158102766798,1.68907311397,6.95652173913,6.66666666667,5,3.39087359178,0.487438078818,0.263043478261,4.83236781052,1.38930574552,0.676086956522,2.96754513204,0.85316922546,0.45652173913,0.751891859637,0.445150570106,2.5,1.68907311397,0.751891859637,2.5,0.276817122272,0.208955223881,42,0.0237154150198,0.282560116651,23,23,23,1,0,0.478260869565,0.217391304348,0.304347826087,-8,-0.0158102766798,0.00399732020285,-0.695652173913,-0.666666666667,-0.5,-0.247416411809,0.0119797260766,0.0135375494071,-0.490414902526,-0.00187609993079,0.00316205533597,-0.302875662588,-0.00159984586192,0.0138339920949,0.00270055527815,0.000546649542032,0,0.00399732020285,0.00270055527815,0,0.0173705082796,0.0201727341405,-4,-0.00225861095426,-0.0505845164936,0,0,0,80,0,8,418,0.909090909091,1,0,0.0909090909091,1,0.909090909091,0.952380952381,0.944467458064,0.909090909091,0.909090909091,1,9,0,10,1,10
5,WLNM_dir_neg_kfold,0.654320987654,0.298786181139,00:00:02,10,90,1,13346,threshold_sweep,0.5,1,0.111111111111,0.2,1,0,8,18,0.111111111111,1,0,0.888888888889,1,0.111111111111,0.2,0.703703703704,0.654320987654,0.142857142857,0.277350098113,0.111111111111,94,85,9,0,94,0,85,0,9,23,88,0.173913043478,1.68507579377,7.65217391304,7.33333333333,5.5,3.63829000359,0.475458352741,0.249505928854,5.32278271304,1.39118184545,0.672924901186,3.27042079462,0.854769071322,0.442687747036,0.749191304359,0.444603920564,2.5,1.68507579377,0.749191304359,2.5,0.259446613992,0.18878248974,46,0.025974025974,0.333144633145,23,23,23,1,0,0.478260869565,0.217391304348,0.304347826087,23,0.156126482213,1.68985691515,6.86956521739,6.58333333333,4.9375,3.30707709213,0.481409956449,0.260319207485,4.73695420897,1.37911325071,0.672537149147,2.92055547264,0.850288302161,0.453494771602,0.752495275795,0.445301178488,2.5,1.68985691515,0.752495275795,2.5,0.269840765295,0.200342465753,39,0.0220214568041,0.276593860685,23,23,23,1,0,0.478260869565,0.217391304348,0.304347826087,23,80,0.158102766798,1.68907311397,6.95652173913,6.66666666667,5,3.39087359178,0.487438078818,0.263043478261,4.83236781052,1.38930574552,0.676086956522,2.96754513204,0.85316922546,0.45652173913,0.751891859637,0.445150570106,2.5,1.68907311397,0.751891859637,2.5,0.276817122272,0.208955223881,42,0.0237154150198,0.282560116651,23,23,23,1,0,0.478260869565,0.217391304348,0.304347826087,-8,-0.0158102766798,0.00399732020285,-0.695652173913,-0.666666666667,-0.5,-0.247416411809,0.0119797260766,0.0135375494071,-0.490414902526,-0.00187609993079,0.00316205533597,-0.302875662588,-0.00159984586192,0.0138339920949,0.00270055527815,0.000546649542032,0,0.00399732020285,0.00270055527815,0,0.0173705082796,0.0201727341405,-4,-0.00225861095426,-0.0505845164936,0,0,0,80,0,8,418,0.909090909091,1,0,0.0909090909091,1,0.909090909091,0.952380952381,0.944467458064,0.909090909091,0.909090909091,1,9,0,10,1,10
6,WLNM_dir_neg_kfold,0.654320987654,0.298786181139,00:00:02,10,90,1,13346,threshold_sweep,0.6,1,0.111111111111,0.2,1,0,8,18,0.111111111111,1,0,0.888888888889,1,0.111111111111,0.2,0.703703703704,0.654320987654,0.142857142857,0.277350098113,0.111111111111,94,85,9,0,94,0,85,0,9,23,88,0.173913043478,1.68507579377,7.65217391304,7.33333333333,5.5,3.63829000359,0.475458352741,0.249505928854,5.32278271304,1.39118184545,0.672924901186,3.27042079462,0.854769071322,0.442687747036,0.749191304359,0.444603920564,2.5,1.68507579377,0.749191304359,2.5,0.259446613992,0.18878248974,46,0.025974025974,0.333144633145,23,23,23,1,0,0.478260869565,0.217391304348,0.304347826087,23,0.156126482213,1.68985691515,6.86956521739,6.58333333333,4.9375,3.30707709213,0.481409956449,0.260319207485,4.73695420897,1.37911325071,0.672537149147,2.92055547264,0.850288302161,0.453494771602,0.752495275795,0.445301178488,2.5,1.68985691515,0.752495275795,2.5,0.269840765295,0.200342465753,39,0.0220214568041,0.276593860685,23,23,23,1,0,0.478260869565,0.217391304348,0.304347826087,23,80,0.158102766798,1.68907311397,6.95652173913,6.66666666667,5,3.39087359178,0.487438078818,0.263043478261,4.83236781052,1.38930574552,0.676086956522,2.96754513204,0.85316922546,0.45652173913,0.751891859637,0.445150570106,2.5,1.68907311397,0.751891859637,2.5,0.276817122272,0.208955223881,42,0.0237154150198,0.282560116651,23,23,23,1,0,0.478260869565,0.217391304348,0.304347826087,-8,-0.0158102766798,0.00399732020285,-0.695652173913,-0.666666666667,-0.5,-0.247416411809,0.0119797260766,0.0135375494071,-0.490414902526,-0.00187609993079,0.00316205533597,-0.302875662588,-0.00159984586192,0.0138339920949,0.00270055527815,0.000546649542032,0,0.00399732020285,0.00270055527815,0,0.0173705082796,0.0201727341405,-4,-0.00225861095426,-0.0505845164936,0,0,0,80,0,8,418,0.909090909091,1,0,0.0909090909091,1,0.909090909091,0.952380952381,0.944467458064,0.909090909091,0.909090909091,1,9,0,10,1,10
7,WLNM_dir_neg_kfold,0.654320987654,0.298786181139,00:00:02,10,90,1,13346,threshold_sweep,0.7,1,0.111111111111,0.2,1,0,8,18,0.111111111111,1,0,0.888888888889,1,0.111111111111,0.2,0.703703703704,0.654320987654,0.142857142857,0.277350098113,0.111111111111,94,85,9,0,94,0,85,0,9,23,88,0.173913043478,1.68507579377,7.65217391304,7.33333333333,5.5,3.63829000359,0.475458352741,0.249505928854,5.32278271304,1.39118184545,0.672924901186,3.27042079462,0.854769071322,0.442687747036,0.749191304359,0.444603920564,2.5,1.68507579377,0.749191304359,2.5,0.259446613992,0.18878248974,46,0.025974025974,0.333144633145,23,23,23,1,0,0.478260869565,0.217391304348,0.304347826087,23,0.156126482213,1.68985691515,6.86956521739,6.58333333333,4.9375,3.30707709213,0.481409956449,0.260319207485,4.73695420897,1.37911325071,0.672537149147,2.92055547264,0.850288302161,0.453494771602,0.752495275795,0.445301178488,2.5,1.68985691515,0.752495275795,2.5,0.269840765295,0.200342465753,39,0.0220214568041,0.276593860685,23,23,23,1,0,0.478260869565,0.217391304348,0.304347826087,23,80,0.158102766798,1.68907311397,6.95652173913,6.66666666667,5,3.39087359178,0.487438078818,0.263043478261,4.83236781052,1.38930574552,0.676086956522,2.96754513204,0.85316922546,0.45652173913,0.751891859637,0.445150570106,2.5,1.68907311397,0.751891859637,2.5,0.276817122272,0.208955223881,42,0.0237154150198,0.282560116651,23,23,23,1,0,0.478260869565,0.217391304348,0.304347826087,-8,-0.0158102766798,0.00399732020285,-0.695652173913,-0.666666666667,-0.5,-0.247416411809,0.0119797260766,0.0135375494071,-0.490414902526,-0.00187609993079,0.00316205533597,-0.302875662588,-0.00159984586192,0.0138339920949,0.00270055527815,0.000546649542032,0,0.00399732020285,0.00270055527815,0,0.0173705082796,0.0201727341405,-4,-0.00225861095426,-0.0505845164936,0,0,0,80,0,8,418,0.909090909091,1,0,0.0909090909091,1,0.909090909091,0.952380952381,0.944467458064,0.909090909091,0.909090909091,1,9,0,10,1,10
8,WLNM_dir_neg_kfold,0.654320987654,0.298786181139,00:00:02,10,90,1,13346,threshold_sweep,0.8,1,0.111111111111,0.2,1,0,8,18,0.111111111111,1,0,0.888888888889,1,0.111111111111,0.2,0.703703703704,0.654320987654,0.142857142857,0.277350098113,0.111111111111,94,85,9,0,94,0,85,0,9,23,88,0.173913043478,1.68507579377,7.65217391304,7.33333333333,5.5,3.63829000359,0.475458352741,0.249505928854,5.32278271304,1.39118184545,0.672924901186,3.27042079462,0.854769071322,0.442687747036,0.749191304359,0.444603920564,2.5,1.68507579377,0.749191304359,2.5,0.259446613992,0.18878248974,46,0.025974025974,0.333144633145,23,23,23,1,0,0.478260869565,0.217391304348,0.304347826087,23,0.156126482213,1.68985691515,6.86956521739,6.58333333333,4.9375,3.30707709213,0.481409956449,0.260319207485,4.73695420897,1.37911325071,0.672537149147,2.92055547264,0.850288302161,0.453494771602,0.752495275795,0.445301178488,2.5,1.68985691515,0.752495275795,2.5,0.269840765295,0.200342465753,39,0.0220214568041,0.276593860685,23,23,23,1,0,0.478260869565,0.217391304348,0.304347826087,23,80,0.158102766798,1.68907311397,6.95652173913,6.66666666667,5,3.39087359178,0.487438078818,0.263043478261,4.83236781052,1.38930574552,0.676086956522,2.96754513204,0.85316922546,0.45652173913,0.751891859637,0.445150570106,2.5,1.68907311397,0.751891859637,2.5,0.276817122272,0.208955223881,42,0.0237154150198,0.282560116651,23,23,23,1,0,0.478260869565,0.217391304348,0.304347826087,-8,-0.0158102766798,0.00399732020285,-0.695652173913,-0.666666666667,-0.5,-0.247416411809,0.0119797260766,0.0135375494071,-0.490414902526,-0.00187609993079,0.00316205533597,-0.302875662588,-0.00159984586192,0.0138339920949,0.00270055527815,0.000546649542032,0,0.00399732020285,0.00270055527815,0,0.0173705082796,0.0201727341405,-4,-0.00225861095426,-0.0505845164936,0,0,0,80,0,8,418,0.909090909091,1,0,0.0909090909091,1,0.909090909091,0.952380952381,0.944467458064,0.909090909091,0.909090909091,1,9,0,10,1,10
9,WLNM_dir_neg_kfold,0.654320987654,0.298786181139,00:00:02,10,90,1,13346,threshold_sweep,0.9,1,0.111111111111,0.2,1,0,8,18,0.111111111111,1,0,0.888888888889,1,0.111111111111,0.2,0.703703703704,0.654320987654,0.142857142857,0.277350098113,0.111111111111,94,85,9,0,94,0,85,0,9,23,88,0.173913043478,1.68507579377,7.65217391304,7.33333333333,5.5,3.63829000359,0.475458352741,0.249505928854,5.32278271304,1.39118184545,0.672924901186,3.27042079462,0.854769071322,0.442687747036,0.749191304359,0.444603920564,2.5,1.68507579377,0.749191304359,2.5,0.259446613992,0.18878248974,46,0.025974025974,0.333144633145,23,23,23,1,0,0.478260869565,0.217391304348,0.304347826087,23,0.156126482213,1.68985691515,6.86956521739,6.58333333333,4.9375,3.30707709213,0.481409956449,0.260319207485,4.73695420897,1.37911325071,0.672537149147,2.92055547264,0.850288302161,0.453494771602,0.752495275795,0.445301178488,2.5,1.68985691515,0.752495275795,2.5,0.269840765295,0.200342465753,39,0.0220214568041,0.276593860685,23,23,23,1,0,0.478260869565,0.217391304348,0.304347826087,23,80,0.158102766798,1.68907311397,6.95652173913,6.66666666667,5,3.39087359178,0.487438078818,0.263043478261,4.83236781052,1.38930574552,0.676086956522,2.96754513204,0.85316922546,0.45652173913,0.751891859637,0.445150570106,2.5,1.68907311397,0.751891859637,2.5,0.276817122272,0.208955223881,42,0.0237154150198,0.282560116651,23,23,23,1,0,0.478260869565,0.217391304348,0.304347826087,-8,-0.0158102766798,0.00399732020285,-0.695652173913,-0.666666666667,-0.5,-0.247416411809,0.0119797260766,0.0135375494071,-0.490414902526,-0.00187609993079,0.00316205533597,-0.302875662588,-0.00159984586192,0.0138339920949,0.00270055527815,0.000546649542032,0,0.00399732020285,0.00270055527815,0,0.0173705082796,0.0201727341405,-4,-0.00225861095426,-0.0505845164936,0,0,0,80,0,8,418,0.909090909091,1,0,0.0909090909091,1,0.909090909091,0.952380952381,0.944467458064,0.909090909091,0.909090909091,1,9,0,10,1,10
10,WLNM_dir_neg_kfold,0.703703703704,0.324074074074,00:00:02,10,90,2,13347,threshold_sweep,0.1,0.333333333333,0.111111111111,0.166666666667,1,2,8,16,0.111111111111,0.888888888889,0.111111111111,0.888888888889,0.333333333333,0.111111111111,0.166666666667,0.62962962963,0.62962962963,0,0,0,94,85,9,0,94,0,85,0,9,23,88,0.173913043478,1.68507579377,7.65217391304,7.33333333333,5.5,3.63829000359,0.475458352741,0.249505928854,5.32278271304,1.39118184545,0.672924901186,3.27042079462,0.854769071322,0.442687747036,0.749191304359,0.444603920564,2.5,1.68507579377,0.749191304359,2.5,0.259446613992,0.18878248974,46,0.025974025974,0.333144633145,23,23,23,1,0,0.478260869565,0.217391304348,0.304347826087,23,0.156126482213,1.68985691515,6.86956521739,6.58333333333,4.9375,3.30707709213,0.481409956449,0.260319207485,4.73695420897,1.37911325071,0.672537149147,2.92055547264,0.850288302161,0.453494771602,0.752495275795,0.445301178488,2.5,1.68985691515,0.752495275795,2.5,0.269840765295,0.200342465753,39,0.0220214568041,0.276593860685,23,23,23,1,0,0.478260869565,0.217391304348,0.304347826087,23,82,0.162055335968,1.69809900245,7.13043478261,6.83333333333,4.82352941176,3.6093860952,0.506194391399,0.273594909862,4.97106250721,1.39432241056,0.67868504772,2.88926047406,0.81040232809,0.43690349947,0.75700652183,0.44579645871,2.5,1.69809900245,0.75700652183,2.5,0.344582690037,0.27399380805,59,0.0333145115754,0.274255920847,23,23,23,1,0,0.478260869565,0.260869565217,0.260869565217,-6,-0.0118577075099,0.0130232086754,-0.521739130435,-0.5,-0.676470588235,-0.0289039083911,0.0307360386579,0.0240889810084,-0.351720205833,0.00314056510441,0.00576014653427,-0.381160320566,-0.0443667432328,-0.0057842475658,0.00781521747093,0.00119253814566,0,0.0130232086754,0.00781521747093,0,0.0851360760452,0.0852113183095,13,0.00734048560136,-0.0588887122978,0,0.0434782608696,-0.0434782608696,80,2,8,416,0.909090909091,0.995215311005,0.00478468899522,0.0909090909091,0.975609756098,0.909090909091,0.941176470588,0.93015460506,0.904306220096,0.888888888889,3,9,0,10,1,10
11,WLNM_dir_neg_kfold,0.703703703704,0.324074074074,00:00:02,10,90,2,13347,threshold_sweep,0.2,0.333333333333,0.111111111111,0.166666666667,1,2,8,16,0.111111111111,0.888888888889,0.111111111111,0.888888888889,0.333333333333,0.111111111111,0.166666666667,0.62962962963,0.62962962963,0,0,0,94,85,9,0,94,0,85,0,9,23,88,0.173913043478,1.68507579377,7.65217391304,7.33333333333,5.5,3.63829000359,0.475458352741,0.249505928854,5.32278271304,1.39118184545,0.672924901186,3.27042079462,0.854769071322,0.442687747036,0.749191304359,0.444603920564,2.5,1.68507579377,0.749191304359,2.5,0.259446613992,0.18878248974,46,0.025974025974,0.333144633145,23,23,23,1,0,0.478260869565,0.217391304348,0.304347826087,23,0.156126482213,1.68985691515,6.86956521739,6.58333333333,4.9375,3.30707709213,0.481409956449,0.260319207485,4.73695420897,1.37911325071,0.672537149147,2.92055547264,0.850288302161,0.453494771602,0.752495275795,0.445301178488,2.5,1.68985691515,0.752495275795,2.5,0.269840765295,0.200342465753,39,0.0220214568041,0.276593860685,23,23,23,1,0,0.478260869565,0.217391304348,0.304347826087,23,82,0.162055335968,1.69809900245,7.13043478261,6.83333333333,4.82352941176,3.6093860952,0.506194391399,0.273594909862,4.97106250721,1.39432241056,0.67868504772,2.88926047406,0.81040232809,0.43690349947,0.75700652183,0.44579645871,2.5,1.69809900245,0.75700652183,2.5,0.344582690037,0.27399380805,59,0.0333145115754,0.274255920847,23,23,23,1,0,0.478260869565,0.260869565217,0.260869565217,-6,-0.0118577075099,0.0130232086754,-0.521739130435,-0.5,-0.676470588235,-0.0289039083911,0.0307360386579,0.0240889810084,-0.351720205833,0.00314056510441,0.00576014653427,-0.381160320566,-0.0443667432328,-0.0057842475658,0.00781521747093,0.00119253814566,0,0.0130232086754,0.00781521747093,0,0.0851360760452,0.0852113183095,13,0.00734048560136,-0.0588887122978,0,0.0434782608696,-0.0434782608696,80,2,8,416,0.909090909091,0.995215311005,0.00478468899522,0.0909090909091,0.975609756098,0.909090909091,0.941176470588,0.93015460506,0.904306220096,0.888888888889,3,9,0,10,1,10
12,WLNM_dir_neg_kfold,0.703703703704,0.324074074074,00:00:02,10,90,2,13347,threshold_sweep,0.3,0.333333333333,0.111111111111,0.166666666667,1,2,8,16,0.111111111111,0.888888888889,0.111111111111,0.888888888889,0.333333333333,0.111111111111,0.166666666667,0.62962962963,0.62962962963,0,0,0,94,85,9,0,94,0,85,0,9,23,88,0.173913043478,1.68507579377,7.65217391304,7.33333333333,5.5,3.63829000359,0.475458352741,0.249505928854,5.32278271304,1.39118184545,0.672924901186,3.27042079462,0.854769071322,0.442687747036,0.749191304359,0.444603920564,2.5,1.68507579377,0.749191304359,2.5,0.259446613992,0.18878248974,46,0.025974025974,0.333144633145,23,23,23,1,0,0.478260869565,0.217391304348,0.304347826087,23,0.156126482213,1.68985691515,6.86956521739,6.58333333333,4.9375,3.30707709213,0.481409956449,0.260319207485,4.73695420897,1.37911325071,0.672537149147,2.92055547264,0.850288302161,0.453494771602,0.752495275795,0.445301178488,2.5,1.68985691515,0.752495275795,2.5,0.269840765295,0.200342465753,39,0.0220214568041,0.276593860685,23,23,23,1,0,0.478260869565,0.217391304348,0.304347826087,23,82,0.162055335968,1.69809900245,7.13043478261,6.83333333333,4.82352941176,3.6093860952,0.506194391399,0.273594909862,4.97106250721,1.39432241056,0.67868504772,2.88926047406,0.81040232809,0.43690349947,0.75700652183,0.44579645871,2.5,1.69809900245,0.75700652183,2.5,0.344582690037,0.27399380805,59,0.0333145115754,0.274255920847,23,23,23,1,0,0.478260869565,0.260869565217,0.260869565217,-6,-0.0118577075099,0.0130232086754,-0.521739130435,-0.5,-0.676470588235,-0.0289039083911,0.0307360386579,0.0240889810084,-0.351720205833,0.00314056510441,0.00576014653427,-0.381160320566,-0.0443667432328,-0.0057842475658,0.00781521747093,0.00119253814566,0,0.0130232086754,0.00781521747093,0,0.0851360760452,0.0852113183095,13,0.00734048560136,-0.0588887122978,0,0.0434782608696,-0.0434782608696,80,2,8,416,0.909090909091,0.995215311005,0.00478468899522,0.0909090909091,0.975609756098,0.909090909091,0.941176470588,0.93015460506,0.904306220096,0.888888888889,3,9,0,10,1,10
13,WLNM_dir_neg_kfold,0.703703703704,0.324074074074,00:00:02,10,90,2,13347,threshold_sweep,0.4,0.333333333333,0.111111111111,0.166666666667,1,2,8,16,0.111111111111,0.888888888889,0.111111111111,0.888888888889,0.333333333333,0.111111111111,0.166666666667,0.62962962963,0.62962962963,0,0,0,94,85,9,0,94,0,85,0,9,23,88,0.173913043478,1.68507579377,7.65217391304,7.33333333333,5.5,3.63829000359,0.475458352741,0.249505928854,5.32278271304,1.39118184545,0.672924901186,3.27042079462,0.854769071322,0.442687747036,0.749191304359,0.444603920564,2.5,1.68507579377,0.749191304359,2.5,0.259446613992,0.18878248974,46,0.025974025974,0.333144633145,23,23,23,1,0,0.478260869565,0.217391304348,0.304347826087,23,0.156126482213,1.68985691515,6.86956521739,6.58333333333,4.9375,3.30707709213,0.481409956449,0.260319207485,4.73695420897,1.37911325071,0.672537149147,2.92055547264,0.850288302161,0.453494771602,0.752495275795,0.445301178488,2.5,1.68985691515,0.752495275795,2.5,0.269840765295,0.200342465753,39,0.0220214568041,0.276593860685,23,23,23,1,0,0.478260869565,0.217391304348,0.304347826087,23,82,0.162055335968,1.69809900245,7.13043478261,6.83333333333,4.82352941176,3.6093860952,0.506194391399,0.273594909862,4.97106250721,1.39432241056,0.67868504772,2.88926047406,0.81040232809,0.43690349947,0.75700652183,0.44579645871,2.5,1.69809900245,0.75700652183,2.5,0.344582690037,0.27399380805,59,0.0333145115754,0.274255920847,23,23,23,1,0,0.478260869565,0.260869565217,0.260869565217,-6,-0.0118577075099,0.0130232086754,-0.521739130435,-0.5,-0.676470588235,-0.0289039083911,0.0307360386579,0.0240889810084,-0.351720205833,0.00314056510441,0.00576014653427,-0.381160320566,-0.0443667432328,-0.0057842475658,0.00781521747093,0.00119253814566,0,0.0130232086754,0.00781521747093,0,0.0851360760452,0.0852113183095,13,0.00734048560136,-0.0588887122978,0,0.0434782608696,-0.0434782608696,80,2,8,416,0.909090909091,0.995215311005,0.00478468899522,0.0909090909091,0.975609756098,0.909090909091,0.941176470588,0.93015460506,0.904306220096,0.888888888889,3,9,0,10,1,10
14,WLNM_dir_neg_kfold,0.703703703704,0.324074074074,00:00:02,10,90,2,13347,threshold_sweep,0.5,0.333333333333,0.111111111111,0.166666666667,1,2,8,16,0.111111111111,0.888888888889,0.111111111111,0.888888888889,0.333333333333,0.111111111111,0.166666666667,0.62962962963,0.62962962963,0,0,0,94,85,9,0,94,0,85,0,9,23,88,0.173913043478,1.68507579377,7.65217391304,7.33333333333,5.5,3.63829000359,0.475458352741,0.249505928854,5.32278271304,1.39118184545,0.672924901186,3.27042079462,0.854769071322,0.442687747036,0.749191304359,0.444603920564,2.5,1.68507579377,0.749191304359,2.5,0.259446613992,0.18878248974,46,0.025974025974,0.333144633145,23,23,23,1,0,0.478260869565,0.217391304348,0.304347826087,23,0.156126482213,1.68985691515,6.86956521739,6.58333333333,4.9375,3.30707709213,0.481409956449,0.260319207485,4.73695420897,1.37911325071,0.672537149147,2.92055547264,0.850288302161,0.453494771602,0.752495275795,0.445301178488,2.5,1.68985691515,0.752495275795,2.5,0.269840765295,0.200342465753,39,0.0220214568041,0.276593860685,23,23,23,1,0,0.478260869565,0.217391304348,0.304347826087,23,82,0.162055335968,1.69809900245,7.13043478261,6.83333333333,4.82352941176,3.6093860952,0.506194391399,0.273594909862,4.97106250721,1.39432241056,0.67868504772,2.88926047406,0.81040232809,0.43690349947,0.75700652183,0.44579645871,2.5,1.69809900245,0.75700652183,2.5,0.344582690037,0.27399380805,59,0.0333145115754,0.274255920847,23,23,23,1,0,0.478260869565,0.260869565217,0.260869565217,-6,-0.0118577075099,0.0130232086754,-0.521739130435,-0.5,-0.676470588235,-0.0289039083911,0.0307360386579,0.0240889810084,-0.351720205833,0.00314056510441,0.00576014653427,-0.381160320566,-0.0443667432328,-0.0057842475658,0.00781521747093,0.00119253814566,0,0.0130232086754,0.00781521747093,0,0.0851360760452,0.0852113183095,13,0.00734048560136,-0.0588887122978,0,0.0434782608696,-0.0434782608696,80,2,8,416,0.909090909091,0.995215311005,0.00478468899522,0.0909090909091,0.975609756098,0.909090909091,0.941176470588,0.93015460506,0.904306220096,0.888888888889,3,9,0,10,1,10
15,WLNM_dir_neg_kfold,0.703703703704,0.324074074074,00:00:02,10,90,2,13347,threshold_sweep,0.6,0.333333333333,0.111111111111,0.166666666667,1,2,8,16,0.111111111111,0.888888888889,0.111111111111,0.888888888889,0.333333333333,0.111111111111,0.166666666667,0.62962962963,0.62962962963,0,0,0,94,85,9,0,94,0,85,0,9,23,88,0.173913043478,1.68507579377,7.65217391304,7.33333333333,5.5,3.63829000359,0.475458352741,0.249505928854,5.32278271304,1.39118184545,0.672924901186,3.27042079462,0.854769071322,0.442687747036,0.749191304359,0.444603920564,2.5,1.68507579377,0.749191304359,2.5,0.259446613992,0.18878248974,46,0.025974025974,0.333144633145,23,23,23,1,0,0.478260869565,0.217391304348,0.304347826087,23,0.156126482213,1.68985691515,6.86956521739,6.58333333333,4.9375,3.30707709213,0.481409956449,0.260319207485,4.73695420897,1.37911325071,0.672537149147,2.92055547264,0.850288302161,0.453494771602,0.752495275795,0.445301178488,2.5,1.68985691515,0.752495275795,2.5,0.269840765295,0.200342465753,39,0.0220214568041,0.276593860685,23,23,23,1,0,0.478260869565,0.217391304348,0.304347826087,23,82,0.162055335968,1.69809900245,7.13043478261,6.83333333333,4.82352941176,3.6093860952,0.506194391399,0.273594909862,4.97106250721,1.39432241056,0.67868504772,2.88926047406,0.81040232809,0.43690349947,0.75700652183,0.44579645871,2.5,1.69809900245,0.75700652183,2.5,0.344582690037,0.27399380805,59,0.0333145115754,0.274255920847,23,23,23,1,0,0.478260869565,0.260869565217,0.260869565217,-6,-0.0118577075099,0.0130232086754,-0.521739130435,-0.5,-0.676470588235,-0.0289039083911,0.0307360386579,0.0240889810084,-0.351720205833,0.00314056510441,0.00576014653427,-0.381160320566,-0.0443667432328,-0.0057842475658,0.00781521747093,0.00119253814566,0,0.0130232086754,0.00781521747093,0,0.0851360760452,0.0852113183095,13,0.00734048560136,-0.0588887122978,0,0.0434782608696,-0.0434782608696,80,2,8,416,0.909090909091,0.995215311005,0.00478468899522,0.0909090909091,0.975609756098,0.909090909091,0.941176470588,0.93015460506,0.904306220096,0.888888888889,3,9,0,10,1,10
16,WLNM_dir_neg_kfold,0.703703703704,0.324074074074,00:00:02,10,90,2,13347,threshold_sweep,0.7,0.333333333333,0.111111111111,0.166666666667,1,2,8,16,0.111111111111,0.888888888889,0.111111111111,0.888888888889,0.333333333333,0.111111111111,0.166666666667,0.62962962963,0.62962962963,0,0,0,94,85,9,0,94,0,85,0,9,23,88,0.173913043478,1.68507579377,7.65217391304,7.33333333333,5.5,3.63829000359,0.475458352741,0.249505928854,5.32278271304,1.39118184545,0.672924901186,3.27042079462,0.854769071322,0.442687747036,0.749191304359,0.444603920564,2.5,1.68507579377,0.749191304359,2.5,0.259446613992,0.18878248974,46,0.025974025974,0.333144633145,23,23,23,1,0,0.478260869565,0.217391304348,0.304347826087,23,0.156126482213,1.68985691515,6.86956521739,6.58333333333,4.9375,3.30707709213,0.481409956449,0.260319207485,4.73695420897,1.37911325071,0.672537149147,2.92055547264,0.850288302161,0.453494771602,0.752495275795,0.445301178488,2.5,1.68985691515,0.752495275795,2.5,0.269840765295,0.200342465753,39,0.0220214568041,0.276593860685,23,23,23,1,0,0.478260869565,0.217391304348,0.304347826087,23,82,0.162055335968,1.69809900245,7.13043478261,6.83333333333,4.82352941176,3.6093860952,0.506194391399,0.273594909862,4.97106250721,1.39432241056,0.67868504772,2.88926047406,0.81040232809,0.43690349947,0.75700652183,0.44579645871,2.5,1.69809900245,0.75700652183,2.5,0.344582690037,0.27399380805,59,0.0333145115754,0.274255920847,23,23,23,1,0,0.478260869565,0.260869565217,0.260869565217,-6,-0.0118577075099,0.0130232086754,-0.521739130435,-0.5,-0.676470588235,-0.0289039083911,0.0307360386579,0.0240889810084,-0.351720205833,0.00314056510441,0.00576014653427,-0.381160320566,-0.0443667432328,-0.0057842475658,0.00781521747093,0.00119253814566,0,0.0130232086754,0.00781521747093,0,0.0851360760452,0.0852113183095,13,0.00734048560136,-0.0588887122978,0,0.0434782608696,-0.0434782608696,80,2,8,416,0.909090909091,0.995215311005,0.00478468899522,0.0909090909091,0.975609756098,0.909090909091,0.941176470588,0.93015460506,0.904306220096,0.888888888889,3,9,0,10,1,10
17,WLNM_dir_neg_kfold,0.703703703704,0.324074074074,00:00:02,10,90,2,13347,threshold_sweep,0.8,0.333333333333,0.111111111111,0.166666666667,1,2,8,16,0.111111111111,0.888888888889,0.111111111111,0.888888888889,0.333333333333,0.111111111111,0.166666666667,0.62962962963,0.62962962963,0,0,0,94,85,9,0,94,0,85,0,9,23,88,0.173913043478,1.68507579377,7.65217391304,7.33333333333,5.5,3.63829000359,0.475458352741,0.249505928854,5.32278271304,1.39118184545,0.672924901186,3.27042079462,0.854769071322,0.442687747036,0.749191304359,0.444603920564,2.5,1.68507579377,0.749191304359,2.5,0.259446613992,0.18878248974,46,0.025974025974,0.333144633145,23,23,23,1,0,0.478260869565,0.217391304348,0.304347826087,23,0.156126482213,1.68985691515,6.86956521739,6.58333333333,4.9375,3.30707709213,0.481409956449,0.260319207485,4.73695420897,1.37911325071,0.672537149147,2.92055547264,0.850288302161,0.453494771602,0.752495275795,0.445301178488,2.5,1.68985691515,0.752495275795,2.5,0.269840765295,0.200342465753,39,0.0220214568041,0.276593860685,23,23,23,1,0,0.478260869565,0.217391304348,0.304347826087,23,82,0.162055335968,1.69809900245,7.13043478261,6.83333333333,4.82352941176,3.6093860952,0.506194391399,0.273594909862,4.97106250721,1.39432241056,0.67868504772,2.88926047406,0.81040232809,0.43690349947,0.75700652183,0.44579645871,2.5,1.69809900245,0.75700652183,2.5,0.344582690037,0.27399380805,59,0.0333145115754,0.274255920847,23,23,23,1,0,0.478260869565,0.260869565217,0.260869565217,-6,-0.0118577075099,0.0130232086754,-0.521739130435,-0.5,-0.676470588235,-0.0289039083911,0.0307360386579,0.0240889810084,-0.351720205833,0.00314056510441,0.00576014653427,-0.381160320566,-0.0443667432328,-0.0057842475658,0.00781521747093,0.00119253814566,0,0.0130232086754,0.00781521747093,0,0.0851360760452,0.0852113183095,13,0.00734048560136,-0.0588887122978,0,0.0434782608696,-0.0434782608696,80,2,8,416,0.909090909091,0.995215311005,0.00478468899522,0.0909090909091,0.975609756098,0.909090909091,0.941176470588,0.93015460506,0.904306220096,0.888888888889,3,9,0,10,1,10
18,WLNM_dir_neg_kfold,0.703703703704,0.324074074074,00:00:02,10,90,2,13347,threshold_sweep,0.9,0.333333333333,0.111111111111,0.166666666667,1,2,8,16,0.111111111111,0.888888888889,0.111111111111,0.888888888889,0.333333333333,0.111111111111,0.166666666667,0.62962962963,0.62962962963,0,0,0,94,85,9,0,94,0,85,0,9,23,88,0.173913043478,1.68507579377,7.65217391304,7.33333333333,5.5,3.63829000359,0.475458352741,0.249505928854,5.32278271304,1.39118184545,0.672924901186,3.27042079462,0.854769071322,0.442687747036,0.749191304359,0.444603920564,2.5,1.68507579377,0.749191304359,2.5,0.259446613992,0.18878248974,46,0.025974025974,0.333144633145,23,23,23,1,0,0.478260869565,0.217391304348,0.304347826087,23,0.156126482213,1.68985691515,6.86956521739,6.58333333333,4.9375,3.30707709213,0.481409956449,0.260319207485,4.73695420897,1.37911325071,0.672537149147,2.92055547264,0.850288302161,0.453494771602,0.752495275795,0.445301178488,2.5,1.68985691515,0.752495275795,2.5,0.269840765295,0.200342465753,39,0.0220214568041,0.276593860685,23,23,23,1,0,0.478260869565,0.217391304348,0.304347826087,23,82,0.162055335968,1.69809900245,7.13043478261,6.83333333333,4.82352941176,3.6093860952,0.506194391399,0.273594909862,4.97106250721,1.39432241056,0.67868504772,2.88926047406,0.81040232809,0.43690349947,0.75700652183,0.44579645871,2.5,1.69809900245,0.75700652183,2.5,0.344582690037,0.27399380805,59,0.0333145115754,0.274255920847,23,23,23,1,0,0.478260869565,0.260869565217,0.260869565217,-6,-0.0118577075099,0.0130232086754,-0.521739130435,-0.5,-0.676470588235,-0.0289039083911,0.0307360386579,0.0240889810084,-0.351720205833,0.00314056510441,0.00576014653427,-0.381160320566,-0.0443667432328,-0.0057842475658,0.00781521747093,0.00119253814566,0,0.0130232086754,0.00781521747093,0,0.0851360760452,0.0852113183095,13,0.00734048560136,-0.0588887122978,0,0.0434782608696,-0.0434782608696,80,2,8,416,0.909090909091,0.995215311005,0.00478468899522,0.0909090909091,0.975609756098,0.909090909091,0.941176470588,0.93015460506,0.904306220096,0.888888888889,3,9,0,10,1,10
19,WLNM_dir_neg_kfold,0.950617283951,0.622222222222,00:00:02,10,90,3,13348,threshold_sweep,0.1,1,0.111111111111,0.2,1,0,8,18,0.111111111111,1,0,0.888888888889,1,0.111111111111,0.2,0.703703703704,0.654320987654,0.142857142857,0.277350098113,0.111111111111,94,85,9,0,94,0,85,0,9,23,88,0.173913043478,1.68507579377,7.65217391304,7.33333333333,5.5,3.63829000359,0.475458352741,0.249505928854,5.32278271304,1.39118184545,0.672924901186,3.27042079462,0.854769071322,0.442687747036,0.749191304359,0.444603920564,2.5,1.68507579377,0.749191304359,2.5,0.259446613992,0.18878248974,46,0.025974025974,0.333144633145,23,23,23,1,0,0.478260869565,0.217391304348,0.304347826087,23,0.156126482213,1.68985691515,6.86956521739,6.58333333333,4.9375,3.30707709213,0.481409956449,0.260319207485,4.73695420897,1.37911325071,0.672537149147,2.92055547264,0.850288302161,0.453494771602,0.752495275795,0.445301178488,2.5,1.68985691515,0.752495275795,2.5,0.269840765295,0.200342465753,39,0.0220214568041,0.276593860685,23,23,23,1,0,0.478260869565,0.217391304348,0.304347826087,23,80,0.158102766798,1.68907311397,6.95652173913,6.66666666667,5,3.39087359178,0.487438078818,0.263043478261,4.83236781052,1.38930574552,0.676086956522,2.96754513204,0.85316922546,0.45652173913,0.751891859637,0.445150570106,2.5,1.68907311397,0.751891859637,2.5,0.276817122272,0.208955223881,42,0.0237154150198,0.282560116651,23,23,23,1,0,0.478260869565,0.217391304348,0.304347826087,-8,-0.0158102766798,0.00399732020285,-0.695652173913,-0.666666666667,-0.5,-0.247416411809,0.0119797260766,0.0135375494071,-0.490414902526,-0.00187609993079,0.00316205533597,-0.302875662588,-0.00159984586192,0.0138339920949,0.00270055527815,0.000546649542032,0,0.00399732020285,0.00270055527815,0,0.0173705082796,0.0201727341405,-4,-0.00225861095426,-0.0505845164936,0,0,0,80,0,8,418,0.909090909091,1,0,0.0909090909091,1,0.909090909091,0.952380952381,0.944467458064,0.909090909091,0.909090909091,1,9,0,10,1,10
20,WLNM_dir_neg_kfold,0.950617283951,0.622222222222,00:00:02,10,90,3,13348,threshold_sweep,0.2,1,0.111111111111,0.2,1,0,8,18,0.111111111111,1,0,0.888888888889,1,0.111111111111,0.2,0.703703703704,0.654320987654,0.142857142857,0.277350098113,0.111111111111,94,85,9,0,94,0,85,0,9,23,88,0.173913043478,1.68507579377,7.65217391304,7.33333333333,5.5,3.63829000359,0.475458352741,0.249505928854,5.32278271304,1.39118184545,0.672924901186,3.27042079462,0.854769071322,0.442687747036,0.749191304359,0.444603920564,2.5,1.68507579377,0.749191304359,2.5,0.259446613992,0.18878248974,46,0.025974025974,0.333144633145,23,23,23,1,0,0.478260869565,0.217391304348,0.304347826087,23,0.156126482213,1.68985691515,6.86956521739,6.58333333333,4.9375,3.30707709213,0.481409956449,0.260319207485,4.73695420897,1.37911325071,0.672537149147,2.92055547264,0.850288302161,0.453494771602,0.752495275795,0.445301178488,2.5,1.68985691515,0.752495275795,2.5,0.269840765295,0.200342465753,39,0.0220214568041,0.276593860685,23,23,23,1,0,0.478260869565,0.217391304348,0.304347826087,23,80,0.158102766798,1.68907311397,6.95652173913,6.66666666667,5,3.39087359178,0.487438078818,0.263043478261,4.83236781052,1.38930574552,0.676086956522,2.96754513204,0.85316922546,0.45652173913,0.751891859637,0.445150570106,2.5,1.68907311397,0.751891859637,2.5,0.276817122272,0.208955223881,42,0.0237154150198,0.282560116651,23,23,23,1,0,0.478260869565,0.217391304348,0.304347826087,-8,-0.0158102766798,0.00399732020285,-0.695652173913,-0.666666666667,-0.5,-0.247416411809,0.0119797260766,0.0135375494071,-0.490414902526,-0.00187609993079,0.00316205533597,-0.302875662588,-0.00159984586192,0.0138339920949,0.00270055527815,0.000546649542032,0,0.00399732020285,0.00270055527815,0,0.0173705082796,0.0201727341405,-4,-0.00225861095426,-0.0505845164936,0,0,0,80,0,8,418,0.909090909091,1,0,0.0909090909091,1,0.909090909091,0.952380952381,0.944467458064,0.909090909091,0.909090909091,1,9,0,10,1,10
21,WLNM_dir_neg_kfold,0.950617283951,0.622222222222,00:00:02,10,90,3,13348,threshold_sweep,0.3,1,0.111111111111,0.2,1,0,8,18,0.111111111111,1,0,0.888888888889,1,0.111111111111,0.2,0.703703703704,0.654320987654,0.142857142857,0.277350098113,0.111111111111,94,85,9,0,94,0,85,0,9,23,88,0.173913043478,1.68507579377,7.65217391304,7.33333333333,5.5,3.63829000359,0.475458352741,0.249505928854,5.32278271304,1.39118184545,0.672924901186,3.27042079462,0.854769071322,0.442687747036,0.749191304359,0.444603920564,2.5,1.68507579377,0.749191304359,2.5,0.259446613992,0.18878248974,46,0.025974025974,0.333144633145,23,23,23,1,0,0.478260869565,0.217391304348,0.304347826087,23,0.156126482213,1.68985691515,6.86956521739,6.58333333333,4.9375,3.30707709213,0.481409956449,0.260319207485,4.73695420897,1.37911325071,0.672537149147,2.92055547264,0.850288302161,0.453494771602,0.752495275795,0.445301178488,2.5,1.68985691515,0.752495275795,2.5,0.269840765295,0.200342465753,39,0.0220214568041,0.276593860685,23,23,23,1,0,0.478260869565,0.217391304348,0.304347826087,23,80,0.158102766798,1.68907311397,6.95652173913,6.66666666667,5,3.39087359178,0.487438078818,0.263043478261,4.83236781052,1.38930574552,0.676086956522,2.96754513204,0.85316922546,0.45652173913,0.751891859637,0.445150570106,2.5,1.68907311397,0.751891859637,2.5,0.276817122272,0.208955223881,42,0.0237154150198,0.282560116651,23,23,23,1,0,0.478260869565,0.217391304348,0.304347826087,-8,-0.0158102766798,0.00399732020285,-0.695652173913,-0.666666666667,-0.5,-0.247416411809,0.0119797260766,0.0135375494071,-0.490414902526,-0.00187609993079,0.00316205533597,-0.302875662588,-0.00159984586192,0.0138339920949,0.00270055527815,0.000546649542032,0,0.00399732020285,0.00270055527815,0,0.0173705082796,0.0201727341405,-4,-0.00225861095426,-0.0505845164936,0,0,0,80,0,8,418,0.909090909091,1,0,0.0909090909091,1,0.909090909091,0.952380952381,0.944467458064,0.909090909091,0.909090909091,1,9,0,10,1,10
22,WLNM_dir_neg_kfold,0.950617283951,0.622222222222,00:00:02,10,90,3,13348,threshold_sweep,0.4,1,0.111111111111,0.2,1,0,8,18,0.111111111111,1,0,0.888888888889,1,0.111111111111,0.2,0.703703703704,0.654320987654,0.142857142857,0.277350098113,0.111111111111,94,85,9,0,94,0,85,0,9,23,88,0.173913043478,1.68507579377,7.65217391304,7.33333333333,5.5,3.63829000359,0.475458352741,0.249505928854,5.32278271304,1.39118184545,0.672924901186,3.27042079462,0.854769071322,0.442687747036,0.749191304359,0.444603920564,2.5,1.68507579377,0.749191304359,2.5,0.259446613992,0.18878248974,46,0.025974025974,0.333144633145,23,23,23,1,0,0.478260869565,0.217391304348,0.304347826087,23,0.156126482213,1.68985691515,6.86956521739,6.58333333333,4.9375,3.30707709213,0.481409956449,0.260319207485,4.73695420897,1.37911325071,0.672537149147,2.92055547264,0.850288302161,0.453494771602,0.752495275795,0.445301178488,2.5,1.68985691515,0.752495275795,2.5,0.269840765295,0.200342465753,39,0.0220214568041,0.276593860685,23,23,23,1,0,0.478260869565,0.217391304348,0.304347826087,23,80,0.158102766798,1.68907311397,6.95652173913,6.66666666667,5,3.39087359178,0.487438078818,0.263043478261,4.83236781052,1.38930574552,0.676086956522,2.96754513204,0.85316922546,0.45652173913,0.751891859637,0.445150570106,2.5,1.68907311397,0.751891859637,2.5,0.276817122272,0.208955223881,42,0.0237154150198,0.282560116651,23,23,23,1,0,0.478260869565,0.217391304348,0.304347826087,-8,-0.0158102766798,0.00399732020285,-0.695652173913,-0.666666666667,-0.5,-0.247416411809,0.0119797260766,0.0135375494071,-0.490414902526,-0.00187609993079,0.00316205533597,-0.302875662588,-0.00159984586192,0.0138339920949,0.00270055527815,0.000546649542032,0,0.00399732020285,0.00270055527815,0,0.0173705082796,0.0201727341405,-4,-0.00225861095426,-0.0505845164936,0,0,0,80,0,8,418,0.909090909091,1,0,0.0909090909091,1,0.909090909091,0.952380952381,0.944467458064,0.909090909091,0.909090909091,1,9,0,10,1,10
23,WLNM_dir_neg_kfold,0.950617283951,0.622222222222,00:00:02,10,90,3,13348,threshold_sweep,0.5,1,0.111111111111,0.2,1,0,8,18,0.111111111111,1,0,0.888888888889,1,0.111111111111,0.2,0.703703703704,0.654320987654,0.142857142857,0.277350098113,0.111111111111,94,85,9,0,94,0,85,0,9,23,88,0.173913043478,1.68507579377,7.65217391304,7.33333333333,5.5,3.63829000359,0.475458352741,0.249505928854,5.32278271304,1.39118184545,0.672924901186,3.27042079462,0.854769071322,0.442687747036,0.749191304359,0.444603920564,2.5,1.68507579377,0.749191304359,2.5,0.259446613992,0.18878248974,46,0.025974025974,0.333144633145,23,23,23,1,0,0.478260869565,0.217391304348,0.304347826087,23,0.156126482213,1.68985691515,6.86956521739,6.58333333333,4.9375,3.30707709213,0.481409956449,0.260319207485,4.73695420897,1.37911325071,0.672537149147,2.92055547264,0.850288302161,0.453494771602,0.752495275795,0.445301178488,2.5,1.68985691515,0.752495275795,2.5,0.269840765295,0.200342465753,39,0.0220214568041,0.276593860685,23,23,23,1,0,0.478260869565,0.217391304348,0.304347826087,23,80,0.158102766798,1.68907311397,6.95652173913,6.66666666667,5,3.39087359178,0.487438078818,0.263043478261,4.83236781052,1.38930574552,0.676086956522,2.96754513204,0.85316922546,0.45652173913,0.751891859637,0.445150570106,2.5,1.68907311397,0.751891859637,2.5,0.276817122272,0.208955223881,42,0.0237154150198,0.282560116651,23,23,23,1,0,0.478260869565,0.217391304348,0.304347826087,-8,-0.0158102766798,0.00399732020285,-0.695652173913,-0.666666666667,-0.5,-0.247416411809,0.0119797260766,0.0135375494071,-0.490414902526,-0.00187609993079,0.00316205533597,-0.302875662588,-0.00159984586192,0.0138339920949,0.00270055527815,0.000546649542032,0,0.00399732020285,0.00270055527815,0,0.0173705082796,0.0201727341405,-4,-0.00225861095426,-0.0505845164936,0,0,0,80,0,8,418,0.909090909091,1,0,0.0909090909091,1,0.909090909091,0.952380952381,0.944467458064,0.909090909091,0.909090909091,1,9,0,10,1,10
24,WLNM_dir_neg_kfold,0.950617283951,0.622222222222,00:00:02,10,90,3,13348,threshold_sweep,0.6,1,0.111111111111,0.2,1,0,8,18,0.111111111111,1,0,0.888888888889,1,0.111111111111,0.2,0.703703703704,0.654320987654,0.142857142857,0.277350098113,0.111111111111,94,85,9,0,94,0,85,0,9,23,88,0.173913043478,1.68507579377,7.65217391304,7.33333333333,5.5,3.63829000359,0.475458352741,0.249505928854,5.32278271304,1.39118184545,0.672924901186,3.27042079462,0.854769071322,0.442687747036,0.749191304359,0.444603920564,2.5,1.68507579377,0.749191304359,2.5,0.259446613992,0.18878248974,46,0.025974025974,0.333144633145,23,23,23,1,0,0.478260869565,0.217391304348,0.304347826087,23,0.156126482213,1.68985691515,6.86956521739,6.58333333333,4.9375,3.30707709213,0.481409956449,0.260319207485,4.73695420897,1.37911325071,0.672537149147,2.92055547264,0.850288302161,0.453494771602,0.752495275795,0.445301178488,2.5,1.68985691515,0.752495275795,2.5,0.269840765295,0.200342465753,39,0.0220214568041,0.276593860685,23,23,23,1,0,0.478260869565,0.217391304348,0.304347826087,23,80,0.158102766798,1.68907311397,6.95652173913,6.66666666667,5,3.39087359178,0.487438078818,0.263043478261,4.83236781052,1.38930574552,0.676086956522,2.96754513204,0.85316922546,0.45652173913,0.751891859637,0.445150570106,2.5,1.68907311397,0.751891859637,2.5,0.276817122272,0.208955223881,42,0.0237154150198,0.282560116651,23,23,23,1,0,0.478260869565,0.217391304348,0.304347826087,-8,-0.0158102766798,0.00399732020285,-0.695652173913,-0.666666666667,-0.5,-0.247416411809,0.0119797260766,0.0135375494071,-0.490414902526,-0.00187609993079,0.00316205533597,-0.302875662588,-0.00159984586192,0.0138339920949,0.00270055527815,0.000546649542032,0,0.00399732020285,0.00270055527815,0,0.0173705082796,0.0201727341405,-4,-0.00225861095426,-0.0505845164936,0,0,0,80,0,8,418,0.909090909091,1,0,0.0909090909091,1,0.909090909091,0.952380952381,0.944467458064,0.909090909091,0.909090909091,1,9,0,10,1,10
25,WLNM_dir_neg_kfold,0.950617283951,0.622222222222,00:00:02,10,90,3,13348,threshold_sweep,0.7,1,0.111111111111,0.2,1,0,8,18,0.111111111111,1,0,0.888888888889,1,0.111111111111,0.2,0.703703703704,0.654320987654,0.142857142857,0.277350098113,0.111111111111,94,85,9,0,94,0,85,0,9,23,88,0.173913043478,1.68507579377,7.65217391304,7.33333333333,5.5,3.63829000359,0.475458352741,0.249505928854,5.32278271304,1.39118184545,0.672924901186,3.27042079462,0.854769071322,0.442687747036,0.749191304359,0.444603920564,2.5,1.68507579377,0.749191304359,2.5,0.259446613992,0.18878248974,46,0.025974025974,0.333144633145,23,23,23,1,0,0.478260869565,0.217391304348,0.304347826087,23,0.156126482213,1.68985691515,6.86956521739,6.58333333333,4.9375,3.30707709213,0.481409956449,0.260319207485,4.73695420897,1.37911325071,0.672537149147,2.92055547264,0.850288302161,0.453494771602,0.752495275795,0.445301178488,2.5,1.68985691515,0.752495275795,2.5,0.269840765295,0.200342465753,39,0.0220214568041,0.276593860685,23,23,23,1,0,0.478260869565,0.217391304348,0.304347826087,23,80,0.158102766798,1.68907311397,6.95652173913,6.66666666667,5,3.39087359178,0.487438078818,0.263043478261,4.83236781052,1.38930574552,0.676086956522,2.96754513204,0.85316922546,0.45652173913,0.751891859637,0.445150570106,2.5,1.68907311397,0.751891859637,2.5,0.276817122272,0.208955223881,42,0.0237154150198,0.282560116651,23,23,23,1,0,0.478260869565,0.217391304348,0.304347826087,-8,-0.0158102766798,0.00399732020285,-0.695652173913,-0.666666666667,-0.5,-0.247416411809,0.0119797260766,0.0135375494071,-0.490414902526,-0.00187609993079,0.00316205533597,-0.302875662588,-0.00159984586192,0.0138339920949,0.00270055527815,0.000546649542032,0,0.00399732020285,0.00270055527815,0,0.0173705082796,0.0201727341405,-4,-0.00225861095426,-0.0505845164936,0,0,0,80,0,8,418,0.909090909091,1,0,0.0909090909091,1,0.909090909091,0.952380952381,0.944467458064,0.909090909091,0.909090909091,1,9,0,10,1,10
26,WLNM_dir_neg_kfold,0.950617283951,0.622222222222,00:00:02,10,90,3,13348,threshold_sweep,0.8,1,0.111111111111,0.2,1,0,8,18,0.111111111111,1,0,0.888888888889,1,0.111111111111,0.2,0.703703703704,0.654320987654,0.142857142857,0.277350098113,0.111111111111,94,85,9,0,94,0,85,0,9,23,88,0.173913043478,1.68507579377,7.65217391304,7.33333333333,5.5,3.63829000359,0.475458352741,0.249505928854,5.32278271304,1.39118184545,0.672924901186,3.27042079462,0.854769071322,0.442687747036,0.749191304359,0.444603920564,2.5,1.68507579377,0.749191304359,2.5,0.259446613992,0.18878248974,46,0.025974025974,0.333144633145,23,23,23,1,0,0.478260869565,0.217391304348,0.304347826087,23,0.156126482213,1.68985691515,6.86956521739,6.58333333333,4.9375,3.30707709213,0.481409956449,0.260319207485,4.73695420897,1.37911325071,0.672537149147,2.92055547264,0.850288302161,0.453494771602,0.752495275795,0.445301178488,2.5,1.68985691515,0.752495275795,2.5,0.269840765295,0.200342465753,39,0.0220214568041,0.276593860685,23,23,23,1,0,0.478260869565,0.217391304348,0.304347826087,23,80,0.158102766798,1.68907311397,6.95652173913,6.66666666667,5,3.39087359178,0.487438078818,0.263043478261,4.83236781052,1.38930574552,0.676086956522,2.96754513204,0.85316922546,0.45652173913,0.751891859637,0.445150570106,2.5,1.68907311397,0.751891859637,2.5,0.276817122272,0.208955223881,42,0.0237154150198,0.282560116651,23,23,23,1,0,0.478260869565,0.217391304348,0.304347826087,-8,-0.0158102766798,0.00399732020285,-0.695652173913,-0.666666666667,-0.5,-0.247416411809,0.0119797260766,0.0135375494071,-0.490414902526,-0.00187609993079,0.00316205533597,-0.302875662588,-0.00159984586192,0.0138339920949,0.00270055527815,0.000546649542032,0,0.00399732020285,0.00270055527815,0,0.0173705082796,0.0201727341405,-4,-0.00225861095426,-0.0505845164936,0,0,0,80,0,8,418,0.909090909091,1,0,0.0909090909091,1,0.909090909091,0.952380952381,0.944467458064,0.909090909091,0.909090909091,1,9,0,10,1,10
27,WLNM_dir_neg_kfold,0.950617283951,0.622222222222,00:00:02,10,90,3,13348,threshold_sweep,0.9,1,0.111111111111,0.2,1,0,8,18,0.111111111111,1,0,0.888888888889,1,0.111111111111,0.2,0.703703703704,0.654320987654,0.142857142857,0.277350098113,0.111111111111,94,85,9,0,94,0,85,0,9,23,88,0.173913043478,1.68507579377,7.65217391304,7.33333333333,5.5,3.63829000359,0.475458352741,0.249505928854,5.32278271304,1.39118184545,0.672924901186,3.27042079462,0.854769071322,0.442687747036,0.749191304359,0.444603920564,2.5,1.68507579377,0.749191304359,2.5,0.259446613992,0.18878248974,46,0.025974025974,0.333144633145,23,23,23,1,0,0.478260869565,0.217391304348,0.304347826087,23,0.156126482213,1.68985691515,6.86956521739,6.58333333333,4.9375,3.30707709213,0.481409956449,0.260319207485,4.73695420897,1.37911325071,0.672537149147,2.92055547264,0.850288302161,0.453494771602,0.752495275795,0.445301178488,2.5,1.68985691515,0.752495275795,2.5,0.269840765295,0.200342465753,39,0.0220214568041,0.276593860685,23,23,23,1,0,0.478260869565,0.217391304348,0.304347826087,23,80,0.158102766798,1.68907311397,6.95652173913,6.66666666667,5,3.39087359178,0.487438078818,0.263043478261,4.83236781052,1.38930574552,0.676086956522,2.96754513204,0.85316922546,0.45652173913,0.751891859637,0.445150570106,2.5,1.68907311397,0.751891859637,2.5,0.276817122272,0.208955223881,42,0.0237154150198,0.282560116651,23,23,23,1,0,0.478260869565,0.217391304348,0.304347826087,-8,-0.0158102766798,0.00399732020285,-0.695652173913,-0.666666666667,-0.5,-0.247416411809,0.0119797260766,0.0135375494071,-0.490414902526,-0.00187609993079,0.00316205533597,-0.302875662588,-0.00159984586192,0.0138339920949,0.00270055527815,0.000546649542032,0,0.00399732020285,0.00270055527815,0,0.0173705082796,0.0201727341405,-4,-0.00225861095426,-0.0505845164936,0,0,0,80,0,8,418,0.909090909091,1,0,0.0909090909091,1,0.909090909091,0.952380952381,0.944467458064,0.909090909091,0.909090909091,1,9,0,10,1,10
28,WLNM_dir_neg_kfold,0.728395061728,0.338888888889,00:00:02,10,90,4,13349,threshold_sweep,0.1,0.5,0.111111111111,0.181818181818,1,1,8,17,0.111111111111,0.944444444444,0.0555555555556,0.888888888889,0.5,0.111111111111,0.181818181818,0.666666666667,0.641975308642,0.0689655172414,0.1,0.0555555555556,94,85,9,0,94,0,85,0,9,23,88,0.173913043478,1.68507579377,7.65217391304,7.33333333333,5.5,3.63829000359,0.475458352741,0.249505928854,5.32278271304,1.39118184545,0.672924901186,3.27042079462,0.854769071322,0.442687747036,0.749191304359,0.444603920564,2.5,1.68507579377,0.749191304359,2.5,0.259446613992,0.18878248974,46,0.025974025974,0.333144633145,23,23,23,1,0,0.478260869565,0.217391304348,0.304347826087,23,0.156126482213,1.68985691515,6.86956521739,6.58333333333,4.9375,3.30707709213,0.481409956449,0.260319207485,4.73695420897,1.37911325071,0.672537149147,2.92055547264,0.850288302161,0.453494771602,0.752495275795,0.445301178488,2.5,1.68985691515,0.752495275795,2.5,0.269840765295,0.200342465753,39,0.0220214568041,0.276593860685,23,23,23,1,0,0.478260869565,0.217391304348,0.304347826087,23,81,0.160079051383,1.87041521834,7.04347826087,6.23076923077,5.0625,3.47037148744,0.492707063032,0.266774020397,4.80406613021,1.36411754315,0.666666666667,2.93675091366,0.833892234742,0.447665056361,0.8574612301,0.458433625696,2.5,1.87041521834,0.8574612301,2.5,0.276817122272,0.208955223881,42,0.0237154150198,0.24000508039,23,23,23,1,0,0.434782608696,0.260869565217,0.304347826087,-7,-0.0138339920949,0.18533942457,-0.608695652174,-1.10256410256,-0.4375,-0.167918516142,0.0172487102909,0.0172680915435,-0.518716582837,-0.0270643023095,-0.0062582345191,-0.33366988097,-0.0208768365808,0.00497730932514,0.108269925742,0.0138297051313,0,0.18533942457,0.108269925742,0,0.0173705082796,0.0201727341405,-4,-0.00225861095426,-0.0931395527549,-0.0434782608696,0.0434782608696,0,80,1,8,417,0.909090909091,0.997607655502,0.00239234449761,0.0909090909091,0.987654320988,0.909090909091,0.94674556213,0.937249960286,0.906698564593,0.898876404494,2,9,0,10,1,10
29,WLNM_dir_neg_kfold,0.728395061728,0.338888888889,00:00:02,10,90,4,13349,threshold_sweep,0.2,0.5,0.111111111111,0.181818181818,1,1,8,17,0.111111111111,0.944444444444,0.0555555555556,0.888888888889,0.5,0.111111111111,0.181818181818,0.666666666667,0.641975308642,0.0689655172414,0.1,0.0555555555556,94,85,9,0,94,0,85,0,9,23,88,0.173913043478,1.68507579377,7.65217391304,7.33333333333,5.5,3.63829000359,0.475458352741,0.249505928854,5.32278271304,1.39118184545,0.672924901186,3.27042079462,0.854769071322,0.442687747036,0.749191304359,0.444603920564,2.5,1.68507579377,0.749191304359,2.5,0.259446613992,0.18878248974,46,0.025974025974,0.333144633145,23,23,23,1,0,0.478260869565,0.217391304348,0.304347826087,23,0.156126482213,1.68985691515,6.86956521739,6.58333333333,4.9375,3.30707709213,0.481409956449,0.260319207485,4.73695420897,1.37911325071,0.672537149147,2.92055547264,0.850288302161,0.453494771602,0.752495275795,0.445301178488,2.5,1.68985691515,0.752495275795,2.5,0.269840765295,0.200342465753,39,0.0220214568041,0.276593860685,23,23,23,1,0,0.478260869565,0.217391304348,0.304347826087,23,81,0.160079051383,1.87041521834,7.04347826087,6.23076923077,5.0625,3.47037148744,0.492707063032,0.266774020397,4.80406613021,1.36411754315,0.666666666667,2.93675091366,0.833892234742,0.447665056361,0.8574612301,0.458433625696,2.5,1.87041521834,0.8574612301,2.5,0.276817122272,0.208955223881,42,0.0237154150198,0.24000508039,23,23,23,1,0,0.434782608696,0.260869565217,0.304347826087,-7,-0.0138339920949,0.18533942457,-0.608695652174,-1.10256410256,-0.4375,-0.167918516142,0.0172487102909,0.0172680915435,-0.518716582837,-0.0270643023095,-0.0062582345191,-0.33366988097,-0.0208768365808,0.00497730932514,0.108269925742,0.0138297051313,0,0.18533942457,0.108269925742,0,0.0173705082796,0.0201727341405,-4,-0.00225861095426,-0.0931395527549,-0.0434782608696,0.0434782608696,0,80,1,8,417,0.909090909091,0.997607655502,0.00239234449761,0.0909090909091,0.987654320988,0.909090909091,0.94674556213,0.937249960286,0.906698564593,0.898876404494,2,9,0,10,1,10
30,WLNM_dir_neg_kfold,0.728395061728,0.338888888889,00:00:02,10,90,4,13349,threshold_sweep,0.3,0.5,0.111111111111,0.181818181818,1,1,8,17,0.111111111111,0.944444444444,0.0555555555556,0.888888888889,0.5,0.111111111111,0.181818181818,0.666666666667,0.641975308642,0.0689655172414,0.1,0.0555555555556,94,85,9,0,94,0,85,0,9,23,88,0.173913043478,1.68507579377,7.65217391304,7.33333333333,5.5,3.63829000359,0.475458352741,0.249505928854,5.32278271304,1.39118184545,0.672924901186,3.27042079462,0.854769071322,0.442687747036,0.749191304359,0.444603920564,2.5,1.68507579377,0.749191304359,2.5,0.259446613992,0.18878248974,46,0.025974025974,0.333144633145,23,23,23,1,0,0.478260869565,0.217391304348,0.304347826087,23,0.156126482213,1.68985691515,6.86956521739,6.58333333333,4.9375,3.30707709213,0.481409956449,0.260319207485,4.73695420897,1.37911325071,0.672537149147,2.92055547264,0.850288302161,0.453494771602,0.752495275795,0.445301178488,2.5,1.68985691515,0.752495275795,2.5,0.269840765295,0.200342465753,39,0.0220214568041,0.276593860685,23,23,23,1,0,0.478260869565,0.217391304348,0.304347826087,23,81,0.160079051383,1.87041521834,7.04347826087,6.23076923077,5.0625,3.47037148744,0.492707063032,0.266774020397,4.80406613021,1.36411754315,0.666666666667,2.93675091366,0.833892234742,0.447665056361,0.8574612301,0.458433625696,2.5,1.87041521834,0.8574612301,2.5,0.276817122272,0.208955223881,42,0.0237154150198,0.24000508039,23,23,23,1,0,0.434782608696,0.260869565217,0.304347826087,-7,-0.0138339920949,0.18533942457,-0.608695652174,-1.10256410256,-0.4375,-0.167918516142,0.0172487102909,0.0172680915435,-0.518716582837,-0.0270643023095,-0.0062582345191,-0.33366988097,-0.0208768365808,0.00497730932514,0.108269925742,0.0138297051313,0,0.18533942457,0.108269925742,0,0.0173705082796,0.0201727341405,-4,-0.00225861095426,-0.0931395527549,-0.0434782608696,0.0434782608696,0,80,1,8,417,0.909090909091,0.997607655502,0.00239234449761,0.0909090909091,0.987654320988,0.909090909091,0.94674556213,0.937249960286,0.906698564593,0.898876404494,2,9,0,10,1,10
31,WLNM_dir_neg_kfold,0.728395061728,0.338888888889,00:00:02,10,90,4,13349,threshold_sweep,0.4,0.5,0.111111111111,0.181818181818,1,1,8,17,0.111111111111,0.944444444444,0.0555555555556,0.888888888889,0.5,0.111111111111,0.181818181818,0.666666666667,0.641975308642,0.0689655172414,0.1,0.0555555555556,94,85,9,0,94,0,85,0,9,23,88,0.173913043478,1.68507579377,7.65217391304,7.33333333333,5.5,3.63829000359,0.475458352741,0.249505928854,5.32278271304,1.39118184545,0.672924901186,3.27042079462,0.854769071322,0.442687747036,0.749191304359,0.444603920564,2.5,1.68507579377,0.749191304359,2.5,0.259446613992,0.18878248974,46,0.025974025974,0.333144633145,23,23,23,1,0,0.478260869565,0.217391304348,0.304347826087,23,0.156126482213,1.68985691515,6.86956521739,6.58333333333,4.9375,3.30707709213,0.481409956449,0.260319207485,4.73695420897,1.37911325071,0.672537149147,2.92055547264,0.850288302161,0.453494771602,0.752495275795,0.445301178488,2.5,1.68985691515,0.752495275795,2.5,0.269840765295,0.200342465753,39,0.0220214568041,0.276593860685,23,23,23,1,0,0.478260869565,0.217391304348,0.304347826087,23,81,0.160079051383,1.87041521834,7.04347826087,6.23076923077,5.0625,3.47037148744,0.492707063032,0.266774020397,4.80406613021,1.36411754315,0.666666666667,2.93675091366,0.833892234742,0.447665056361,0.8574612301,0.458433625696,2.5,1.87041521834,0.8574612301,2.5,0.276817122272,0.208955223881,42,0.0237154150198,0.24000508039,23,23,23,1,0,0.434782608696,0.260869565217,0.304347826087,-7,-0.0138339920949,0.18533942457,-0.608695652174,-1.10256410256,-0.4375,-0.167918516142,0.0172487102909,0.0172680915435,-0.518716582837,-0.0270643023095,-0.0062582345191,-0.33366988097,-0.0208768365808,0.00497730932514,0.108269925742,0.0138297051313,0,0.18533942457,0.108269925742,0,0.0173705082796,0.0201727341405,-4,-0.00225861095426,-0.0931395527549,-0.0434782608696,0.0434782608696,0,80,1,8,417,0.909090909091,0.997607655502,0.00239234449761,0.0909090909091,0.987654320988,0.909090909091,0.94674556213,0.937249960286,0.906698564593,0.898876404494,2,9,0,10,1,10
32,WLNM_dir_neg_kfold,0.728395061728,0.338888888889,00:00:02,10,90,4,13349,threshold_sweep,0.5,0.5,0.111111111111,0.181818181818,1,1,8,17,0.111111111111,0.944444444444,0.0555555555556,0.888888888889,0.5,0.111111111111,0.181818181818,0.666666666667,0.641975308642,0.0689655172414,0.1,0.0555555555556,94,85,9,0,94,0,85,0,9,23,88,0.173913043478,1.68507579377,7.65217391304,7.33333333333,5.5,3.63829000359,0.475458352741,0.249505928854,5.32278271304,1.39118184545,0.672924901186,3.27042079462,0.854769071322,0.442687747036,0.749191304359,0.444603920564,2.5,1.68507579377,0.749191304359,2.5,0.259446613992,0.18878248974,46,0.025974025974,0.333144633145,23,23,23,1,0,0.478260869565,0.217391304348,0.304347826087,23,0.156126482213,1.68985691515,6.86956521739,6.58333333333,4.9375,3.30707709213,0.481409956449,0.260319207485,4.73695420897,1.37911325071,0.672537149147,2.92055547264,0.850288302161,0.453494771602,0.752495275795,0.445301178488,2.5,1.68985691515,0.752495275795,2.5,0.269840765295,0.200342465753,39,0.0220214568041,0.276593860685,23,23,23,1,0,0.478260869565,0.217391304348,0.304347826087,23,81,0.160079051383,1.87041521834,7.04347826087,6.23076923077,5.0625,3.47037148744,0.492707063032,0.266774020397,4.80406613021,1.36411754315,0.666666666667,2.93675091366,0.833892234742,0.447665056361,0.8574612301,0.458433625696,2.5,1.87041521834,0.8574612301,2.5,0.276817122272,0.208955223881,42,0.0237154150198,0.24000508039,23,23,23,1,0,0.434782608696,0.260869565217,0.304347826087,-7,-0.0138339920949,0.18533942457,-0.608695652174,-1.10256410256,-0.4375,-0.167918516142,0.0172487102909,0.0172680915435,-0.518716582837,-0.0270643023095,-0.0062582345191,-0.33366988097,-0.0208768365808,0.00497730932514,0.108269925742,0.0138297051313,0,0.18533942457,0.108269925742,0,0.0173705082796,0.0201727341405,-4,-0.00225861095426,-0.0931395527549,-0.0434782608696,0.0434782608696,0,80,1,8,417,0.909090909091,0.997607655502,0.00239234449761,0.0909090909091,0.987654320988,0.909090909091,0.94674556213,0.937249960286,0.906698564593,0.898876404494,2,9,0,10,1,10
33,WLNM_dir_neg_kfold,0.728395061728,0.338888888889,00:00:02,10,90,4,13349,threshold_sweep,0.6,1,0.111111111111,0.2,1,0,8,18,0.111111111111,1,0,0.888888888889,1,0.111111111111,0.2,0.703703703704,0.654320987654,0.142857142857,0.277350098113,0.111111111111,94,85,9,0,94,0,85,0,9,23,88,0.173913043478,1.68507579377,7.65217391304,7.33333333333,5.5,3.63829000359,0.475458352741,0.249505928854,5.32278271304,1.39118184545,0.672924901186,3.27042079462,0.854769071322,0.442687747036,0.749191304359,0.444603920564,2.5,1.68507579377,0.749191304359,2.5,0.259446613992,0.18878248974,46,0.025974025974,0.333144633145,23,23,23,1,0,0.478260869565,0.217391304348,0.304347826087,23,0.156126482213,1.68985691515,6.86956521739,6.58333333333,4.9375,3.30707709213,0.481409956449,0.260319207485,4.73695420897,1.37911325071,0.672537149147,2.92055547264,0.850288302161,0.453494771602,0.752495275795,0.445301178488,2.5,1.68985691515,0.752495275795,2.5,0.269840765295,0.200342465753,39,0.0220214568041,0.276593860685,23,23,23,1,0,0.478260869565,0.217391304348,0.304347826087,23,80,0.158102766798,1.68907311397,6.95652173913,6.66666666667,5,3.39087359178,0.487438078818,0.263043478261,4.83236781052,1.38930574552,0.676086956522,2.96754513204,0.85316922546,0.45652173913,0.751891859637,0.445150570106,2.5,1.68907311397,0.751891859637,2.5,0.276817122272,0.208955223881,42,0.0237154150198,0.282560116651,23,23,23,1,0,0.478260869565,0.217391304348,0.304347826087,-8,-0.0158102766798,0.00399732020285,-0.695652173913,-0.666666666667,-0.5,-0.247416411809,0.0119797260766,0.0135375494071,-0.490414902526,-0.00187609993079,0.00316205533597,-0.302875662588,-0.00159984586192,0.0138339920949,0.00270055527815,0.000546649542032,0,0.00399732020285,0.00270055527815,0,0.0173705082796,0.0201727341405,-4,-0.00225861095426,-0.0505845164936,0,0,0,80,0,8,418,0.909090909091,1,0,0.0909090909091,1,0.909090909091,0.952380952381,0.944467458064,0.909090909091,0.909090909091,1,9,0,10,1,10
34,WLNM_dir_neg_kfold,0.728395061728,0.338888888889,00:00:02,10,90,4,13349,threshold_sweep,0.7,1,0.111111111111,0.2,1,0,8,18,0.111111111111,1,0,0.888888888889,1,0.111111111111,0.2,0.703703703704,0.654320987654,0.142857142857,0.277350098113,0.111111111111,94,85,9,0,94,0,85,0,9,23,88,0.173913043478,1.68507579377,7.65217391304,7.33333333333,5.5,3.63829000359,0.475458352741,0.249505928854,5.32278271304,1.39118184545,0.672924901186,3.27042079462,0.854769071322,0.442687747036,0.749191304359,0.444603920564,2.5,1.68507579377,0.749191304359,2.5,0.259446613992,0.18878248974,46,0.025974025974,0.333144633145,23,23,23,1,0,0.478260869565,0.217391304348,0.304347826087,23,0.156126482213,1.68985691515,6.86956521739,6.58333333333,4.9375,3.30707709213,0.481409956449,0.260319207485,4.73695420897,1.37911325071,0.672537149147,2.92055547264,0.850288302161,0.453494771602,0.752495275795,0.445301178488,2.5,1.68985691515,0.752495275795,2.5,0.269840765295,0.200342465753,39,0.0220214568041,0.276593860685,23,23,23,1,0,0.478260869565,0.217391304348,0.304347826087,23,80,0.158102766798,1.68907311397,6.95652173913,6.66666666667,5,3.39087359178,0.487438078818,0.263043478261,4.83236781052,1.38930574552,0.676086956522,2.96754513204,0.85316922546,0.45652173913,0.751891859637,0.445150570106,2.5,1.68907311397,0.751891859637,2.5,0.276817122272,0.208955223881,42,0.0237154150198,0.282560116651,23,23,23,1,0,0.478260869565,0.217391304348,0.304347826087,-8,-0.0158102766798,0.00399732020285,-0.695652173913,-0.666666666667,-0.5,-0.247416411809,0.0119797260766,0.0135375494071,-0.490414902526,-0.00187609993079,0.00316205533597,-0.302875662588,-0.00159984586192,0.0138339920949,0.00270055527815,0.000546649542032,0,0.00399732020285,0.00270055527815,0,0.0173705082796,0.0201727341405,-4,-0.00225861095426,-0.0505845164936,0,0,0,80,0,8,418,0.909090909091,1,0,0.0909090909091,1,0.909090909091,0.952380952381,0.944467458064,0.909090909091,0.909090909091,1,9,0,10,1,10
35,WLNM_dir_neg_kfold,0.728395061728,0.338888888889,00:00:02,10,90,4,13349,threshold_sweep,0.8,1,0.111111111111,0.2,1,0,8,18,0.111111111111,1,0,0.888888888889,1,0.111111111111,0.2,0.703703703704,0.654320987654,0.142857142857,0.277350098113,0.111111111111,94,85,9,0,94,0,85,0,9,23,88,0.173913043478,1.68507579377,7.65217391304,7.33333333333,5.5,3.63829000359,0.475458352741,0.249505928854,5.32278271304,1.39118184545,0.672924901186,3.27042079462,0.854769071322,0.442687747036,0.749191304359,0.444603920564,2.5,1.68507579377,0.749191304359,2.5,0.259446613992,0.18878248974,46,0.025974025974,0.333144633145,23,23,23,1,0,0.478260869565,0.217391304348,0.304347826087,23,0.156126482213,1.68985691515,6.86956521739,6.58333333333,4.9375,3.30707709213,0.481409956449,0.260319207485,4.73695420897,1.37911325071,0.672537149147,2.92055547264,0.850288302161,0.453494771602,0.752495275795,0.445301178488,2.5,1.68985691515,0.752495275795,2.5,0.269840765295,0.200342465753,39,0.0220214568041,0.276593860685,23,23,23,1,0,0.478260869565,0.217391304348,0.304347826087,23,80,0.158102766798,1.68907311397,6.95652173913,6.66666666667,5,3.39087359178,0.487438078818,0.263043478261,4.83236781052,1.38930574552,0.676086956522,2.96754513204,0.85316922546,0.45652173913,0.751891859637,0.445150570106,2.5,1.68907311397,0.751891859637,2.5,0.276817122272,0.208955223881,42,0.0237154150198,0.282560116651,23,23,23,1,0,0.478260869565,0.217391304348,0.304347826087,-8,-0.0158102766798,0.00399732020285,-0.695652173913,-0.666666666667,-0.5,-0.247416411809,0.0119797260766,0.0135375494071,-0.490414902526,-0.00187609993079,0.00316205533597,-0.302875662588,-0.00159984586192,0.0138339920949,0.00270055527815,0.000546649542032,0,0.00399732020285,0.00270055527815,0,0.0173705082796,0.0201727341405,-4,-0.00225861095426,-0.0505845164936,0,0,0,80,0,8,418,0.909090909091,1,0,0.0909090909091,1,0.909090909091,0.952380952381,0.944467458064,0.909090909091,0.909090909091,1,9,0,10,1,10
36,WLNM_dir_neg_kfold,0.728395061728,0.338888888889,00:00:02,10,90,4,13349,threshold_sweep,0.9,1,0.111111111111,0.2,1,0,8,18,0.111111111111,1,0,0.888888888889,1,0.111111111111,0.2,0.703703703704,0.654320987654,0.142857142857,0.277350098113,0.111111111111,94,85,9,0,94,0,85,0,9,23,88,0.173913043478,1.68507579377,7.65217391304,7.33333333333,5.5,3.63829000359,0.475458352741,0.249505928854,5.32278271304,1.39118184545,0.672924901186,3.27042079462,0.854769071322,0.442687747036,0.749191304359,0.444603920564,2.5,1.68507579377,0.749191304359,2.5,0.259446613992,0.18878248974,46,0.025974025974,0.333144633145,23,23,23,1,0,0.478260869565,0.217391304348,0.304347826087,23,0.156126482213,1.68985691515,6.86956521739,6.58333333333,4.9375,3.30707709213,0.481409956449,0.260319207485,4.73695420897,1.37911325071,0.672537149147,2.92055547264,0.850288302161,0.453494771602,0.752495275795,0.445301178488,2.5,1.68985691515,0.752495275795,2.5,0.269840765295,0.200342465753,39,0.0220214568041,0.276593860685,23,23,23,1,0,0.478260869565,0.217391304348,0.304347826087,23,80,0.158102766798,1.68907311397,6.95652173913,6.66666666667,5,3.39087359178,0.487438078818,0.263043478261,4.83236781052,1.38930574552,0.676086956522,2.96754513204,0.85316922546,0.45652173913,0.751891859637,0.445150570106,2.5,1.68907311397,0.751891859637,2.5,0.276817122272,0.208955223881,42,0.0237154150198,0.282560116651,23,23,23,1,0,0.478260869565,0.217391304348,0.304347826087,-8,-0.0158102766798,0.00399732020285,-0.695652173913,-0.666666666667,-0.5,-0.247416411809,0.0119797260766,0.0135375494071,-0.490414902526,-0.00187609993079,0.00316205533597,-0.302875662588,-0.00159984586192,0.0138339920949,0.00270055527815,0.000546649542032,0,0.00399732020285,0.00270055527815,0,0.0173705082796,0.0201727341405,-4,-0.00225861095426,-0.0505845164936,0,0,0,80,0,8,418,0.909090909091,1,0,0.0909090909091,1,0.909090909091,0.952380952381,0.944467458064,0.909090909091,0.909090909091,1,9,0,10,1,10
37,WLNM_dir_neg_kfold,0.777777777778,0.374603174603,00:00:02,10,90,5,13350,threshold_sweep,0.1,1,0.111111111111,0.2,1,0,8,18,0.111111111111,1,0,0.888888888889,1,0.111111111111,0.2,0.703703703704,0.654320987654,0.142857142857,0.277350098113,0.111111111111,94,85,9,0,94,0,85,0,9,23,88,0.173913043478,1.68507579377,7.65217391304,7.33333333333,5.5,3.63829000359,0.475458352741,0.249505928854,5.32278271304,1.39118184545,0.672924901186,3.27042079462,0.854769071322,0.442687747036,0.749191304359,0.444603920564,2.5,1.68507579377,0.749191304359,2.5,0.259446613992,0.18878248974,46,0.025974025974,0.333144633145,23,23,23,1,0,0.478260869565,0.217391304348,0.304347826087,23,0.156126482213,1.68985691515,6.86956521739,6.58333333333,4.9375,3.30707709213,0.481409956449,0.260319207485,4.73695420897,1.37911325071,0.672537149147,2.92055547264,0.850288302161,0.453494771602,0.752495275795,0.445301178488,2.5,1.68985691515,0.752495275795,2.5,0.269840765295,0.200342465753,39,0.0220214568041,0.276593860685,23,23,23,1,0,0.478260869565,0.217391304348,0.304347826087,23,80,0.158102766798,1.68907311397,6.95652173913,6.66666666667,5,3.39087359178,0.487438078818,0.263043478261,4.83236781052,1.38930574552,0.676086956522,2.96754513204,0.85316922546,0.45652173913,0.751891859637,0.445150570106,2.5,1.68907311397,0.751891859637,2.5,0.276817122272,0.208955223881,42,0.0237154150198,0.282560116651,23,23,23,1,0,0.478260869565,0.217391304348,0.304347826087,-8,-0.0158102766798,0.00399732020285,-0.695652173913,-0.666666666667,-0.5,-0.247416411809,0.0119797260766,0.0135375494071,-0.490414902526,-0.00187609993079,0.00316205533597,-0.302875662588,-0.00159984586192,0.0138339920949,0.00270055527815,0.000546649542032,0,0.00399732020285,0.00270055527815,0,0.0173705082796,0.0201727341405,-4,-0.00225861095426,-0.0505845164936,0,0,0,80,0,8,418,0.909090909091,1,0,0.0909090909091,1,0.909090909091,0.952380952381,0.944467458064,0.909090909091,0.909090909091,1,9,0,10,1,10
38,WLNM_dir_neg_kfold,0.777777777778,0.374603174603,00:00:02,10,90,5,13350,threshold_sweep,0.2,1,0.111111111111,0.2,1,0,8,18,0.111111111111,1,0,0.888888888889,1,0.111111111111,0.2,0.703703703704,0.654320987654,0.142857142857,0.277350098113,0.111111111111,94,85,9,0,94,0,85,0,9,23,88,0.173913043478,1.68507579377,7.65217391304,7.33333333333,5.5,3.63829000359,0.475458352741,0.249505928854,5.32278271304,1.39118184545,0.672924901186,3.27042079462,0.854769071322,0.442687747036,0.749191304359,0.444603920564,2.5,1.68507579377,0.749191304359,2.5,0.259446613992,0.18878248974,46,0.025974025974,0.333144633145,23,23,23,1,0,0.478260869565,0.217391304348,0.304347826087,23,0.156126482213,1.68985691515,6.86956521739,6.58333333333,4.9375,3.30707709213,0.481409956449,0.260319207485,4.73695420897,1.37911325071,0.672537149147,2.92055547264,0.850288302161,0.453494771602,0.752495275795,0.445301178488,2.5,1.68985691515,0.752495275795,2.5,0.269840765295,0.200342465753,39,0.0220214568041,0.276593860685,23,23,23,1,0,0.478260869565,0.217391304348,0.304347826087,23,80,0.158102766798,1.68907311397,6.95652173913,6.66666666667,5,3.39087359178,0.487438078818,0.263043478261,4.83236781052,1.38930574552,0.676086956522,2.96754513204,0.85316922546,0.45652173913,0.751891859637,0.445150570106,2.5,1.68907311397,0.751891859637,2.5,0.276817122272,0.208955223881,42,0.0237154150198,0.282560116651,23,23,23,1,0,0.478260869565,0.217391304348,0.304347826087,-8,-0.0158102766798,0.00399732020285,-0.695652173913,-0.666666666667,-0.5,-0.247416411809,0.0119797260766,0.0135375494071,-0.490414902526,-0.00187609993079,0.00316205533597,-0.302875662588,-0.00159984586192,0.0138339920949,0.00270055527815,0.000546649542032,0,0.00399732020285,0.00270055527815,0,0.0173705082796,0.0201727341405,-4,-0.00225861095426,-0.0505845164936,0,0,0,80,0,8,418,0.909090909091,1,0,0.0909090909091,1,0.909090909091,0.952380952381,0.944467458064,0.909090909091,0.909090909091,1,9,0,10,1,10
39,WLNM_dir_neg_kfold,0.777777777778,0.374603174603,00:00:02,10,90,5,13350,threshold_sweep,0.3,1,0.111111111111,0.2,1,0,8,18,0.111111111111,1,0,0.888888888889,1,0.111111111111,0.2,0.703703703704,0.654320987654,0.142857142857,0.277350098113,0.111111111111,94,85,9,0,94,0,85,0,9,23,88,0.173913043478,1.68507579377,7.65217391304,7.33333333333,5.5,3.63829000359,0.475458352741,0.249505928854,5.32278271304,1.39118184545,0.672924901186,3.27042079462,0.854769071322,0.442687747036,0.749191304359,0.444603920564,2.5,1.68507579377,0.749191304359,2.5,0.259446613992,0.18878248974,46,0.025974025974,0.333144633145,23,23,23,1,0,0.478260869565,0.217391304348,0.304347826087,23,0.156126482213,1.68985691515,6.86956521739,6.58333333333,4.9375,3.30707709213,0.481409956449,0.260319207485,4.73695420897,1.37911325071,0.672537149147,2.92055547264,0.850288302161,0.453494771602,0.752495275795,0.445301178488,2.5,1.68985691515,0.752495275795,2.5,0.269840765295,0.200342465753,39,0.0220214568041,0.276593860685,23,23,23,1,0,0.478260869565,0.217391304348,0.304347826087,23,80,0.158102766798,1.68907311397,6.95652173913,6.66666666667,5,3.39087359178,0.487438078818,0.263043478261,4.83236781052,1.38930574552,0.676086956522,2.96754513204,0.85316922546,0.45652173913,0.751891859637,0.445150570106,2.5,1.68907311397,0.751891859637,2.5,0.276817122272,0.208955223881,42,0.0237154150198,0.282560116651,23,23,23,1,0,0.478260869565,0.217391304348,0.304347826087,-8,-0.0158102766798,0.00399732020285,-0.695652173913,-0.666666666667,-0.5,-0.247416411809,0.0119797260766,0.0135375494071,-0.490414902526,-0.00187609993079,0.00316205533597,-0.302875662588,-0.00159984586192,0.0138339920949,0.00270055527815,0.000546649542032,0,0.00399732020285,0.00270055527815,0,0.0173705082796,0.0201727341405,-4,-0.00225861095426,-0.0505845164936,0,0,0,80,0,8,418,0.909090909091,1,0,0.0909090909091,1,0.909090909091,0.952380952381,0.944467458064,0.909090909091,0.909090909091,1,9,0,10,1,10
40,WLNM_dir_neg_kfold,0.777777777778,0.374603174603,00:00:02,10,90,5,13350,threshold_sweep,0.4,1,0.111111111111,0.2,1,0,8,18,0.111111111111,1,0,0.888888888889,1,0.111111111111,0.2,0.703703703704,0.654320987654,0.142857142857,0.277350098113,0.111111111111,94,85,9,0,94,0,85,0,9,23,88,0.173913043478,1.68507579377,7.65217391304,7.33333333333,5.5,3.63829000359,0.475458352741,0.249505928854,5.32278271304,1.39118184545,0.672924901186,3.27042079462,0.854769071322,0.442687747036,0.749191304359,0.444603920564,2.5,1.68507579377,0.749191304359,2.5,0.259446613992,0.18878248974,46,0.025974025974,0.333144633145,23,23,23,1,0,0.478260869565,0.217391304348,0.304347826087,23,0.156126482213,1.68985691515,6.86956521739,6.58333333333,4.9375,3.30707709213,0.481409956449,0.260319207485,4.73695420897,1.37911325071,0.672537149147,2.92055547264,0.850288302161,0.453494771602,0.752495275795,0.445301178488,2.5,1.68985691515,0.752495275795,2.5,0.269840765295,0.200342465753,39,0.0220214568041,0.276593860685,23,23,23,1,0,0.478260869565,0.217391304348,0.304347826087,23,80,0.158102766798,1.68907311397,6.95652173913,6.66666666667,5,3.39087359178,0.487438078818,0.263043478261,4.83236781052,1.38930574552,0.676086956522,2.96754513204,0.85316922546,0.45652173913,0.751891859637,0.445150570106,2.5,1.68907311397,0.751891859637,2.5,0.276817122272,0.208955223881,42,0.0237154150198,0.282560116651,23,23,23,1,0,0.478260869565,0.217391304348,0.304347826087,-8,-0.0158102766798,0.00399732020285,-0.695652173913,-0.666666666667,-0.5,-0.247416411809,0.0119797260766,0.0135375494071,-0.490414902526,-0.00187609993079,0.00316205533597,-0.302875662588,-0.00159984586192,0.0138339920949,0.00270055527815,0.000546649542032,0,0.00399732020285,0.00270055527815,0,0.0173705082796,0.0201727341405,-4,-0.00225861095426,-0.0505845164936,0,0,0,80,0,8,418,0.909090909091,1,0,0.0909090909091,1,0.909090909091,0.952380952381,0.944467458064,0.909090909091,0.909090909091,1,9,0,10,1,10
41,WLNM_dir_neg_kfold,0.777777777778,0.374603174603,00:00:02,10,90,5,13350,threshold_sweep,0.5,1,0.111111111111,0.2,1,0,8,18,0.111111111111,1,0,0.888888888889,1,0.111111111111,0.2,0.703703703704,0.654320987654,0.142857142857,0.277350098113,0.111111111111,94,85,9,0,94,0,85,0,9,23,88,0.173913043478,1.68507579377,7.65217391304,7.33333333333,5.5,3.63829000359,0.475458352741,0.249505928854,5.32278271304,1.39118184545,0.672924901186,3.27042079462,0.854769071322,0.442687747036,0.749191304359,0.444603920564,2.5,1.68507579377,0.749191304359,2.5,0.259446613992,0.18878248974,46,0.025974025974,0.333144633145,23,23,23,1,0,0.478260869565,0.217391304348,0.304347826087,23,0.156126482213,1.68985691515,6.86956521739,6.58333333333,4.9375,3.30707709213,0.481409956449,0.260319207485,4.73695420897,1.37911325071,0.672537149147,2.92055547264,0.850288302161,0.453494771602,0.752495275795,0.445301178488,2.5,1.68985691515,0.752495275795,2.5,0.269840765295,0.200342465753,39,0.0220214568041,0.276593860685,23,23,23,1,0,0.478260869565,0.217391304348,0.304347826087,23,80,0.158102766798,1.68907311397,6.95652173913,6.66666666667,5,3.39087359178,0.487438078818,0.263043478261,4.83236781052,1.38930574552,0.676086956522,2.96754513204,0.85316922546,0.45652173913,0.751891859637,0.445150570106,2.5,1.68907311397,0.751891859637,2.5,0.276817122272,0.208955223881,42,0.0237154150198,0.282560116651,23,23,23,1,0,0.478260869565,0.217391304348,0.304347826087,-8,-0.0158102766798,0.00399732020285,-0.695652173913,-0.666666666667,-0.5,-0.247416411809,0.0119797260766,0.0135375494071,-0.490414902526,-0.00187609993079,0.00316205533597,-0.302875662588,-0.00159984586192,0.0138339920949,0.00270055527815,0.000546649542032,0,0.00399732020285,0.00270055527815,0,0.0173705082796,0.0201727341405,-4,-0.00225861095426,-0.0505845164936,0,0,0,80,0,8,418,0.909090909091,1,0,0.0909090909091,1,0.909090909091,0.952380952381,0.944467458064,0.909090909091,0.909090909091,1,9,0,10,1,10
42,WLNM_dir_neg_kfold,0.777777777778,0.374603174603,00:00:02,10,90,5,13350,threshold_sweep,0.6,1,0.111111111111,0.2,1,0,8,18,0.111111111111,1,0,0.888888888889,1,0.111111111111,0.2,0.703703703704,0.654320987654,0.142857142857,0.277350098113,0.111111111111,94,85,9,0,94,0,85,0,9,23,88,0.173913043478,1.68507579377,7.65217391304,7.33333333333,5.5,3.63829000359,0.475458352741,0.249505928854,5.32278271304,1.39118184545,0.672924901186,3.27042079462,0.854769071322,0.442687747036,0.749191304359,0.444603920564,2.5,1.68507579377,0.749191304359,2.5,0.259446613992,0.18878248974,46,0.025974025974,0.333144633145,23,23,23,1,0,0.478260869565,0.217391304348,0.304347826087,23,0.156126482213,1.68985691515,6.86956521739,6.58333333333,4.9375,3.30707709213,0.481409956449,0.260319207485,4.73695420897,1.37911325071,0.672537149147,2.92055547264,0.850288302161,0.453494771602,0.752495275795,0.445301178488,2.5,1.68985691515,0.752495275795,2.5,0.269840765295,0.200342465753,39,0.0220214568041,0.276593860685,23,23,23,1,0,0.478260869565,0.217391304348,0.304347826087,23,80,0.158102766798,1.68907311397,6.95652173913,6.66666666667,5,3.39087359178,0.487438078818,0.263043478261,4.83236781052,1.38930574552,0.676086956522,2.96754513204,0.85316922546,0.45652173913,0.751891859637,0.445150570106,2.5,1.68907311397,0.751891859637,2.5,0.276817122272,0.208955223881,42,0.0237154150198,0.282560116651,23,23,23,1,0,0.478260869565,0.217391304348,0.304347826087,-8,-0.0158102766798,0.00399732020285,-0.695652173913,-0.666666666667,-0.5,-0.247416411809,0.0119797260766,0.0135375494071,-0.490414902526,-0.00187609993079,0.00316205533597,-0.302875662588,-0.00159984586192,0.0138339920949,0.00270055527815,0.000546649542032,0,0.00399732020285,0.00270055527815,0,0.0173705082796,0.0201727341405,-4,-0.00225861095426,-0.0505845164936,0,0,0,80,0,8,418,0.909090909091,1,0,0.0909090909091,1,0.909090909091,0.952380952381,0.944467458064,0.909090909091,0.909090909091,1,9,0,10,1,10
43,WLNM_dir_neg_kfold,0.777777777778,0.374603174603,00:00:02,10,90,5,13350,threshold_sweep,0.7,1,0.111111111111,0.2,1,0,8,18,0.111111111111,1,0,0.888888888889,1,0.111111111111,0.2,0.703703703704,0.654320987654,0.142857142857,0.277350098113,0.111111111111,94,85,9,0,94,0,85,0,9,23,88,0.173913043478,1.68507579377,7.65217391304,7.33333333333,5.5,3.63829000359,0.475458352741,0.249505928854,5.32278271304,1.39118184545,0.672924901186,3.27042079462,0.854769071322,0.442687747036,0.749191304359,0.444603920564,2.5,1.68507579377,0.749191304359,2.5,0.259446613992,0.18878248974,46,0.025974025974,0.333144633145,23,23,23,1,0,0.478260869565,0.217391304348,0.304347826087,23,0.156126482213,1.68985691515,6.86956521739,6.58333333333,4.9375,3.30707709213,0.481409956449,0.260319207485,4.73695420897,1.37911325071,0.672537149147,2.92055547264,0.850288302161,0.453494771602,0.752495275795,0.445301178488,2.5,1.68985691515,0.752495275795,2.5,0.269840765295,0.200342465753,39,0.0220214568041,0.276593860685,23,23,23,1,0,0.478260869565,0.217391304348,0.304347826087,23,80,0.158102766798,1.68907311397,6.95652173913,6.66666666667,5,3.39087359178,0.487438078818,0.263043478261,4.83236781052,1.38930574552,0.676086956522,2.96754513204,0.85316922546,0.45652173913,0.751891859637,0.445150570106,2.5,1.68907311397,0.751891859637,2.5,0.276817122272,0.208955223881,42,0.0237154150198,0.282560116651,23,23,23,1,0,0.478260869565,0.217391304348,0.304347826087,-8,-0.0158102766798,0.00399732020285,-0.695652173913,-0.666666666667,-0.5,-0.247416411809,0.0119797260766,0.0135375494071,-0.490414902526,-0.00187609993079,0.00316205533597,-0.302875662588,-0.00159984586192,0.0138339920949,0.00270055527815,0.000546649542032,0,0.00399732020285,0.00270055527815,0,0.0173705082796,0.0201727341405,-4,-0.00225861095426,-0.0505845164936,0,0,0,80,0,8,418,0.909090909091,1,0,0.0909090909091,1,0.909090909091,0.952380952381,0.944467458064,0.909090909091,0.909090909091,1,9,0,10,1,10
44,WLNM_dir_neg_kfold,0.777777777778,0.374603174603,00:00:02,10,90,5,13350,threshold_sweep,0.8,1,0.111111111111,0.2,1,0,8,18,0.111111111111,1,0,0.888888888889,1,0.111111111111,0.2,0.703703703704,0.654320987654,0.142857142857,0.277350098113,0.111111111111,94,85,9,0,94,0,85,0,9,23,88,0.173913043478,1.68507579377,7.65217391304,7.33333333333,5.5,3.63829000359,0.475458352741,0.249505928854,5.32278271304,1.39118184545,0.672924901186,3.27042079462,0.854769071322,0.442687747036,0.749191304359,0.444603920564,2.5,1.68507579377,0.749191304359,2.5,0.259446613992,0.18878248974,46,0.025974025974,0.333144633145,23,23,23,1,0,0.478260869565,0.217391304348,0.304347826087,23,0.156126482213,1.68985691515,6.86956521739,6.58333333333,4.9375,3.30707709213,0.481409956449,0.260319207485,4.73695420897,1.37911325071,0.672537149147,2.92055547264,0.850288302161,0.453494771602,0.752495275795,0.445301178488,2.5,1.68985691515,0.752495275795,2.5,0.269840765295,0.200342465753,39,0.0220214568041,0.276593860685,23,23,23,1,0,0.478260869565,0.217391304348,0.304347826087,23,80,0.158102766798,1.68907311397,6.95652173913,6.66666666667,5,3.39087359178,0.487438078818,0.263043478261,4.83236781052,1.38930574552,0.676086956522,2.96754513204,0.85316922546,0.45652173913,0.751891859637,0.445150570106,2.5,1.68907311397,0.751891859637,2.5,0.276817122272,0.208955223881,42,0.0237154150198,0.282560116651,23,23,23,1,0,0.478260869565,0.217391304348,0.304347826087,-8,-0.0158102766798,0.00399732020285,-0.695652173913,-0.666666666667,-0.5,-0.247416411809,0.0119797260766,0.0135375494071,-0.490414902526,-0.00187609993079,0.00316205533597,-0.302875662588,-0.00159984586192,0.0138339920949,0.00270055527815,0.000546649542032,0,0.00399732020285,0.00270055527815,0,0.0173705082796,0.0201727341405,-4,-0.00225861095426,-0.0505845164936,0,0,0,80,0,8,418,0.909090909091,1,0,0.0909090909091,1,0.909090909091,0.952380952381,0.944467458064,0.909090909091,0.909090909091,1,9,0,10,1,10
45,WLNM_dir_neg_kfold,0.777777777778,0.374603174603,00:00:02,10,90,5,13350,threshold_sweep,0.9,1,0.111111111111,0.2,1,0,8,18,0.111111111111,1,0,0.888888888889,1,0.111111111111,0.2,0.703703703704,0.654320987654,0.142857142857,0.277350098113,0.111111111111,94,85,9,0,94,0,85,0,9,23,88,0.173913043478,1.68507579377,7.65217391304,7.33333333333,5.5,3.63829000359,0.475458352741,0.249505928854,5.32278271304,1.39118184545,0.672924901186,3.27042079462,0.854769071322,0.442687747036,0.749191304359,0.444603920564,2.5,1.68507579377,0.749191304359,2.5,0.259446613992,0.18878248974,46,0.025974025974,0.333144633145,23,23,23,1,0,0.478260869565,0.217391304348,0.304347826087,23,0.156126482213,1.68985691515,6.86956521739,6.58333333333,4.9375,3.30707709213,0.481409956449,0.260319207485,4.73695420897,1.37911325071,0.672537149147,2.92055547264,0.850288302161,0.453494771602,0.752495275795,0.445301178488,2.5,1.68985691515,0.752495275795,2.5,0.269840765295,0.200342465753,39,0.0220214568041,0.276593860685,23,23,23,1,0,0.478260869565,0.217391304348,0.304347826087,23,80,0.158102766798,1.68907311397,6.95652173913,6.66666666667,5,3.39087359178,0.487438078818,0.263043478261,4.83236781052,1.38930574552,0.676086956522,2.96754513204,0.85316922546,0.45652173913,0.751891859637,0.445150570106,2.5,1.68907311397,0.751891859637,2.5,0.276817122272,0.208955223881,42,0.0237154150198,0.282560116651,23,23,23,1,0,0.478260869565,0.217391304348,0.304347826087,-8,-0.0158102766798,0.00399732020285,-0.695652173913,-0.666666666667,-0.5,-0.247416411809,0.0119797260766,0.0135375494071,-0.490414902526,-0.00187609993079,0.00316205533597,-0.302875662588,-0.00159984586192,0.0138339920949,0.00270055527815,0.000546649542032,0,0.00399732020285,0.00270055527815,0,0.0173705082796,0.0201727341405,-4,-0.00225861095426,-0.0505845164936,0,0,0,80,0,8,418,0.909090909091,1,0,0.0909090909091,1,0.909090909091,0.952380952381,0.944467458064,0.909090909091,0.909090909091,1,9,0,10,1,10
46,WLNM_dir_neg_kfold,0.901234567901,0.511784511785,00:00:02,10,90,6,13351,threshold_sweep,0.1,0.5,0.111111111111,0.181818181818,1,1,8,17,0.111111111111,0.944444444444,0.0555555555556,0.888888888889,0.5,0.111111111111,0.181818181818,0.666666666667,0.641975308642,0.0689655172414,0.1,0.0555555555556,94,85,9,0,94,0,85,0,9,23,88,0.173913043478,1.68507579377,7.65217391304,7.33333333333,5.5,3.63829000359,0.475458352741,0.249505928854,5.32278271304,1.39118184545,0.672924901186,3.27042079462,0.854769071322,0.442687747036,0.749191304359,0.444603920564,2.5,1.68507579377,0.749191304359,2.5,0.259446613992,0.18878248974,46,0.025974025974,0.333144633145,23,23,23,1,0,0.478260869565,0.217391304348,0.304347826087,23,0.156126482213,1.68985691515,6.86956521739,6.58333333333,4.9375,3.30707709213,0.481409956449,0.260319207485,4.73695420897,1.37911325071,0.672537149147,2.92055547264,0.850288302161,0.453494771602,0.752495275795,0.445301178488,2.5,1.68985691515,0.752495275795,2.5,0.269840765295,0.200342465753,39,0.0220214568041,0.276593860685,23,23,23,1,0,0.478260869565,0.217391304348,0.304347826087,23,81,0.160079051383,1.69339356296,7.04347826087,6.75,4.76470588235,3.50944518886,0.49825456385,0.268921095008,4.90704100079,1.39335732121,0.678475577026,2.92123207533,0.82948565102,0.44551798175,0.754613296134,0.445621923126,2.5,1.69339356296,0.754613296134,2.5,0.313197408652,0.2448,51,0.0287972896669,0.277135616908,23,23,23,1,0,0.478260869565,0.260869565217,0.260869565217,-7,-0.0138339920949,0.00831776918733,-0.608695652174,-0.583333333333,-0.735294117647,-0.128844814729,0.0227962111088,0.0194151661543,-0.415741712257,0.00217547575637,0.00555067584053,-0.349188719293,-0.0252834203023,0.00283023471429,0.00542199177541,0.00101800256129,0,0.00831776918733,0.00542199177541,0,0.0537507946599,0.0560175102599,5,0.00282326369283,-0.0560090162363,0,0.0434782608696,-0.0434782608696,80,1,8,417,0.909090909091,0.997607655502,0.00239234449761,0.0909090909091,0.987654320988,0.909090909091,0.94674556213,0.937249960286,0.906698564593,0.898876404494,2,9,0,10,1,10
47,WLNM_dir_neg_kfold,0.901234567901,0.511784511785,00:00:02,10,90,6,13351,threshold_sweep,0.2,0.5,0.111111111111,0.181818181818,1,1,8,17,0.111111111111,0.944444444444,0.0555555555556,0.888888888889,0.5,0.111111111111,0.181818181818,0.666666666667,0.641975308642,0.0689655172414,0.1,0.0555555555556,94,85,9,0,94,0,85,0,9,23,88,0.173913043478,1.68507579377,7.65217391304,7.33333333333,5.5,3.63829000359,0.475458352741,0.249505928854,5.32278271304,1.39118184545,0.672924901186,3.27042079462,0.854769071322,0.442687747036,0.749191304359,0.444603920564,2.5,1.68507579377,0.749191304359,2.5,0.259446613992,0.18878248974,46,0.025974025974,0.333144633145,23,23,23,1,0,0.478260869565,0.217391304348,0.304347826087,23,0.156126482213,1.68985691515,6.86956521739,6.58333333333,4.9375,3.30707709213,0.481409956449,0.260319207485,4.73695420897,1.37911325071,0.672537149147,2.92055547264,0.850288302161,0.453494771602,0.752495275795,0.445301178488,2.5,1.68985691515,0.752495275795,2.5,0.269840765295,0.200342465753,39,0.0220214568041,0.276593860685,23,23,23,1,0,0.478260869565,0.217391304348,0.304347826087,23,81,0.160079051383,1.69339356296,7.04347826087,6.75,4.76470588235,3.50944518886,0.49825456385,0.268921095008,4.90704100079,1.39335732121,0.678475577026,2.92123207533,0.82948565102,0.44551798175,0.754613296134,0.445621923126,2.5,1.69339356296,0.754613296134,2.5,0.313197408652,0.2448,51,0.0287972896669,0.277135616908,23,23,23,1,0,0.478260869565,0.260869565217,0.260869565217,-7,-0.0138339920949,0.00831776918733,-0.608695652174,-0.583333333333,-0.735294117647,-0.128844814729,0.0227962111088,0.0194151661543,-0.415741712257,0.00217547575637,0.00555067584053,-0.349188719293,-0.0252834203023,0.00283023471429,0.00542199177541,0.00101800256129,0,0.00831776918733,0.00542199177541,0,0.0537507946599,0.0560175102599,5,0.00282326369283,-0.0560090162363,0,0.0434782608696,-0.0434782608696,80,1,8,417,0.909090909091,0.997607655502,0.00239234449761,0.0909090909091,0.987654320988,0.909090909091,0.94674556213,0.937249960286,0.906698564593,0.898876404494,2,9,0,10,1,10
48,WLNM_dir_neg_kfold,0.901234567901,0.511784511785,00:00:02,10,90,6,13351,threshold_sweep,0.3,0.5,0.111111111111,0.181818181818,1,1,8,17,0.111111111111,0.944444444444,0.0555555555556,0.888888888889,0.5,0.111111111111,0.181818181818,0.666666666667,0.641975308642,0.0689655172414,0.1,0.0555555555556,94,85,9,0,94,0,85,0,9,23,88,0.173913043478,1.68507579377,7.65217391304,7.33333333333,5.5,3.63829000359,0.475458352741,0.249505928854,5.32278271304,1.39118184545,0.672924901186,3.27042079462,0.854769071322,0.442687747036,0.749191304359,0.444603920564,2.5,1.68507579377,0.749191304359,2.5,0.259446613992,0.18878248974,46,0.025974025974,0.333144633145,23,23,23,1,0,0.478260869565,0.217391304348,0.304347826087,23,0.156126482213,1.68985691515,6.86956521739,6.58333333333,4.9375,3.30707709213,0.481409956449,0.260319207485,4.73695420897,1.37911325071,0.672537149147,2.92055547264,0.850288302161,0.453494771602,0.752495275795,0.445301178488,2.5,1.68985691515,0.752495275795,2.5,0.269840765295,0.200342465753,39,0.0220214568041,0.276593860685,23,23,23,1,0,0.478260869565,0.217391304348,0.304347826087,23,81,0.160079051383,1.69339356296,7.04347826087,6.75,4.76470588235,3.50944518886,0.49825456385,0.268921095008,4.90704100079,1.39335732121,0.678475577026,2.92123207533,0.82948565102,0.44551798175,0.754613296134,0.445621923126,2.5,1.69339356296,0.754613296134,2.5,0.313197408652,0.2448,51,0.0287972896669,0.277135616908,23,23,23,1,0,0.478260869565,0.260869565217,0.260869565217,-7,-0.0138339920949,0.00831776918733,-0.608695652174,-0.583333333333,-0.735294117647,-0.128844814729,0.0227962111088,0.0194151661543,-0.415741712257,0.00217547575637,0.00555067584053,-0.349188719293,-0.0252834203023,0.00283023471429,0.00542199177541,0.00101800256129,0,0.00831776918733,0.00542199177541,0,0.0537507946599,0.0560175102599,5,0.00282326369283,-0.0560090162363,0,0.0434782608696,-0.0434782608696,80,1,8,417,0.909090909091,0.997607655502,0.00239234449761,0.0909090909091,0.987654320988,0.909090909091,0.94674556213,0.937249960286,0.906698564593,0.898876404494,2,9,0,10,1,10
49,WLNM_dir_neg_kfold,0.901234567901,0.511784511785,00:00:02,10,90,6,13351,threshold_sweep,0.4,0.5,0.111111111111,0.181818181818,1,1,8,17,0.111111111111,0.944444444444,0.0555555555556,0.888888888889,0.5,0.111111111111,0.181818181818,0.666666666667,0.641975308642,0.0689655172414,0.1,0.0555555555556,94,85,9,0,94,0,85,0,9,23,88,0.173913043478,1.68507579377,7.65217391304,7.33333333333,5.5,3.63829000359,0.475458352741,0.249505928854,5.32278271304,1.39118184545,0.672924901186,3.27042079462,0.854769071322,0.442687747036,0.749191304359,0.444603920564,2.5,1.68507579377,0.749191304359,2.5,0.259446613992,0.18878248974,46,0.025974025974,0.333144633145,23,23,23,1,0,0.478260869565,0.217391304348,0.304347826087,23,0.156126482213,1.68985691515,6.86956521739,6.58333333333,4.9375,3.30707709213,0.481409956449,0.260319207485,4.73695420897,1.37911325071,0.672537149147,2.92055547264,0.850288302161,0.453494771602,0.752495275795,0.445301178488,2.5,1.68985691515,0.752495275795,2.5,0.269840765295,0.200342465753,39,0.0220214568041,0.276593860685,23,23,23,1,0,0.478260869565,0.217391304348,0.304347826087,23,81,0.160079051383,1.69339356296,7.04347826087,6.75,4.76470588235,3.50944518886,0.49825456385,0.268921095008,4.90704100079,1.39335732121,0.678475577026,2.92123207533,0.82948565102,0.44551798175,0.754613296134,0.445621923126,2.5,1.69339356296,0.754613296134,2.5,0.313197408652,0.2448,51,0.0287972896669,0.277135616908,23,23,23,1,0,0.478260869565,0.260869565217,0.260869565217,-7,-0.0138339920949,0.00831776918733,-0.608695652174,-0.583333333333,-0.735294117647,-0.128844814729,0.0227962111088,0.0194151661543,-0.415741712257,0.00217547575637,0.00555067584053,-0.349188719293,-0.0252834203023,0.00283023471429,0.00542199177541,0.00101800256129,0,0.00831776918733,0.00542199177541,0,0.0537507946599,0.0560175102599,5,0.00282326369283,-0.0560090162363,0,0.0434782608696,-0.0434782608696,80,1,8,417,0.909090909091,0.997607655502,0.00239234449761,0.0909090909091,0.987654320988,0.909090909091,0.94674556213,0.937249960286,0.906698564593,0.898876404494,2,9,0,10,1,10
50,WLNM_dir_neg_kfold,0.901234567901,0.511784511785,00:00:02,10,90,6,13351,threshold_sweep,0.5,0.5,0.111111111111,0.181818181818,1,1,8,17,0.111111111111,0.944444444444,0.0555555555556,0.888888888889,0.5,0.111111111111,0.181818181818,0.666666666667,0.641975308642,0.0689655172414,0.1,0.0555555555556,94,85,9,0,94,0,85,0,9,23,88,0.173913043478,1.68507579377,7.65217391304,7.33333333333,5.5,3.63829000359,0.475458352741,0.249505928854,5.32278271304,1.39118184545,0.672924901186,3.27042079462,0.854769071322,0.442687747036,0.749191304359,0.444603920564,2.5,1.68507579377,0.749191304359,2.5,0.259446613992,0.18878248974,46,0.025974025974,0.333144633145,23,23,23,1,0,0.478260869565,0.217391304348,0.304347826087,23,0.156126482213,1.68985691515,6.86956521739,6.58333333333,4.9375,3.30707709213,0.481409956449,0.260319207485,4.73695420897,1.37911325071,0.672537149147,2.92055547264,0.850288302161,0.453494771602,0.752495275795,0.445301178488,2.5,1.68985691515,0.752495275795,2.5,0.269840765295,0.200342465753,39,0.0220214568041,0.276593860685,23,23,23,1,0,0.478260869565,0.217391304348,0.304347826087,23,81,0.160079051383,1.69339356296,7.04347826087,6.75,4.76470588235,3.50944518886,0.49825456385,0.268921095008,4.90704100079,1.39335732121,0.678475577026,2.92123207533,0.82948565102,0.44551798175,0.754613296134,0.445621923126,2.5,1.69339356296,0.754613296134,2.5,0.313197408652,0.2448,51,0.0287972896669,0.277135616908,23,23,23,1,0,0.478260869565,0.260869565217,0.260869565217,-7,-0.0138339920949,0.00831776918733,-0.608695652174,-0.583333333333,-0.735294117647,-0.128844814729,0.0227962111088,0.0194151661543,-0.415741712257,0.00217547575637,0.00555067584053,-0.349188719293,-0.0252834203023,0.00283023471429,0.00542199177541,0.00101800256129,0,0.00831776918733,0.00542199177541,0,0.0537507946599,0.0560175102599,5,0.00282326369283,-0.0560090162363,0,0.0434782608696,-0.0434782608696,80,1,8,417,0.909090909091,0.997607655502,0.00239234449761,0.0909090909091,0.987654320988,0.909090909091,0.94674556213,0.937249960286,0.906698564593,0.898876404494,2,9,0,10,1,10
51,WLNM_dir_neg_kfold,0.901234567901,0.511784511785,00:00:02,10,90,6,13351,threshold_sweep,0.6,0.5,0.111111111111,0.181818181818,1,1,8,17,0.111111111111,0.944444444444,0.0555555555556,0.888888888889,0.5,0.111111111111,0.181818181818,0.666666666667,0.641975308642,0.0689655172414,0.1,0.0555555555556,94,85,9,0,94,0,85,0,9,23,88,0.173913043478,1.68507579377,7.65217391304,7.33333333333,5.5,3.63829000359,0.475458352741,0.249505928854,5.32278271304,1.39118184545,0.672924901186,3.27042079462,0.854769071322,0.442687747036,0.749191304359,0.444603920564,2.5,1.68507579377,0.749191304359,2.5,0.259446613992,0.18878248974,46,0.025974025974,0.333144633145,23,23,23,1,0,0.478260869565,0.217391304348,0.304347826087,23,0.156126482213,1.68985691515,6.86956521739,6.58333333333,4.9375,3.30707709213,0.481409956449,0.260319207485,4.73695420897,1.37911325071,0.672537149147,2.92055547264,0.850288302161,0.453494771602,0.752495275795,0.445301178488,2.5,1.68985691515,0.752495275795,2.5,0.269840765295,0.200342465753,39,0.0220214568041,0.276593860685,23,23,23,1,0,0.478260869565,0.217391304348,0.304347826087,23,81,0.160079051383,1.69339356296,7.04347826087,6.75,4.76470588235,3.50944518886,0.49825456385,0.268921095008,4.90704100079,1.39335732121,0.678475577026,2.92123207533,0.82948565102,0.44551798175,0.754613296134,0.445621923126,2.5,1.69339356296,0.754613296134,2.5,0.313197408652,0.2448,51,0.0287972896669,0.277135616908,23,23,23,1,0,0.478260869565,0.260869565217,0.260869565217,-7,-0.0138339920949,0.00831776918733,-0.608695652174,-0.583333333333,-0.735294117647,-0.128844814729,0.0227962111088,0.0194151661543,-0.415741712257,0.00217547575637,0.00555067584053,-0.349188719293,-0.0252834203023,0.00283023471429,0.00542199177541,0.00101800256129,0,0.00831776918733,0.00542199177541,0,0.0537507946599,0.0560175102599,5,0.00282326369283,-0.0560090162363,0,0.0434782608696,-0.0434782608696,80,1,8,417,0.909090909091,0.997607655502,0.00239234449761,0.0909090909091,0.987654320988,0.909090909091,0.94674556213,0.937249960286,0.906698564593,0.898876404494,2,9,0,10,1,10
52,WLNM_dir_neg_kfold,0.901234567901,0.511784511785,00:00:02,10,90,6,13351,threshold_sweep,0.7,0.5,0.111111111111,0.181818181818,1,1,8,17,0.111111111111,0.944444444444,0.0555555555556,0.888888888889,0.5,0.111111111111,0.181818181818,0.666666666667,0.641975308642,0.0689655172414,0.1,0.0555555555556,94,85,9,0,94,0,85,0,9,23,88,0.173913043478,1.68507579377,7.65217391304,7.33333333333,5.5,3.63829000359,0.475458352741,0.249505928854,5.32278271304,1.39118184545,0.672924901186,3.27042079462,0.854769071322,0.442687747036,0.749191304359,0.444603920564,2.5,1.68507579377,0.749191304359,2.5,0.259446613992,0.18878248974,46,0.025974025974,0.333144633145,23,23,23,1,0,0.478260869565,0.217391304348,0.304347826087,23,0.156126482213,1.68985691515,6.86956521739,6.58333333333,4.9375,3.30707709213,0.481409956449,0.260319207485,4.73695420897,1.37911325071,0.672537149147,2.92055547264,0.850288302161,0.453494771602,0.752495275795,0.445301178488,2.5,1.68985691515,0.752495275795,2.5,0.269840765295,0.200342465753,39,0.0220214568041,0.276593860685,23,23,23,1,0,0.478260869565,0.217391304348,0.304347826087,23,81,0.160079051383,1.69339356296,7.04347826087,6.75,4.76470588235,3.50944518886,0.49825456385,0.268921095008,4.90704100079,1.39335732121,0.678475577026,2.92123207533,0.82948565102,0.44551798175,0.754613296134,0.445621923126,2.5,1.69339356296,0.754613296134,2.5,0.313197408652,0.2448,51,0.0287972896669,0.277135616908,23,23,23,1,0,0.478260869565,0.260869565217,0.260869565217,-7,-0.0138339920949,0.00831776918733,-0.608695652174,-0.583333333333,-0.735294117647,-0.128844814729,0.0227962111088,0.0194151661543,-0.415741712257,0.00217547575637,0.00555067584053,-0.349188719293,-0.0252834203023,0.00283023471429,0.00542199177541,0.00101800256129,0,0.00831776918733,0.00542199177541,0,0.0537507946599,0.0560175102599,5,0.00282326369283,-0.0560090162363,0,0.0434782608696,-0.0434782608696,80,1,8,417,0.909090909091,0.997607655502,0.00239234449761,0.0909090909091,0.987654320988,0.909090909091,0.94674556213,0.937249960286,0.906698564593,0.898876404494,2,9,0,10,1,10
53,WLNM_dir_neg_kfold,0.901234567901,0.511784511785,00:00:02,10,90,6,13351,threshold_sweep,0.8,0.5,0.111111111111,0.181818181818,1,1,8,17,0.111111111111,0.944444444444,0.0555555555556,0.888888888889,0.5,0.111111111111,0.181818181818,0.666666666667,0.641975308642,0.0689655172414,0.1,0.0555555555556,94,85,9,0,94,0,85,0,9,23,88,0.173913043478,1.68507579377,7.65217391304,7.33333333333,5.5,3.63829000359,0.475458352741,0.249505928854,5.32278271304,1.39118184545,0.672924901186,3.27042079462,0.854769071322,0.442687747036,0.749191304359,0.444603920564,2.5,1.68507579377,0.749191304359,2.5,0.259446613992,0.18878248974,46,0.025974025974,0.333144633145,23,23,23,1,0,0.478260869565,0.217391304348,0.304347826087,23,0.156126482213,1.68985691515,6.86956521739,6.58333333333,4.9375,3.30707709213,0.481409956449,0.260319207485,4.73695420897,1.37911325071,0.672537149147,2.92055547264,0.850288302161,0.453494771602,0.752495275795,0.445301178488,2.5,1.68985691515,0.752495275795,2.5,0.269840765295,0.200342465753,39,0.0220214568041,0.276593860685,23,23,23,1,0,0.478260869565,0.217391304348,0.304347826087,23,81,0.160079051383,1.69339356296,7.04347826087,6.75,4.76470588235,3.50944518886,0.49825456385,0.268921095008,4.90704100079,1.39335732121,0.678475577026,2.92123207533,0.82948565102,0.44551798175,0.754613296134,0.445621923126,2.5,1.69339356296,0.754613296134,2.5,0.313197408652,0.2448,51,0.0287972896669,0.277135616908,23,23,23,1,0,0.478260869565,0.260869565217,0.260869565217,-7,-0.0138339920949,0.00831776918733,-0.608695652174,-0.583333333333,-0.735294117647,-0.128844814729,0.0227962111088,0.0194151661543,-0.415741712257,0.00217547575637,0.00555067584053,-0.349188719293,-0.0252834203023,0.00283023471429,0.00542199177541,0.00101800256129,0,0.00831776918733,0.00542199177541,0,0.0537507946599,0.0560175102599,5,0.00282326369283,-0.0560090162363,0,0.0434782608696,-0.0434782608696,80,1,8,417,0.909090909091,0.997607655502,0.00239234449761,0.0909090909091,0.987654320988,0.909090909091,0.94674556213,0.937249960286,0.906698564593,0.898876404494,2,9,0,10,1,10
54,WLNM_dir_neg_kfold,0.901234567901,0.511784511785,00:00:02,10,90,6,13351,threshold_sweep,0.9,0.5,0.111111111111,0.181818181818,1,1,8,17,0.111111111111,0.944444444444,0.0555555555556,0.888888888889,0.5,0.111111111111,0.181818181818,0.666666666667,0.641975308642,0.0689655172414,0.1,0.0555555555556,94,85,9,0,94,0,85,0,9,23,88,0.173913043478,1.68507579377,7.65217391304,7.33333333333,5.5,3.63829000359,0.475458352741,0.249505928854,5.32278271304,1.39118184545,0.672924901186,3.27042079462,0.854769071322,0.442687747036,0.749191304359,0.444603920564,2.5,1.68507579377,0.749191304359,2.5,0.259446613992,0.18878248974,46,0.025974025974,0.333144633145,23,23,23,1,0,0.478260869565,0.217391304348,0.304347826087,23,0.156126482213,1.68985691515,6.86956521739,6.58333333333,4.9375,3.30707709213,0.481409956449,0.260319207485,4.73695420897,1.37911325071,0.672537149147,2.92055547264,0.850288302161,0.453494771602,0.752495275795,0.445301178488,2.5,1.68985691515,0.752495275795,2.5,0.269840765295,0.200342465753,39,0.0220214568041,0.276593860685,23,23,23,1,0,0.478260869565,0.217391304348,0.304347826087,23,81,0.160079051383,1.69339356296,7.04347826087,6.75,4.76470588235,3.50944518886,0.49825456385,0.268921095008,4.90704100079,1.39335732121,0.678475577026,2.92123207533,0.82948565102,0.44551798175,0.754613296134,0.445621923126,2.5,1.69339356296,0.754613296134,2.5,0.313197408652,0.2448,51,0.0287972896669,0.277135616908,23,23,23,1,0,0.478260869565,0.260869565217,0.260869565217,-7,-0.0138339920949,0.00831776918733,-0.608695652174,-0.583333333333,-0.735294117647,-0.128844814729,0.0227962111088,0.0194151661543,-0.415741712257,0.00217547575637,0.00555067584053,-0.349188719293,-0.0252834203023,0.00283023471429,0.00542199177541,0.00101800256129,0,0.00831776918733,0.00542199177541,0,0.0537507946599,0.0560175102599,5,0.00282326369283,-0.0560090162363,0,0.0434782608696,-0.0434782608696,80,1,8,417,0.909090909091,0.997607655502,0.00239234449761,0.0909090909091,0.987654320988,0.909090909091,0.94674556213,0.937249960286,0.906698564593,0.898876404494,2,9,0,10,1,10
55,WLNM_dir_neg_kfold,0.851851851852,0.45584045584,00:00:02,10,90,7,13352,threshold_sweep,0.1,1,0.111111111111,0.2,1,0,8,18,0.111111111111,1,0,0.888888888889,1,0.111111111111,0.2,0.703703703704,0.654320987654,0.142857142857,0.277350098113,0.111111111111,94,85,9,0,94,0,85,0,9,23,88,0.173913043478,1.68507579377,7.65217391304,7.33333333333,5.5,3.63829000359,0.475458352741,0.249505928854,5.32278271304,1.39118184545,0.672924901186,3.27042079462,0.854769071322,0.442687747036,0.749191304359,0.444603920564,2.5,1.68507579377,0.749191304359,2.5,0.259446613992,0.18878248974,46,0.025974025974,0.333144633145,23,23,23,1,0,0.478260869565,0.217391304348,0.304347826087,23,0.156126482213,1.68985691515,6.86956521739,6.58333333333,4.9375,3.30707709213,0.481409956449,0.260319207485,4.73695420897,1.37911325071,0.672537149147,2.92055547264,0.850288302161,0.453494771602,0.752495275795,0.445301178488,2.5,1.68985691515,0.752495275795,2.5,0.269840765295,0.200342465753,39,0.0220214568041,0.276593860685,23,23,23,1,0,0.478260869565,0.217391304348,0.304347826087,23,80,0.158102766798,1.68907311397,6.95652173913,6.66666666667,5,3.39087359178,0.487438078818,0.263043478261,4.83236781052,1.38930574552,0.676086956522,2.96754513204,0.85316922546,0.45652173913,0.751891859637,0.445150570106,2.5,1.68907311397,0.751891859637,2.5,0.276817122272,0.208955223881,42,0.0237154150198,0.282560116651,23,23,23,1,0,0.478260869565,0.217391304348,0.304347826087,-8,-0.0158102766798,0.00399732020285,-0.695652173913,-0.666666666667,-0.5,-0.247416411809,0.0119797260766,0.0135375494071,-0.490414902526,-0.00187609993079,0.00316205533597,-0.302875662588,-0.00159984586192,0.0138339920949,0.00270055527815,0.000546649542032,0,0.00399732020285,0.00270055527815,0,0.0173705082796,0.0201727341405,-4,-0.00225861095426,-0.0505845164936,0,0,0,80,0,8,418,0.909090909091,1,0,0.0909090909091,1,0.909090909091,0.952380952381,0.944467458064,0.909090909091,0.909090909091,1,9,0,10,1,10
56,WLNM_dir_neg_kfold,0.851851851852,0.45584045584,00:00:02,10,90,7,13352,threshold_sweep,0.2,1,0.111111111111,0.2,1,0,8,18,0.111111111111,1,0,0.888888888889,1,0.111111111111,0.2,0.703703703704,0.654320987654,0.142857142857,0.277350098113,0.111111111111,94,85,9,0,94,0,85,0,9,23,88,0.173913043478,1.68507579377,7.65217391304,7.33333333333,5.5,3.63829000359,0.475458352741,0.249505928854,5.32278271304,1.39118184545,0.672924901186,3.27042079462,0.854769071322,0.442687747036,0.749191304359,0.444603920564,2.5,1.68507579377,0.749191304359,2.5,0.259446613992,0.18878248974,46,0.025974025974,0.333144633145,23,23,23,1,0,0.478260869565,0.217391304348,0.304347826087,23,0.156126482213,1.68985691515,6.86956521739,6.58333333333,4.9375,3.30707709213,0.481409956449,0.260319207485,4.73695420897,1.37911325071,0.672537149147,2.92055547264,0.850288302161,0.453494771602,0.752495275795,0.445301178488,2.5,1.68985691515,0.752495275795,2.5,0.269840765295,0.200342465753,39,0.0220214568041,0.276593860685,23,23,23,1,0,0.478260869565,0.217391304348,0.304347826087,23,80,0.158102766798,1.68907311397,6.95652173913,6.66666666667,5,3.39087359178,0.487438078818,0.263043478261,4.83236781052,1.38930574552,0.676086956522,2.96754513204,0.85316922546,0.45652173913,0.751891859637,0.445150570106,2.5,1.68907311397,0.751891859637,2.5,0.276817122272,0.208955223881,42,0.0237154150198,0.282560116651,23,23,23,1,0,0.478260869565,0.217391304348,0.304347826087,-8,-0.0158102766798,0.00399732020285,-0.695652173913,-0.666666666667,-0.5,-0.247416411809,0.0119797260766,0.0135375494071,-0.490414902526,-0.00187609993079,0.00316205533597,-0.302875662588,-0.00159984586192,0.0138339920949,0.00270055527815,0.000546649542032,0,0.00399732020285,0.00270055527815,0,0.0173705082796,0.0201727341405,-4,-0.00225861095426,-0.0505845164936,0,0,0,80,0,8,418,0.909090909091,1,0,0.0909090909091,1,0.909090909091,0.952380952381,0.944467458064,0.909090909091,0.909090909091,1,9,0,10,1,10
57,WLNM_dir_neg_kfold,0.851851851852,0.45584045584,00:00:02,10,90,7,13352,threshold_sweep,0.3,1,0.111111111111,0.2,1,0,8,18,0.111111111111,1,0,0.888888888889,1,0.111111111111,0.2,0.703703703704,0.654320987654,0.142857142857,0.277350098113,0.111111111111,94,85,9,0,94,0,85,0,9,23,88,0.173913043478,1.68507579377,7.65217391304,7.33333333333,5.5,3.63829000359,0.475458352741,0.249505928854,5.32278271304,1.39118184545,0.672924901186,3.27042079462,0.854769071322,0.442687747036,0.749191304359,0.444603920564,2.5,1.68507579377,0.749191304359,2.5,0.259446613992,0.18878248974,46,0.025974025974,0.333144633145,23,23,23,1,0,0.478260869565,0.217391304348,0.304347826087,23,0.156126482213,1.68985691515,6.86956521739,6.58333333333,4.9375,3.30707709213,0.481409956449,0.260319207485,4.73695420897,1.37911325071,0.672537149147,2.92055547264,0.850288302161,0.453494771602,0.752495275795,0.445301178488,2.5,1.68985691515,0.752495275795,2.5,0.269840765295,0.200342465753,39,0.0220214568041,0.276593860685,23,23,23,1,0,0.478260869565,0.217391304348,0.304347826087,23,80,0.158102766798,1.68907311397,6.95652173913,6.66666666667,5,3.39087359178,0.487438078818,0.263043478261,4.83236781052,1.38930574552,0.676086956522,2.96754513204,0.85316922546,0.45652173913,0.751891859637,0.445150570106,2.5,1.68907311397,0.751891859637,2.5,0.276817122272,0.208955223881,42,0.0237154150198,0.282560116651,23,23,23,1,0,0.478260869565,0.217391304348,0.304347826087,-8,-0.0158102766798,0.00399732020285,-0.695652173913,-0.666666666667,-0.5,-0.247416411809,0.0119797260766,0.0135375494071,-0.490414902526,-0.00187609993079,0.00316205533597,-0.302875662588,-0.00159984586192,0.0138339920949,0.00270055527815,0.000546649542032,0,0.00399732020285,0.00270055527815,0,0.0173705082796,0.0201727341405,-4,-0.00225861095426,-0.0505845164936,0,0,0,80,0,8,418,0.909090909091,1,0,0.0909090909091,1,0.909090909091,0.952380952381,0.944467458064,0.909090909091,0.909090909091,1,9,0,10,1,10
58,WLNM_dir_neg_kfold,0.851851851852,0.45584045584,00:00:02,10,90,7,13352,threshold_sweep,0.4,1,0.111111111111,0.2,1,0,8,18,0.111111111111,1,0,0.888888888889,1,0.111111111111,0.2,0.703703703704,0.654320987654,0.142857142857,0.277350098113,0.111111111111,94,85,9,0,94,0,85,0,9,23,88,0.173913043478,1.68507579377,7.65217391304,7.33333333333,5.5,3.63829000359,0.475458352741,0.249505928854,5.32278271304,1.39118184545,0.672924901186,3.27042079462,0.854769071322,0.442687747036,0.749191304359,0.444603920564,2.5,1.68507579377,0.749191304359,2.5,0.259446613992,0.18878248974,46,0.025974025974,0.333144633145,23,23,23,1,0,0.478260869565,0.217391304348,0.304347826087,23,0.156126482213,1.68985691515,6.86956521739,6.58333333333,4.9375,3.30707709213,0.481409956449,0.260319207485,4.73695420897,1.37911325071,0.672537149147,2.92055547264,0.850288302161,0.453494771602,0.752495275795,0.445301178488,2.5,1.68985691515,0.752495275795,2.5,0.269840765295,0.200342465753,39,0.0220214568041,0.276593860685,23,23,23,1,0,0.478260869565,0.217391304348,0.304347826087,23,80,0.158102766798,1.68907311397,6.95652173913,6.66666666667,5,3.39087359178,0.487438078818,0.263043478261,4.83236781052,1.38930574552,0.676086956522,2.96754513204,0.85316922546,0.45652173913,0.751891859637,0.445150570106,2.5,1.68907311397,0.751891859637,2.5,0.276817122272,0.208955223881,42,0.0237154150198,0.282560116651,23,23,23,1,0,0.478260869565,0.217391304348,0.304347826087,-8,-0.0158102766798,0.00399732020285,-0.695652173913,-0.666666666667,-0.5,-0.247416411809,0.0119797260766,0.0135375494071,-0.490414902526,-0.00187609993079,0.00316205533597,-0.302875662588,-0.00159984586192,0.0138339920949,0.00270055527815,0.000546649542032,0,0.00399732020285,0.00270055527815,0,0.0173705082796,0.0201727341405,-4,-0.00225861095426,-0.0505845164936,0,0,0,80,0,8,418,0.909090909091,1,0,0.0909090909091,1,0.909090909091,0.952380952381,0.944467458064,0.909090909091,0.909090909091,1,9,0,10,1,10
59,WLNM_dir_neg_kfold,0.851851851852,0.45584045584,00:00:02,10,90,7,13352,threshold_sweep,0.5,1,0.111111111111,0.2,1,0,8,18,0.111111111111,1,0,0.888888888889,1,0.111111111111,0.2,0.703703703704,0.654320987654,0.142857142857,0.277350098113,0.111111111111,94,85,9,0,94,0,85,0,9,23,88,0.173913043478,1.68507579377,7.65217391304,7.33333333333,5.5,3.63829000359,0.475458352741,0.249505928854,5.32278271304,1.39118184545,0.672924901186,3.27042079462,0.854769071322,0.442687747036,0.749191304359,0.444603920564,2.5,1.68507579377,0.749191304359,2.5,0.259446613992,0.18878248974,46,0.025974025974,0.333144633145,23,23,23,1,0,0.478260869565,0.217391304348,0.304347826087,23,0.156126482213,1.68985691515,6.86956521739,6.58333333333,4.9375,3.30707709213,0.481409956449,0.260319207485,4.73695420897,1.37911325071,0.672537149147,2.92055547264,0.850288302161,0.453494771602,0.752495275795,0.445301178488,2.5,1.68985691515,0.752495275795,2.5,0.269840765295,0.200342465753,39,0.0220214568041,0.276593860685,23,23,23,1,0,0.478260869565,0.217391304348,0.304347826087,23,80,0.158102766798,1.68907311397,6.95652173913,6.66666666667,5,3.39087359178,0.487438078818,0.263043478261,4.83236781052,1.38930574552,0.676086956522,2.96754513204,0.85316922546,0.45652173913,0.751891859637,0.445150570106,2.5,1.68907311397,0.751891859637,2.5,0.276817122272,0.208955223881,42,0.0237154150198,0.282560116651,23,23,23,1,0,0.478260869565,0.217391304348,0.304347826087,-8,-0.0158102766798,0.00399732020285,-0.695652173913,-0.666666666667,-0.5,-0.247416411809,0.0119797260766,0.0135375494071,-0.490414902526,-0.00187609993079,0.00316205533597,-0.302875662588,-0.00159984586192,0.0138339920949,0.00270055527815,0.000546649542032,0,0.00399732020285,0.00270055527815,0,0.0173705082796,0.0201727341405,-4,-0.00225861095426,-0.0505845164936,0,0,0,80,0,8,418,0.909090909091,1,0,0.0909090909091,1,0.909090909091,0.952380952381,0.944467458064,0.909090909091,0.909090909091,1,9,0,10,1,10
60,WLNM_dir_neg_kfold,0.851851851852,0.45584045584,00:00:02,10,90,7,13352,threshold_sweep,0.6,1,0.111111111111,0.2,1,0,8,18,0.111111111111,1,0,0.888888888889,1,0.111111111111,0.2,0.703703703704,0.654320987654,0.142857142857,0.277350098113,0.111111111111,94,85,9,0,94,0,85,0,9,23,88,0.173913043478,1.68507579377,7.65217391304,7.33333333333,5.5,3.63829000359,0.475458352741,0.249505928854,5.32278271304,1.39118184545,0.672924901186,3.27042079462,0.854769071322,0.442687747036,0.749191304359,0.444603920564,2.5,1.68507579377,0.749191304359,2.5,0.259446613992,0.18878248974,46,0.025974025974,0.333144633145,23,23,23,1,0,0.478260869565,0.217391304348,0.304347826087,23,0.156126482213,1.68985691515,6.86956521739,6.58333333333,4.9375,3.30707709213,0.481409956449,0.260319207485,4.73695420897,1.37911325071,0.672537149147,2.92055547264,0.850288302161,0.453494771602,0.752495275795,0.445301178488,2.5,1.68985691515,0.752495275795,2.5,0.269840765295,0.200342465753,39,0.0220214568041,0.276593860685,23,23,23,1,0,0.478260869565,0.217391304348,0.304347826087,23,80,0.158102766798,1.68907311397,6.95652173913,6.66666666667,5,3.39087359178,0.487438078818,0.263043478261,4.83236781052,1.38930574552,0.676086956522,2.96754513204,0.85316922546,0.45652173913,0.751891859637,0.445150570106,2.5,1.68907311397,0.751891859637,2.5,0.276817122272,0.208955223881,42,0.0237154150198,0.282560116651,23,23,23,1,0,0.478260869565,0.217391304348,0.304347826087,-8,-0.0158102766798,0.00399732020285,-0.695652173913,-0.666666666667,-0.5,-0.247416411809,0.0119797260766,0.0135375494071,-0.490414902526,-0.00187609993079,0.00316205533597,-0.302875662588,-0.00159984586192,0.0138339920949,0.00270055527815,0.000546649542032,0,0.00399732020285,0.00270055527815,0,0.0173705082796,0.0201727341405,-4,-0.00225861095426,-0.0505845164936,0,0,0,80,0,8,418,0.909090909091,1,0,0.0909090909091,1,0.909090909091,0.952380952381,0.944467458064,0.909090909091,0.909090909091,1,9,0,10,1,10
61,WLNM_dir_neg_kfold,0.851851851852,0.45584045584,00:00:02,10,90,7,13352,threshold_sweep,0.7,1,0.111111111111,0.2,1,0,8,18,0.111111111111,1,0,0.888888888889,1,0.111111111111,0.2,0.703703703704,0.654320987654,0.142857142857,0.277350098113,0.111111111111,94,85,9,0,94,0,85,0,9,23,88,0.173913043478,1.68507579377,7.65217391304,7.33333333333,5.5,3.63829000359,0.475458352741,0.249505928854,5.32278271304,1.39118184545,0.672924901186,3.27042079462,0.854769071322,0.442687747036,0.749191304359,0.444603920564,2.5,1.68507579377,0.749191304359,2.5,0.259446613992,0.18878248974,46,0.025974025974,0.333144633145,23,23,23,1,0,0.478260869565,0.217391304348,0.304347826087,23,0.156126482213,1.68985691515,6.86956521739,6.58333333333,4.9375,3.30707709213,0.481409956449,0.260319207485,4.73695420897,1.37911325071,0.672537149147,2.92055547264,0.850288302161,0.453494771602,0.752495275795,0.445301178488,2.5,1.68985691515,0.752495275795,2.5,0.269840765295,0.200342465753,39,0.0220214568041,0.276593860685,23,23,23,1,0,0.478260869565,0.217391304348,0.304347826087,23,80,0.158102766798,1.68907311397,6.95652173913,6.66666666667,5,3.39087359178,0.487438078818,0.263043478261,4.83236781052,1.38930574552,0.676086956522,2.96754513204,0.85316922546,0.45652173913,0.751891859637,0.445150570106,2.5,1.68907311397,0.751891859637,2.5,0.276817122272,0.208955223881,42,0.0237154150198,0.282560116651,23,23,23,1,0,0.478260869565,0.217391304348,0.304347826087,-8,-0.0158102766798,0.00399732020285,-0.695652173913,-0.666666666667,-0.5,-0.247416411809,0.0119797260766,0.0135375494071,-0.490414902526,-0.00187609993079,0.00316205533597,-0.302875662588,-0.00159984586192,0.0138339920949,0.00270055527815,0.000546649542032,0,0.00399732020285,0.00270055527815,0,0.0173705082796,0.0201727341405,-4,-0.00225861095426,-0.0505845164936,0,0,0,80,0,8,418,0.909090909091,1,0,0.0909090909091,1,0.909090909091,0.952380952381,0.944467458064,0.909090909091,0.909090909091,1,9,0,10,1,10
62,WLNM_dir_neg_kfold,0.851851851852,0.45584045584,00:00:02,10,90,7,13352,threshold_sweep,0.8,1,0.111111111111,0.2,1,0,8,18,0.111111111111,1,0,0.888888888889,1,0.111111111111,0.2,0.703703703704,0.654320987654,0.142857142857,0.277350098113,0.111111111111,94,85,9,0,94,0,85,0,9,23,88,0.173913043478,1.68507579377,7.65217391304,7.33333333333,5.5,3.63829000359,0.475458352741,0.249505928854,5.32278271304,1.39118184545,0.672924901186,3.27042079462,0.854769071322,0.442687747036,0.749191304359,0.444603920564,2.5,1.68507579377,0.749191304359,2.5,0.259446613992,0.18878248974,46,0.025974025974,0.333144633145,23,23,23,1,0,0.478260869565,0.217391304348,0.304347826087,23,0.156126482213,1.68985691515,6.86956521739,6.58333333333,4.9375,3.30707709213,0.481409956449,0.260319207485,4.73695420897,1.37911325071,0.672537149147,2.92055547264,0.850288302161,0.453494771602,0.752495275795,0.445301178488,2.5,1.68985691515,0.752495275795,2.5,0.269840765295,0.200342465753,39,0.0220214568041,0.276593860685,23,23,23,1,0,0.478260869565,0.217391304348,0.304347826087,23,80,0.158102766798,1.68907311397,6.95652173913,6.66666666667,5,3.39087359178,0.487438078818,0.263043478261,4.83236781052,1.38930574552,0.676086956522,2.96754513204,0.85316922546,0.45652173913,0.751891859637,0.445150570106,2.5,1.68907311397,0.751891859637,2.5,0.276817122272,0.208955223881,42,0.0237154150198,0.282560116651,23,23,23,1,0,0.478260869565,0.217391304348,0.304347826087,-8,-0.0158102766798,0.00399732020285,-0.695652173913,-0.666666666667,-0.5,-0.247416411809,0.0119797260766,0.0135375494071,-0.490414902526,-0.00187609993079,0.00316205533597,-0.302875662588,-0.00159984586192,0.0138339920949,0.00270055527815,0.000546649542032,0,0.00399732020285,0.00270055527815,0,0.0173705082796,0.0201727341405,-4,-0.00225861095426,-0.0505845164936,0,0,0,80,0,8,418,0.909090909091,1,0,0.0909090909091,1,0.909090909091,0.952380952381,0.944467458064,0.909090909091,0.909090909091,1,9,0,10,1,10
63,WLNM_dir_neg_kfold,0.851851851852,0.45584045584,00:00:02,10,90,7,13352,threshold_sweep,0.9,1,0.111111111111,0.2,1,0,8,18,0.111111111111,1,0,0.888888888889,1,0.111111111111,0.2,0.703703703704,0.654320987654,0.142857142857,0.277350098113,0.111111111111,94,85,9,0,94,0,85,0,9,23,88,0.173913043478,1.68507579377,7.65217391304,7.33333333333,5.5,3.63829000359,0.475458352741,0.249505928854,5.32278271304,1.39118184545,0.672924901186,3.27042079462,0.854769071322,0.442687747036,0.749191304359,0.444603920564,2.5,1.68507579377,0.749191304359,2.5,0.259446613992,0.18878248974,46,0.025974025974,0.333144633145,23,23,23,1,0,0.478260869565,0.217391304348,0.304347826087,23,0.156126482213,1.68985691515,6.86956521739,6.58333333333,4.9375,3.30707709213,0.481409956449,0.260319207485,4.73695420897,1.37911325071,0.672537149147,2.92055547264,0.850288302161,0.453494771602,0.752495275795,0.445301178488,2.5,1.68985691515,0.752495275795,2.5,0.269840765295,0.200342465753,39,0.0220214568041,0.276593860685,23,23,23,1,0,0.478260869565,0.217391304348,0.304347826087,23,80,0.158102766798,1.68907311397,6.95652173913,6.66666666667,5,3.39087359178,0.487438078818,0.263043478261,4.83236781052,1.38930574552,0.676086956522,2.96754513204,0.85316922546,0.45652173913,0.751891859637,0.445150570106,2.5,1.68907311397,0.751891859637,2.5,0.276817122272,0.208955223881,42,0.0237154150198,0.282560116651,23,23,23,1,0,0.478260869565,0.217391304348,0.304347826087,-8,-0.0158102766798,0.00399732020285,-0.695652173913,-0.666666666667,-0.5,-0.247416411809,0.0119797260766,0.0135375494071,-0.490414902526,-0.00187609993079,0.00316205533597,-0.302875662588,-0.00159984586192,0.0138339920949,0.00270055527815,0.000546649542032,0,0.00399732020285,0.00270055527815,0,0.0173705082796,0.0201727341405,-4,-0.00225861095426,-0.0505845164936,0,0,0,80,0,8,418,0.909090909091,1,0,0.0909090909091,1,0.909090909091,0.952380952381,0.944467458064,0.909090909091,0.909090909091,1,9,0,10,1,10
64,WLNM_dir_neg_kfold,0.851851851852,0.444444444444,00:00:02,10,90,8,13353,threshold_sweep,0.1,0.5,0.111111111111,0.181818181818,1,1,8,17,0.111111111111,0.944444444444,0.0555555555556,0.888888888889,0.5,0.111111111111,0.181818181818,0.666666666667,0.641975308642,0.0689655172414,0.1,0.0555555555556,94,85,9,0,94,0,85,0,9,23,88,0.173913043478,1.68507579377,7.65217391304,7.33333333333,5.5,3.63829000359,0.475458352741,0.249505928854,5.32278271304,1.39118184545,0.672924901186,3.27042079462,0.854769071322,0.442687747036,0.749191304359,0.444603920564,2.5,1.68507579377,0.749191304359,2.5,0.259446613992,0.18878248974,46,0.025974025974,0.333144633145,23,23,23,1,0,0.478260869565,0.217391304348,0.304347826087,23,0.156126482213,1.68985691515,6.86956521739,6.58333333333,4.9375,3.30707709213,0.481409956449,0.260319207485,4.73695420897,1.37911325071,0.672537149147,2.92055547264,0.850288302161,0.453494771602,0.752495275795,0.445301178488,2.5,1.68985691515,0.752495275795,2.5,0.269840765295,0.200342465753,39,0.0220214568041,0.276593860685,23,23,23,1,0,0.478260869565,0.217391304348,0.304347826087,23,81,0.160079051383,1.77441837916,7.04347826087,6.75,4.76470588235,3.3231729207,0.471808501087,0.256038647343,4.81351851293,1.36680155305,0.669887278583,2.92123207533,0.82948565102,0.44551798175,0.882435246265,0.497309572888,3,1.77441837916,0.882435246265,3,0.310640808467,0.211129296236,43,0.0242800677583,0.272103822104,23,23,23,1,0,0.478260869565,0.260869565217,0.260869565217,-7,-0.0138339920949,0.08934258539,-0.608695652174,-0.583333333333,-0.735294117647,-0.315117082887,-0.00364985165447,0.00653271848924,-0.509264200115,-0.0243802924007,-0.00303762260284,-0.349188719293,-0.0252834203023,0.00283023471429,0.133243941906,0.0527056523233,0.5,0.08934258539,0.133243941906,0.5,0.0511941944748,0.0223468064956,-3,-0.0016939582157,-0.0610408110408,0,0.0434782608696,-0.0434782608696,80,1,8,417,0.909090909091,0.997607655502,0.00239234449761,0.0909090909091,0.987654320988,0.909090909091,0.94674556213,0.937249960286,0.906698564593,0.898876404494,2,9,0,10,1,10
65,WLNM_dir_neg_kfold,0.851851851852,0.444444444444,00:00:02,10,90,8,13353,threshold_sweep,0.2,0.5,0.111111111111,0.181818181818,1,1,8,17,0.111111111111,0.944444444444,0.0555555555556,0.888888888889,0.5,0.111111111111,0.181818181818,0.666666666667,0.641975308642,0.0689655172414,0.1,0.0555555555556,94,85,9,0,94,0,85,0,9,23,88,0.173913043478,1.68507579377,7.65217391304,7.33333333333,5.5,3.63829000359,0.475458352741,0.249505928854,5.32278271304,1.39118184545,0.672924901186,3.27042079462,0.854769071322,0.442687747036,0.749191304359,0.444603920564,2.5,1.68507579377,0.749191304359,2.5,0.259446613992,0.18878248974,46,0.025974025974,0.333144633145,23,23,23,1,0,0.478260869565,0.217391304348,0.304347826087,23,0.156126482213,1.68985691515,6.86956521739,6.58333333333,4.9375,3.30707709213,0.481409956449,0.260319207485,4.73695420897,1.37911325071,0.672537149147,2.92055547264,0.850288302161,0.453494771602,0.752495275795,0.445301178488,2.5,1.68985691515,0.752495275795,2.5,0.269840765295,0.200342465753,39,0.0220214568041,0.276593860685,23,23,23,1,0,0.478260869565,0.217391304348,0.304347826087,23,81,0.160079051383,1.77441837916,7.04347826087,6.75,4.76470588235,3.3231729207,0.471808501087,0.256038647343,4.81351851293,1.36680155305,0.669887278583,2.92123207533,0.82948565102,0.44551798175,0.882435246265,0.497309572888,3,1.77441837916,0.882435246265,3,0.310640808467,0.211129296236,43,0.0242800677583,0.272103822104,23,23,23,1,0,0.478260869565,0.260869565217,0.260869565217,-7,-0.0138339920949,0.08934258539,-0.608695652174,-0.583333333333,-0.735294117647,-0.315117082887,-0.00364985165447,0.00653271848924,-0.509264200115,-0.0243802924007,-0.00303762260284,-0.349188719293,-0.0252834203023,0.00283023471429,0.133243941906,0.0527056523233,0.5,0.08934258539,0.133243941906,0.5,0.0511941944748,0.0223468064956,-3,-0.0016939582157,-0.0610408110408,0,0.0434782608696,-0.0434782608696,80,1,8,417,0.909090909091,0.997607655502,0.00239234449761,0.0909090909091,0.987654320988,0.909090909091,0.94674556213,0.937249960286,0.906698564593,0.898876404494,2,9,0,10,1,10
66,WLNM_dir_neg_kfold,0.851851851852,0.444444444444,00:00:02,10,90,8,13353,threshold_sweep,0.3,1,0.111111111111,0.2,1,0,8,18,0.111111111111,1,0,0.888888888889,1,0.111111111111,0.2,0.703703703704,0.654320987654,0.142857142857,0.277350098113,0.111111111111,94,85,9,0,94,0,85,0,9,23,88,0.173913043478,1.68507579377,7.65217391304,7.33333333333,5.5,3.63829000359,0.475458352741,0.249505928854,5.32278271304,1.39118184545,0.672924901186,3.27042079462,0.854769071322,0.442687747036,0.749191304359,0.444603920564,2.5,1.68507579377,0.749191304359,2.5,0.259446613992,0.18878248974,46,0.025974025974,0.333144633145,23,23,23,1,0,0.478260869565,0.217391304348,0.304347826087,23,0.156126482213,1.68985691515,6.86956521739,6.58333333333,4.9375,3.30707709213,0.481409956449,0.260319207485,4.73695420897,1.37911325071,0.672537149147,2.92055547264,0.850288302161,0.453494771602,0.752495275795,0.445301178488,2.5,1.68985691515,0.752495275795,2.5,0.269840765295,0.200342465753,39,0.0220214568041,0.276593860685,23,23,23,1,0,0.478260869565,0.217391304348,0.304347826087,23,80,0.158102766798,1.68907311397,6.95652173913,6.66666666667,5,3.39087359178,0.487438078818,0.263043478261,4.83236781052,1.38930574552,0.676086956522,2.96754513204,0.85316922546,0.45652173913,0.751891859637,0.445150570106,2.5,1.68907311397,0.751891859637,2.5,0.276817122272,0.208955223881,42,0.0237154150198,0.282560116651,23,23,23,1,0,0.478260869565,0.217391304348,0.304347826087,-8,-0.0158102766798,0.00399732020285,-0.695652173913,-0.666666666667,-0.5,-0.247416411809,0.0119797260766,0.0135375494071,-0.490414902526,-0.00187609993079,0.00316205533597,-0.302875662588,-0.00159984586192,0.0138339920949,0.00270055527815,0.000546649542032,0,0.00399732020285,0.00270055527815,0,0.0173705082796,0.0201727341405,-4,-0.00225861095426,-0.0505845164936,0,0,0,80,0,8,418,0.909090909091,1,0,0.0909090909091,1,0.909090909091,0.952380952381,0.944467458064,0.909090909091,0.909090909091,1,9,0,10,1,10
67,WLNM_dir_neg_kfold,0.851851851852,0.444444444444,00:00:02,10,90,8,13353,threshold_sweep,0.4,1,0.111111111111,0.2,1,0,8,18,0.111111111111,1,0,0.888888888889,1,0.111111111111,0.2,0.703703703704,0.654320987654,0.142857142857,0.277350098113,0.111111111111,94,85,9,0,94,0,85,0,9,23,88,0.173913043478,1.68507579377,7.65217391304,7.33333333333,5.5,3.63829000359,0.475458352741,0.249505928854,5.32278271304,1.39118184545,0.672924901186,3.27042079462,0.854769071322,0.442687747036,0.749191304359,0.444603920564,2.5,1.68507579377,0.749191304359,2.5,0.259446613992,0.18878248974,46,0.025974025974,0.333144633145,23,23,23,1,0,0.478260869565,0.217391304348,0.304347826087,23,0.156126482213,1.68985691515,6.86956521739,6.58333333333,4.9375,3.30707709213,0.481409956449,0.260319207485,4.73695420897,1.37911325071,0.672537149147,2.92055547264,0.850288302161,0.453494771602,0.752495275795,0.445301178488,2.5,1.68985691515,0.752495275795,2.5,0.269840765295,0.200342465753,39,0.0220214568041,0.276593860685,23,23,23,1,0,0.478260869565,0.217391304348,0.304347826087,23,80,0.158102766798,1.68907311397,6.95652173913,6.66666666667,5,3.39087359178,0.487438078818,0.263043478261,4.83236781052,1.38930574552,0.676086956522,2.96754513204,0.85316922546,0.45652173913,0.751891859637,0.445150570106,2.5,1.68907311397,0.751891859637,2.5,0.276817122272,0.208955223881,42,0.0237154150198,0.282560116651,23,23,23,1,0,0.478260869565,0.217391304348,0.304347826087,-8,-0.0158102766798,0.00399732020285,-0.695652173913,-0.666666666667,-0.5,-0.247416411809,0.0119797260766,0.0135375494071,-0.490414902526,-0.00187609993079,0.00316205533597,-0.302875662588,-0.00159984586192,0.0138339920949,0.00270055527815,0.000546649542032,0,0.00399732020285,0.00270055527815,0,0.0173705082796,0.0201727341405,-4,-0.00225861095426,-0.0505845164936,0,0,0,80,0,8,418,0.909090909091,1,0,0.0909090909091,1,0.909090909091,0.952380952381,0.944467458064,0.909090909091,0.909090909091,1,9,0,10,1,10
68,WLNM_dir_neg_kfold,0.851851851852,0.444444444444,00:00:02,10,90,8,13353,threshold_sweep,0.5,1,0.111111111111,0.2,1,0,8,18,0.111111111111,1,0,0.888888888889,1,0.111111111111,0.2,0.703703703704,0.654320987654,0.142857142857,0.277350098113,0.111111111111,94,85,9,0,94,0,85,0,9,23,88,0.173913043478,1.68507579377,7.65217391304,7.33333333333,5.5,3.63829000359,0.475458352741,0.249505928854,5.32278271304,1.39118184545,0.672924901186,3.27042079462,0.854769071322,0.442687747036,0.749191304359,0.444603920564,2.5,1.68507579377,0.749191304359,2.5,0.259446613992,0.18878248974,46,0.025974025974,0.333144633145,23,23,23,1,0,0.478260869565,0.217391304348,0.304347826087,23,0.156126482213,1.68985691515,6.86956521739,6.58333333333,4.9375,3.30707709213,0.481409956449,0.260319207485,4.73695420897,1.37911325071,0.672537149147,2.92055547264,0.850288302161,0.453494771602,0.752495275795,0.445301178488,2.5,1.68985691515,0.752495275795,2.5,0.269840765295,0.200342465753,39,0.0220214568041,0.276593860685,23,23,23,1,0,0.478260869565,0.217391304348,0.304347826087,23,80,0.158102766798,1.68907311397,6.95652173913,6.66666666667,5,3.39087359178,0.487438078818,0.263043478261,4.83236781052,1.38930574552,0.676086956522,2.96754513204,0.85316922546,0.45652173913,0.751891859637,0.445150570106,2.5,1.68907311397,0.751891859637,2.5,0.276817122272,0.208955223881,42,0.0237154150198,0.282560116651,23,23,23,1,0,0.478260869565,0.217391304348,0.304347826087,-8,-0.0158102766798,0.00399732020285,-0.695652173913,-0.666666666667,-0.5,-0.247416411809,0.0119797260766,0.0135375494071,-0.490414902526,-0.00187609993079,0.00316205533597,-0.302875662588,-0.00159984586192,0.0138339920949,0.00270055527815,0.000546649542032,0,0.00399732020285,0.00270055527815,0,0.0173705082796,0.0201727341405,-4,-0.00225861095426,-0.0505845164936,0,0,0,80,0,8,418,0.909090909091,1,0,0.0909090909091,1,0.909090909091,0.952380952381,0.944467458064,0.909090909091,0.909090909091,1,9,0,10,1,10
69,WLNM_dir_neg_kfold,0.851851851852,0.444444444444,00:00:02,10,90,8,13353,threshold_sweep,0.6,1,0.111111111111,0.2,1,0,8,18,0.111111111111,1,0,0.888888888889,1,0.111111111111,0.2,0.703703703704,0.654320987654,0.142857142857,0.277350098113,0.111111111111,94,85,9,0,94,0,85,0,9,23,88,0.173913043478,1.68507579377,7.65217391304,7.33333333333,5.5,3.63829000359,0.475458352741,0.249505928854,5.32278271304,1.39118184545,0.672924901186,3.27042079462,0.854769071322,0.442687747036,0.749191304359,0.444603920564,2.5,1.68507579377,0.749191304359,2.5,0.259446613992,0.18878248974,46,0.025974025974,0.333144633145,23,23,23,1,0,0.478260869565,0.217391304348,0.304347826087,23,0.156126482213,1.68985691515,6.86956521739,6.58333333333,4.9375,3.30707709213,0.481409956449,0.260319207485,4.73695420897,1.37911325071,0.672537149147,2.92055547264,0.850288302161,0.453494771602,0.752495275795,0.445301178488,2.5,1.68985691515,0.752495275795,2.5,0.269840765295,0.200342465753,39,0.0220214568041,0.276593860685,23,23,23,1,0,0.478260869565,0.217391304348,0.304347826087,23,80,0.158102766798,1.68907311397,6.95652173913,6.66666666667,5,3.39087359178,0.487438078818,0.263043478261,4.83236781052,1.38930574552,0.676086956522,2.96754513204,0.85316922546,0.45652173913,0.751891859637,0.445150570106,2.5,1.68907311397,0.751891859637,2.5,0.276817122272,0.208955223881,42,0.0237154150198,0.282560116651,23,23,23,1,0,0.478260869565,0.217391304348,0.304347826087,-8,-0.0158102766798,0.00399732020285,-0.695652173913,-0.666666666667,-0.5,-0.247416411809,0.0119797260766,0.0135375494071,-0.490414902526,-0.00187609993079,0.00316205533597,-0.302875662588,-0.00159984586192,0.0138339920949,0.00270055527815,0.000546649542032,0,0.00399732020285,0.00270055527815,0,0.0173705082796,0.0201727341405,-4,-0.00225861095426,-0.0505845164936,0,0,0,80,0,8,418,0.909090909091,1,0,0.0909090909091,1,0.909090909091,0.952380952381,0.944467458064,0.909090909091,0.909090909091,1,9,0,10,1,10
70,WLNM_dir_neg_kfold,0.851851851852,0.444444444444,00:00:02,10,90,8,13353,threshold_sweep,0.7,1,0.111111111111,0.2,1,0,8,18,0.111111111111,1,0,0.888888888889,1,0.111111111111,0.2,0.703703703704,0.654320987654,0.142857142857,0.277350098113,0.111111111111,94,85,9,0,94,0,85,0,9,23,88,0.173913043478,1.68507579377,7.65217391304,7.33333333333,5.5,3.63829000359,0.475458352741,0.249505928854,5.32278271304,1.39118184545,0.672924901186,3.27042079462,0.854769071322,0.442687747036,0.749191304359,0.444603920564,2.5,1.68507579377,0.749191304359,2.5,0.259446613992,0.18878248974,46,0.025974025974,0.333144633145,23,23,23,1,0,0.478260869565,0.217391304348,0.304347826087,23,0.156126482213,1.68985691515,6.86956521739,6.58333333333,4.9375,3.30707709213,0.481409956449,0.260319207485,4.73695420897,1.37911325071,0.672537149147,2.92055547264,0.850288302161,0.453494771602,0.752495275795,0.445301178488,2.5,1.68985691515,0.752495275795,2.5,0.269840765295,0.200342465753,39,0.0220214568041,0.276593860685,23,23,23,1,0,0.478260869565,0.217391304348,0.304347826087,23,80,0.158102766798,1.68907311397,6.95652173913,6.66666666667,5,3.39087359178,0.487438078818,0.263043478261,4.83236781052,1.38930574552,0.676086956522,2.96754513204,0.85316922546,0.45652173913,0.751891859637,0.445150570106,2.5,1.68907311397,0.751891859637,2.5,0.276817122272,0.208955223881,42,0.0237154150198,0.282560116651,23,23,23,1,0,0.478260869565,0.217391304348,0.304347826087,-8,-0.0158102766798,0.00399732020285,-0.695652173913,-0.666666666667,-0.5,-0.247416411809,0.0119797260766,0.0135375494071,-0.490414902526,-0.00187609993079,0.00316205533597,-0.302875662588,-0.00159984586192,0.0138339920949,0.00270055527815,0.000546649542032,0,0.00399732020285,0.00270055527815,0,0.0173705082796,0.0201727341405,-4,-0.00225861095426,-0.0505845164936,0,0,0,80,0,8,418,0.909090909091,1,0,0.0909090909091,1,0.909090909091,0.952380952381,0.944467458064,0.909090909091,0.909090909091,1,9,0,10,1,10
71,WLNM_dir_neg_kfold,0.851851851852,0.444444444444,00:00:02,10,90,8,13353,threshold_sweep,0.8,1,0.111111111111,0.2,1,0,8,18,0.111111111111,1,0,0.888888888889,1,0.111111111111,0.2,0.703703703704,0.654320987654,0.142857142857,0.277350098113,0.111111111111,94,85,9,0,94,0,85,0,9,23,88,0.173913043478,1.68507579377,7.65217391304,7.33333333333,5.5,3.63829000359,0.475458352741,0.249505928854,5.32278271304,1.39118184545,0.672924901186,3.27042079462,0.854769071322,0.442687747036,0.749191304359,0.444603920564,2.5,1.68507579377,0.749191304359,2.5,0.259446613992,0.18878248974,46,0.025974025974,0.333144633145,23,23,23,1,0,0.478260869565,0.217391304348,0.304347826087,23,0.156126482213,1.68985691515,6.86956521739,6.58333333333,4.9375,3.30707709213,0.481409956449,0.260319207485,4.73695420897,1.37911325071,0.672537149147,2.92055547264,0.850288302161,0.453494771602,0.752495275795,0.445301178488,2.5,1.68985691515,0.752495275795,2.5,0.269840765295,0.200342465753,39,0.0220214568041,0.276593860685,23,23,23,1,0,0.478260869565,0.217391304348,0.304347826087,23,80,0.158102766798,1.68907311397,6.95652173913,6.66666666667,5,3.39087359178,0.487438078818,0.263043478261,4.83236781052,1.38930574552,0.676086956522,2.96754513204,0.85316922546,0.45652173913,0.751891859637,0.445150570106,2.5,1.68907311397,0.751891859637,2.5,0.276817122272,0.208955223881,42,0.0237154150198,0.282560116651,23,23,23,1,0,0.478260869565,0.217391304348,0.304347826087,-8,-0.0158102766798,0.00399732020285,-0.695652173913,-0.666666666667,-0.5,-0.247416411809,0.0119797260766,0.0135375494071,-0.490414902526,-0.00187609993079,0.00316205533597,-0.302875662588,-0.00159984586192,0.0138339920949,0.00270055527815,0.000546649542032,0,0.00399732020285,0.00270055527815,0,0.0173705082796,0.0201727341405,-4,-0.00225861095426,-0.0505845164936,0,0,0,80,0,8,418,0.909090909091,1,0,0.0909090909091,1,0.909090909091,0.952380952381,0.944467458064,0.909090909091,0.909090909091,1,9,0,10,1,10
72,WLNM_dir_neg_kfold,0.851851851852,0.444444444444,00:00:02,10,90,8,13353,threshold_sweep,0.9,1,0.111111111111,0.2,1,0,8,18,0.111111111111,1,0,0.888888888889,1,0.111111111111,0.2,0.703703703704,0.654320987654,0.142857142857,0.277350098113,0.111111111111,94,85,9,0,94,0,85,0,9,23,88,0.173913043478,1.68507579377,7.65217391304,7.33333333333,5.5,3.63829000359,0.475458352741,0.249505928854,5.32278271304,1.39118184545,0.672924901186,3.27042079462,0.854769071322,0.442687747036,0.749191304359,0.444603920564,2.5,1.68507579377,0.749191304359,2.5,0.259446613992,0.18878248974,46,0.025974025974,0.333144633145,23,23,23,1,0,0.478260869565,0.217391304348,0.304347826087,23,0.156126482213,1.68985691515,6.86956521739,6.58333333333,4.9375,3.30707709213,0.481409956449,0.260319207485,4.73695420897,1.37911325071,0.672537149147,2.92055547264,0.850288302161,0.453494771602,0.752495275795,0.445301178488,2.5,1.68985691515,0.752495275795,2.5,0.269840765295,0.200342465753,39,0.0220214568041,0.276593860685,23,23,23,1,0,0.478260869565,0.217391304348,0.304347826087,23,80,0.158102766798,1.68907311397,6.95652173913,6.66666666667,5,3.39087359178,0.487438078818,0.263043478261,4.83236781052,1.38930574552,0.676086956522,2.96754513204,0.85316922546,0.45652173913,0.751891859637,0.445150570106,2.5,1.68907311397,0.751891859637,2.5,0.276817122272,0.208955223881,42,0.0237154150198,0.282560116651,23,23,23,1,0,0.478260869565,0.217391304348,0.304347826087,-8,-0.0158102766798,0.00399732020285,-0.695652173913,-0.666666666667,-0.5,-0.247416411809,0.0119797260766,0.0135375494071,-0.490414902526,-0.00187609993079,0.00316205533597,-0.302875662588,-0.00159984586192,0.0138339920949,0.00270055527815,0.000546649542032,0,0.00399732020285,0.00270055527815,0,0.0173705082796,0.0201727341405,-4,-0.00225861095426,-0.0505845164936,0,0,0,80,0,8,418,0.909090909091,1,0,0.0909090909091,1,0.909090909091,0.952380952381,0.944467458064,0.909090909091,0.909090909091,1,9,0,10,1,10
73,WLNM_dir_neg_kfold,0.802469135802,0.396825396825,00:00:02,10,90,9,13354,threshold_sweep,0.1,1,0.111111111111,0.2,1,0,8,18,0.111111111111,1,0,0.888888888889,1,0.111111111111,0.2,0.703703703704,0.654320987654,0.142857142857,0.277350098113,0.111111111111,94,85,9,0,94,0,85,0,9,23,88,0.173913043478,1.68507579377,7.65217391304,7.33333333333,5.5,3.63829000359,0.475458352741,0.249505928854,5.32278271304,1.39118184545,0.672924901186,3.27042079462,0.854769071322,0.442687747036,0.749191304359,0.444603920564,2.5,1.68507579377,0.749191304359,2.5,0.259446613992,0.18878248974,46,0.025974025974,0.333144633145,23,23,23,1,0,0.478260869565,0.217391304348,0.304347826087,23,0.156126482213,1.68985691515,6.86956521739,6.58333333333,4.9375,3.30707709213,0.481409956449,0.260319207485,4.73695420897,1.37911325071,0.672537149147,2.92055547264,0.850288302161,0.453494771602,0.752495275795,0.445301178488,2.5,1.68985691515,0.752495275795,2.5,0.269840765295,0.200342465753,39,0.0220214568041,0.276593860685,23,23,23,1,0,0.478260869565,0.217391304348,0.304347826087,23,80,0.158102766798,1.68907311397,6.95652173913,6.66666666667,5,3.39087359178,0.487438078818,0.263043478261,4.83236781052,1.38930574552,0.676086956522,2.96754513204,0.85316922546,0.45652173913,0.751891859637,0.445150570106,2.5,1.68907311397,0.751891859637,2.5,0.276817122272,0.208955223881,42,0.0237154150198,0.282560116651,23,23,23,1,0,0.478260869565,0.217391304348,0.304347826087,-8,-0.0158102766798,0.00399732020285,-0.695652173913,-0.666666666667,-0.5,-0.247416411809,0.0119797260766,0.0135375494071,-0.490414902526,-0.00187609993079,0.00316205533597,-0.302875662588,-0.00159984586192,0.0138339920949,0.00270055527815,0.000546649542032,0,0.00399732020285,0.00270055527815,0,0.0173705082796,0.0201727341405,-4,-0.00225861095426,-0.0505845164936,0,0,0,80,0,8,418,0.909090909091,1,0,0.0909090909091,1,0.909090909091,0.952380952381,0.944467458064,0.909090909091,0.909090909091,1,9,0,10,1,10
74,WLNM_dir_neg_kfold,0.802469135802,0.396825396825,00:00:02,10,90,9,13354,threshold_sweep,0.2,1,0.111111111111,0.2,1,0,8,18,0.111111111111,1,0,0.888888888889,1,0.111111111111,0.2,0.703703703704,0.654320987654,0.142857142857,0.277350098113,0.111111111111,94,85,9,0,94,0,85,0,9,23,88,0.173913043478,1.68507579377,7.65217391304,7.33333333333,5.5,3.63829000359,0.475458352741,0.249505928854,5.32278271304,1.39118184545,0.672924901186,3.27042079462,0.854769071322,0.442687747036,0.749191304359,0.444603920564,2.5,1.68507579377,0.749191304359,2.5,0.259446613992,0.18878248974,46,0.025974025974,0.333144633145,23,23,23,1,0,0.478260869565,0.217391304348,0.304347826087,23,0.156126482213,1.68985691515,6.86956521739,6.58333333333,4.9375,3.30707709213,0.481409956449,0.260319207485,4.73695420897,1.37911325071,0.672537149147,2.92055547264,0.850288302161,0.453494771602,0.752495275795,0.445301178488,2.5,1.68985691515,0.752495275795,2.5,0.269840765295,0.200342465753,39,0.0220214568041,0.276593860685,23,23,23,1,0,0.478260869565,0.217391304348,0.304347826087,23,80,0.158102766798,1.68907311397,6.95652173913,6.66666666667,5,3.39087359178,0.487438078818,0.263043478261,4.83236781052,1.38930574552,0.676086956522,2.96754513204,0.85316922546,0.45652173913,0.751891859637,0.445150570106,2.5,1.68907311397,0.751891859637,2.5,0.276817122272,0.208955223881,42,0.0237154150198,0.282560116651,23,23,23,1,0,0.478260869565,0.217391304348,0.304347826087,-8,-0.0158102766798,0.00399732020285,-0.695652173913,-0.666666666667,-0.5,-0.247416411809,0.0119797260766,0.0135375494071,-0.490414902526,-0.00187609993079,0.00316205533597,-0.302875662588,-0.00159984586192,0.0138339920949,0.00270055527815,0.000546649542032,0,0.00399732020285,0.00270055527815,0,0.0173705082796,0.0201727341405,-4,-0.00225861095426,-0.0505845164936,0,0,0,80,0,8,418,0.909090909091,1,0,0.0909090909091,1,0.909090909091,0.952380952381,0.944467458064,0.909090909091,0.909090909091,1,9,0,10,1,10
75,WLNM_dir_neg_kfold,0.802469135802,0.396825396825,00:00:02,10,90,9,13354,threshold_sweep,0.3,1,0.111111111111,0.2,1,0,8,18,0.111111111111,1,0,0.888888888889,1,0.111111111111,0.2,0.703703703704,0.654320987654,0.142857142857,0.277350098113,0.111111111111,94,85,9,0,94,0,85,0,9,23,88,0.173913043478,1.68507579377,7.65217391304,7.33333333333,5.5,3.63829000359,0.475458352741,0.249505928854,5.32278271304,1.39118184545,0.672924901186,3.27042079462,0.854769071322,0.442687747036,0.749191304359,0.444603920564,2.5,1.68507579377,0.749191304359,2.5,0.259446613992,0.18878248974,46,0.025974025974,0.333144633145,23,23,23,1,0,0.478260869565,0.217391304348,0.304347826087,23,0.156126482213,1.68985691515,6.86956521739,6.58333333333,4.9375,3.30707709213,0.481409956449,0.260319207485,4.73695420897,1.37911325071,0.672537149147,2.92055547264,0.850288302161,0.453494771602,0.752495275795,0.445301178488,2.5,1.68985691515,0.752495275795,2.5,0.269840765295,0.200342465753,39,0.0220214568041,0.276593860685,23,23,23,1,0,0.478260869565,0.217391304348,0.304347826087,23,80,0.158102766798,1.68907311397,6.95652173913,6.66666666667,5,3.39087359178,0.487438078818,0.263043478261,4.83236781052,1.38930574552,0.676086956522,2.96754513204,0.85316922546,0.45652173913,0.751891859637,0.445150570106,2.5,1.68907311397,0.751891859637,2.5,0.276817122272,0.208955223881,42,0.0237154150198,0.282560116651,23,23,23,1,0,0.478260869565,0.217391304348,0.304347826087,-8,-0.0158102766798,0.00399732020285,-0.695652173913,-0.666666666667,-0.5,-0.247416411809,0.0119797260766,0.0135375494071,-0.490414902526,-0.00187609993079,0.00316205533597,-0.302875662588,-0.00159984586192,0.0138339920949,0.00270055527815,0.000546649542032,0,0.00399732020285,0.00270055527815,0,0.0173705082796,0.0201727341405,-4,-0.00225861095426,-0.0505845164936,0,0,0,80,0,8,418,0.909090909091,1,0,0.0909090909091,1,0.909090909091,0.952380952381,0.944467458064,0.909090909091,0.909090909091,1,9,0,10,1,10
76,WLNM_dir_neg_kfold,0.802469135802,0.396825396825,00:00:02,10,90,9,13354,threshold_sweep,0.4,1,0.111111111111,0.2,1,0,8,18,0.111111111111,1,0,0.888888888889,1,0.111111111111,0.2,0.703703703704,0.654320987654,0.142857142857,0.277350098113,0.111111111111,94,85,9,0,94,0,85,0,9,23,88,0.173913043478,1.68507579377,7.65217391304,7.33333333333,5.5,3.63829000359,0.475458352741,0.249505928854,5.32278271304,1.39118184545,0.672924901186,3.27042079462,0.854769071322,0.442687747036,0.749191304359,0.444603920564,2.5,1.68507579377,0.749191304359,2.5,0.259446613992,0.18878248974,46,0.025974025974,0.333144633145,23,23,23,1,0,0.478260869565,0.217391304348,0.304347826087,23,0.156126482213,1.68985691515,6.86956521739,6.58333333333,4.9375,3.30707709213,0.481409956449,0.260319207485,4.73695420897,1.37911325071,0.672537149147,2.92055547264,0.850288302161,0.453494771602,0.752495275795,0.445301178488,2.5,1.68985691515,0.752495275795,2.5,0.269840765295,0.200342465753,39,0.0220214568041,0.276593860685,23,23,23,1,0,0.478260869565,0.217391304348,0.304347826087,23,80,0.158102766798,1.68907311397,6.95652173913,6.66666666667,5,3.39087359178,0.487438078818,0.263043478261,4.83236781052,1.38930574552,0.676086956522,2.96754513204,0.85316922546,0.45652173913,0.751891859637,0.445150570106,2.5,1.68907311397,0.751891859637,2.5,0.276817122272,0.208955223881,42,0.0237154150198,0.282560116651,23,23,23,1,0,0.478260869565,0.217391304348,0.304347826087,-8,-0.0158102766798,0.00399732020285,-0.695652173913,-0.666666666667,-0.5,-0.247416411809,0.0119797260766,0.0135375494071,-0.490414902526,-0.00187609993079,0.00316205533597,-0.302875662588,-0.00159984586192,0.0138339920949,0.00270055527815,0.000546649542032,0,0.00399732020285,0.00270055527815,0,0.0173705082796,0.0201727341405,-4,-0.00225861095426,-0.0505845164936,0,0,0,80,0,8,418,0.909090909091,1,0,0.0909090909091,1,0.909090909091,0.952380952381,0.944467458064,0.909090909091,0.909090909091,1,9,0,10,1,10
77,WLNM_dir_neg_kfold,0.802469135802,0.396825396825,00:00:02,10,90,9,13354,threshold_sweep,0.5,1,0.111111111111,0.2,1,0,8,18,0.111111111111,1,0,0.888888888889,1,0.111111111111,0.2,0.703703703704,0.654320987654,0.142857142857,0.277350098113,0.111111111111,94,85,9,0,94,0,85,0,9,23,88,0.173913043478,1.68507579377,7.65217391304,7.33333333333,5.5,3.63829000359,0.475458352741,0.249505928854,5.32278271304,1.39118184545,0.672924901186,3.27042079462,0.854769071322,0.442687747036,0.749191304359,0.444603920564,2.5,1.68507579377,0.749191304359,2.5,0.259446613992,0.18878248974,46,0.025974025974,0.333144633145,23,23,23,1,0,0.478260869565,0.217391304348,0.304347826087,23,0.156126482213,1.68985691515,6.86956521739,6.58333333333,4.9375,3.30707709213,0.481409956449,0.260319207485,4.73695420897,1.37911325071,0.672537149147,2.92055547264,0.850288302161,0.453494771602,0.752495275795,0.445301178488,2.5,1.68985691515,0.752495275795,2.5,0.269840765295,0.200342465753,39,0.0220214568041,0.276593860685,23,23,23,1,0,0.478260869565,0.217391304348,0.304347826087,23,80,0.158102766798,1.68907311397,6.95652173913,6.66666666667,5,3.39087359178,0.487438078818,0.263043478261,4.83236781052,1.38930574552,0.676086956522,2.96754513204,0.85316922546,0.45652173913,0.751891859637,0.445150570106,2.5,1.68907311397,0.751891859637,2.5,0.276817122272,0.208955223881,42,0.0237154150198,0.282560116651,23,23,23,1,0,0.478260869565,0.217391304348,0.304347826087,-8,-0.0158102766798,0.00399732020285,-0.695652173913,-0.666666666667,-0.5,-0.247416411809,0.0119797260766,0.0135375494071,-0.490414902526,-0.00187609993079,0.00316205533597,-0.302875662588,-0.00159984586192,0.0138339920949,0.00270055527815,0.000546649542032,0,0.00399732020285,0.00270055527815,0,0.0173705082796,0.0201727341405,-4,-0.00225861095426,-0.0505845164936,0,0,0,80,0,8,418,0.909090909091,1,0,0.0909090909091,1,0.909090909091,0.952380952381,0.944467458064,0.909090909091,0.909090909091,1,9,0,10,1,10
78,WLNM_dir_neg_kfold,0.802469135802,0.396825396825,00:00:02,10,90,9,13354,threshold_sweep,0.6,1,0.111111111111,0.2,1,0,8,18,0.111111111111,1,0,0.888888888889,1,0.111111111111,0.2,0.703703703704,0.654320987654,0.142857142857,0.277350098113,0.111111111111,94,85,9,0,94,0,85,0,9,23,88,0.173913043478,1.68507579377,7.65217391304,7.33333333333,5.5,3.63829000359,0.475458352741,0.249505928854,5.32278271304,1.39118184545,0.672924901186,3.27042079462,0.854769071322,0.442687747036,0.749191304359,0.444603920564,2.5,1.68507579377,0.749191304359,2.5,0.259446613992,0.18878248974,46,0.025974025974,0.333144633145,23,23,23,1,0,0.478260869565,0.217391304348,0.304347826087,23,0.156126482213,1.68985691515,6.86956521739,6.58333333333,4.9375,3.30707709213,0.481409956449,0.260319207485,4.73695420897,1.37911325071,0.672537149147,2.92055547264,0.850288302161,0.453494771602,0.752495275795,0.445301178488,2.5,1.68985691515,0.752495275795,2.5,0.269840765295,0.200342465753,39,0.0220214568041,0.276593860685,23,23,23,1,0,0.478260869565,0.217391304348,0.304347826087,23,80,0.158102766798,1.68907311397,6.95652173913,6.66666666667,5,3.39087359178,0.487438078818,0.263043478261,4.83236781052,1.38930574552,0.676086956522,2.96754513204,0.85316922546,0.45652173913,0.751891859637,0.445150570106,2.5,1.68907311397,0.751891859637,2.5,0.276817122272,0.208955223881,42,0.0237154150198,0.282560116651,23,23,23,1,0,0.478260869565,0.217391304348,0.304347826087,-8,-0.0158102766798,0.00399732020285,-0.695652173913,-0.666666666667,-0.5,-0.247416411809,0.0119797260766,0.0135375494071,-0.490414902526,-0.00187609993079,0.00316205533597,-0.302875662588,-0.00159984586192,0.0138339920949,0.00270055527815,0.000546649542032,0,0.00399732020285,0.00270055527815,0,0.0173705082796,0.0201727341405,-4,-0.00225861095426,-0.0505845164936,0,0,0,80,0,8,418,0.909090909091,1,0,0.0909090909091,1,0.909090909091,0.952380952381,0.944467458064,0.909090909091,0.909090909091,1,9,0,10,1,10
79,WLNM_dir_neg_kfold,0.802469135802,0.396825396825,00:00:02,10,90,9,13354,threshold_sweep,0.7,1,0.111111111111,0.2,1,0,8,18,0.111111111111,1,0,0.888888888889,1,0.111111111111,0.2,0.703703703704,0.654320987654,0.142857142857,0.277350098113,0.111111111111,94,85,9,0,94,0,85,0,9,23,88,0.173913043478,1.68507579377,7.65217391304,7.33333333333,5.5,3.63829000359,0.475458352741,0.249505928854,5.32278271304,1.39118184545,0.672924901186,3.27042079462,0.854769071322,0.442687747036,0.749191304359,0.444603920564,2.5,1.68507579377,0.749191304359,2.5,0.259446613992,0.18878248974,46,0.025974025974,0.333144633145,23,23,23,1,0,0.478260869565,0.217391304348,0.304347826087,23,0.156126482213,1.68985691515,6.86956521739,6.58333333333,4.9375,3.30707709213,0.481409956449,0.260319207485,4.73695420897,1.37911325071,0.672537149147,2.92055547264,0.850288302161,0.453494771602,0.752495275795,0.445301178488,2.5,1.68985691515,0.752495275795,2.5,0.269840765295,0.200342465753,39,0.0220214568041,0.276593860685,23,23,23,1,0,0.478260869565,0.217391304348,0.304347826087,23,80,0.158102766798,1.68907311397,6.95652173913,6.66666666667,5,3.39087359178,0.487438078818,0.263043478261,4.83236781052,1.38930574552,0.676086956522,2.96754513204,0.85316922546,0.45652173913,0.751891859637,0.445150570106,2.5,1.68907311397,0.751891859637,2.5,0.276817122272,0.208955223881,42,0.0237154150198,0.282560116651,23,23,23,1,0,0.478260869565,0.217391304348,0.304347826087,-8,-0.0158102766798,0.00399732020285,-0.695652173913,-0.666666666667,-0.5,-0.247416411809,0.0119797260766,0.0135375494071,-0.490414902526,-0.00187609993079,0.00316205533597,-0.302875662588,-0.00159984586192,0.0138339920949,0.00270055527815,0.000546649542032,0,0.00399732020285,0.00270055527815,0,0.0173705082796,0.0201727341405,-4,-0.00225861095426,-0.0505845164936,0,0,0,80,0,8,418,0.909090909091,1,0,0.0909090909091,1,0.909090909091,0.952380952381,0.944467458064,0.909090909091,0.909090909091,1,9,0,10,1,10
80,WLNM_dir_neg_kfold,0.802469135802,0.396825396825,00:00:02,10,90,9,13354,threshold_sweep,0.8,1,0.111111111111,0.2,1,0,8,18,0.111111111111,1,0,0.888888888889,1,0.111111111111,0.2,0.703703703704,0.654320987654,0.142857142857,0.277350098113,0.111111111111,94,85,9,0,94,0,85,0,9,23,88,0.173913043478,1.68507579377,7.65217391304,7.33333333333,5.5,3.63829000359,0.475458352741,0.249505928854,5.32278271304,1.39118184545,0.672924901186,3.27042079462,0.854769071322,0.442687747036,0.749191304359,0.444603920564,2.5,1.68507579377,0.749191304359,2.5,0.259446613992,0.18878248974,46,0.025974025974,0.333144633145,23,23,23,1,0,0.478260869565,0.217391304348,0.304347826087,23,0.156126482213,1.68985691515,6.86956521739,6.58333333333,4.9375,3.30707709213,0.481409956449,0.260319207485,4.73695420897,1.37911325071,0.672537149147,2.92055547264,0.850288302161,0.453494771602,0.752495275795,0.445301178488,2.5,1.68985691515,0.752495275795,2.5,0.269840765295,0.200342465753,39,0.0220214568041,0.276593860685,23,23,23,1,0,0.478260869565,0.217391304348,0.304347826087,23,80,0.158102766798,1.68907311397,6.95652173913,6.66666666667,5,3.39087359178,0.487438078818,0.263043478261,4.83236781052,1.38930574552,0.676086956522,2.96754513204,0.85316922546,0.45652173913,0.751891859637,0.445150570106,2.5,1.68907311397,0.751891859637,2.5,0.276817122272,0.208955223881,42,0.0237154150198,0.282560116651,23,23,23,1,0,0.478260869565,0.217391304348,0.304347826087,-8,-0.0158102766798,0.00399732020285,-0.695652173913,-0.666666666667,-0.5,-0.247416411809,0.0119797260766,0.0135375494071,-0.490414902526,-0.00187609993079,0.00316205533597,-0.302875662588,-0.00159984586192,0.0138339920949,0.00270055527815,0.000546649542032,0,0.00399732020285,0.00270055527815,0,0.0173705082796,0.0201727341405,-4,-0.00225861095426,-0.0505845164936,0,0,0,80,0,8,418,0.909090909091,1,0,0.0909090909091,1,0.909090909091,0.952380952381,0.944467458064,0.909090909091,0.909090909091,1,9,0,10,1,10
81,WLNM_dir_neg_kfold,0.802469135802,0.396825396825,00:00:02,10,90,9,13354,threshold_sweep,0.9,1,0.111111111111,0.2,1,0,8,18,0.111111111111,1,0,0.888888888889,1,0.111111111111,0.2,0.703703703704,0.654320987654,0.142857142857,0.277350098113,0.111111111111,94,85,9,0,94,0,85,0,9,23,88,0.173913043478,1.68507579377,7.65217391304,7.33333333333,5.5,3.63829000359,0.475458352741,0.249505928854,5.32278271304,1.39118184545,0.672924901186,3.27042079462,0.854769071322,0.442687747036,0.749191304359,0.444603920564,2.5,1.68507579377,0.749191304359,2.5,0.259446613992,0.18878248974,46,0.025974025974,0.333144633145,23,23,23,1,0,0.478260869565,0.217391304348,0.304347826087,23,0.156126482213,1.68985691515,6.86956521739,6.58333333333,4.9375,3.30707709213,0.481409956449,0.260319207485,4.73695420897,1.37911325071,0.672537149147,2.92055547264,0.850288302161,0.453494771602,0.752495275795,0.445301178488,2.5,1.68985691515,0.752495275795,2.5,0.269840765295,0.200342465753,39,0.0220214568041,0.276593860685,23,23,23,1,0,0.478260869565,0.217391304348,0.304347826087,23,80,0.158102766798,1.68907311397,6.95652173913,6.66666666667,5,3.39087359178,0.487438078818,0.263043478261,4.83236781052,1.38930574552,0.676086956522,2.96754513204,0.85316922546,0.45652173913,0.751891859637,0.445150570106,2.5,1.68907311397,0.751891859637,2.5,0.276817122272,0.208955223881,42,0.0237154150198,0.282560116651,23,23,23,1,0,0.478260869565,0.217391304348,0.304347826087,-8,-0.0158102766798,0.00399732020285,-0.695652173913,-0.666666666667,-0.5,-0.247416411809,0.0119797260766,0.0135375494071,-0.490414902526,-0.00187609993079,0.00316205533597,-0.302875662588,-0.00159984586192,0.0138339920949,0.00270055527815,0.000546649542032,0,0.00399732020285,0.00270055527815,0,0.0173705082796,0.0201727341405,-4,-0.00225861095426,-0.0505845164936,0,0,0,80,0,8,418,0.909090909091,1,0,0.0909090909091,1,0.909090909091,0.952380952381,0.944467458064,0.909090909091,0.909090909091,1,9,0,10,1,10
82,WLNM_dir_neg_kfold,0.530864197531,0.254970760234,00:00:02,10,90,10,13355,threshold_sweep,0.1,1,0.111111111111,0.2,1,0,8,18,0.111111111111,1,0,0.888888888889,1,0.111111111111,0.2,0.703703703704,0.654320987654,0.142857142857,0.277350098113,0.111111111111,94,85,9,0,94,0,85,0,9,23,88,0.173913043478,1.68507579377,7.65217391304,7.33333333333,5.5,3.63829000359,0.475458352741,0.249505928854,5.32278271304,1.39118184545,0.672924901186,3.27042079462,0.854769071322,0.442687747036,0.749191304359,0.444603920564,2.5,1.68507579377,0.749191304359,2.5,0.259446613992,0.18878248974,46,0.025974025974,0.333144633145,23,23,23,1,0,0.478260869565,0.217391304348,0.304347826087,23,0.156126482213,1.68985691515,6.86956521739,6.58333333333,4.9375,3.30707709213,0.481409956449,0.260319207485,4.73695420897,1.37911325071,0.672537149147,2.92055547264,0.850288302161,0.453494771602,0.752495275795,0.445301178488,2.5,1.68985691515,0.752495275795,2.5,0.269840765295,0.200342465753,39,0.0220214568041,0.276593860685,23,23,23,1,0,0.478260869565,0.217391304348,0.304347826087,23,80,0.158102766798,1.68907311397,6.95652173913,6.66666666667,5,3.39087359178,0.487438078818,0.263043478261,4.83236781052,1.38930574552,0.676086956522,2.96754513204,0.85316922546,0.45652173913,0.751891859637,0.445150570106,2.5,1.68907311397,0.751891859637,2.5,0.276817122272,0.208955223881,42,0.0237154150198,0.282560116651,23,23,23,1,0,0.478260869565,0.217391304348,0.304347826087,-8,-0.0158102766798,0.00399732020285,-0.695652173913,-0.666666666667,-0.5,-0.247416411809,0.0119797260766,0.0135375494071,-0.490414902526,-0.00187609993079,0.00316205533597,-0.302875662588,-0.00159984586192,0.0138339920949,0.00270055527815,0.000546649542032,0,0.00399732020285,0.00270055527815,0,0.0173705082796,0.0201727341405,-4,-0.00225861095426,-0.0505845164936,0,0,0,80,0,8,418,0.909090909091,1,0,0.0909090909091,1,0.909090909091,0.952380952381,0.944467458064,0.909090909091,0.909090909091,1,9,0,10,1,10
83,WLNM_dir_neg_kfold,0.530864197531,0.254970760234,00:00:02,10,90,10,13355,threshold_sweep,0.2,1,0.111111111111,0.2,1,0,8,18,0.111111111111,1,0,0.888888888889,1,0.111111111111,0.2,0.703703703704,0.654320987654,0.142857142857,0.277350098113,0.111111111111,94,85,9,0,94,0,85,0,9,23,88,0.173913043478,1.68507579377,7.65217391304,7.33333333333,5.5,3.63829000359,0.475458352741,0.249505928854,5.32278271304,1.39118184545,0.672924901186,3.27042079462,0.854769071322,0.442687747036,0.749191304359,0.444603920564,2.5,1.68507579377,0.749191304359,2.5,0.259446613992,0.18878248974,46,0.025974025974,0.333144633145,23,23,23,1,0,0.478260869565,0.217391304348,0.304347826087,23,0.156126482213,1.68985691515,6.86956521739,6.58333333333,4.9375,3.30707709213,0.481409956449,0.260319207485,4.73695420897,1.37911325071,0.672537149147,2.92055547264,0.850288302161,0.453494771602,0.752495275795,0.445301178488,2.5,1.68985691515,0.752495275795,2.5,0.269840765295,0.200342465753,39,0.0220214568041,0.276593860685,23,23,23,1,0,0.478260869565,0.217391304348,0.304347826087,23,80,0.158102766798,1.68907311397,6.95652173913,6.66666666667,5,3.39087359178,0.487438078818,0.263043478261,4.83236781052,1.38930574552,0.676086956522,2.96754513204,0.85316922546,0.45652173913,0.751891859637,0.445150570106,2.5,1.68907311397,0.751891859637,2.5,0.276817122272,0.208955223881,42,0.0237154150198,0.282560116651,23,23,23,1,0,0.478260869565,0.217391304348,0.304347826087,-8,-0.0158102766798,0.00399732020285,-0.695652173913,-0.666666666667,-0.5,-0.247416411809,0.0119797260766,0.0135375494071,-0.490414902526,-0.00187609993079,0.00316205533597,-0.302875662588,-0.00159984586192,0.0138339920949,0.00270055527815,0.000546649542032,0,0.00399732020285,0.00270055527815,0,0.0173705082796,0.0201727341405,-4,-0.00225861095426,-0.0505845164936,0,0,0,80,0,8,418,0.909090909091,1,0,0.0909090909091,1,0.909090909091,0.952380952381,0.944467458064,0.909090909091,0.909090909091,1,9,0,10,1,10
84,WLNM_dir_neg_kfold,0.530864197531,0.254970760234,00:00:02,10,90,10,13355,threshold_sweep,0.3,1,0.111111111111,0.2,1,0,8,18,0.111111111111,1,0,0.888888888889,1,0.111111111111,0.2,0.703703703704,0.654320987654,0.142857142857,0.277350098113,0.111111111111,94,85,9,0,94,0,85,0,9,23,88,0.173913043478,1.68507579377,7.65217391304,7.33333333333,5.5,3.63829000359,0.475458352741,0.249505928854,5.32278271304,1.39118184545,0.672924901186,3.27042079462,0.854769071322,0.442687747036,0.749191304359,0.444603920564,2.5,1.68507579377,0.749191304359,2.5,0.259446613992,0.18878248974,46,0.025974025974,0.333144633145,23,23,23,1,0,0.478260869565,0.217391304348,0.304347826087,23,0.156126482213,1.68985691515,6.86956521739,6.58333333333,4.9375,3.30707709213,0.481409956449,0.260319207485,4.73695420897,1.37911325071,0.672537149147,2.92055547264,0.850288302161,0.453494771602,0.752495275795,0.445301178488,2.5,1.68985691515,0.752495275795,2.5,0.269840765295,0.200342465753,39,0.0220214568041,0.276593860685,23,23,23,1,0,0.478260869565,0.217391304348,0.304347826087,23,80,0.158102766798,1.68907311397,6.95652173913,6.66666666667,5,3.39087359178,0.487438078818,0.263043478261,4.83236781052,1.38930574552,0.676086956522,2.96754513204,0.85316922546,0.45652173913,0.751891859637,0.445150570106,2.5,1.68907311397,0.751891859637,2.5,0.276817122272,0.208955223881,42,0.0237154150198,0.282560116651,23,23,23,1,0,0.478260869565,0.217391304348,0.304347826087,-8,-0.0158102766798,0.00399732020285,-0.695652173913,-0.666666666667,-0.5,-0.247416411809,0.0119797260766,0.0135375494071,-0.490414902526,-0.00187609993079,0.00316205533597,-0.302875662588,-0.00159984586192,0.0138339920949,0.00270055527815,0.000546649542032,0,0.00399732020285,0.00270055527815,0,0.0173705082796,0.0201727341405,-4,-0.00225861095426,-0.0505845164936,0,0,0,80,0,8,418,0.909090909091,1,0,0.0909090909091,1,0.909090909091,0.952380952381,0.944467458064,0.909090909091,0.909090909091,1,9,0,10,1,10
85,WLNM_dir_neg_kfold,0.530864197531,0.254970760234,00:00:02,10,90,10,13355,threshold_sweep,0.4,1,0.111111111111,0.2,1,0,8,18,0.111111111111,1,0,0.888888888889,1,0.111111111111,0.2,0.703703703704,0.654320987654,0.142857142857,0.277350098113,0.111111111111,94,85,9,0,94,0,85,0,9,23,88,0.173913043478,1.68507579377,7.65217391304,7.33333333333,5.5,3.63829000359,0.475458352741,0.249505928854,5.32278271304,1.39118184545,0.672924901186,3.27042079462,0.854769071322,0.442687747036,0.749191304359,0.444603920564,2.5,1.68507579377,0.749191304359,2.5,0.259446613992,0.18878248974,46,0.025974025974,0.333144633145,23,23,23,1,0,0.478260869565,0.217391304348,0.304347826087,23,0.156126482213,1.68985691515,6.86956521739,6.58333333333,4.9375,3.30707709213,0.481409956449,0.260319207485,4.73695420897,1.37911325071,0.672537149147,2.92055547264,0.850288302161,0.453494771602,0.752495275795,0.445301178488,2.5,1.68985691515,0.752495275795,2.5,0.269840765295,0.200342465753,39,0.0220214568041,0.276593860685,23,23,23,1,0,0.478260869565,0.217391304348,0.304347826087,23,80,0.158102766798,1.68907311397,6.95652173913,6.66666666667,5,3.39087359178,0.487438078818,0.263043478261,4.83236781052,1.38930574552,0.676086956522,2.96754513204,0.85316922546,0.45652173913,0.751891859637,0.445150570106,2.5,1.68907311397,0.751891859637,2.5,0.276817122272,0.208955223881,42,0.0237154150198,0.282560116651,23,23,23,1,0,0.478260869565,0.217391304348,0.304347826087,-8,-0.0158102766798,0.00399732020285,-0.695652173913,-0.666666666667,-0.5,-0.247416411809,0.0119797260766,0.0135375494071,-0.490414902526,-0.00187609993079,0.00316205533597,-0.302875662588,-0.00159984586192,0.0138339920949,0.00270055527815,0.000546649542032,0,0.00399732020285,0.00270055527815,0,0.0173705082796,0.0201727341405,-4,-0.00225861095426,-0.0505845164936,0,0,0,80,0,8,418,0.909090909091,1,0,0.0909090909091,1,0.909090909091,0.952380952381,0.944467458064,0.909090909091,0.909090909091,1,9,0,10,1,10
86,WLNM_dir_neg_kfold,0.530864197531,0.254970760234,00:00:02,10,90,10,13355,threshold_sweep,0.5,1,0.111111111111,0.2,1,0,8,18,0.111111111111,1,0,0.888888888889,1,0.111111111111,0.2,0.703703703704,0.654320987654,0.142857142857,0.277350098113,0.111111111111,94,85,9,0,94,0,85,0,9,23,88,0.173913043478,1.68507579377,7.65217391304,7.33333333333,5.5,3.63829000359,0.475458352741,0.249505928854,5.32278271304,1.39118184545,0.672924901186,3.27042079462,0.854769071322,0.442687747036,0.749191304359,0.444603920564,2.5,1.68507579377,0.749191304359,2.5,0.259446613992,0.18878248974,46,0.025974025974,0.333144633145,23,23,23,1,0,0.478260869565,0.217391304348,0.304347826087,23,0.156126482213,1.68985691515,6.86956521739,6.58333333333,4.9375,3.30707709213,0.481409956449,0.260319207485,4.73695420897,1.37911325071,0.672537149147,2.92055547264,0.850288302161,0.453494771602,0.752495275795,0.445301178488,2.5,1.68985691515,0.752495275795,2.5,0.269840765295,0.200342465753,39,0.0220214568041,0.276593860685,23,23,23,1,0,0.478260869565,0.217391304348,0.304347826087,23,80,0.158102766798,1.68907311397,6.95652173913,6.66666666667,5,3.39087359178,0.487438078818,0.263043478261,4.83236781052,1.38930574552,0.676086956522,2.96754513204,0.85316922546,0.45652173913,0.751891859637,0.445150570106,2.5,1.68907311397,0.751891859637,2.5,0.276817122272,0.208955223881,42,0.0237154150198,0.282560116651,23,23,23,1,0,0.478260869565,0.217391304348,0.304347826087,-8,-0.0158102766798,0.00399732020285,-0.695652173913,-0.666666666667,-0.5,-0.247416411809,0.0119797260766,0.0135375494071,-0.490414902526,-0.00187609993079,0.00316205533597,-0.302875662588,-0.00159984586192,0.0138339920949,0.00270055527815,0.000546649542032,0,0.00399732020285,0.00270055527815,0,0.0173705082796,0.0201727341405,-4,-0.00225861095426,-0.0505845164936,0,0,0,80,0,8,418,0.909090909091,1,0,0.0909090909091,1,0.909090909091,0.952380952381,0.944467458064,0.909090909091,0.909090909091,1,9,0,10,1,10
87,WLNM_dir_neg_kfold,0.530864197531,0.254970760234,00:00:02,10,90,10,13355,threshold_sweep,0.6,1,0.111111111111,0.2,1,0,8,18,0.111111111111,1,0,0.888888888889,1,0.111111111111,0.2,0.703703703704,0.654320987654,0.142857142857,0.277350098113,0.111111111111,94,85,9,0,94,0,85,0,9,23,88,0.173913043478,1.68507579377,7.65217391304,7.33333333333,5.5,3.63829000359,0.475458352741,0.249505928854,5.32278271304,1.39118184545,0.672924901186,3.27042079462,0.854769071322,0.442687747036,0.749191304359,0.444603920564,2.5,1.68507579377,0.749191304359,2.5,0.259446613992,0.18878248974,46,0.025974025974,0.333144633145,23,23,23,1,0,0.478260869565,0.217391304348,0.304347826087,23,0.156126482213,1.68985691515,6.86956521739,6.58333333333,4.9375,3.30707709213,0.481409956449,0.260319207485,4.73695420897,1.37911325071,0.672537149147,2.92055547264,0.850288302161,0.453494771602,0.752495275795,0.445301178488,2.5,1.68985691515,0.752495275795,2.5,0.269840765295,0.200342465753,39,0.0220214568041,0.276593860685,23,23,23,1,0,0.478260869565,0.217391304348,0.304347826087,23,80,0.158102766798,1.68907311397,6.95652173913,6.66666666667,5,3.39087359178,0.487438078818,0.263043478261,4.83236781052,1.38930574552,0.676086956522,2.96754513204,0.85316922546,0.45652173913,0.751891859637,0.445150570106,2.5,1.68907311397,0.751891859637,2.5,0.276817122272,0.208955223881,42,0.0237154150198,0.282560116651,23,23,23,1,0,0.478260869565,0.217391304348,0.304347826087,-8,-0.0158102766798,0.00399732020285,-0.695652173913,-0.666666666667,-0.5,-0.247416411809,0.0119797260766,0.0135375494071,-0.490414902526,-0.00187609993079,0.00316205533597,-0.302875662588,-0.00159984586192,0.0138339920949,0.00270055527815,0.000546649542032,0,0.00399732020285,0.00270055527815,0,0.0173705082796,0.0201727341405,-4,-0.00225861095426,-0.0505845164936,0,0,0,80,0,8,418,0.909090909091,1,0,0.0909090909091,1,0.909090909091,0.952380952381,0.944467458064,0.909090909091,0.909090909091,1,9,0,10,1,10
88,WLNM_dir_neg_kfold,0.530864197531,0.254970760234,00:00:02,10,90,10,13355,threshold_sweep,0.7,1,0.111111111111,0.2,1,0,8,18,0.111111111111,1,0,0.888888888889,1,0.111111111111,0.2,0.703703703704,0.654320987654,0.142857142857,0.277350098113,0.111111111111,94,85,9,0,94,0,85,0,9,23,88,0.173913043478,1.68507579377,7.65217391304,7.33333333333,5.5,3.63829000359,0.475458352741,0.249505928854,5.32278271304,1.39118184545,0.672924901186,3.27042079462,0.854769071322,0.442687747036,0.749191304359,0.444603920564,2.5,1.68507579377,0.749191304359,2.5,0.259446613992,0.18878248974,46,0.025974025974,0.333144633145,23,23,23,1,0,0.478260869565,0.217391304348,0.304347826087,23,0.156126482213,1.68985691515,6.86956521739,6.58333333333,4.9375,3.30707709213,0.481409956449,0.260319207485,4.73695420897,1.37911325071,0.672537149147,2.92055547264,0.850288302161,0.453494771602,0.752495275795,0.445301178488,2.5,1.68985691515,0.752495275795,2.5,0.269840765295,0.200342465753,39,0.0220214568041,0.276593860685,23,23,23,1,0,0.478260869565,0.217391304348,0.304347826087,23,80,0.158102766798,1.68907311397,6.95652173913,6.66666666667,5,3.39087359178,0.487438078818,0.263043478261,4.83236781052,1.38930574552,0.676086956522,2.96754513204,0.85316922546,0.45652173913,0.751891859637,0.445150570106,2.5,1.68907311397,0.751891859637,2.5,0.276817122272,0.208955223881,42,0.0237154150198,0.282560116651,23,23,23,1,0,0.478260869565,0.217391304348,0.304347826087,-8,-0.0158102766798,0.00399732020285,-0.695652173913,-0.666666666667,-0.5,-0.247416411809,0.0119797260766,0.0135375494071,-0.490414902526,-0.00187609993079,0.00316205533597,-0.302875662588,-0.00159984586192,0.0138339920949,0.00270055527815,0.000546649542032,0,0.00399732020285,0.00270055527815,0,0.0173705082796,0.0201727341405,-4,-0.00225861095426,-0.0505845164936,0,0,0,80,0,8,418,0.909090909091,1,0,0.0909090909091,1,0.909090909091,0.952380952381,0.944467458064,0.909090909091,0.909090909091,1,9,0,10,1,10
89,WLNM_dir_neg_kfold,0.530864197531,0.254970760234,00:00:02,10,90,10,13355,threshold_sweep,0.8,1,0.111111111111,0.2,1,0,8,18,0.111111111111,1,0,0.888888888889,1,0.111111111111,0.2,0.703703703704,0.654320987654,0.142857142857,0.277350098113,0.111111111111,94,85,9,0,94,0,85,0,9,23,88,0.173913043478,1.68507579377,7.65217391304,7.33333333333,5.5,3.63829000359,0.475458352741,0.249505928854,5.32278271304,1.39118184545,0.672924901186,3.27042079462,0.854769071322,0.442687747036,0.749191304359,0.444603920564,2.5,1.68507579377,0.749191304359,2.5,0.259446613992,0.18878248974,46,0.025974025974,0.333144633145,23,23,23,1,0,0.478260869565,0.217391304348,0.304347826087,23,0.156126482213,1.68985691515,6.86956521739,6.58333333333,4.9375,3.30707709213,0.481409956449,0.260319207485,4.73695420897,1.37911325071,0.672537149147,2.92055547264,0.850288302161,0.453494771602,0.752495275795,0.445301178488,2.5,1.68985691515,0.752495275795,2.5,0.269840765295,0.200342465753,39,0.0220214568041,0.276593860685,23,23,23,1,0,0.478260869565,0.217391304348,0.304347826087,23,80,0.158102766798,1.68907311397,6.95652173913,6.66666666667,5,3.39087359178,0.487438078818,0.263043478261,4.83236781052,1.38930574552,0.676086956522,2.96754513204,0.85316922546,0.45652173913,0.751891859637,0.445150570106,2.5,1.68907311397,0.751891859637,2.5,0.276817122272,0.208955223881,42,0.0237154150198,0.282560116651,23,23,23,1,0,0.478260869565,0.217391304348,0.304347826087,-8,-0.0158102766798,0.00399732020285,-0.695652173913,-0.666666666667,-0.5,-0.247416411809,0.0119797260766,0.0135375494071,-0.490414902526,-0.00187609993079,0.00316205533597,-0.302875662588,-0.00159984586192,0.0138339920949,0.00270055527815,0.000546649542032,0,0.00399732020285,0.00270055527815,0,0.0173705082796,0.0201727341405,-4,-0.00225861095426,-0.0505845164936,0,0,0,80,0,8,418,0.909090909091,1,0,0.0909090909091,1,0.909090909091,0.952380952381,0.944467458064,0.909090909091,0.909090909091,1,9,0,10,1,10
90,WLNM_dir_neg_kfold,0.530864197531,0.254970760234,00:00:02,10,90,10,13355,threshold_sweep,0.9,1,0.111111111111,0.2,1,0,8,18,0.111111111111,1,0,0.888888888889,1,0.111111111111,0.2,0.703703703704,0.654320987654,0.142857142857,0.277350098113,0.111111111111,94,85,9,0,94,0,85,0,9,23,88,0.173913043478,1.68507579377,7.65217391304,7.33333333333,5.5,3.63829000359,0.475458352741,0.249505928854,5.32278271304,1.39118184545,0.672924901186,3.27042079462,0.854769071322,0.442687747036,0.749191304359,0.444603920564,2.5,1.68507579377,0.749191304359,2.5,0.259446613992,0.18878248974,46,0.025974025974,0.333144633145,23,23,23,1,0,0.478260869565,0.217391304348,0.304347826087,23,0.156126482213,1.68985691515,6.86956521739,6.58333333333,4.9375,3.30707709213,0.481409956449,0.260319207485,4.73695420897,1.37911325071,0.672537149147,2.92055547264,0.850288302161,0.453494771602,0.752495275795,0.445301178488,2.5,1.68985691515,0.752495275795,2.5,0.269840765295,0.200342465753,39,0.0220214568041,0.276593860685,23,23,23,1,0,0.478260869565,0.217391304348,0.304347826087,23,80,0.158102766798,1.68907311397,6.95652173913,6.66666666667,5,3.39087359178,0.487438078818,0.263043478261,4.83236781052,1.38930574552,0.676086956522,2.96754513204,0.85316922546,0.45652173913,0.751891859637,0.445150570106,2.5,1.68907311397,0.751891859637,2.5,0.276817122272,0.208955223881,42,0.0237154150198,0.282560116651,23,23,23,1,0,0.478260869565,0.217391304348,0.304347826087,-8,-0.0158102766798,0.00399732020285,-0.695652173913,-0.666666666667,-0.5,-0.247416411809,0.0119797260766,0.0135375494071,-0.490414902526,-0.00187609993079,0.00316205533597,-0.302875662588,-0.00159984586192,0.0138339920949,0.00270055527815,0.000546649542032,0,0.00399732020285,0.00270055527815,0,0.0173705082796,0.0201727341405,-4,-0.00225861095426,-0.0505845164936,0,0,0,80,0,8,418,0.909090909091,1,0,0.0909090909091,1,0.909090909091,0.952380952381,0.944467458064,0.909090909091,0.909090909091,1,9,0,10,1,10
91,WLNM_dir_neg_kfold,0.604938271605,0.277777777778,00:00:02,10,90,11,13356,threshold_sweep,0.1,1,0.111111111111,0.2,1,0,8,18,0.111111111111,1,0,0.888888888889,1,0.111111111111,0.2,0.703703703704,0.654320987654,0.142857142857,0.277350098113,0.111111111111,94,85,9,0,94,0,85,0,9,23,88,0.173913043478,1.68507579377,7.65217391304,7.33333333333,5.5,3.63829000359,0.475458352741,0.249505928854,5.32278271304,1.39118184545,0.672924901186,3.27042079462,0.854769071322,0.442687747036,0.749191304359,0.444603920564,2.5,1.68507579377,0.749191304359,2.5,0.259446613992,0.18878248974,46,0.025974025974,0.333144633145,23,23,23,1,0,0.478260869565,0.217391304348,0.304347826087,23,0.156126482213,1.68985691515,6.86956521739,6.58333333333,4.9375,3.30707709213,0.481409956449,0.260319207485,4.73695420897,1.37911325071,0.672537149147,2.92055547264,0.850288302161,0.453494771602,0.752495275795,0.445301178488,2.5,1.68985691515,0.752495275795,2.5,0.269840765295,0.200342465753,39,0.0220214568041,0.276593860685,23,23,23,1,0,0.478260869565,0.217391304348,0.304347826087,23,80,0.158102766798,1.68907311397,6.95652173913,6.66666666667,5,3.39087359178,0.487438078818,0.263043478261,4.83236781052,1.38930574552,0.676086956522,2.96754513204,0.85316922546,0.45652173913,0.751891859637,0.445150570106,2.5,1.68907311397,0.751891859637,2.5,0.276817122272,0.208955223881,42,0.0237154150198,0.282560116651,23,23,23,1,0,0.478260869565,0.217391304348,0.304347826087,-8,-0.0158102766798,0.00399732020285,-0.695652173913,-0.666666666667,-0.5,-0.247416411809,0.0119797260766,0.0135375494071,-0.490414902526,-0.00187609993079,0.00316205533597,-0.302875662588,-0.00159984586192,0.0138339920949,0.00270055527815,0.000546649542032,0,0.00399732020285,0.00270055527815,0,0.0173705082796,0.0201727341405,-4,-0.00225861095426,-0.0505845164936,0,0,0,80,0,8,418,0.909090909091,1,0,0.0909090909091,1,0.909090909091,0.952380952381,0.944467458064,0.909090909091,0.909090909091,1,9,0,10,1,10
92,WLNM_dir_neg_kfold,0.604938271605,0.277777777778,00:00:02,10,90,11,13356,threshold_sweep,0.2,1,0.111111111111,0.2,1,0,8,18,0.111111111111,1,0,0.888888888889,1,0.111111111111,0.2,0.703703703704,0.654320987654,0.142857142857,0.277350098113,0.111111111111,94,85,9,0,94,0,85,0,9,23,88,0.173913043478,1.68507579377,7.65217391304,7.33333333333,5.5,3.63829000359,0.475458352741,0.249505928854,5.32278271304,1.39118184545,0.672924901186,3.27042079462,0.854769071322,0.442687747036,0.749191304359,0.444603920564,2.5,1.68507579377,0.749191304359,2.5,0.259446613992,0.18878248974,46,0.025974025974,0.333144633145,23,23,23,1,0,0.478260869565,0.217391304348,0.304347826087,23,0.156126482213,1.68985691515,6.86956521739,6.58333333333,4.9375,3.30707709213,0.481409956449,0.260319207485,4.73695420897,1.37911325071,0.672537149147,2.92055547264,0.850288302161,0.453494771602,0.752495275795,0.445301178488,2.5,1.68985691515,0.752495275795,2.5,0.269840765295,0.200342465753,39,0.0220214568041,0.276593860685,23,23,23,1,0,0.478260869565,0.217391304348,0.304347826087,23,80,0.158102766798,1.68907311397,6.95652173913,6.66666666667,5,3.39087359178,0.487438078818,0.263043478261,4.83236781052,1.38930574552,0.676086956522,2.96754513204,0.85316922546,0.45652173913,0.751891859637,0.445150570106,2.5,1.68907311397,0.751891859637,2.5,0.276817122272,0.208955223881,42,0.0237154150198,0.282560116651,23,23,23,1,0,0.478260869565,0.217391304348,0.304347826087,-8,-0.0158102766798,0.00399732020285,-0.695652173913,-0.666666666667,-0.5,-0.247416411809,0.0119797260766,0.0135375494071,-0.490414902526,-0.00187609993079,0.00316205533597,-0.302875662588,-0.00159984586192,0.0138339920949,0.00270055527815,0.000546649542032,0,0.00399732020285,0.00270055527815,0,0.0173705082796,0.0201727341405,-4,-0.00225861095426,-0.0505845164936,0,0,0,80,0,8,418,0.909090909091,1,0,0.0909090909091,1,0.909090909091,0.952380952381,0.944467458064,0.909090909091,0.909090909091,1,9,0,10,1,10
93,WLNM_dir_neg_kfold,0.604938271605,0.277777777778,00:00:02,10,90,11,13356,threshold_sweep,0.3,1,0.111111111111,0.2,1,0,8,18,0.111111111111,1,0,0.888888888889,1,0.111111111111,0.2,0.703703703704,0.654320987654,0.142857142857,0.277350098113,0.111111111111,94,85,9,0,94,0,85,0,9,23,88,0.173913043478,1.68507579377,7.65217391304,7.33333333333,5.5,3.63829000359,0.475458352741,0.249505928854,5.32278271304,1.39118184545,0.672924901186,3.27042079462,0.854769071322,0.442687747036,0.749191304359,0.444603920564,2.5,1.68507579377,0.749191304359,2.5,0.259446613992,0.18878248974,46,0.025974025974,0.333144633145,23,23,23,1,0,0.478260869565,0.217391304348,0.304347826087,23,0.156126482213,1.68985691515,6.86956521739,6.58333333333,4.9375,3.30707709213,0.481409956449,0.260319207485,4.73695420897,1.37911325071,0.672537149147,2.92055547264,0.850288302161,0.453494771602,0.752495275795,0.445301178488,2.5,1.68985691515,0.752495275795,2.5,0.269840765295,0.200342465753,39,0.0220214568041,0.276593860685,23,23,23,1,0,0.478260869565,0.217391304348,0.304347826087,23,80,0.158102766798,1.68907311397,6.95652173913,6.66666666667,5,3.39087359178,0.487438078818,0.263043478261,4.83236781052,1.38930574552,0.676086956522,2.96754513204,0.85316922546,0.45652173913,0.751891859637,0.445150570106,2.5,1.68907311397,0.751891859637,2.5,0.276817122272,0.208955223881,42,0.0237154150198,0.282560116651,23,23,23,1,0,0.478260869565,0.217391304348,0.304347826087,-8,-0.0158102766798,0.00399732020285,-0.695652173913,-0.666666666667,-0.5,-0.247416411809,0.0119797260766,0.0135375494071,-0.490414902526,-0.00187609993079,0.00316205533597,-0.302875662588,-0.00159984586192,0.0138339920949,0.00270055527815,0.000546649542032,0,0.00399732020285,0.00270055527815,0,0.0173705082796,0.0201727341405,-4,-0.00225861095426,-0.0505845164936,0,0,0,80,0,8,418,0.909090909091,1,0,0.0909090909091,1,0.909090909091,0.952380952381,0.944467458064,0.909090909091,0.909090909091,1,9,0,10,1,10
94,WLNM_dir_neg_kfold,0.604938271605,0.277777777778,00:00:02,10,90,11,13356,threshold_sweep,0.4,1,0.111111111111,0.2,1,0,8,18,0.111111111111,1,0,0.888888888889,1,0.111111111111,0.2,0.703703703704,0.654320987654,0.142857142857,0.277350098113,0.111111111111,94,85,9,0,94,0,85,0,9,23,88,0.173913043478,1.68507579377,7.65217391304,7.33333333333,5.5,3.63829000359,0.475458352741,0.249505928854,5.32278271304,1.39118184545,0.672924901186,3.27042079462,0.854769071322,0.442687747036,0.749191304359,0.444603920564,2.5,1.68507579377,0.749191304359,2.5,0.259446613992,0.18878248974,46,0.025974025974,0.333144633145,23,23,23,1,0,0.478260869565,0.217391304348,0.304347826087,23,0.156126482213,1.68985691515,6.86956521739,6.58333333333,4.9375,3.30707709213,0.481409956449,0.260319207485,4.73695420897,1.37911325071,0.672537149147,2.92055547264,0.850288302161,0.453494771602,0.752495275795,0.445301178488,2.5,1.68985691515,0.752495275795,2.5,0.269840765295,0.200342465753,39,0.0220214568041,0.276593860685,23,23,23,1,0,0.478260869565,0.217391304348,0.304347826087,23,80,0.158102766798,1.68907311397,6.95652173913,6.66666666667,5,3.39087359178,0.487438078818,0.263043478261,4.83236781052,1.38930574552,0.676086956522,2.96754513204,0.85316922546,0.45652173913,0.751891859637,0.445150570106,2.5,1.68907311397,0.751891859637,2.5,0.276817122272,0.208955223881,42,0.0237154150198,0.282560116651,23,23,23,1,0,0.478260869565,0.217391304348,0.304347826087,-8,-0.0158102766798,0.00399732020285,-0.695652173913,-0.666666666667,-0.5,-0.247416411809,0.0119797260766,0.0135375494071,-0.490414902526,-0.00187609993079,0.00316205533597,-0.302875662588,-0.00159984586192,0.0138339920949,0.00270055527815,0.000546649542032,0,0.00399732020285,0.00270055527815,0,0.0173705082796,0.0201727341405,-4,-0.00225861095426,-0.0505845164936,0,0,0,80,0,8,418,0.909090909091,1,0,0.0909090909091,1,0.909090909091,0.952380952381,0.944467458064,0.909090909091,0.909090909091,1,9,0,10,1,10
95,WLNM_dir_neg_kfold,0.604938271605,0.277777777778,00:00:02,10,90,11,13356,threshold_sweep,0.5,1,0.111111111111,0.2,1,0,8,18,0.111111111111,1,0,0.888888888889,1,0.111111111111,0.2,0.703703703704,0.654320987654,0.142857142857,0.277350098113,0.111111111111,94,85,9,0,94,0,85,0,9,23,88,0.173913043478,1.68507579377,7.65217391304,7.33333333333,5.5,3.63829000359,0.475458352741,0.249505928854,5.32278271304,1.39118184545,0.672924901186,3.27042079462,0.854769071322,0.442687747036,0.749191304359,0.444603920564,2.5,1.68507579377,0.749191304359,2.5,0.259446613992,0.18878248974,46,0.025974025974,0.333144633145,23,23,23,1,0,0.478260869565,0.217391304348,0.304347826087,23,0.156126482213,1.68985691515,6.86956521739,6.58333333333,4.9375,3.30707709213,0.481409956449,0.260319207485,4.73695420897,1.37911325071,0.672537149147,2.92055547264,0.850288302161,0.453494771602,0.752495275795,0.445301178488,2.5,1.68985691515,0.752495275795,2.5,0.269840765295,0.200342465753,39,0.0220214568041,0.276593860685,23,23,23,1,0,0.478260869565,0.217391304348,0.304347826087,23,80,0.158102766798,1.68907311397,6.95652173913,6.66666666667,5,3.39087359178,0.487438078818,0.263043478261,4.83236781052,1.38930574552,0.676086956522,2.96754513204,0.85316922546,0.45652173913,0.751891859637,0.445150570106,2.5,1.68907311397,0.751891859637,2.5,0.276817122272,0.208955223881,42,0.0237154150198,0.282560116651,23,23,23,1,0,0.478260869565,0.217391304348,0.304347826087,-8,-0.0158102766798,0.00399732020285,-0.695652173913,-0.666666666667,-0.5,-0.247416411809,0.0119797260766,0.0135375494071,-0.490414902526,-0.00187609993079,0.00316205533597,-0.302875662588,-0.00159984586192,0.0138339920949,0.00270055527815,0.000546649542032,0,0.00399732020285,0.00270055527815,0,0.0173705082796,0.0201727341405,-4,-0.00225861095426,-0.0505845164936,0,0,0,80,0,8,418,0.909090909091,1,0,0.0909090909091,1,0.909090909091,0.952380952381,0.944467458064,0.909090909091,0.909090909091,1,9,0,10,1,10
96,WLNM_dir_neg_kfold,0.604938271605,0.277777777778,00:00:02,10,90,11,13356,threshold_sweep,0.6,1,0.111111111111,0.2,1,0,8,18,0.111111111111,1,0,0.888888888889,1,0.111111111111,0.2,0.703703703704,0.654320987654,0.142857142857,0.277350098113,0.111111111111,94,85,9,0,94,0,85,0,9,23,88,0.173913043478,1.68507579377,7.65217391304,7.33333333333,5.5,3.63829000359,0.475458352741,0.249505928854,5.32278271304,1.39118184545,0.672924901186,3.27042079462,0.854769071322,0.442687747036,0.749191304359,0.444603920564,2.5,1.68507579377,0.749191304359,2.5,0.259446613992,0.18878248974,46,0.025974025974,0.333144633145,23,23,23,1,0,0.478260869565,0.217391304348,0.304347826087,23,0.156126482213,1.68985691515,6.86956521739,6.58333333333,4.9375,3.30707709213,0.481409956449,0.260319207485,4.73695420897,1.37911325071,0.672537149147,2.92055547264,0.850288302161,0.453494771602,0.752495275795,0.445301178488,2.5,1.68985691515,0.752495275795,2.5,0.269840765295,0.200342465753,39,0.0220214568041,0.276593860685,23,23,23,1,0,0.478260869565,0.217391304348,0.304347826087,23,80,0.158102766798,1.68907311397,6.95652173913,6.66666666667,5,3.39087359178,0.487438078818,0.263043478261,4.83236781052,1.38930574552,0.676086956522,2.96754513204,0.85316922546,0.45652173913,0.751891859637,0.445150570106,2.5,1.68907311397,0.751891859637,2.5,0.276817122272,0.208955223881,42,0.0237154150198,0.282560116651,23,23,23,1,0,0.478260869565,0.217391304348,0.304347826087,-8,-0.0158102766798,0.00399732020285,-0.695652173913,-0.666666666667,-0.5,-0.247416411809,0.0119797260766,0.0135375494071,-0.490414902526,-0.00187609993079,0.00316205533597,-0.302875662588,-0.00159984586192,0.0138339920949,0.00270055527815,0.000546649542032,0,0.00399732020285,0.00270055527815,0,0.0173705082796,0.0201727341405,-4,-0.00225861095426,-0.0505845164936,0,0,0,80,0,8,418,0.909090909091,1,0,0.0909090909091,1,0.909090909091,0.952380952381,0.944467458064,0.909090909091,0.909090909091,1,9,0,10,1,10
97,WLNM_dir_neg_kfold,0.604938271605,0.277777777778,00:00:02,10,90,11,13356,threshold_sweep,0.7,1,0.111111111111,0.2,1,0,8,18,0.111111111111,1,0,0.888888888889,1,0.111111111111,0.2,0.703703703704,0.654320987654,0.142857142857,0.277350098113,0.111111111111,94,85,9,0,94,0,85,0,9,23,88,0.173913043478,1.68507579377,7.65217391304,7.33333333333,5.5,3.63829000359,0.475458352741,0.249505928854,5.32278271304,1.39118184545,0.672924901186,3.27042079462,0.854769071322,0.442687747036,0.749191304359,0.444603920564,2.5,1.68507579377,0.749191304359,2.5,0.259446613992,0.18878248974,46,0.025974025974,0.333144633145,23,23,23,1,0,0.478260869565,0.217391304348,0.304347826087,23,0.156126482213,1.68985691515,6.86956521739,6.58333333333,4.9375,3.30707709213,0.481409956449,0.260319207485,4.73695420897,1.37911325071,0.672537149147,2.92055547264,0.850288302161,0.453494771602,0.752495275795,0.445301178488,2.5,1.68985691515,0.752495275795,2.5,0.269840765295,0.200342465753,39,0.0220214568041,0.276593860685,23,23,23,1,0,0.478260869565,0.217391304348,0.304347826087,23,80,0.158102766798,1.68907311397,6.95652173913,6.66666666667,5,3.39087359178,0.487438078818,0.263043478261,4.83236781052,1.38930574552,0.676086956522,2.96754513204,0.85316922546,0.45652173913,0.751891859637,0.445150570106,2.5,1.68907311397,0.751891859637,2.5,0.276817122272,0.208955223881,42,0.0237154150198,0.282560116651,23,23,23,1,0,0.478260869565,0.217391304348,0.304347826087,-8,-0.0158102766798,0.00399732020285,-0.695652173913,-0.666666666667,-0.5,-0.247416411809,0.0119797260766,0.0135375494071,-0.490414902526,-0.00187609993079,0.00316205533597,-0.302875662588,-0.00159984586192,0.0138339920949,0.00270055527815,0.000546649542032,0,0.00399732020285,0.00270055527815,0,0.0173705082796,0.0201727341405,-4,-0.00225861095426,-0.0505845164936,0,0,0,80,0,8,418,0.909090909091,1,0,0.0909090909091,1,0.909090909091,0.952380952381,0.944467458064,0.909090909091,0.909090909091,1,9,0,10,1,10
98,WLNM_dir_neg_kfold,0.604938271605,0.277777777778,00:00:02,10,90,11,13356,threshold_sweep,0.8,1,0.111111111111,0.2,1,0,8,18,0.111111111111,1,0,0.888888888889,1,0.111111111111,0.2,0.703703703704,0.654320987654,0.142857142857,0.277350098113,0.111111111111,94,85,9,0,94,0,85,0,9,23,88,0.173913043478,1.68507579377,7.65217391304,7.33333333333,5.5,3.63829000359,0.475458352741,0.249505928854,5.32278271304,1.39118184545,0.672924901186,3.27042079462,0.854769071322,0.442687747036,0.749191304359,0.444603920564,2.5,1.68507579377,0.749191304359,2.5,0.259446613992,0.18878248974,46,0.025974025974,0.333144633145,23,23,23,1,0,0.478260869565,0.217391304348,0.304347826087,23,0.156126482213,1.68985691515,6.86956521739,6.58333333333,4.9375,3.30707709213,0.481409956449,0.260319207485,4.73695420897,1.37911325071,0.672537149147,2.92055547264,0.850288302161,0.453494771602,0.752495275795,0.445301178488,2.5,1.68985691515,0.752495275795,2.5,0.269840765295,0.200342465753,39,0.0220214568041,0.276593860685,23,23,23,1,0,0.478260869565,0.217391304348,0.304347826087,23,80,0.158102766798,1.68907311397,6.95652173913,6.66666666667,5,3.39087359178,0.487438078818,0.263043478261,4.83236781052,1.38930574552,0.676086956522,2.96754513204,0.85316922546,0.45652173913,0.751891859637,0.445150570106,2.5,1.68907311397,0.751891859637,2.5,0.276817122272,0.208955223881,42,0.0237154150198,0.282560116651,23,23,23,1,0,0.478260869565,0.217391304348,0.304347826087,-8,-0.0158102766798,0.00399732020285,-0.695652173913,-0.666666666667,-0.5,-0.247416411809,0.0119797260766,0.0135375494071,-0.490414902526,-0.00187609993079,0.00316205533597,-0.302875662588,-0.00159984586192,0.0138339920949,0.00270055527815,0.000546649542032,0,0.00399732020285,0.00270055527815,0,0.0173705082796,0.0201727341405,-4,-0.00225861095426,-0.0505845164936,0,0,0,80,0,8,418,0.909090909091,1,0,0.0909090909091,1,0.909090909091,0.952380952381,0.944467458064,0.909090909091,0.909090909091,1,9,0,10,1,10
99,WLNM_dir_neg_kfold,0.604938271605,0.277777777778,00:00:02,10,90,11,13356,threshold_sweep,0.9,1,0.111111111111,0.2,1,0,8,18,0.111111111111,1,0,0.888888888889,1,0.111111111111,0.2,0.703703703704,0.654320987654,0.142857142857,0.277350098113,0.111111111111,94,85,9,0,94,0,85,0,9,23,88,0.173913043478,1.68507579377,7.65217391304,7.33333333333,5.5,3.63829000359,0.475458352741,0.249505928854,5.32278271304,1.39118184545,0.672924901186,3.27042079462,0.854769071322,0.442687747036,0.749191304359,0.444603920564,2.5,1.68507579377,0.749191304359,2.5,0.259446613992,0.18878248974,46,0.025974025974,0.333144633145,23,23,23,1,0,0.478260869565,0.217391304348,0.304347826087,23,0.156126482213,1.68985691515,6.86956521739,6.58333333333,4.9375,3.30707709213,0.481409956449,0.260319207485,4.73695420897,1.37911325071,0.672537149147,2.92055547264,0.850288302161,0.453494771602,0.752495275795,0.445301178488,2.5,1.68985691515,0.752495275795,2.5,0.269840765295,0.200342465753,39,0.0220214568041,0.276593860685,23,23,23,1,0,0.478260869565,0.217391304348,0.304347826087,23,80,0.158102766798,1.68907311397,6.95652173913,6.66666666667,5,3.39087359178,0.487438078818,0.263043478261,4.83236781052,1.38930574552,0.676086956522,2.96754513204,0.85316922546,0.45652173913,0.751891859637,0.445150570106,2.5,1.68907311397,0.751891859637,2.5,0.276817122272,0.208955223881,42,0.0237154150198,0.282560116651,23,23,23,1,0,0.478260869565,0.217391304348,0.304347826087,-8,-0.0158102766798,0.00399732020285,-0.695652173913,-0.666666666667,-0.5,-0.247416411809,0.0119797260766,0.0135375494071,-0.490414902526,-0.00187609993079,0.00316205533597,-0.302875662588,-0.00159984586192,0.0138339920949,0.00270055527815,0.000546649542032,0,0.00399732020285,0.00270055527815,0,0.0173705082796,0.0201727341405,-4,-0.00225861095426,-0.0505845164936,0,0,0,80,0,8,418,0.909090909091,1,0,0.0909090909091,1,0.909090909091,0.952380952381,0.944467458064,0.909090909091,0.909090909091,1,9,0,10,1,10
100,WLNM_dir_neg_kfold,0.604938271605,0.284676833696,00:00:02,10,90,12,13357,threshold_sweep,0.1,1,0.111111111111,0.2,1,0,8,18,0.111111111111,1,0,0.888888888889,1,0.111111111111,0.2,0.703703703704,0.654320987654,0.142857142857,0.277350098113,0.111111111111,94,85,9,0,94,0,85,0,9,23,88,0.173913043478,1.68507579377,7.65217391304,7.33333333333,5.5,3.63829000359,0.475458352741,0.249505928854,5.32278271304,1.39118184545,0.672924901186,3.27042079462,0.854769071322,0.442687747036,0.749191304359,0.444603920564,2.5,1.68507579377,0.749191304359,2.5,0.259446613992,0.18878248974,46,0.025974025974,0.333144633145,23,23,23,1,0,0.478260869565,0.217391304348,0.304347826087,23,0.156126482213,1.68985691515,6.86956521739,6.58333333333,4.9375,3.30707709213,0.481409956449,0.260319207485,4.73695420897,1.37911325071,0.672537149147,2.92055547264,0.850288302161,0.453494771602,0.752495275795,0.445301178488,2.5,1.68985691515,0.752495275795,2.5,0.269840765295,0.200342465753,39,0.0220214568041,0.276593860685,23,23,23,1,0,0.478260869565,0.217391304348,0.304347826087,23,80,0.158102766798,1.68907311397,6.95652173913,6.66666666667,5,3.39087359178,0.487438078818,0.263043478261,4.83236781052,1.38930574552,0.676086956522,2.96754513204,0.85316922546,0.45652173913,0.751891859637,0.445150570106,2.5,1.68907311397,0.751891859637,2.5,0.276817122272,0.208955223881,42,0.0237154150198,0.282560116651,23,23,23,1,0,0.478260869565,0.217391304348,0.304347826087,-8,-0.0158102766798,0.00399732020285,-0.695652173913,-0.666666666667,-0.5,-0.247416411809,0.0119797260766,0.0135375494071,-0.490414902526,-0.00187609993079,0.00316205533597,-0.302875662588,-0.00159984586192,0.0138339920949,0.00270055527815,0.000546649542032,0,0.00399732020285,0.00270055527815,0,0.0173705082796,0.0201727341405,-4,-0.00225861095426,-0.0505845164936,0,0,0,80,0,8,418,0.909090909091,1,0,0.0909090909091,1,0.909090909091,0.952380952381,0.944467458064,0.909090909091,0.909090909091,1,9,0,10,1,10
101,WLNM_dir_neg_kfold,0.604938271605,0.284676833696,00:00:02,10,90,12,13357,threshold_sweep,0.2,1,0.111111111111,0.2,1,0,8,18,0.111111111111,1,0,0.888888888889,1,0.111111111111,0.2,0.703703703704,0.654320987654,0.142857142857,0.277350098113,0.111111111111,94,85,9,0,94,0,85,0,9,23,88,0.173913043478,1.68507579377,7.65217391304,7.33333333333,5.5,3.63829000359,0.475458352741,0.249505928854,5.32278271304,1.39118184545,0.672924901186,3.27042079462,0.854769071322,0.442687747036,0.749191304359,0.444603920564,2.5,1.68507579377,0.749191304359,2.5,0.259446613992,0.18878248974,46,0.025974025974,0.333144633145,23,23,23,1,0,0.478260869565,0.217391304348,0.304347826087,23,0.156126482213,1.68985691515,6.86956521739,6.58333333333,4.9375,3.30707709213,0.481409956449,0.260319207485,4.73695420897,1.37911325071,0.672537149147,2.92055547264,0.850288302161,0.453494771602,0.752495275795,0.445301178488,2.5,1.68985691515,0.752495275795,2.5,0.269840765295,0.200342465753,39,0.0220214568041,0.276593860685,23,23,23,1,0,0.478260869565,0.217391304348,0.304347826087,23,80,0.158102766798,1.68907311397,6.95652173913,6.66666666667,5,3.39087359178,0.487438078818,0.263043478261,4.83236781052,1.38930574552,0.676086956522,2.96754513204,0.85316922546,0.45652173913,0.751891859637,0.445150570106,2.5,1.68907311397,0.751891859637,2.5,0.276817122272,0.208955223881,42,0.0237154150198,0.282560116651,23,23,23,1,0,0.478260869565,0.217391304348,0.304347826087,-8,-0.0158102766798,0.00399732020285,-0.695652173913,-0.666666666667,-0.5,-0.247416411809,0.0119797260766,0.0135375494071,-0.490414902526,-0.00187609993079,0.00316205533597,-0.302875662588,-0.00159984586192,0.0138339920949,0.00270055527815,0.000546649542032,0,0.00399732020285,0.00270055527815,0,0.0173705082796,0.0201727341405,-4,-0.00225861095426,-0.0505845164936,0,0,0,80,0,8,418,0.909090909091,1,0,0.0909090909091,1,0.909090909091,0.952380952381,0.944467458064,0.909090909091,0.909090909091,1,9,0,10,1,10
102,WLNM_dir_neg_kfold,0.604938271605,0.284676833696,00:00:02,10,90,12,13357,threshold_sweep,0.3,1,0.111111111111,0.2,1,0,8,18,0.111111111111,1,0,0.888888888889,1,0.111111111111,0.2,0.703703703704,0.654320987654,0.142857142857,0.277350098113,0.111111111111,94,85,9,0,94,0,85,0,9,23,88,0.173913043478,1.68507579377,7.65217391304,7.33333333333,5.5,3.63829000359,0.475458352741,0.249505928854,5.32278271304,1.39118184545,0.672924901186,3.27042079462,0.854769071322,0.442687747036,0.749191304359,0.444603920564,2.5,1.68507579377,0.749191304359,2.5,0.259446613992,0.18878248974,46,0.025974025974,0.333144633145,23,23,23,1,0,0.478260869565,0.217391304348,0.304347826087,23,0.156126482213,1.68985691515,6.86956521739,6.58333333333,4.9375,3.30707709213,0.481409956449,0.260319207485,4.73695420897,1.37911325071,0.672537149147,2.92055547264,0.850288302161,0.453494771602,0.752495275795,0.445301178488,2.5,1.68985691515,0.752495275795,2.5,0.269840765295,0.200342465753,39,0.0220214568041,0.276593860685,23,23,23,1,0,0.478260869565,0.217391304348,0.304347826087,23,80,0.158102766798,1.68907311397,6.95652173913,6.66666666667,5,3.39087359178,0.487438078818,0.263043478261,4.83236781052,1.38930574552,0.676086956522,2.96754513204,0.85316922546,0.45652173913,0.751891859637,0.445150570106,2.5,1.68907311397,0.751891859637,2.5,0.276817122272,0.208955223881,42,0.0237154150198,0.282560116651,23,23,23,1,0,0.478260869565,0.217391304348,0.304347826087,-8,-0.0158102766798,0.00399732020285,-0.695652173913,-0.666666666667,-0.5,-0.247416411809,0.0119797260766,0.0135375494071,-0.490414902526,-0.00187609993079,0.00316205533597,-0.302875662588,-0.00159984586192,0.0138339920949,0.00270055527815,0.000546649542032,0,0.00399732020285,0.00270055527815,0,0.0173705082796,0.0201727341405,-4,-0.00225861095426,-0.0505845164936,0,0,0,80,0,8,418,0.909090909091,1,0,0.0909090909091,1,0.909090909091,0.952380952381,0.944467458064,0.909090909091,0.909090909091,1,9,0,10,1,10
103,WLNM_dir_neg_kfold,0.604938271605,0.284676833696,00:00:02,10,90,12,13357,threshold_sweep,0.4,1,0.111111111111,0.2,1,0,8,18,0.111111111111,1,0,0.888888888889,1,0.111111111111,0.2,0.703703703704,0.654320987654,0.142857142857,0.277350098113,0.111111111111,94,85,9,0,94,0,85,0,9,23,88,0.173913043478,1.68507579377,7.65217391304,7.33333333333,5.5,3.63829000359,0.475458352741,0.249505928854,5.32278271304,1.39118184545,0.672924901186,3.27042079462,0.854769071322,0.442687747036,0.749191304359,0.444603920564,2.5,1.68507579377,0.749191304359,2.5,0.259446613992,0.18878248974,46,0.025974025974,0.333144633145,23,23,23,1,0,0.478260869565,0.217391304348,0.304347826087,23,0.156126482213,1.68985691515,6.86956521739,6.58333333333,4.9375,3.30707709213,0.481409956449,0.260319207485,4.73695420897,1.37911325071,0.672537149147,2.92055547264,0.850288302161,0.453494771602,0.752495275795,0.445301178488,2.5,1.68985691515,0.752495275795,2.5,0.269840765295,0.200342465753,39,0.0220214568041,0.276593860685,23,23,23,1,0,0.478260869565,0.217391304348,0.304347826087,23,80,0.158102766798,1.68907311397,6.95652173913,6.66666666667,5,3.39087359178,0.487438078818,0.263043478261,4.83236781052,1.38930574552,0.676086956522,2.96754513204,0.85316922546,0.45652173913,0.751891859637,0.445150570106,2.5,1.68907311397,0.751891859637,2.5,0.276817122272,0.208955223881,42,0.0237154150198,0.282560116651,23,23,23,1,0,0.478260869565,0.217391304348,0.304347826087,-8,-0.0158102766798,0.00399732020285,-0.695652173913,-0.666666666667,-0.5,-0.247416411809,0.0119797260766,0.0135375494071,-0.490414902526,-0.00187609993079,0.00316205533597,-0.302875662588,-0.00159984586192,0.0138339920949,0.00270055527815,0.000546649542032,0,0.00399732020285,0.00270055527815,0,0.0173705082796,0.0201727341405,-4,-0.00225861095426,-0.0505845164936,0,0,0,80,0,8,418,0.909090909091,1,0,0.0909090909091,1,0.909090909091,0.952380952381,0.944467458064,0.909090909091,0.909090909091,1,9,0,10,1,10
104,WLNM_dir_neg_kfold,0.604938271605,0.284676833696,00:00:02,10,90,12,13357,threshold_sweep,0.5,1,0.111111111111,0.2,1,0,8,18,0.111111111111,1,0,0.888888888889,1,0.111111111111,0.2,0.703703703704,0.654320987654,0.142857142857,0.277350098113,0.111111111111,94,85,9,0,94,0,85,0,9,23,88,0.173913043478,1.68507579377,7.65217391304,7.33333333333,5.5,3.63829000359,0.475458352741,0.249505928854,5.32278271304,1.39118184545,0.672924901186,3.27042079462,0.854769071322,0.442687747036,0.749191304359,0.444603920564,2.5,1.68507579377,0.749191304359,2.5,0.259446613992,0.18878248974,46,0.025974025974,0.333144633145,23,23,23,1,0,0.478260869565,0.217391304348,0.304347826087,23,0.156126482213,1.68985691515,6.86956521739,6.58333333333,4.9375,3.30707709213,0.481409956449,0.260319207485,4.73695420897,1.37911325071,0.672537149147,2.92055547264,0.850288302161,0.453494771602,0.752495275795,0.445301178488,2.5,1.68985691515,0.752495275795,2.5,0.269840765295,0.200342465753,39,0.0220214568041,0.276593860685,23,23,23,1,0,0.478260869565,0.217391304348,0.304347826087,23,80,0.158102766798,1.68907311397,6.95652173913,6.66666666667,5,3.39087359178,0.487438078818,0.263043478261,4.83236781052,1.38930574552,0.676086956522,2.96754513204,0.85316922546,0.45652173913,0.751891859637,0.445150570106,2.5,1.68907311397,0.751891859637,2.5,0.276817122272,0.208955223881,42,0.0237154150198,0.282560116651,23,23,23,1,0,0.478260869565,0.217391304348,0.304347826087,-8,-0.0158102766798,0.00399732020285,-0.695652173913,-0.666666666667,-0.5,-0.247416411809,0.0119797260766,0.0135375494071,-0.490414902526,-0.00187609993079,0.00316205533597,-0.302875662588,-0.00159984586192,0.0138339920949,0.00270055527815,0.000546649542032,0,0.00399732020285,0.00270055527815,0,0.0173705082796,0.0201727341405,-4,-0.00225861095426,-0.0505845164936,0,0,0,80,0,8,418,0.909090909091,1,0,0.0909090909091,1,0.909090909091,0.952380952381,0.944467458064,0.909090909091,0.909090909091,1,9,0,10,1,10
105,WLNM_dir_neg_kfold,0.604938271605,0.284676833696,00:00:02,10,90,12,13357,threshold_sweep,0.6,1,0.111111111111,0.2,1,0,8,18,0.111111111111,1,0,0.888888888889,1,0.111111111111,0.2,0.703703703704,0.654320987654,0.142857142857,0.277350098113,0.111111111111,94,85,9,0,94,0,85,0,9,23,88,0.173913043478,1.68507579377,7.65217391304,7.33333333333,5.5,3.63829000359,0.475458352741,0.249505928854,5.32278271304,1.39118184545,0.672924901186,3.27042079462,0.854769071322,0.442687747036,0.749191304359,0.444603920564,2.5,1.68507579377,0.749191304359,2.5,0.259446613992,0.18878248974,46,0.025974025974,0.333144633145,23,23,23,1,0,0.478260869565,0.217391304348,0.304347826087,23,0.156126482213,1.68985691515,6.86956521739,6.58333333333,4.9375,3.30707709213,0.481409956449,0.260319207485,4.73695420897,1.37911325071,0.672537149147,2.92055547264,0.850288302161,0.453494771602,0.752495275795,0.445301178488,2.5,1.68985691515,0.752495275795,2.5,0.269840765295,0.200342465753,39,0.0220214568041,0.276593860685,23,23,23,1,0,0.478260869565,0.217391304348,0.304347826087,23,80,0.158102766798,1.68907311397,6.95652173913,6.66666666667,5,3.39087359178,0.487438078818,0.263043478261,4.83236781052,1.38930574552,0.676086956522,2.96754513204,0.85316922546,0.45652173913,0.751891859637,0.445150570106,2.5,1.68907311397,0.751891859637,2.5,0.276817122272,0.208955223881,42,0.0237154150198,0.282560116651,23,23,23,1,0,0.478260869565,0.217391304348,0.304347826087,-8,-0.0158102766798,0.00399732020285,-0.695652173913,-0.666666666667,-0.5,-0.247416411809,0.0119797260766,0.0135375494071,-0.490414902526,-0.00187609993079,0.00316205533597,-0.302875662588,-0.00159984586192,0.0138339920949,0.00270055527815,0.000546649542032,0,0.00399732020285,0.00270055527815,0,0.0173705082796,0.0201727341405,-4,-0.00225861095426,-0.0505845164936,0,0,0,80,0,8,418,0.909090909091,1,0,0.0909090909091,1,0.909090909091,0.952380952381,0.944467458064,0.909090909091,0.909090909091,1,9,0,10,1,10
106,WLNM_dir_neg_kfold,0.604938271605,0.284676833696,00:00:02,10,90,12,13357,threshold_sweep,0.7,1,0.111111111111,0.2,1,0,8,18,0.111111111111,1,0,0.888888888889,1,0.111111111111,0.2,0.703703703704,0.654320987654,0.142857142857,0.277350098113,0.111111111111,94,85,9,0,94,0,85,0,9,23,88,0.173913043478,1.68507579377,7.65217391304,7.33333333333,5.5,3.63829000359,0.475458352741,0.249505928854,5.32278271304,1.39118184545,0.672924901186,3.27042079462,0.854769071322,0.442687747036,0.749191304359,0.444603920564,2.5,1.68507579377,0.749191304359,2.5,0.259446613992,0.18878248974,46,0.025974025974,0.333144633145,23,23,23,1,0,0.478260869565,0.217391304348,0.304347826087,23,0.156126482213,1.68985691515,6.86956521739,6.58333333333,4.9375,3.30707709213,0.481409956449,0.260319207485,4.73695420897,1.37911325071,0.672537149147,2.92055547264,0.850288302161,0.453494771602,0.752495275795,0.445301178488,2.5,1.68985691515,0.752495275795,2.5,0.269840765295,0.200342465753,39,0.0220214568041,0.276593860685,23,23,23,1,0,0.478260869565,0.217391304348,0.304347826087,23,80,0.158102766798,1.68907311397,6.95652173913,6.66666666667,5,3.39087359178,0.487438078818,0.263043478261,4.83236781052,1.38930574552,0.676086956522,2.96754513204,0.85316922546,0.45652173913,0.751891859637,0.445150570106,2.5,1.68907311397,0.751891859637,2.5,0.276817122272,0.208955223881,42,0.0237154150198,0.282560116651,23,23,23,1,0,0.478260869565,0.217391304348,0.304347826087,-8,-0.0158102766798,0.00399732020285,-0.695652173913,-0.666666666667,-0.5,-0.247416411809,0.0119797260766,0.0135375494071,-0.490414902526,-0.00187609993079,0.00316205533597,-0.302875662588,-0.00159984586192,0.0138339920949,0.00270055527815,0.000546649542032,0,0.00399732020285,0.00270055527815,0,0.0173705082796,0.0201727341405,-4,-0.00225861095426,-0.0505845164936,0,0,0,80,0,8,418,0.909090909091,1,0,0.0909090909091,1,0.909090909091,0.952380952381,0.944467458064,0.909090909091,0.909090909091,1,9,0,10,1,10
107,WLNM_dir_neg_kfold,0.604938271605,0.284676833696,00:00:02,10,90,12,13357,threshold_sweep,0.8,1,0.111111111111,0.2,1,0,8,18,0.111111111111,1,0,0.888888888889,1,0.111111111111,0.2,0.703703703704,0.654320987654,0.142857142857,0.277350098113,0.111111111111,94,85,9,0,94,0,85,0,9,23,88,0.173913043478,1.68507579377,7.65217391304,7.33333333333,5.5,3.63829000359,0.475458352741,0.249505928854,5.32278271304,1.39118184545,0.672924901186,3.27042079462,0.854769071322,0.442687747036,0.749191304359,0.444603920564,2.5,1.68507579377,0.749191304359,2.5,0.259446613992,0.18878248974,46,0.025974025974,0.333144633145,23,23,23,1,0,0.478260869565,0.217391304348,0.304347826087,23,0.156126482213,1.68985691515,6.86956521739,6.58333333333,4.9375,3.30707709213,0.481409956449,0.260319207485,4.73695420897,1.37911325071,0.672537149147,2.92055547264,0.850288302161,0.453494771602,0.752495275795,0.445301178488,2.5,1.68985691515,0.752495275795,2.5,0.269840765295,0.200342465753,39,0.0220214568041,0.276593860685,23,23,23,1,0,0.478260869565,0.217391304348,0.304347826087,23,80,0.158102766798,1.68907311397,6.95652173913,6.66666666667,5,3.39087359178,0.487438078818,0.263043478261,4.83236781052,1.38930574552,0.676086956522,2.96754513204,0.85316922546,0.45652173913,0.751891859637,0.445150570106,2.5,1.68907311397,0.751891859637,2.5,0.276817122272,0.208955223881,42,0.0237154150198,0.282560116651,23,23,23,1,0,0.478260869565,0.217391304348,0.304347826087,-8,-0.0158102766798,0.00399732020285,-0.695652173913,-0.666666666667,-0.5,-0.247416411809,0.0119797260766,0.0135375494071,-0.490414902526,-0.00187609993079,0.00316205533597,-0.302875662588,-0.00159984586192,0.0138339920949,0.00270055527815,0.000546649542032,0,0.00399732020285,0.00270055527815,0,0.0173705082796,0.0201727341405,-4,-0.00225861095426,-0.0505845164936,0,0,0,80,0,8,418,0.909090909091,1,0,0.0909090909091,1,0.909090909091,0.952380952381,0.944467458064,0.909090909091,0.909090909091,1,9,0,10,1,10
108,WLNM_dir_neg_kfold,0.604938271605,0.284676833696,00:00:02,10,90,12,13357,threshold_sweep,0.9,1,0.111111111111,0.2,1,0,8,18,0.111111111111,1,0,0.888888888889,1,0.111111111111,0.2,0.703703703704,0.654320987654,0.142857142857,0.277350098113,0.111111111111,94,85,9,0,94,0,85,0,9,23,88,0.173913043478,1.68507579377,7.65217391304,7.33333333333,5.5,3.63829000359,0.475458352741,0.249505928854,5.32278271304,1.39118184545,0.672924901186,3.27042079462,0.854769071322,0.442687747036,0.749191304359,0.444603920564,2.5,1.68507579377,0.749191304359,2.5,0.259446613992,0.18878248974,46,0.025974025974,0.333144633145,23,23,23,1,0,0.478260869565,0.217391304348,0.304347826087,23,0.156126482213,1.68985691515,6.86956521739,6.58333333333,4.9375,3.30707709213,0.481409956449,0.260319207485,4.73695420897,1.37911325071,0.672537149147,2.92055547264,0.850288302161,0.453494771602,0.752495275795,0.445301178488,2.5,1.68985691515,0.752495275795,2.5,0.269840765295,0.200342465753,39,0.0220214568041,0.276593860685,23,23,23,1,0,0.478260869565,0.217391304348,0.304347826087,23,80,0.158102766798,1.68907311397,6.95652173913,6.66666666667,5,3.39087359178,0.487438078818,0.263043478261,4.83236781052,1.38930574552,0.676086956522,2.96754513204,0.85316922546,0.45652173913,0.751891859637,0.445150570106,2.5,1.68907311397,0.751891859637,2.5,0.276817122272,0.208955223881,42,0.0237154150198,0.282560116651,23,23,23,1,0,0.478260869565,0.217391304348,0.304347826087,-8,-0.0158102766798,0.00399732020285,-0.695652173913,-0.666666666667,-0.5,-0.247416411809,0.0119797260766,0.0135375494071,-0.490414902526,-0.00187609993079,0.00316205533597,-0.302875662588,-0.00159984586192,0.0138339920949,0.00270055527815,0.000546649542032,0,0.00399732020285,0.00270055527815,0,0.0173705082796,0.0201727341405,-4,-0.00225861095426,-0.0505845164936,0,0,0,80,0,8,418,0.909090909091,1,0,0.0909090909091,1,0.909090909091,0.952380952381,0.944467458064,0.909090909091,0.909090909091,1,9,0,10,1,10
109,WLNM_dir_neg_kfold,0.876543209877,0.481481481481,00:00:02,10,90,13,13358,threshold_sweep,0.1,1,0.111111111111,0.2,1,0,8,18,0.111111111111,1,0,0.888888888889,1,0.111111111111,0.2,0.703703703704,0.654320987654,0.142857142857,0.277350098113,0.111111111111,94,85,9,0,94,0,85,0,9,23,88,0.173913043478,1.68507579377,7.65217391304,7.33333333333,5.5,3.63829000359,0.475458352741,0.249505928854,5.32278271304,1.39118184545,0.672924901186,3.27042079462,0.854769071322,0.442687747036,0.749191304359,0.444603920564,2.5,1.68507579377,0.749191304359,2.5,0.259446613992,0.18878248974,46,0.025974025974,0.333144633145,23,23,23,1,0,0.478260869565,0.217391304348,0.304347826087,23,0.156126482213,1.68985691515,6.86956521739,6.58333333333,4.9375,3.30707709213,0.481409956449,0.260319207485,4.73695420897,1.37911325071,0.672537149147,2.92055547264,0.850288302161,0.453494771602,0.752495275795,0.445301178488,2.5,1.68985691515,0.752495275795,2.5,0.269840765295,0.200342465753,39,0.0220214568041,0.276593860685,23,23,23,1,0,0.478260869565,0.217391304348,0.304347826087,23,80,0.158102766798,1.68907311397,6.95652173913,6.66666666667,5,3.39087359178,0.487438078818,0.263043478261,4.83236781052,1.38930574552,0.676086956522,2.96754513204,0.85316922546,0.45652173913,0.751891859637,0.445150570106,2.5,1.68907311397,0.751891859637,2.5,0.276817122272,0.208955223881,42,0.0237154150198,0.282560116651,23,23,23,1,0,0.478260869565,0.217391304348,0.304347826087,-8,-0.0158102766798,0.00399732020285,-0.695652173913,-0.666666666667,-0.5,-0.247416411809,0.0119797260766,0.0135375494071,-0.490414902526,-0.00187609993079,0.00316205533597,-0.302875662588,-0.00159984586192,0.0138339920949,0.00270055527815,0.000546649542032,0,0.00399732020285,0.00270055527815,0,0.0173705082796,0.0201727341405,-4,-0.00225861095426,-0.0505845164936,0,0,0,80,0,8,418,0.909090909091,1,0,0.0909090909091,1,0.909090909091,0.952380952381,0.944467458064,0.909090909091,0.909090909091,1,9,0,10,1,10
110,WLNM_dir_neg_kfold,0.876543209877,0.481481481481,00:00:02,10,90,13,13358,threshold_sweep,0.2,1,0.111111111111,0.2,1,0,8,18,0.111111111111,1,0,0.888888888889,1,0.111111111111,0.2,0.703703703704,0.654320987654,0.142857142857,0.277350098113,0.111111111111,94,85,9,0,94,0,85,0,9,23,88,0.173913043478,1.68507579377,7.65217391304,7.33333333333,5.5,3.63829000359,0.475458352741,0.249505928854,5.32278271304,1.39118184545,0.672924901186,3.27042079462,0.854769071322,0.442687747036,0.749191304359,0.444603920564,2.5,1.68507579377,0.749191304359,2.5,0.259446613992,0.18878248974,46,0.025974025974,0.333144633145,23,23,23,1,0,0.478260869565,0.217391304348,0.304347826087,23,0.156126482213,1.68985691515,6.86956521739,6.58333333333,4.9375,3.30707709213,0.481409956449,0.260319207485,4.73695420897,1.37911325071,0.672537149147,2.92055547264,0.850288302161,0.453494771602,0.752495275795,0.445301178488,2.5,1.68985691515,0.752495275795,2.5,0.269840765295,0.200342465753,39,0.0220214568041,0.276593860685,23,23,23,1,0,0.478260869565,0.217391304348,0.304347826087,23,80,0.158102766798,1.68907311397,6.95652173913,6.66666666667,5,3.39087359178,0.487438078818,0.263043478261,4.83236781052,1.38930574552,0.676086956522,2.96754513204,0.85316922546,0.45652173913,0.751891859637,0.445150570106,2.5,1.68907311397,0.751891859637,2.5,0.276817122272,0.208955223881,42,0.0237154150198,0.282560116651,23,23,23,1,0,0.478260869565,0.217391304348,0.304347826087,-8,-0.0158102766798,0.00399732020285,-0.695652173913,-0.666666666667,-0.5,-0.247416411809,0.0119797260766,0.0135375494071,-0.490414902526,-0.00187609993079,0.00316205533597,-0.302875662588,-0.00159984586192,0.0138339920949,0.00270055527815,0.000546649542032,0,0.00399732020285,0.00270055527815,0,0.0173705082796,0.0201727341405,-4,-0.00225861095426,-0.0505845164936,0,0,0,80,0,8,418,0.909090909091,1,0,0.0909090909091,1,0.909090909091,0.952380952381,0.944467458064,0.909090909091,0.909090909091,1,9,0,10,1,10
111,WLNM_dir_neg_kfold,0.876543209877,0.481481481481,00:00:02,10,90,13,13358,threshold_sweep,0.3,1,0.111111111111,0.2,1,0,8,18,0.111111111111,1,0,0.888888888889,1,0.111111111111,0.2,0.703703703704,0.654320987654,0.142857142857,0.277350098113,0.111111111111,94,85,9,0,94,0,85,0,9,23,88,0.173913043478,1.68507579377,7.65217391304,7.33333333333,5.5,3.63829000359,0.475458352741,0.249505928854,5.32278271304,1.39118184545,0.672924901186,3.27042079462,0.854769071322,0.442687747036,0.749191304359,0.444603920564,2.5,1.68507579377,0.749191304359,2.5,0.259446613992,0.18878248974,46,0.025974025974,0.333144633145,23,23,23,1,0,0.478260869565,0.217391304348,0.304347826087,23,0.156126482213,1.68985691515,6.86956521739,6.58333333333,4.9375,3.30707709213,0.481409956449,0.260319207485,4.73695420897,1.37911325071,0.672537149147,2.92055547264,0.850288302161,0.453494771602,0.752495275795,0.445301178488,2.5,1.68985691515,0.752495275795,2.5,0.269840765295,0.200342465753,39,0.0220214568041,0.276593860685,23,23,23,1,0,0.478260869565,0.217391304348,0.304347826087,23,80,0.158102766798,1.68907311397,6.95652173913,6.66666666667,5,3.39087359178,0.487438078818,0.263043478261,4.83236781052,1.38930574552,0.676086956522,2.96754513204,0.85316922546,0.45652173913,0.751891859637,0.445150570106,2.5,1.68907311397,0.751891859637,2.5,0.276817122272,0.208955223881,42,0.0237154150198,0.282560116651,23,23,23,1,0,0.478260869565,0.217391304348,0.304347826087,-8,-0.0158102766798,0.00399732020285,-0.695652173913,-0.666666666667,-0.5,-0.247416411809,0.0119797260766,0.0135375494071,-0.490414902526,-0.00187609993079,0.00316205533597,-0.302875662588,-0.00159984586192,0.0138339920949,0.00270055527815,0.000546649542032,0,0.00399732020285,0.00270055527815,0,0.0173705082796,0.0201727341405,-4,-0.00225861095426,-0.0505845164936,0,0,0,80,0,8,418,0.909090909091,1,0,0.0909090909091,1,0.909090909091,0.952380952381,0.944467458064,0.909090909091,0.909090909091,1,9,0,10,1,10
112,WLNM_dir_neg_kfold,0.876543209877,0.481481481481,00:00:02,10,90,13,13358,threshold_sweep,0.4,1,0.111111111111,0.2,1,0,8,18,0.111111111111,1,0,0.888888888889,1,0.111111111111,0.2,0.703703703704,0.654320987654,0.142857142857,0.277350098113,0.111111111111,94,85,9,0,94,0,85,0,9,23,88,0.173913043478,1.68507579377,7.65217391304,7.33333333333,5.5,3.63829000359,0.475458352741,0.249505928854,5.32278271304,1.39118184545,0.672924901186,3.27042079462,0.854769071322,0.442687747036,0.749191304359,0.444603920564,2.5,1.68507579377,0.749191304359,2.5,0.259446613992,0.18878248974,46,0.025974025974,0.333144633145,23,23,23,1,0,0.478260869565,0.217391304348,0.304347826087,23,0.156126482213,1.68985691515,6.86956521739,6.58333333333,4.9375,3.30707709213,0.481409956449,0.260319207485,4.73695420897,1.37911325071,0.672537149147,2.92055547264,0.850288302161,0.453494771602,0.752495275795,0.445301178488,2.5,1.68985691515,0.752495275795,2.5,0.269840765295,0.200342465753,39,0.0220214568041,0.276593860685,23,23,23,1,0,0.478260869565,0.217391304348,0.304347826087,23,80,0.158102766798,1.68907311397,6.95652173913,6.66666666667,5,3.39087359178,0.487438078818,0.263043478261,4.83236781052,1.38930574552,0.676086956522,2.96754513204,0.85316922546,0.45652173913,0.751891859637,0.445150570106,2.5,1.68907311397,0.751891859637,2.5,0.276817122272,0.208955223881,42,0.0237154150198,0.282560116651,23,23,23,1,0,0.478260869565,0.217391304348,0.304347826087,-8,-0.0158102766798,0.00399732020285,-0.695652173913,-0.666666666667,-0.5,-0.247416411809,0.0119797260766,0.0135375494071,-0.490414902526,-0.00187609993079,0.00316205533597,-0.302875662588,-0.00159984586192,0.0138339920949,0.00270055527815,0.000546649542032,0,0.00399732020285,0.00270055527815,0,0.0173705082796,0.0201727341405,-4,-0.00225861095426,-0.0505845164936,0,0,0,80,0,8,418,0.909090909091,1,0,0.0909090909091,1,0.909090909091,0.952380952381,0.944467458064,0.909090909091,0.909090909091,1,9,0,10,1,10
113,WLNM_dir_neg_kfold,0.876543209877,0.481481481481,00:00:02,10,90,13,13358,threshold_sweep,0.5,1,0.111111111111,0.2,1,0,8,18,0.111111111111,1,0,0.888888888889,1,0.111111111111,0.2,0.703703703704,0.654320987654,0.142857142857,0.277350098113,0.111111111111,94,85,9,0,94,0,85,0,9,23,88,0.173913043478,1.68507579377,7.65217391304,7.33333333333,5.5,3.63829000359,0.475458352741,0.249505928854,5.32278271304,1.39118184545,0.672924901186,3.27042079462,0.854769071322,0.442687747036,0.749191304359,0.444603920564,2.5,1.68507579377,0.749191304359,2.5,0.259446613992,0.18878248974,46,0.025974025974,0.333144633145,23,23,23,1,0,0.478260869565,0.217391304348,0.304347826087,23,0.156126482213,1.68985691515,6.86956521739,6.58333333333,4.9375,3.30707709213,0.481409956449,0.260319207485,4.73695420897,1.37911325071,0.672537149147,2.92055547264,0.850288302161,0.453494771602,0.752495275795,0.445301178488,2.5,1.68985691515,0.752495275795,2.5,0.269840765295,0.200342465753,39,0.0220214568041,0.276593860685,23,23,23,1,0,0.478260869565,0.217391304348,0.304347826087,23,80,0.158102766798,1.68907311397,6.95652173913,6.66666666667,5,3.39087359178,0.487438078818,0.263043478261,4.83236781052,1.38930574552,0.676086956522,2.96754513204,0.85316922546,0.45652173913,0.751891859637,0.445150570106,2.5,1.68907311397,0.751891859637,2.5,0.276817122272,0.208955223881,42,0.0237154150198,0.282560116651,23,23,23,1,0,0.478260869565,0.217391304348,0.304347826087,-8,-0.0158102766798,0.00399732020285,-0.695652173913,-0.666666666667,-0.5,-0.247416411809,0.0119797260766,0.0135375494071,-0.490414902526,-0.00187609993079,0.00316205533597,-0.302875662588,-0.00159984586192,0.0138339920949,0.00270055527815,0.000546649542032,0,0.00399732020285,0.00270055527815,0,0.0173705082796,0.0201727341405,-4,-0.00225861095426,-0.0505845164936,0,0,0,80,0,8,418,0.909090909091,1,0,0.0909090909091,1,0.909090909091,0.952380952381,0.944467458064,0.909090909091,0.909090909091,1,9,0,10,1,10
114,WLNM_dir_neg_kfold,0.876543209877,0.481481481481,00:00:02,10,90,13,13358,threshold_sweep,0.6,1,0.111111111111,0.2,1,0,8,18,0.111111111111,1,0,0.888888888889,1,0.111111111111,0.2,0.703703703704,0.654320987654,0.142857142857,0.277350098113,0.111111111111,94,85,9,0,94,0,85,0,9,23,88,0.173913043478,1.68507579377,7.65217391304,7.33333333333,5.5,3.63829000359,0.475458352741,0.249505928854,5.32278271304,1.39118184545,0.672924901186,3.27042079462,0.854769071322,0.442687747036,0.749191304359,0.444603920564,2.5,1.68507579377,0.749191304359,2.5,0.259446613992,0.18878248974,46,0.025974025974,0.333144633145,23,23,23,1,0,0.478260869565,0.217391304348,0.304347826087,23,0.156126482213,1.68985691515,6.86956521739,6.58333333333,4.9375,3.30707709213,0.481409956449,0.260319207485,4.73695420897,1.37911325071,0.672537149147,2.92055547264,0.850288302161,0.453494771602,0.752495275795,0.445301178488,2.5,1.68985691515,0.752495275795,2.5,0.269840765295,0.200342465753,39,0.0220214568041,0.276593860685,23,23,23,1,0,0.478260869565,0.217391304348,0.304347826087,23,80,0.158102766798,1.68907311397,6.95652173913,6.66666666667,5,3.39087359178,0.487438078818,0.263043478261,4.83236781052,1.38930574552,0.676086956522,2.96754513204,0.85316922546,0.45652173913,0.751891859637,0.445150570106,2.5,1.68907311397,0.751891859637,2.5,0.276817122272,0.208955223881,42,0.0237154150198,0.282560116651,23,23,23,1,0,0.478260869565,0.217391304348,0.304347826087,-8,-0.0158102766798,0.00399732020285,-0.695652173913,-0.666666666667,-0.5,-0.247416411809,0.0119797260766,0.0135375494071,-0.490414902526,-0.00187609993079,0.00316205533597,-0.302875662588,-0.00159984586192,0.0138339920949,0.00270055527815,0.000546649542032,0,0.00399732020285,0.00270055527815,0,0.0173705082796,0.0201727341405,-4,-0.00225861095426,-0.0505845164936,0,0,0,80,0,8,418,0.909090909091,1,0,0.0909090909091,1,0.909090909091,0.952380952381,0.944467458064,0.909090909091,0.909090909091,1,9,0,10,1,10
115,WLNM_dir_neg_kfold,0.876543209877,0.481481481481,00:00:02,10,90,13,13358,threshold_sweep,0.7,1,0.111111111111,0.2,1,0,8,18,0.111111111111,1,0,0.888888888889,1,0.111111111111,0.2,0.703703703704,0.654320987654,0.142857142857,0.277350098113,0.111111111111,94,85,9,0,94,0,85,0,9,23,88,0.173913043478,1.68507579377,7.65217391304,7.33333333333,5.5,3.63829000359,0.475458352741,0.249505928854,5.32278271304,1.39118184545,0.672924901186,3.27042079462,0.854769071322,0.442687747036,0.749191304359,0.444603920564,2.5,1.68507579377,0.749191304359,2.5,0.259446613992,0.18878248974,46,0.025974025974,0.333144633145,23,23,23,1,0,0.478260869565,0.217391304348,0.304347826087,23,0.156126482213,1.68985691515,6.86956521739,6.58333333333,4.9375,3.30707709213,0.481409956449,0.260319207485,4.73695420897,1.37911325071,0.672537149147,2.92055547264,0.850288302161,0.453494771602,0.752495275795,0.445301178488,2.5,1.68985691515,0.752495275795,2.5,0.269840765295,0.200342465753,39,0.0220214568041,0.276593860685,23,23,23,1,0,0.478260869565,0.217391304348,0.304347826087,23,80,0.158102766798,1.68907311397,6.95652173913,6.66666666667,5,3.39087359178,0.487438078818,0.263043478261,4.83236781052,1.38930574552,0.676086956522,2.96754513204,0.85316922546,0.45652173913,0.751891859637,0.445150570106,2.5,1.68907311397,0.751891859637,2.5,0.276817122272,0.208955223881,42,0.0237154150198,0.282560116651,23,23,23,1,0,0.478260869565,0.217391304348,0.304347826087,-8,-0.0158102766798,0.00399732020285,-0.695652173913,-0.666666666667,-0.5,-0.247416411809,0.0119797260766,0.0135375494071,-0.490414902526,-0.00187609993079,0.00316205533597,-0.302875662588,-0.00159984586192,0.0138339920949,0.00270055527815,0.000546649542032,0,0.00399732020285,0.00270055527815,0,0.0173705082796,0.0201727341405,-4,-0.00225861095426,-0.0505845164936,0,0,0,80,0,8,418,0.909090909091,1,0,0.0909090909091,1,0.909090909091,0.952380952381,0.944467458064,0.909090909091,0.909090909091,1,9,0,10,1,10
116,WLNM_dir_neg_kfold,0.876543209877,0.481481481481,00:00:02,10,90,13,13358,threshold_sweep,0.8,1,0.111111111111,0.2,1,0,8,18,0.111111111111,1,0,0.888888888889,1,0.111111111111,0.2,0.703703703704,0.654320987654,0.142857142857,0.277350098113,0.111111111111,94,85,9,0,94,0,85,0,9,23,88,0.173913043478,1.68507579377,7.65217391304,7.33333333333,5.5,3.63829000359,0.475458352741,0.249505928854,5.32278271304,1.39118184545,0.672924901186,3.27042079462,0.854769071322,0.442687747036,0.749191304359,0.444603920564,2.5,1.68507579377,0.749191304359,2.5,0.259446613992,0.18878248974,46,0.025974025974,0.333144633145,23,23,23,1,0,0.478260869565,0.217391304348,0.304347826087,23,0.156126482213,1.68985691515,6.86956521739,6.58333333333,4.9375,3.30707709213,0.481409956449,0.260319207485,4.73695420897,1.37911325071,0.672537149147,2.92055547264,0.850288302161,0.453494771602,0.752495275795,0.445301178488,2.5,1.68985691515,0.752495275795,2.5,0.269840765295,0.200342465753,39,0.0220214568041,0.276593860685,23,23,23,1,0,0.478260869565,0.217391304348,0.304347826087,23,80,0.158102766798,1.68907311397,6.95652173913,6.66666666667,5,3.39087359178,0.487438078818,0.263043478261,4.83236781052,1.38930574552,0.676086956522,2.96754513204,0.85316922546,0.45652173913,0.751891859637,0.445150570106,2.5,1.68907311397,0.751891859637,2.5,0.276817122272,0.208955223881,42,0.0237154150198,0.282560116651,23,23,23,1,0,0.478260869565,0.217391304348,0.304347826087,-8,-0.0158102766798,0.00399732020285,-0.695652173913,-0.666666666667,-0.5,-0.247416411809,0.0119797260766,0.0135375494071,-0.490414902526,-0.00187609993079,0.00316205533597,-0.302875662588,-0.00159984586192,0.0138339920949,0.00270055527815,0.000546649542032,0,0.00399732020285,0.00270055527815,0,0.0173705082796,0.0201727341405,-4,-0.00225861095426,-0.0505845164936,0,0,0,80,0,8,418,0.909090909091,1,0,0.0909090909091,1,0.909090909091,0.952380952381,0.944467458064,0.909090909091,0.909090909091,1,9,0,10,1,10
117,WLNM_dir_neg_kfold,0.876543209877,0.481481481481,00:00:02,10,90,13,13358,threshold_sweep,0.9,1,0.111111111111,0.2,1,0,8,18,0.111111111111,1,0,0.888888888889,1,0.111111111111,0.2,0.703703703704,0.654320987654,0.142857142857,0.277350098113,0.111111111111,94,85,9,0,94,0,85,0,9,23,88,0.173913043478,1.68507579377,7.65217391304,7.33333333333,5.5,3.63829000359,0.475458352741,0.249505928854,5.32278271304,1.39118184545,0.672924901186,3.27042079462,0.854769071322,0.442687747036,0.749191304359,0.444603920564,2.5,1.68507579377,0.749191304359,2.5,0.259446613992,0.18878248974,46,0.025974025974,0.333144633145,23,23,23,1,0,0.478260869565,0.217391304348,0.304347826087,23,0.156126482213,1.68985691515,6.86956521739,6.58333333333,4.9375,3.30707709213,0.481409956449,0.260319207485,4.73695420897,1.37911325071,0.672537149147,2.92055547264,0.850288302161,0.453494771602,0.752495275795,0.445301178488,2.5,1.68985691515,0.752495275795,2.5,0.269840765295,0.200342465753,39,0.0220214568041,0.276593860685,23,23,23,1,0,0.478260869565,0.217391304348,0.304347826087,23,80,0.158102766798,1.68907311397,6.95652173913,6.66666666667,5,3.39087359178,0.487438078818,0.263043478261,4.83236781052,1.38930574552,0.676086956522,2.96754513204,0.85316922546,0.45652173913,0.751891859637,0.445150570106,2.5,1.68907311397,0.751891859637,2.5,0.276817122272,0.208955223881,42,0.0237154150198,0.282560116651,23,23,23,1,0,0.478260869565,0.217391304348,0.304347826087,-8,-0.0158102766798,0.00399732020285,-0.695652173913,-0.666666666667,-0.5,-0.247416411809,0.0119797260766,0.0135375494071,-0.490414902526,-0.00187609993079,0.00316205533597,-0.302875662588,-0.00159984586192,0.0138339920949,0.00270055527815,0.000546649542032,0,0.00399732020285,0.00270055527815,0,0.0173705082796,0.0201727341405,-4,-0.00225861095426,-0.0505845164936,0,0,0,80,0,8,418,0.909090909091,1,0,0.0909090909091,1,0.909090909091,0.952380952381,0.944467458064,0.909090909091,0.909090909091,1,9,0,10,1,10
118,WLNM_dir_neg_kfold,0.753086419753,0.355555555556,00:00:02,10,90,14,13359,threshold_sweep,0.1,1,0.111111111111,0.2,1,0,8,18,0.111111111111,1,0,0.888888888889,1,0.111111111111,0.2,0.703703703704,0.654320987654,0.142857142857,0.277350098113,0.111111111111,94,85,9,0,94,0,85,0,9,23,88,0.173913043478,1.68507579377,7.65217391304,7.33333333333,5.5,3.63829000359,0.475458352741,0.249505928854,5.32278271304,1.39118184545,0.672924901186,3.27042079462,0.854769071322,0.442687747036,0.749191304359,0.444603920564,2.5,1.68507579377,0.749191304359,2.5,0.259446613992,0.18878248974,46,0.025974025974,0.333144633145,23,23,23,1,0,0.478260869565,0.217391304348,0.304347826087,23,0.156126482213,1.68985691515,6.86956521739,6.58333333333,4.9375,3.30707709213,0.481409956449,0.260319207485,4.73695420897,1.37911325071,0.672537149147,2.92055547264,0.850288302161,0.453494771602,0.752495275795,0.445301178488,2.5,1.68985691515,0.752495275795,2.5,0.269840765295,0.200342465753,39,0.0220214568041,0.276593860685,23,23,23,1,0,0.478260869565,0.217391304348,0.304347826087,23,80,0.158102766798,1.68907311397,6.95652173913,6.66666666667,5,3.39087359178,0.487438078818,0.263043478261,4.83236781052,1.38930574552,0.676086956522,2.96754513204,0.85316922546,0.45652173913,0.751891859637,0.445150570106,2.5,1.68907311397,0.751891859637,2.5,0.276817122272,0.208955223881,42,0.0237154150198,0.282560116651,23,23,23,1,0,0.478260869565,0.217391304348,0.304347826087,-8,-0.0158102766798,0.00399732020285,-0.695652173913,-0.666666666667,-0.5,-0.247416411809,0.0119797260766,0.0135375494071,-0.490414902526,-0.00187609993079,0.00316205533597,-0.302875662588,-0.00159984586192,0.0138339920949,0.00270055527815,0.000546649542032,0,0.00399732020285,0.00270055527815,0,0.0173705082796,0.0201727341405,-4,-0.00225861095426,-0.0505845164936,0,0,0,80,0,8,418,0.909090909091,1,0,0.0909090909091,1,0.909090909091,0.952380952381,0.944467458064,0.909090909091,0.909090909091,1,9,0,10,1,10
119,WLNM_dir_neg_kfold,0.753086419753,0.355555555556,00:00:02,10,90,14,13359,threshold_sweep,0.2,1,0.111111111111,0.2,1,0,8,18,0.111111111111,1,0,0.888888888889,1,0.111111111111,0.2,0.703703703704,0.654320987654,0.142857142857,0.277350098113,0.111111111111,94,85,9,0,94,0,85,0,9,23,88,0.173913043478,1.68507579377,7.65217391304,7.33333333333,5.5,3.63829000359,0.475458352741,0.249505928854,5.32278271304,1.39118184545,0.672924901186,3.27042079462,0.854769071322,0.442687747036,0.749191304359,0.444603920564,2.5,1.68507579377,0.749191304359,2.5,0.259446613992,0.18878248974,46,0.025974025974,0.333144633145,23,23,23,1,0,0.478260869565,0.217391304348,0.304347826087,23,0.156126482213,1.68985691515,6.86956521739,6.58333333333,4.9375,3.30707709213,0.481409956449,0.260319207485,4.73695420897,1.37911325071,0.672537149147,2.92055547264,0.850288302161,0.453494771602,0.752495275795,0.445301178488,2.5,1.68985691515,0.752495275795,2.5,0.269840765295,0.200342465753,39,0.0220214568041,0.276593860685,23,23,23,1,0,0.478260869565,0.217391304348,0.304347826087,23,80,0.158102766798,1.68907311397,6.95652173913,6.66666666667,5,3.39087359178,0.487438078818,0.263043478261,4.83236781052,1.38930574552,0.676086956522,2.96754513204,0.85316922546,0.45652173913,0.751891859637,0.445150570106,2.5,1.68907311397,0.751891859637,2.5,0.276817122272,0.208955223881,42,0.0237154150198,0.282560116651,23,23,23,1,0,0.478260869565,0.217391304348,0.304347826087,-8,-0.0158102766798,0.00399732020285,-0.695652173913,-0.666666666667,-0.5,-0.247416411809,0.0119797260766,0.0135375494071,-0.490414902526,-0.00187609993079,0.00316205533597,-0.302875662588,-0.00159984586192,0.0138339920949,0.00270055527815,0.000546649542032,0,0.00399732020285,0.00270055527815,0,0.0173705082796,0.0201727341405,-4,-0.00225861095426,-0.0505845164936,0,0,0,80,0,8,418,0.909090909091,1,0,0.0909090909091,1,0.909090909091,0.952380952381,0.944467458064,0.909090909091,0.909090909091,1,9,0,10,1,10
120,WLNM_dir_neg_kfold,0.753086419753,0.355555555556,00:00:02,10,90,14,13359,threshold_sweep,0.3,1,0.111111111111,0.2,1,0,8,18,0.111111111111,1,0,0.888888888889,1,0.111111111111,0.2,0.703703703704,0.654320987654,0.142857142857,0.277350098113,0.111111111111,94,85,9,0,94,0,85,0,9,23,88,0.173913043478,1.68507579377,7.65217391304,7.33333333333,5.5,3.63829000359,0.475458352741,0.249505928854,5.32278271304,1.39118184545,0.672924901186,3.27042079462,0.854769071322,0.442687747036,0.749191304359,0.444603920564,2.5,1.68507579377,0.749191304359,2.5,0.259446613992,0.18878248974,46,0.025974025974,0.333144633145,23,23,23,1,0,0.478260869565,0.217391304348,0.304347826087,23,0.156126482213,1.68985691515,6.86956521739,6.58333333333,4.9375,3.30707709213,0.481409956449,0.260319207485,4.73695420897,1.37911325071,0.672537149147,2.92055547264,0.850288302161,0.453494771602,0.752495275795,0.445301178488,2.5,1.68985691515,0.752495275795,2.5,0.269840765295,0.200342465753,39,0.0220214568041,0.276593860685,23,23,23,1,0,0.478260869565,0.217391304348,0.304347826087,23,80,0.158102766798,1.68907311397,6.95652173913,6.66666666667,5,3.39087359178,0.487438078818,0.263043478261,4.83236781052,1.38930574552,0.676086956522,2.96754513204,0.85316922546,0.45652173913,0.751891859637,0.445150570106,2.5,1.68907311397,0.751891859637,2.5,0.276817122272,0.208955223881,42,0.0237154150198,0.282560116651,23,23,23,1,0,0.478260869565,0.217391304348,0.304347826087,-8,-0.0158102766798,0.00399732020285,-0.695652173913,-0.666666666667,-0.5,-0.247416411809,0.0119797260766,0.0135375494071,-0.490414902526,-0.00187609993079,0.00316205533597,-0.302875662588,-0.00159984586192,0.0138339920949,0.00270055527815,0.000546649542032,0,0.00399732020285,0.00270055527815,0,0.0173705082796,0.0201727341405,-4,-0.00225861095426,-0.0505845164936,0,0,0,80,0,8,418,0.909090909091,1,0,0.0909090909091,1,0.909090909091,0.952380952381,0.944467458064,0.909090909091,0.909090909091,1,9,0,10,1,10
121,WLNM_dir_neg_kfold,0.753086419753,0.355555555556,00:00:02,10,90,14,13359,threshold_sweep,0.4,1,0.111111111111,0.2,1,0,8,18,0.111111111111,1,0,0.888888888889,1,0.111111111111,0.2,0.703703703704,0.654320987654,0.142857142857,0.277350098113,0.111111111111,94,85,9,0,94,0,85,0,9,23,88,0.173913043478,1.68507579377,7.65217391304,7.33333333333,5.5,3.63829000359,0.475458352741,0.249505928854,5.32278271304,1.39118184545,0.672924901186,3.27042079462,0.854769071322,0.442687747036,0.749191304359,0.444603920564,2.5,1.68507579377,0.749191304359,2.5,0.259446613992,0.18878248974,46,0.025974025974,0.333144633145,23,23,23,1,0,0.478260869565,0.217391304348,0.304347826087,23,0.156126482213,1.68985691515,6.86956521739,6.58333333333,4.9375,3.30707709213,0.481409956449,0.260319207485,4.73695420897,1.37911325071,0.672537149147,2.92055547264,0.850288302161,0.453494771602,0.752495275795,0.445301178488,2.5,1.68985691515,0.752495275795,2.5,0.269840765295,0.200342465753,39,0.0220214568041,0.276593860685,23,23,23,1,0,0.478260869565,0.217391304348,0.304347826087,23,80,0.158102766798,1.68907311397,6.95652173913,6.66666666667,5,3.39087359178,0.487438078818,0.263043478261,4.83236781052,1.38930574552,0.676086956522,2.96754513204,0.85316922546,0.45652173913,0.751891859637,0.445150570106,2.5,1.68907311397,0.751891859637,2.5,0.276817122272,0.208955223881,42,0.0237154150198,0.282560116651,23,23,23,1,0,0.478260869565,0.217391304348,0.304347826087,-8,-0.0158102766798,0.00399732020285,-0.695652173913,-0.666666666667,-0.5,-0.247416411809,0.0119797260766,0.0135375494071,-0.490414902526,-0.00187609993079,0.00316205533597,-0.302875662588,-0.00159984586192,0.0138339920949,0.00270055527815,0.000546649542032,0,0.00399732020285,0.00270055527815,0,0.0173705082796,0.0201727341405,-4,-0.00225861095426,-0.0505845164936,0,0,0,80,0,8,418,0.909090909091,1,0,0.0909090909091,1,0.909090909091,0.952380952381,0.944467458064,0.909090909091,0.909090909091,1,9,0,10,1,10
122,WLNM_dir_neg_kfold,0.753086419753,0.355555555556,00:00:02,10,90,14,13359,threshold_sweep,0.5,1,0.111111111111,0.2,1,0,8,18,0.111111111111,1,0,0.888888888889,1,0.111111111111,0.2,0.703703703704,0.654320987654,0.142857142857,0.277350098113,0.111111111111,94,85,9,0,94,0,85,0,9,23,88,0.173913043478,1.68507579377,7.65217391304,7.33333333333,5.5,3.63829000359,0.475458352741,0.249505928854,5.32278271304,1.39118184545,0.672924901186,3.27042079462,0.854769071322,0.442687747036,0.749191304359,0.444603920564,2.5,1.68507579377,0.749191304359,2.5,0.259446613992,0.18878248974,46,0.025974025974,0.333144633145,23,23,23,1,0,0.478260869565,0.217391304348,0.304347826087,23,0.156126482213,1.68985691515,6.86956521739,6.58333333333,4.9375,3.30707709213,0.481409956449,0.260319207485,4.73695420897,1.37911325071,0.672537149147,2.92055547264,0.850288302161,0.453494771602,0.752495275795,0.445301178488,2.5,1.68985691515,0.752495275795,2.5,0.269840765295,0.200342465753,39,0.0220214568041,0.276593860685,23,23,23,1,0,0.478260869565,0.217391304348,0.304347826087,23,80,0.158102766798,1.68907311397,6.95652173913,6.66666666667,5,3.39087359178,0.487438078818,0.263043478261,4.83236781052,1.38930574552,0.676086956522,2.96754513204,0.85316922546,0.45652173913,0.751891859637,0.445150570106,2.5,1.68907311397,0.751891859637,2.5,0.276817122272,0.208955223881,42,0.0237154150198,0.282560116651,23,23,23,1,0,0.478260869565,0.217391304348,0.304347826087,-8,-0.0158102766798,0.00399732020285,-0.695652173913,-0.666666666667,-0.5,-0.247416411809,0.0119797260766,0.0135375494071,-0.490414902526,-0.00187609993079,0.00316205533597,-0.302875662588,-0.00159984586192,0.0138339920949,0.00270055527815,0.000546649542032,0,0.00399732020285,0.00270055527815,0,0.0173705082796,0.0201727341405,-4,-0.00225861095426,-0.0505845164936,0,0,0,80,0,8,418,0.909090909091,1,0,0.0909090909091,1,0.909090909091,0.952380952381,0.944467458064,0.909090909091,0.909090909091,1,9,0,10,1,10
123,WLNM_dir_neg_kfold,0.753086419753,0.355555555556,00:00:02,10,90,14,13359,threshold_sweep,0.6,1,0.111111111111,0.2,1,0,8,18,0.111111111111,1,0,0.888888888889,1,0.111111111111,0.2,0.703703703704,0.654320987654,0.142857142857,0.277350098113,0.111111111111,94,85,9,0,94,0,85,0,9,23,88,0.173913043478,1.68507579377,7.65217391304,7.33333333333,5.5,3.63829000359,0.475458352741,0.249505928854,5.32278271304,1.39118184545,0.672924901186,3.27042079462,0.854769071322,0.442687747036,0.749191304359,0.444603920564,2.5,1.68507579377,0.749191304359,2.5,0.259446613992,0.18878248974,46,0.025974025974,0.333144633145,23,23,23,1,0,0.478260869565,0.217391304348,0.304347826087,23,0.156126482213,1.68985691515,6.86956521739,6.58333333333,4.9375,3.30707709213,0.481409956449,0.260319207485,4.73695420897,1.37911325071,0.672537149147,2.92055547264,0.850288302161,0.453494771602,0.752495275795,0.445301178488,2.5,1.68985691515,0.752495275795,2.5,0.269840765295,0.200342465753,39,0.0220214568041,0.276593860685,23,23,23,1,0,0.478260869565,0.217391304348,0.304347826087,23,80,0.158102766798,1.68907311397,6.95652173913,6.66666666667,5,3.39087359178,0.487438078818,0.263043478261,4.83236781052,1.38930574552,0.676086956522,2.96754513204,0.85316922546,0.45652173913,0.751891859637,0.445150570106,2.5,1.68907311397,0.751891859637,2.5,0.276817122272,0.208955223881,42,0.0237154150198,0.282560116651,23,23,23,1,0,0.478260869565,0.217391304348,0.304347826087,-8,-0.0158102766798,0.00399732020285,-0.695652173913,-0.666666666667,-0.5,-0.247416411809,0.0119797260766,0.0135375494071,-0.490414902526,-0.00187609993079,0.00316205533597,-0.302875662588,-0.00159984586192,0.0138339920949,0.00270055527815,0.000546649542032,0,0.00399732020285,0.00270055527815,0,0.0173705082796,0.0201727341405,-4,-0.00225861095426,-0.0505845164936,0,0,0,80,0,8,418,0.909090909091,1,0,0.0909090909091,1,0.909090909091,0.952380952381,0.944467458064,0.909090909091,0.909090909091,1,9,0,10,1,10
124,WLNM_dir_neg_kfold,0.753086419753,0.355555555556,00:00:02,10,90,14,13359,threshold_sweep,0.7,1,0.111111111111,0.2,1,0,8,18,0.111111111111,1,0,0.888888888889,1,0.111111111111,0.2,0.703703703704,0.654320987654,0.142857142857,0.277350098113,0.111111111111,94,85,9,0,94,0,85,0,9,23,88,0.173913043478,1.68507579377,7.65217391304,7.33333333333,5.5,3.63829000359,0.475458352741,0.249505928854,5.32278271304,1.39118184545,0.672924901186,3.27042079462,0.854769071322,0.442687747036,0.749191304359,0.444603920564,2.5,1.68507579377,0.749191304359,2.5,0.259446613992,0.18878248974,46,0.025974025974,0.333144633145,23,23,23,1,0,0.478260869565,0.217391304348,0.304347826087,23,0.156126482213,1.68985691515,6.86956521739,6.58333333333,4.9375,3.30707709213,0.481409956449,0.260319207485,4.73695420897,1.37911325071,0.672537149147,2.92055547264,0.850288302161,0.453494771602,0.752495275795,0.445301178488,2.5,1.68985691515,0.752495275795,2.5,0.269840765295,0.200342465753,39,0.0220214568041,0.276593860685,23,23,23,1,0,0.478260869565,0.217391304348,0.304347826087,23,80,0.158102766798,1.68907311397,6.95652173913,6.66666666667,5,3.39087359178,0.487438078818,0.263043478261,4.83236781052,1.38930574552,0.676086956522,2.96754513204,0.85316922546,0.45652173913,0.751891859637,0.445150570106,2.5,1.68907311397,0.751891859637,2.5,0.276817122272,0.208955223881,42,0.0237154150198,0.282560116651,23,23,23,1,0,0.478260869565,0.217391304348,0.304347826087,-8,-0.0158102766798,0.00399732020285,-0.695652173913,-0.666666666667,-0.5,-0.247416411809,0.0119797260766,0.0135375494071,-0.490414902526,-0.00187609993079,0.00316205533597,-0.302875662588,-0.00159984586192,0.0138339920949,0.00270055527815,0.000546649542032,0,0.00399732020285,0.00270055527815,0,0.0173705082796,0.0201727341405,-4,-0.00225861095426,-0.0505845164936,0,0,0,80,0,8,418,0.909090909091,1,0,0.0909090909091,1,0.909090909091,0.952380952381,0.944467458064,0.909090909091,0.909090909091,1,9,0,10,1,10
125,WLNM_dir_neg_kfold,0.753086419753,0.355555555556,00:00:02,10,90,14,13359,threshold_sweep,0.8,1,0.111111111111,0.2,1,0,8,18,0.111111111111,1,0,0.888888888889,1,0.111111111111,0.2,0.703703703704,0.654320987654,0.142857142857,0.277350098113,0.111111111111,94,85,9,0,94,0,85,0,9,23,88,0.173913043478,1.68507579377,7.65217391304,7.33333333333,5.5,3.63829000359,0.475458352741,0.249505928854,5.32278271304,1.39118184545,0.672924901186,3.27042079462,0.854769071322,0.442687747036,0.749191304359,0.444603920564,2.5,1.68507579377,0.749191304359,2.5,0.259446613992,0.18878248974,46,0.025974025974,0.333144633145,23,23,23,1,0,0.478260869565,0.217391304348,0.304347826087,23,0.156126482213,1.68985691515,6.86956521739,6.58333333333,4.9375,3.30707709213,0.481409956449,0.260319207485,4.73695420897,1.37911325071,0.672537149147,2.92055547264,0.850288302161,0.453494771602,0.752495275795,0.445301178488,2.5,1.68985691515,0.752495275795,2.5,0.269840765295,0.200342465753,39,0.0220214568041,0.276593860685,23,23,23,1,0,0.478260869565,0.217391304348,0.304347826087,23,80,0.158102766798,1.68907311397,6.95652173913,6.66666666667,5,3.39087359178,0.487438078818,0.263043478261,4.83236781052,1.38930574552,0.676086956522,2.96754513204,0.85316922546,0.45652173913,0.751891859637,0.445150570106,2.5,1.68907311397,0.751891859637,2.5,0.276817122272,0.208955223881,42,0.0237154150198,0.282560116651,23,23,23,1,0,0.478260869565,0.217391304348,0.304347826087,-8,-0.0158102766798,0.00399732020285,-0.695652173913,-0.666666666667,-0.5,-0.247416411809,0.0119797260766,0.0135375494071,-0.490414902526,-0.00187609993079,0.00316205533597,-0.302875662588,-0.00159984586192,0.0138339920949,0.00270055527815,0.000546649542032,0,0.00399732020285,0.00270055527815,0,0.0173705082796,0.0201727341405,-4,-0.00225861095426,-0.0505845164936,0,0,0,80,0,8,418,0.909090909091,1,0,0.0909090909091,1,0.909090909091,0.952380952381,0.944467458064,0.909090909091,0.909090909091,1,9,0,10,1,10
126,WLNM_dir_neg_kfold,0.753086419753,0.355555555556,00:00:02,10,90,14,13359,threshold_sweep,0.9,1,0.111111111111,0.2,1,0,8,18,0.111111111111,1,0,0.888888888889,1,0.111111111111,0.2,0.703703703704,0.654320987654,0.142857142857,0.277350098113,0.111111111111,94,85,9,0,94,0,85,0,9,23,88,0.173913043478,1.68507579377,7.65217391304,7.33333333333,5.5,3.63829000359,0.475458352741,0.249505928854,5.32278271304,1.39118184545,0.672924901186,3.27042079462,0.854769071322,0.442687747036,0.749191304359,0.444603920564,2.5,1.68507579377,0.749191304359,2.5,0.259446613992,0.18878248974,46,0.025974025974,0.333144633145,23,23,23,1,0,0.478260869565,0.217391304348,0.304347826087,23,0.156126482213,1.68985691515,6.86956521739,6.58333333333,4.9375,3.30707709213,0.481409956449,0.260319207485,4.73695420897,1.37911325071,0.672537149147,2.92055547264,0.850288302161,0.453494771602,0.752495275795,0.445301178488,2.5,1.68985691515,0.752495275795,2.5,0.269840765295,0.200342465753,39,0.0220214568041,0.276593860685,23,23,23,1,0,0.478260869565,0.217391304348,0.304347826087,23,80,0.158102766798,1.68907311397,6.95652173913,6.66666666667,5,3.39087359178,0.487438078818,0.263043478261,4.83236781052,1.38930574552,0.676086956522,2.96754513204,0.85316922546,0.45652173913,0.751891859637,0.445150570106,2.5,1.68907311397,0.751891859637,2.5,0.276817122272,0.208955223881,42,0.0237154150198,0.282560116651,23,23,23,1,0,0.478260869565,0.217391304348,0.304347826087,-8,-0.0158102766798,0.00399732020285,-0.695652173913,-0.666666666667,-0.5,-0.247416411809,0.0119797260766,0.0135375494071,-0.490414902526,-0.00187609993079,0.00316205533597,-0.302875662588,-0.00159984586192,0.0138339920949,0.00270055527815,0.000546649542032,0,0.00399732020285,0.00270055527815,0,0.0173705082796,0.0201727341405,-4,-0.00225861095426,-0.0505845164936,0,0,0,80,0,8,418,0.909090909091,1,0,0.0909090909091,1,0.909090909091,0.952380952381,0.944467458064,0.909090909091,0.909090909091,1,9,0,10,1,10
127,WLNM_dir_neg_kfold,0.901234567901,0.511784511785,00:00:02,10,90,15,13360,threshold_sweep,0.1,1,0.111111111111,0.2,1,0,8,18,0.111111111111,1,0,0.888888888889,1,0.111111111111,0.2,0.703703703704,0.654320987654,0.142857142857,0.277350098113,0.111111111111,94,85,9,0,94,0,85,0,9,23,88,0.173913043478,1.68507579377,7.65217391304,7.33333333333,5.5,3.63829000359,0.475458352741,0.249505928854,5.32278271304,1.39118184545,0.672924901186,3.27042079462,0.854769071322,0.442687747036,0.749191304359,0.444603920564,2.5,1.68507579377,0.749191304359,2.5,0.259446613992,0.18878248974,46,0.025974025974,0.333144633145,23,23,23,1,0,0.478260869565,0.217391304348,0.304347826087,23,0.156126482213,1.68985691515,6.86956521739,6.58333333333,4.9375,3.30707709213,0.481409956449,0.260319207485,4.73695420897,1.37911325071,0.672537149147,2.92055547264,0.850288302161,0.453494771602,0.752495275795,0.445301178488,2.5,1.68985691515,0.752495275795,2.5,0.269840765295,0.200342465753,39,0.0220214568041,0.276593860685,23,23,23,1,0,0.478260869565,0.217391304348,0.304347826087,23,80,0.158102766798,1.68907311397,6.95652173913,6.66666666667,5,3.39087359178,0.487438078818,0.263043478261,4.83236781052,1.38930574552,0.676086956522,2.96754513204,0.85316922546,0.45652173913,0.751891859637,0.445150570106,2.5,1.68907311397,0.751891859637,2.5,0.276817122272,0.208955223881,42,0.0237154150198,0.282560116651,23,23,23,1,0,0.478260869565,0.217391304348,0.304347826087,-8,-0.0158102766798,0.00399732020285,-0.695652173913,-0.666666666667,-0.5,-0.247416411809,0.0119797260766,0.0135375494071,-0.490414902526,-0.00187609993079,0.00316205533597,-0.302875662588,-0.00159984586192,0.0138339920949,0.00270055527815,0.000546649542032,0,0.00399732020285,0.00270055527815,0,0.0173705082796,0.0201727341405,-4,-0.00225861095426,-0.0505845164936,0,0,0,80,0,8,418,0.909090909091,1,0,0.0909090909091,1,0.909090909091,0.952380952381,0.944467458064,0.909090909091,0.909090909091,1,9,0,10,1,10
128,WLNM_dir_neg_kfold,0.901234567901,0.511784511785,00:00:02,10,90,15,13360,threshold_sweep,0.2,1,0.111111111111,0.2,1,0,8,18,0.111111111111,1,0,0.888888888889,1,0.111111111111,0.2,0.703703703704,0.654320987654,0.142857142857,0.277350098113,0.111111111111,94,85,9,0,94,0,85,0,9,23,88,0.173913043478,1.68507579377,7.65217391304,7.33333333333,5.5,3.63829000359,0.475458352741,0.249505928854,5.32278271304,1.39118184545,0.672924901186,3.27042079462,0.854769071322,0.442687747036,0.749191304359,0.444603920564,2.5,1.68507579377,0.749191304359,2.5,0.259446613992,0.18878248974,46,0.025974025974,0.333144633145,23,23,23,1,0,0.478260869565,0.217391304348,0.304347826087,23,0.156126482213,1.68985691515,6.86956521739,6.58333333333,4.9375,3.30707709213,0.481409956449,0.260319207485,4.73695420897,1.37911325071,0.672537149147,2.92055547264,0.850288302161,0.453494771602,0.752495275795,0.445301178488,2.5,1.68985691515,0.752495275795,2.5,0.269840765295,0.200342465753,39,0.0220214568041,0.276593860685,23,23,23,1,0,0.478260869565,0.217391304348,0.304347826087,23,80,0.158102766798,1.68907311397,6.95652173913,6.66666666667,5,3.39087359178,0.487438078818,0.263043478261,4.83236781052,1.38930574552,0.676086956522,2.96754513204,0.85316922546,0.45652173913,0.751891859637,0.445150570106,2.5,1.68907311397,0.751891859637,2.5,0.276817122272,0.208955223881,42,0.0237154150198,0.282560116651,23,23,23,1,0,0.478260869565,0.217391304348,0.304347826087,-8,-0.0158102766798,0.00399732020285,-0.695652173913,-0.666666666667,-0.5,-0.247416411809,0.0119797260766,0.0135375494071,-0.490414902526,-0.00187609993079,0.00316205533597,-0.302875662588,-0.00159984586192,0.0138339920949,0.00270055527815,0.000546649542032,0,0.00399732020285,0.00270055527815,0,0.0173705082796,0.0201727341405,-4,-0.00225861095426,-0.0505845164936,0,0,0,80,0,8,418,0.909090909091,1,0,0.0909090909091,1,0.909090909091,0.952380952381,0.944467458064,0.909090909091,0.909090909091,1,9,0,10,1,10
129,WLNM_dir_neg_kfold,0.901234567901,0.511784511785,00:00:02,10,90,15,13360,threshold_sweep,0.3,1,0.111111111111,0.2,1,0,8,18,0.111111111111,1,0,0.888888888889,1,0.111111111111,0.2,0.703703703704,0.654320987654,0.142857142857,0.277350098113,0.111111111111,94,85,9,0,94,0,85,0,9,23,88,0.173913043478,1.68507579377,7.65217391304,7.33333333333,5.5,3.63829000359,0.475458352741,0.249505928854,5.32278271304,1.39118184545,0.672924901186,3.27042079462,0.854769071322,0.442687747036,0.749191304359,0.444603920564,2.5,1.68507579377,0.749191304359,2.5,0.259446613992,0.18878248974,46,0.025974025974,0.333144633145,23,23,23,1,0,0.478260869565,0.217391304348,0.304347826087,23,0.156126482213,1.68985691515,6.86956521739,6.58333333333,4.9375,3.30707709213,0.481409956449,0.260319207485,4.73695420897,1.37911325071,0.672537149147,2.92055547264,0.850288302161,0.453494771602,0.752495275795,0.445301178488,2.5,1.68985691515,0.752495275795,2.5,0.269840765295,0.200342465753,39,0.0220214568041,0.276593860685,23,23,23,1,0,0.478260869565,0.217391304348,0.304347826087,23,80,0.158102766798,1.68907311397,6.95652173913,6.66666666667,5,3.39087359178,0.487438078818,0.263043478261,4.83236781052,1.38930574552,0.676086956522,2.96754513204,0.85316922546,0.45652173913,0.751891859637,0.445150570106,2.5,1.68907311397,0.751891859637,2.5,0.276817122272,0.208955223881,42,0.0237154150198,0.282560116651,23,23,23,1,0,0.478260869565,0.217391304348,0.304347826087,-8,-0.0158102766798,0.00399732020285,-0.695652173913,-0.666666666667,-0.5,-0.247416411809,0.0119797260766,0.0135375494071,-0.490414902526,-0.00187609993079,0.00316205533597,-0.302875662588,-0.00159984586192,0.0138339920949,0.00270055527815,0.000546649542032,0,0.00399732020285,0.00270055527815,0,0.0173705082796,0.0201727341405,-4,-0.00225861095426,-0.0505845164936,0,0,0,80,0,8,418,0.909090909091,1,0,0.0909090909091,1,0.909090909091,0.952380952381,0.944467458064,0.909090909091,0.909090909091,1,9,0,10,1,10
130,WLNM_dir_neg_kfold,0.901234567901,0.511784511785,00:00:02,10,90,15,13360,threshold_sweep,0.4,1,0.111111111111,0.2,1,0,8,18,0.111111111111,1,0,0.888888888889,1,0.111111111111,0.2,0.703703703704,0.654320987654,0.142857142857,0.277350098113,0.111111111111,94,85,9,0,94,0,85,0,9,23,88,0.173913043478,1.68507579377,7.65217391304,7.33333333333,5.5,3.63829000359,0.475458352741,0.249505928854,5.32278271304,1.39118184545,0.672924901186,3.27042079462,0.854769071322,0.442687747036,0.749191304359,0.444603920564,2.5,1.68507579377,0.749191304359,2.5,0.259446613992,0.18878248974,46,0.025974025974,0.333144633145,23,23,23,1,0,0.478260869565,0.217391304348,0.304347826087,23,0.156126482213,1.68985691515,6.86956521739,6.58333333333,4.9375,3.30707709213,0.481409956449,0.260319207485,4.73695420897,1.37911325071,0.672537149147,2.92055547264,0.850288302161,0.453494771602,0.752495275795,0.445301178488,2.5,1.68985691515,0.752495275795,2.5,0.269840765295,0.200342465753,39,0.0220214568041,0.276593860685,23,23,23,1,0,0.478260869565,0.217391304348,0.304347826087,23,80,0.158102766798,1.68907311397,6.95652173913,6.66666666667,5,3.39087359178,0.487438078818,0.263043478261,4.83236781052,1.38930574552,0.676086956522,2.96754513204,0.85316922546,0.45652173913,0.751891859637,0.445150570106,2.5,1.68907311397,0.751891859637,2.5,0.276817122272,0.208955223881,42,0.0237154150198,0.282560116651,23,23,23,1,0,0.478260869565,0.217391304348,0.304347826087,-8,-0.0158102766798,0.00399732020285,-0.695652173913,-0.666666666667,-0.5,-0.247416411809,0.0119797260766,0.0135375494071,-0.490414902526,-0.00187609993079,0.00316205533597,-0.302875662588,-0.00159984586192,0.0138339920949,0.00270055527815,0.000546649542032,0,0.00399732020285,0.00270055527815,0,0.0173705082796,0.0201727341405,-4,-0.00225861095426,-0.0505845164936,0,0,0,80,0,8,418,0.909090909091,1,0,0.0909090909091,1,0.909090909091,0.952380952381,0.944467458064,0.909090909091,0.909090909091,1,9,0,10,1,10
131,WLNM_dir_neg_kfold,0.901234567901,0.511784511785,00:00:02,10,90,15,13360,threshold_sweep,0.5,1,0.111111111111,0.2,1,0,8,18,0.111111111111,1,0,0.888888888889,1,0.111111111111,0.2,0.703703703704,0.654320987654,0.142857142857,0.277350098113,0.111111111111,94,85,9,0,94,0,85,0,9,23,88,0.173913043478,1.68507579377,7.65217391304,7.33333333333,5.5,3.63829000359,0.475458352741,0.249505928854,5.32278271304,1.39118184545,0.672924901186,3.27042079462,0.854769071322,0.442687747036,0.749191304359,0.444603920564,2.5,1.68507579377,0.749191304359,2.5,0.259446613992,0.18878248974,46,0.025974025974,0.333144633145,23,23,23,1,0,0.478260869565,0.217391304348,0.304347826087,23,0.156126482213,1.68985691515,6.86956521739,6.58333333333,4.9375,3.30707709213,0.481409956449,0.260319207485,4.73695420897,1.37911325071,0.672537149147,2.92055547264,0.850288302161,0.453494771602,0.752495275795,0.445301178488,2.5,1.68985691515,0.752495275795,2.5,0.269840765295,0.200342465753,39,0.0220214568041,0.276593860685,23,23,23,1,0,0.478260869565,0.217391304348,0.304347826087,23,80,0.158102766798,1.68907311397,6.95652173913,6.66666666667,5,3.39087359178,0.487438078818,0.263043478261,4.83236781052,1.38930574552,0.676086956522,2.96754513204,0.85316922546,0.45652173913,0.751891859637,0.445150570106,2.5,1.68907311397,0.751891859637,2.5,0.276817122272,0.208955223881,42,0.0237154150198,0.282560116651,23,23,23,1,0,0.478260869565,0.217391304348,0.304347826087,-8,-0.0158102766798,0.00399732020285,-0.695652173913,-0.666666666667,-0.5,-0.247416411809,0.0119797260766,0.0135375494071,-0.490414902526,-0.00187609993079,0.00316205533597,-0.302875662588,-0.00159984586192,0.0138339920949,0.00270055527815,0.000546649542032,0,0.00399732020285,0.00270055527815,0,0.0173705082796,0.0201727341405,-4,-0.00225861095426,-0.0505845164936,0,0,0,80,0,8,418,0.909090909091,1,0,0.0909090909091,1,0.909090909091,0.952380952381,0.944467458064,0.909090909091,0.909090909091,1,9,0,10,1,10
132,WLNM_dir_neg_kfold,0.901234567901,0.511784511785,00:00:02,10,90,15,13360,threshold_sweep,0.6,1,0.111111111111,0.2,1,0,8,18,0.111111111111,1,0,0.888888888889,1,0.111111111111,0.2,0.703703703704,0.654320987654,0.142857142857,0.277350098113,0.111111111111,94,85,9,0,94,0,85,0,9,23,88,0.173913043478,1.68507579377,7.65217391304,7.33333333333,5.5,3.63829000359,0.475458352741,0.249505928854,5.32278271304,1.39118184545,0.672924901186,3.27042079462,0.854769071322,0.442687747036,0.749191304359,0.444603920564,2.5,1.68507579377,0.749191304359,2.5,0.259446613992,0.18878248974,46,0.025974025974,0.333144633145,23,23,23,1,0,0.478260869565,0.217391304348,0.304347826087,23,0.156126482213,1.68985691515,6.86956521739,6.58333333333,4.9375,3.30707709213,0.481409956449,0.260319207485,4.73695420897,1.37911325071,0.672537149147,2.92055547264,0.850288302161,0.453494771602,0.752495275795,0.445301178488,2.5,1.68985691515,0.752495275795,2.5,0.269840765295,0.200342465753,39,0.0220214568041,0.276593860685,23,23,23,1,0,0.478260869565,0.217391304348,0.304347826087,23,80,0.158102766798,1.68907311397,6.95652173913,6.66666666667,5,3.39087359178,0.487438078818,0.263043478261,4.83236781052,1.38930574552,0.676086956522,2.96754513204,0.85316922546,0.45652173913,0.751891859637,0.445150570106,2.5,1.68907311397,0.751891859637,2.5,0.276817122272,0.208955223881,42,0.0237154150198,0.282560116651,23,23,23,1,0,0.478260869565,0.217391304348,0.304347826087,-8,-0.0158102766798,0.00399732020285,-0.695652173913,-0.666666666667,-0.5,-0.247416411809,0.0119797260766,0.0135375494071,-0.490414902526,-0.00187609993079,0.00316205533597,-0.302875662588,-0.00159984586192,0.0138339920949,0.00270055527815,0.000546649542032,0,0.00399732020285,0.00270055527815,0,0.0173705082796,0.0201727341405,-4,-0.00225861095426,-0.0505845164936,0,0,0,80,0,8,418,0.909090909091,1,0,0.0909090909091,1,0.909090909091,0.952380952381,0.944467458064,0.909090909091,0.909090909091,1,9,0,10,1,10
133,WLNM_dir_neg_kfold,0.901234567901,0.511784511785,00:00:02,10,90,15,13360,threshold_sweep,0.7,1,0.111111111111,0.2,1,0,8,18,0.111111111111,1,0,0.888888888889,1,0.111111111111,0.2,0.703703703704,0.654320987654,0.142857142857,0.277350098113,0.111111111111,94,85,9,0,94,0,85,0,9,23,88,0.173913043478,1.68507579377,7.65217391304,7.33333333333,5.5,3.63829000359,0.475458352741,0.249505928854,5.32278271304,1.39118184545,0.672924901186,3.27042079462,0.854769071322,0.442687747036,0.749191304359,0.444603920564,2.5,1.68507579377,0.749191304359,2.5,0.259446613992,0.18878248974,46,0.025974025974,0.333144633145,23,23,23,1,0,0.478260869565,0.217391304348,0.304347826087,23,0.156126482213,1.68985691515,6.86956521739,6.58333333333,4.9375,3.30707709213,0.481409956449,0.260319207485,4.73695420897,1.37911325071,0.672537149147,2.92055547264,0.850288302161,0.453494771602,0.752495275795,0.445301178488,2.5,1.68985691515,0.752495275795,2.5,0.269840765295,0.200342465753,39,0.0220214568041,0.276593860685,23,23,23,1,0,0.478260869565,0.217391304348,0.304347826087,23,80,0.158102766798,1.68907311397,6.95652173913,6.66666666667,5,3.39087359178,0.487438078818,0.263043478261,4.83236781052,1.38930574552,0.676086956522,2.96754513204,0.85316922546,0.45652173913,0.751891859637,0.445150570106,2.5,1.68907311397,0.751891859637,2.5,0.276817122272,0.208955223881,42,0.0237154150198,0.282560116651,23,23,23,1,0,0.478260869565,0.217391304348,0.304347826087,-8,-0.0158102766798,0.00399732020285,-0.695652173913,-0.666666666667,-0.5,-0.247416411809,0.0119797260766,0.0135375494071,-0.490414902526,-0.00187609993079,0.00316205533597,-0.302875662588,-0.00159984586192,0.0138339920949,0.00270055527815,0.000546649542032,0,0.00399732020285,0.00270055527815,0,0.0173705082796,0.0201727341405,-4,-0.00225861095426,-0.0505845164936,0,0,0,80,0,8,418,0.909090909091,1,0,0.0909090909091,1,0.909090909091,0.952380952381,0.944467458064,0.909090909091,0.909090909091,1,9,0,10,1,10
134,WLNM_dir_neg_kfold,0.901234567901,0.511784511785,00:00:02,10,90,15,13360,threshold_sweep,0.8,1,0.111111111111,0.2,1,0,8,18,0.111111111111,1,0,0.888888888889,1,0.111111111111,0.2,0.703703703704,0.654320987654,0.142857142857,0.277350098113,0.111111111111,94,85,9,0,94,0,85,0,9,23,88,0.173913043478,1.68507579377,7.65217391304,7.33333333333,5.5,3.63829000359,0.475458352741,0.249505928854,5.32278271304,1.39118184545,0.672924901186,3.27042079462,0.854769071322,0.442687747036,0.749191304359,0.444603920564,2.5,1.68507579377,0.749191304359,2.5,0.259446613992,0.18878248974,46,0.025974025974,0.333144633145,23,23,23,1,0,0.478260869565,0.217391304348,0.304347826087,23,0.156126482213,1.68985691515,6.86956521739,6.58333333333,4.9375,3.30707709213,0.481409956449,0.260319207485,4.73695420897,1.37911325071,0.672537149147,2.92055547264,0.850288302161,0.453494771602,0.752495275795,0.445301178488,2.5,1.68985691515,0.752495275795,2.5,0.269840765295,0.200342465753,39,0.0220214568041,0.276593860685,23,23,23,1,0,0.478260869565,0.217391304348,0.304347826087,23,80,0.158102766798,1.68907311397,6.95652173913,6.66666666667,5,3.39087359178,0.487438078818,0.263043478261,4.83236781052,1.38930574552,0.676086956522,2.96754513204,0.85316922546,0.45652173913,0.751891859637,0.445150570106,2.5,1.68907311397,0.751891859637,2.5,0.276817122272,0.208955223881,42,0.0237154150198,0.282560116651,23,23,23,1,0,0.478260869565,0.217391304348,0.304347826087,-8,-0.0158102766798,0.00399732020285,-0.695652173913,-0.666666666667,-0.5,-0.247416411809,0.0119797260766,0.0135375494071,-0.490414902526,-0.00187609993079,0.00316205533597,-0.302875662588,-0.00159984586192,0.0138339920949,0.00270055527815,0.000546649542032,0,0.00399732020285,0.00270055527815,0,0.0173705082796,0.0201727341405,-4,-0.00225861095426,-0.0505845164936,0,0,0,80,0,8,418,0.909090909091,1,0,0.0909090909091,1,0.909090909091,0.952380952381,0.944467458064,0.909090909091,0.909090909091,1,9,0,10,1,10
135,WLNM_dir_neg_kfold,0.901234567901,0.511784511785,00:00:02,10,90,15,13360,threshold_sweep,0.9,1,0.111111111111,0.2,1,0,8,18,0.111111111111,1,0,0.888888888889,1,0.111111111111,0.2,0.703703703704,0.654320987654,0.142857142857,0.277350098113,0.111111111111,94,85,9,0,94,0,85,0,9,23,88,0.173913043478,1.68507579377,7.65217391304,7.33333333333,5.5,3.63829000359,0.475458352741,0.249505928854,5.32278271304,1.39118184545,0.672924901186,3.27042079462,0.854769071322,0.442687747036,0.749191304359,0.444603920564,2.5,1.68507579377,0.749191304359,2.5,0.259446613992,0.18878248974,46,0.025974025974,0.333144633145,23,23,23,1,0,0.478260869565,0.217391304348,0.304347826087,23,0.156126482213,1.68985691515,6.86956521739,6.58333333333,4.9375,3.30707709213,0.481409956449,0.260319207485,4.73695420897,1.37911325071,0.672537149147,2.92055547264,0.850288302161,0.453494771602,0.752495275795,0.445301178488,2.5,1.68985691515,0.752495275795,2.5,0.269840765295,0.200342465753,39,0.0220214568041,0.276593860685,23,23,23,1,0,0.478260869565,0.217391304348,0.304347826087,23,80,0.158102766798,1.68907311397,6.95652173913,6.66666666667,5,3.39087359178,0.487438078818,0.263043478261,4.83236781052,1.38930574552,0.676086956522,2.96754513204,0.85316922546,0.45652173913,0.751891859637,0.445150570106,2.5,1.68907311397,0.751891859637,2.5,0.276817122272,0.208955223881,42,0.0237154150198,0.282560116651,23,23,23,1,0,0.478260869565,0.217391304348,0.304347826087,-8,-0.0158102766798,0.00399732020285,-0.695652173913,-0.666666666667,-0.5,-0.247416411809,0.0119797260766,0.0135375494071,-0.490414902526,-0.00187609993079,0.00316205533597,-0.302875662588,-0.00159984586192,0.0138339920949,0.00270055527815,0.000546649542032,0,0.00399732020285,0.00270055527815,0,0.0173705082796,0.0201727341405,-4,-0.00225861095426,-0.0505845164936,0,0,0,80,0,8,418,0.909090909091,1,0,0.0909090909091,1,0.909090909091,0.952380952381,0.944467458064,0.909090909091,0.909090909091,1,9,0,10,1,10
136,WLNM_dir_neg_kfold,0.827160493827,0.418803418803,00:00:02,10,90,16,13361,threshold_sweep,0.1,0.5,0.111111111111,0.181818181818,1,1,8,17,0.111111111111,0.944444444444,0.0555555555556,0.888888888889,0.5,0.111111111111,0.181818181818,0.666666666667,0.641975308642,0.0689655172414,0.1,0.0555555555556,94,85,9,0,94,0,85,0,9,23,88,0.173913043478,1.68507579377,7.65217391304,7.33333333333,5.5,3.63829000359,0.475458352741,0.249505928854,5.32278271304,1.39118184545,0.672924901186,3.27042079462,0.854769071322,0.442687747036,0.749191304359,0.444603920564,2.5,1.68507579377,0.749191304359,2.5,0.259446613992,0.18878248974,46,0.025974025974,0.333144633145,23,23,23,1,0,0.478260869565,0.217391304348,0.304347826087,23,0.156126482213,1.68985691515,6.86956521739,6.58333333333,4.9375,3.30707709213,0.481409956449,0.260319207485,4.73695420897,1.37911325071,0.672537149147,2.92055547264,0.850288302161,0.453494771602,0.752495275795,0.445301178488,2.5,1.68985691515,0.752495275795,2.5,0.269840765295,0.200342465753,39,0.0220214568041,0.276593860685,23,23,23,1,0,0.478260869565,0.217391304348,0.304347826087,23,81,0.160079051383,1,7.04347826087,6.23076923077,5.0625,3.39087359178,0.481420324759,0.26140633387,4.80406613021,1.36411754315,0.666666666667,3.01314642581,0.855584787577,0.458400429415,0,0,0,NaN,NaN,NaN,0.276817122272,0.208955223881,42,0.0237154150198,0.26848585887,23,23,0,1,2,0.434782608696,0.260869565217,0.304347826087,-7,-0.0138339920949,-0.685075793771,-0.608695652174,-1.10256410256,-0.4375,-0.247416411809,0.00596197201713,0.0119004050163,-0.518716582837,-0.0270643023095,-0.0062582345191,-0.25727436881,0.000815716254641,0.0157126823793,-0.749191304359,-0.444603920564,-2.5,NaN,NaN,NaN,0.0173705082796,0.0201727341405,-4,-0.00225861095426,-0.0646587742742,-0.0434782608696,0.0434782608696,0,80,1,8,417,0.909090909091,0.997607655502,0.00239234449761,0.0909090909091,0.987654320988,0.909090909091,0.94674556213,0.937249960286,0.906698564593,0.898876404494,2,9,0,10,1,10
137,WLNM_dir_neg_kfold,0.827160493827,0.418803418803,00:00:02,10,90,16,13361,threshold_sweep,0.2,0.5,0.111111111111,0.181818181818,1,1,8,17,0.111111111111,0.944444444444,0.0555555555556,0.888888888889,0.5,0.111111111111,0.181818181818,0.666666666667,0.641975308642,0.0689655172414,0.1,0.0555555555556,94,85,9,0,94,0,85,0,9,23,88,0.173913043478,1.68507579377,7.65217391304,7.33333333333,5.5,3.63829000359,0.475458352741,0.249505928854,5.32278271304,1.39118184545,0.672924901186,3.27042079462,0.854769071322,0.442687747036,0.749191304359,0.444603920564,2.5,1.68507579377,0.749191304359,2.5,0.259446613992,0.18878248974,46,0.025974025974,0.333144633145,23,23,23,1,0,0.478260869565,0.217391304348,0.304347826087,23,0.156126482213,1.68985691515,6.86956521739,6.58333333333,4.9375,3.30707709213,0.481409956449,0.260319207485,4.73695420897,1.37911325071,0.672537149147,2.92055547264,0.850288302161,0.453494771602,0.752495275795,0.445301178488,2.5,1.68985691515,0.752495275795,2.5,0.269840765295,0.200342465753,39,0.0220214568041,0.276593860685,23,23,23,1,0,0.478260869565,0.217391304348,0.304347826087,23,81,0.160079051383,1,7.04347826087,6.23076923077,5.0625,3.39087359178,0.481420324759,0.26140633387,4.80406613021,1.36411754315,0.666666666667,3.01314642581,0.855584787577,0.458400429415,0,0,0,NaN,NaN,NaN,0.276817122272,0.208955223881,42,0.0237154150198,0.26848585887,23,23,0,1,2,0.434782608696,0.260869565217,0.304347826087,-7,-0.0138339920949,-0.685075793771,-0.608695652174,-1.10256410256,-0.4375,-0.247416411809,0.00596197201713,0.0119004050163,-0.518716582837,-0.0270643023095,-0.0062582345191,-0.25727436881,0.000815716254641,0.0157126823793,-0.749191304359,-0.444603920564,-2.5,NaN,NaN,NaN,0.0173705082796,0.0201727341405,-4,-0.00225861095426,-0.0646587742742,-0.0434782608696,0.0434782608696,0,80,1,8,417,0.909090909091,0.997607655502,0.00239234449761,0.0909090909091,0.987654320988,0.909090909091,0.94674556213,0.937249960286,0.906698564593,0.898876404494,2,9,0,10,1,10
138,WLNM_dir_neg_kfold,0.827160493827,0.418803418803,00:00:02,10,90,16,13361,threshold_sweep,0.3,0.5,0.111111111111,0.181818181818,1,1,8,17,0.111111111111,0.944444444444,0.0555555555556,0.888888888889,0.5,0.111111111111,0.181818181818,0.666666666667,0.641975308642,0.0689655172414,0.1,0.0555555555556,94,85,9,0,94,0,85,0,9,23,88,0.173913043478,1.68507579377,7.65217391304,7.33333333333,5.5,3.63829000359,0.475458352741,0.249505928854,5.32278271304,1.39118184545,0.672924901186,3.27042079462,0.854769071322,0.442687747036,0.749191304359,0.444603920564,2.5,1.68507579377,0.749191304359,2.5,0.259446613992,0.18878248974,46,0.025974025974,0.333144633145,23,23,23,1,0,0.478260869565,0.217391304348,0.304347826087,23,0.156126482213,1.68985691515,6.86956521739,6.58333333333,4.9375,3.30707709213,0.481409956449,0.260319207485,4.73695420897,1.37911325071,0.672537149147,2.92055547264,0.850288302161,0.453494771602,0.752495275795,0.445301178488,2.5,1.68985691515,0.752495275795,2.5,0.269840765295,0.200342465753,39,0.0220214568041,0.276593860685,23,23,23,1,0,0.478260869565,0.217391304348,0.304347826087,23,81,0.160079051383,1,7.04347826087,6.23076923077,5.0625,3.39087359178,0.481420324759,0.26140633387,4.80406613021,1.36411754315,0.666666666667,3.01314642581,0.855584787577,0.458400429415,0,0,0,NaN,NaN,NaN,0.276817122272,0.208955223881,42,0.0237154150198,0.26848585887,23,23,0,1,2,0.434782608696,0.260869565217,0.304347826087,-7,-0.0138339920949,-0.685075793771,-0.608695652174,-1.10256410256,-0.4375,-0.247416411809,0.00596197201713,0.0119004050163,-0.518716582837,-0.0270643023095,-0.0062582345191,-0.25727436881,0.000815716254641,0.0157126823793,-0.749191304359,-0.444603920564,-2.5,NaN,NaN,NaN,0.0173705082796,0.0201727341405,-4,-0.00225861095426,-0.0646587742742,-0.0434782608696,0.0434782608696,0,80,1,8,417,0.909090909091,0.997607655502,0.00239234449761,0.0909090909091,0.987654320988,0.909090909091,0.94674556213,0.937249960286,0.906698564593,0.898876404494,2,9,0,10,1,10
139,WLNM_dir_neg_kfold,0.827160493827,0.418803418803,00:00:02,10,90,16,13361,threshold_sweep,0.4,0.5,0.111111111111,0.181818181818,1,1,8,17,0.111111111111,0.944444444444,0.0555555555556,0.888888888889,0.5,0.111111111111,0.181818181818,0.666666666667,0.641975308642,0.0689655172414,0.1,0.0555555555556,94,85,9,0,94,0,85,0,9,23,88,0.173913043478,1.68507579377,7.65217391304,7.33333333333,5.5,3.63829000359,0.475458352741,0.249505928854,5.32278271304,1.39118184545,0.672924901186,3.27042079462,0.854769071322,0.442687747036,0.749191304359,0.444603920564,2.5,1.68507579377,0.749191304359,2.5,0.259446613992,0.18878248974,46,0.025974025974,0.333144633145,23,23,23,1,0,0.478260869565,0.217391304348,0.304347826087,23,0.156126482213,1.68985691515,6.86956521739,6.58333333333,4.9375,3.30707709213,0.481409956449,0.260319207485,4.73695420897,1.37911325071,0.672537149147,2.92055547264,0.850288302161,0.453494771602,0.752495275795,0.445301178488,2.5,1.68985691515,0.752495275795,2.5,0.269840765295,0.200342465753,39,0.0220214568041,0.276593860685,23,23,23,1,0,0.478260869565,0.217391304348,0.304347826087,23,81,0.160079051383,1,7.04347826087,6.23076923077,5.0625,3.39087359178,0.481420324759,0.26140633387,4.80406613021,1.36411754315,0.666666666667,3.01314642581,0.855584787577,0.458400429415,0,0,0,NaN,NaN,NaN,0.276817122272,0.208955223881,42,0.0237154150198,0.26848585887,23,23,0,1,2,0.434782608696,0.260869565217,0.304347826087,-7,-0.0138339920949,-0.685075793771,-0.608695652174,-1.10256410256,-0.4375,-0.247416411809,0.00596197201713,0.0119004050163,-0.518716582837,-0.0270643023095,-0.0062582345191,-0.25727436881,0.000815716254641,0.0157126823793,-0.749191304359,-0.444603920564,-2.5,NaN,NaN,NaN,0.0173705082796,0.0201727341405,-4,-0.00225861095426,-0.0646587742742,-0.0434782608696,0.0434782608696,0,80,1,8,417,0.909090909091,0.997607655502,0.00239234449761,0.0909090909091,0.987654320988,0.909090909091,0.94674556213,0.937249960286,0.906698564593,0.898876404494,2,9,0,10,1,10
140,WLNM_dir_neg_kfold,0.827160493827,0.418803418803,00:00:02,10,90,16,13361,threshold_sweep,0.5,0.5,0.111111111111,0.181818181818,1,1,8,17,0.111111111111,0.944444444444,0.0555555555556,0.888888888889,0.5,0.111111111111,0.181818181818,0.666666666667,0.641975308642,0.0689655172414,0.1,0.0555555555556,94,85,9,0,94,0,85,0,9,23,88,0.173913043478,1.68507579377,7.65217391304,7.33333333333,5.5,3.63829000359,0.475458352741,0.249505928854,5.32278271304,1.39118184545,0.672924901186,3.27042079462,0.854769071322,0.442687747036,0.749191304359,0.444603920564,2.5,1.68507579377,0.749191304359,2.5,0.259446613992,0.18878248974,46,0.025974025974,0.333144633145,23,23,23,1,0,0.478260869565,0.217391304348,0.304347826087,23,0.156126482213,1.68985691515,6.86956521739,6.58333333333,4.9375,3.30707709213,0.481409956449,0.260319207485,4.73695420897,1.37911325071,0.672537149147,2.92055547264,0.850288302161,0.453494771602,0.752495275795,0.445301178488,2.5,1.68985691515,0.752495275795,2.5,0.269840765295,0.200342465753,39,0.0220214568041,0.276593860685,23,23,23,1,0,0.478260869565,0.217391304348,0.304347826087,23,81,0.160079051383,1,7.04347826087,6.23076923077,5.0625,3.39087359178,0.481420324759,0.26140633387,4.80406613021,1.36411754315,0.666666666667,3.01314642581,0.855584787577,0.458400429415,0,0,0,NaN,NaN,NaN,0.276817122272,0.208955223881,42,0.0237154150198,0.26848585887,23,23,0,1,2,0.434782608696,0.260869565217,0.304347826087,-7,-0.0138339920949,-0.685075793771,-0.608695652174,-1.10256410256,-0.4375,-0.247416411809,0.00596197201713,0.0119004050163,-0.518716582837,-0.0270643023095,-0.0062582345191,-0.25727436881,0.000815716254641,0.0157126823793,-0.749191304359,-0.444603920564,-2.5,NaN,NaN,NaN,0.0173705082796,0.0201727341405,-4,-0.00225861095426,-0.0646587742742,-0.0434782608696,0.0434782608696,0,80,1,8,417,0.909090909091,0.997607655502,0.00239234449761,0.0909090909091,0.987654320988,0.909090909091,0.94674556213,0.937249960286,0.906698564593,0.898876404494,2,9,0,10,1,10
141,WLNM_dir_neg_kfold,0.827160493827,0.418803418803,00:00:02,10,90,16,13361,threshold_sweep,0.6,0.5,0.111111111111,0.181818181818,1,1,8,17,0.111111111111,0.944444444444,0.0555555555556,0.888888888889,0.5,0.111111111111,0.181818181818,0.666666666667,0.641975308642,0.0689655172414,0.1,0.0555555555556,94,85,9,0,94,0,85,0,9,23,88,0.173913043478,1.68507579377,7.65217391304,7.33333333333,5.5,3.63829000359,0.475458352741,0.249505928854,5.32278271304,1.39118184545,0.672924901186,3.27042079462,0.854769071322,0.442687747036,0.749191304359,0.444603920564,2.5,1.68507579377,0.749191304359,2.5,0.259446613992,0.18878248974,46,0.025974025974,0.333144633145,23,23,23,1,0,0.478260869565,0.217391304348,0.304347826087,23,0.156126482213,1.68985691515,6.86956521739,6.58333333333,4.9375,3.30707709213,0.481409956449,0.260319207485,4.73695420897,1.37911325071,0.672537149147,2.92055547264,0.850288302161,0.453494771602,0.752495275795,0.445301178488,2.5,1.68985691515,0.752495275795,2.5,0.269840765295,0.200342465753,39,0.0220214568041,0.276593860685,23,23,23,1,0,0.478260869565,0.217391304348,0.304347826087,23,81,0.160079051383,1,7.04347826087,6.23076923077,5.0625,3.39087359178,0.481420324759,0.26140633387,4.80406613021,1.36411754315,0.666666666667,3.01314642581,0.855584787577,0.458400429415,0,0,0,NaN,NaN,NaN,0.276817122272,0.208955223881,42,0.0237154150198,0.26848585887,23,23,0,1,2,0.434782608696,0.260869565217,0.304347826087,-7,-0.0138339920949,-0.685075793771,-0.608695652174,-1.10256410256,-0.4375,-0.247416411809,0.00596197201713,0.0119004050163,-0.518716582837,-0.0270643023095,-0.0062582345191,-0.25727436881,0.000815716254641,0.0157126823793,-0.749191304359,-0.444603920564,-2.5,NaN,NaN,NaN,0.0173705082796,0.0201727341405,-4,-0.00225861095426,-0.0646587742742,-0.0434782608696,0.0434782608696,0,80,1,8,417,0.909090909091,0.997607655502,0.00239234449761,0.0909090909091,0.987654320988,0.909090909091,0.94674556213,0.937249960286,0.906698564593,0.898876404494,2,9,0,10,1,10
142,WLNM_dir_neg_kfold,0.827160493827,0.418803418803,00:00:02,10,90,16,13361,threshold_sweep,0.7,0.5,0.111111111111,0.181818181818,1,1,8,17,0.111111111111,0.944444444444,0.0555555555556,0.888888888889,0.5,0.111111111111,0.181818181818,0.666666666667,0.641975308642,0.0689655172414,0.1,0.0555555555556,94,85,9,0,94,0,85,0,9,23,88,0.173913043478,1.68507579377,7.65217391304,7.33333333333,5.5,3.63829000359,0.475458352741,0.249505928854,5.32278271304,1.39118184545,0.672924901186,3.27042079462,0.854769071322,0.442687747036,0.749191304359,0.444603920564,2.5,1.68507579377,0.749191304359,2.5,0.259446613992,0.18878248974,46,0.025974025974,0.333144633145,23,23,23,1,0,0.478260869565,0.217391304348,0.304347826087,23,0.156126482213,1.68985691515,6.86956521739,6.58333333333,4.9375,3.30707709213,0.481409956449,0.260319207485,4.73695420897,1.37911325071,0.672537149147,2.92055547264,0.850288302161,0.453494771602,0.752495275795,0.445301178488,2.5,1.68985691515,0.752495275795,2.5,0.269840765295,0.200342465753,39,0.0220214568041,0.276593860685,23,23,23,1,0,0.478260869565,0.217391304348,0.304347826087,23,81,0.160079051383,1,7.04347826087,6.23076923077,5.0625,3.39087359178,0.481420324759,0.26140633387,4.80406613021,1.36411754315,0.666666666667,3.01314642581,0.855584787577,0.458400429415,0,0,0,NaN,NaN,NaN,0.276817122272,0.208955223881,42,0.0237154150198,0.26848585887,23,23,0,1,2,0.434782608696,0.260869565217,0.304347826087,-7,-0.0138339920949,-0.685075793771,-0.608695652174,-1.10256410256,-0.4375,-0.247416411809,0.00596197201713,0.0119004050163,-0.518716582837,-0.0270643023095,-0.0062582345191,-0.25727436881,0.000815716254641,0.0157126823793,-0.749191304359,-0.444603920564,-2.5,NaN,NaN,NaN,0.0173705082796,0.0201727341405,-4,-0.00225861095426,-0.0646587742742,-0.0434782608696,0.0434782608696,0,80,1,8,417,0.909090909091,0.997607655502,0.00239234449761,0.0909090909091,0.987654320988,0.909090909091,0.94674556213,0.937249960286,0.906698564593,0.898876404494,2,9,0,10,1,10
143,WLNM_dir_neg_kfold,0.827160493827,0.418803418803,00:00:02,10,90,16,13361,threshold_sweep,0.8,1,0.111111111111,0.2,1,0,8,18,0.111111111111,1,0,0.888888888889,1,0.111111111111,0.2,0.703703703704,0.654320987654,0.142857142857,0.277350098113,0.111111111111,94,85,9,0,94,0,85,0,9,23,88,0.173913043478,1.68507579377,7.65217391304,7.33333333333,5.5,3.63829000359,0.475458352741,0.249505928854,5.32278271304,1.39118184545,0.672924901186,3.27042079462,0.854769071322,0.442687747036,0.749191304359,0.444603920564,2.5,1.68507579377,0.749191304359,2.5,0.259446613992,0.18878248974,46,0.025974025974,0.333144633145,23,23,23,1,0,0.478260869565,0.217391304348,0.304347826087,23,0.156126482213,1.68985691515,6.86956521739,6.58333333333,4.9375,3.30707709213,0.481409956449,0.260319207485,4.73695420897,1.37911325071,0.672537149147,2.92055547264,0.850288302161,0.453494771602,0.752495275795,0.445301178488,2.5,1.68985691515,0.752495275795,2.5,0.269840765295,0.200342465753,39,0.0220214568041,0.276593860685,23,23,23,1,0,0.478260869565,0.217391304348,0.304347826087,23,80,0.158102766798,1.68907311397,6.95652173913,6.66666666667,5,3.39087359178,0.487438078818,0.263043478261,4.83236781052,1.38930574552,0.676086956522,2.96754513204,0.85316922546,0.45652173913,0.751891859637,0.445150570106,2.5,1.68907311397,0.751891859637,2.5,0.276817122272,0.208955223881,42,0.0237154150198,0.282560116651,23,23,23,1,0,0.478260869565,0.217391304348,0.304347826087,-8,-0.0158102766798,0.00399732020285,-0.695652173913,-0.666666666667,-0.5,-0.247416411809,0.0119797260766,0.0135375494071,-0.490414902526,-0.00187609993079,0.00316205533597,-0.302875662588,-0.00159984586192,0.0138339920949,0.00270055527815,0.000546649542032,0,0.00399732020285,0.00270055527815,0,0.0173705082796,0.0201727341405,-4,-0.00225861095426,-0.0505845164936,0,0,0,80,0,8,418,0.909090909091,1,0,0.0909090909091,1,0.909090909091,0.952380952381,0.944467458064,0.909090909091,0.909090909091,1,9,0,10,1,10
144,WLNM_dir_neg_kfold,0.827160493827,0.418803418803,00:00:02,10,90,16,13361,threshold_sweep,0.9,1,0.111111111111,0.2,1,0,8,18,0.111111111111,1,0,0.888888888889,1,0.111111111111,0.2,0.703703703704,0.654320987654,0.142857142857,0.277350098113,0.111111111111,94,85,9,0,94,0,85,0,9,23,88,0.173913043478,1.68507579377,7.65217391304,7.33333333333,5.5,3.63829000359,0.475458352741,0.249505928854,5.32278271304,1.39118184545,0.672924901186,3.27042079462,0.854769071322,0.442687747036,0.749191304359,0.444603920564,2.5,1.68507579377,0.749191304359,2.5,0.259446613992,0.18878248974,46,0.025974025974,0.333144633145,23,23,23,1,0,0.478260869565,0.217391304348,0.304347826087,23,0.156126482213,1.68985691515,6.86956521739,6.58333333333,4.9375,3.30707709213,0.481409956449,0.260319207485,4.73695420897,1.37911325071,0.672537149147,2.92055547264,0.850288302161,0.453494771602,0.752495275795,0.445301178488,2.5,1.68985691515,0.752495275795,2.5,0.269840765295,0.200342465753,39,0.0220214568041,0.276593860685,23,23,23,1,0,0.478260869565,0.217391304348,0.304347826087,23,80,0.158102766798,1.68907311397,6.95652173913,6.66666666667,5,3.39087359178,0.487438078818,0.263043478261,4.83236781052,1.38930574552,0.676086956522,2.96754513204,0.85316922546,0.45652173913,0.751891859637,0.445150570106,2.5,1.68907311397,0.751891859637,2.5,0.276817122272,0.208955223881,42,0.0237154150198,0.282560116651,23,23,23,1,0,0.478260869565,0.217391304348,0.304347826087,-8,-0.0158102766798,0.00399732020285,-0.695652173913,-0.666666666667,-0.5,-0.247416411809,0.0119797260766,0.0135375494071,-0.490414902526,-0.00187609993079,0.00316205533597,-0.302875662588,-0.00159984586192,0.0138339920949,0.00270055527815,0.000546649542032,0,0.00399732020285,0.00270055527815,0,0.0173705082796,0.0201727341405,-4,-0.00225861095426,-0.0505845164936,0,0,0,80,0,8,418,0.909090909091,1,0,0.0909090909091,1,0.909090909091,0.952380952381,0.944467458064,0.909090909091,0.909090909091,1,9,0,10,1,10
145,WLNM_dir_neg_kfold,0.925925925926,0.585858585859,00:00:02,10,90,17,13362,threshold_sweep,0.1,1,0.111111111111,0.2,1,0,8,18,0.111111111111,1,0,0.888888888889,1,0.111111111111,0.2,0.703703703704,0.654320987654,0.142857142857,0.277350098113,0.111111111111,94,85,9,0,94,0,85,0,9,23,88,0.173913043478,1.68507579377,7.65217391304,7.33333333333,5.5,3.63829000359,0.475458352741,0.249505928854,5.32278271304,1.39118184545,0.672924901186,3.27042079462,0.854769071322,0.442687747036,0.749191304359,0.444603920564,2.5,1.68507579377,0.749191304359,2.5,0.259446613992,0.18878248974,46,0.025974025974,0.333144633145,23,23,23,1,0,0.478260869565,0.217391304348,0.304347826087,23,0.156126482213,1.68985691515,6.86956521739,6.58333333333,4.9375,3.30707709213,0.481409956449,0.260319207485,4.73695420897,1.37911325071,0.672537149147,2.92055547264,0.850288302161,0.453494771602,0.752495275795,0.445301178488,2.5,1.68985691515,0.752495275795,2.5,0.269840765295,0.200342465753,39,0.0220214568041,0.276593860685,23,23,23,1,0,0.478260869565,0.217391304348,0.304347826087,23,80,0.158102766798,1.68907311397,6.95652173913,6.66666666667,5,3.39087359178,0.487438078818,0.263043478261,4.83236781052,1.38930574552,0.676086956522,2.96754513204,0.85316922546,0.45652173913,0.751891859637,0.445150570106,2.5,1.68907311397,0.751891859637,2.5,0.276817122272,0.208955223881,42,0.0237154150198,0.282560116651,23,23,23,1,0,0.478260869565,0.217391304348,0.304347826087,-8,-0.0158102766798,0.00399732020285,-0.695652173913,-0.666666666667,-0.5,-0.247416411809,0.0119797260766,0.0135375494071,-0.490414902526,-0.00187609993079,0.00316205533597,-0.302875662588,-0.00159984586192,0.0138339920949,0.00270055527815,0.000546649542032,0,0.00399732020285,0.00270055527815,0,0.0173705082796,0.0201727341405,-4,-0.00225861095426,-0.0505845164936,0,0,0,80,0,8,418,0.909090909091,1,0,0.0909090909091,1,0.909090909091,0.952380952381,0.944467458064,0.909090909091,0.909090909091,1,9,0,10,1,10
146,WLNM_dir_neg_kfold,0.925925925926,0.585858585859,00:00:02,10,90,17,13362,threshold_sweep,0.2,1,0.111111111111,0.2,1,0,8,18,0.111111111111,1,0,0.888888888889,1,0.111111111111,0.2,0.703703703704,0.654320987654,0.142857142857,0.277350098113,0.111111111111,94,85,9,0,94,0,85,0,9,23,88,0.173913043478,1.68507579377,7.65217391304,7.33333333333,5.5,3.63829000359,0.475458352741,0.249505928854,5.32278271304,1.39118184545,0.672924901186,3.27042079462,0.854769071322,0.442687747036,0.749191304359,0.444603920564,2.5,1.68507579377,0.749191304359,2.5,0.259446613992,0.18878248974,46,0.025974025974,0.333144633145,23,23,23,1,0,0.478260869565,0.217391304348,0.304347826087,23,0.156126482213,1.68985691515,6.86956521739,6.58333333333,4.9375,3.30707709213,0.481409956449,0.260319207485,4.73695420897,1.37911325071,0.672537149147,2.92055547264,0.850288302161,0.453494771602,0.752495275795,0.445301178488,2.5,1.68985691515,0.752495275795,2.5,0.269840765295,0.200342465753,39,0.0220214568041,0.276593860685,23,23,23,1,0,0.478260869565,0.217391304348,0.304347826087,23,80,0.158102766798,1.68907311397,6.95652173913,6.66666666667,5,3.39087359178,0.487438078818,0.263043478261,4.83236781052,1.38930574552,0.676086956522,2.96754513204,0.85316922546,0.45652173913,0.751891859637,0.445150570106,2.5,1.68907311397,0.751891859637,2.5,0.276817122272,0.208955223881,42,0.0237154150198,0.282560116651,23,23,23,1,0,0.478260869565,0.217391304348,0.304347826087,-8,-0.0158102766798,0.00399732020285,-0.695652173913,-0.666666666667,-0.5,-0.247416411809,0.0119797260766,0.0135375494071,-0.490414902526,-0.00187609993079,0.00316205533597,-0.302875662588,-0.00159984586192,0.0138339920949,0.00270055527815,0.000546649542032,0,0.00399732020285,0.00270055527815,0,0.0173705082796,0.0201727341405,-4,-0.00225861095426,-0.0505845164936,0,0,0,80,0,8,418,0.909090909091,1,0,0.0909090909091,1,0.909090909091,0.952380952381,0.944467458064,0.909090909091,0.909090909091,1,9,0,10,1,10
147,WLNM_dir_neg_kfold,0.925925925926,0.585858585859,00:00:02,10,90,17,13362,threshold_sweep,0.3,1,0.111111111111,0.2,1,0,8,18,0.111111111111,1,0,0.888888888889,1,0.111111111111,0.2,0.703703703704,0.654320987654,0.142857142857,0.277350098113,0.111111111111,94,85,9,0,94,0,85,0,9,23,88,0.173913043478,1.68507579377,7.65217391304,7.33333333333,5.5,3.63829000359,0.475458352741,0.249505928854,5.32278271304,1.39118184545,0.672924901186,3.27042079462,0.854769071322,0.442687747036,0.749191304359,0.444603920564,2.5,1.68507579377,0.749191304359,2.5,0.259446613992,0.18878248974,46,0.025974025974,0.333144633145,23,23,23,1,0,0.478260869565,0.217391304348,0.304347826087,23,0.156126482213,1.68985691515,6.86956521739,6.58333333333,4.9375,3.30707709213,0.481409956449,0.260319207485,4.73695420897,1.37911325071,0.672537149147,2.92055547264,0.850288302161,0.453494771602,0.752495275795,0.445301178488,2.5,1.68985691515,0.752495275795,2.5,0.269840765295,0.200342465753,39,0.0220214568041,0.276593860685,23,23,23,1,0,0.478260869565,0.217391304348,0.304347826087,23,80,0.158102766798,1.68907311397,6.95652173913,6.66666666667,5,3.39087359178,0.487438078818,0.263043478261,4.83236781052,1.38930574552,0.676086956522,2.96754513204,0.85316922546,0.45652173913,0.751891859637,0.445150570106,2.5,1.68907311397,0.751891859637,2.5,0.276817122272,0.208955223881,42,0.0237154150198,0.282560116651,23,23,23,1,0,0.478260869565,0.217391304348,0.304347826087,-8,-0.0158102766798,0.00399732020285,-0.695652173913,-0.666666666667,-0.5,-0.247416411809,0.0119797260766,0.0135375494071,-0.490414902526,-0.00187609993079,0.00316205533597,-0.302875662588,-0.00159984586192,0.0138339920949,0.00270055527815,0.000546649542032,0,0.00399732020285,0.00270055527815,0,0.0173705082796,0.0201727341405,-4,-0.00225861095426,-0.0505845164936,0,0,0,80,0,8,418,0.909090909091,1,0,0.0909090909091,1,0.909090909091,0.952380952381,0.944467458064,0.909090909091,0.909090909091,1,9,0,10,1,10
148,WLNM_dir_neg_kfold,0.925925925926,0.585858585859,00:00:02,10,90,17,13362,threshold_sweep,0.4,1,0.111111111111,0.2,1,0,8,18,0.111111111111,1,0,0.888888888889,1,0.111111111111,0.2,0.703703703704,0.654320987654,0.142857142857,0.277350098113,0.111111111111,94,85,9,0,94,0,85,0,9,23,88,0.173913043478,1.68507579377,7.65217391304,7.33333333333,5.5,3.63829000359,0.475458352741,0.249505928854,5.32278271304,1.39118184545,0.672924901186,3.27042079462,0.854769071322,0.442687747036,0.749191304359,0.444603920564,2.5,1.68507579377,0.749191304359,2.5,0.259446613992,0.18878248974,46,0.025974025974,0.333144633145,23,23,23,1,0,0.478260869565,0.217391304348,0.304347826087,23,0.156126482213,1.68985691515,6.86956521739,6.58333333333,4.9375,3.30707709213,0.481409956449,0.260319207485,4.73695420897,1.37911325071,0.672537149147,2.92055547264,0.850288302161,0.453494771602,0.752495275795,0.445301178488,2.5,1.68985691515,0.752495275795,2.5,0.269840765295,0.200342465753,39,0.0220214568041,0.276593860685,23,23,23,1,0,0.478260869565,0.217391304348,0.304347826087,23,80,0.158102766798,1.68907311397,6.95652173913,6.66666666667,5,3.39087359178,0.487438078818,0.263043478261,4.83236781052,1.38930574552,0.676086956522,2.96754513204,0.85316922546,0.45652173913,0.751891859637,0.445150570106,2.5,1.68907311397,0.751891859637,2.5,0.276817122272,0.208955223881,42,0.0237154150198,0.282560116651,23,23,23,1,0,0.478260869565,0.217391304348,0.304347826087,-8,-0.0158102766798,0.00399732020285,-0.695652173913,-0.666666666667,-0.5,-0.247416411809,0.0119797260766,0.0135375494071,-0.490414902526,-0.00187609993079,0.00316205533597,-0.302875662588,-0.00159984586192,0.0138339920949,0.00270055527815,0.000546649542032,0,0.00399732020285,0.00270055527815,0,0.0173705082796,0.0201727341405,-4,-0.00225861095426,-0.0505845164936,0,0,0,80,0,8,418,0.909090909091,1,0,0.0909090909091,1,0.909090909091,0.952380952381,0.944467458064,0.909090909091,0.909090909091,1,9,0,10,1,10
149,WLNM_dir_neg_kfold,0.925925925926,0.585858585859,00:00:02,10,90,17,13362,threshold_sweep,0.5,1,0.111111111111,0.2,1,0,8,18,0.111111111111,1,0,0.888888888889,1,0.111111111111,0.2,0.703703703704,0.654320987654,0.142857142857,0.277350098113,0.111111111111,94,85,9,0,94,0,85,0,9,23,88,0.173913043478,1.68507579377,7.65217391304,7.33333333333,5.5,3.63829000359,0.475458352741,0.249505928854,5.32278271304,1.39118184545,0.672924901186,3.27042079462,0.854769071322,0.442687747036,0.749191304359,0.444603920564,2.5,1.68507579377,0.749191304359,2.5,0.259446613992,0.18878248974,46,0.025974025974,0.333144633145,23,23,23,1,0,0.478260869565,0.217391304348,0.304347826087,23,0.156126482213,1.68985691515,6.86956521739,6.58333333333,4.9375,3.30707709213,0.481409956449,0.260319207485,4.73695420897,1.37911325071,0.672537149147,2.92055547264,0.850288302161,0.453494771602,0.752495275795,0.445301178488,2.5,1.68985691515,0.752495275795,2.5,0.269840765295,0.200342465753,39,0.0220214568041,0.276593860685,23,23,23,1,0,0.478260869565,0.217391304348,0.304347826087,23,80,0.158102766798,1.68907311397,6.95652173913,6.66666666667,5,3.39087359178,0.487438078818,0.263043478261,4.83236781052,1.38930574552,0.676086956522,2.96754513204,0.85316922546,0.45652173913,0.751891859637,0.445150570106,2.5,1.68907311397,0.751891859637,2.5,0.276817122272,0.208955223881,42,0.0237154150198,0.282560116651,23,23,23,1,0,0.478260869565,0.217391304348,0.304347826087,-8,-0.0158102766798,0.00399732020285,-0.695652173913,-0.666666666667,-0.5,-0.247416411809,0.0119797260766,0.0135375494071,-0.490414902526,-0.00187609993079,0.00316205533597,-0.302875662588,-0.00159984586192,0.0138339920949,0.00270055527815,0.000546649542032,0,0.00399732020285,0.00270055527815,0,0.0173705082796,0.0201727341405,-4,-0.00225861095426,-0.0505845164936,0,0,0,80,0,8,418,0.909090909091,1,0,0.0909090909091,1,0.909090909091,0.952380952381,0.944467458064,0.909090909091,0.909090909091,1,9,0,10,1,10
150,WLNM_dir_neg_kfold,0.925925925926,0.585858585859,00:00:02,10,90,17,13362,threshold_sweep,0.6,1,0.111111111111,0.2,1,0,8,18,0.111111111111,1,0,0.888888888889,1,0.111111111111,0.2,0.703703703704,0.654320987654,0.142857142857,0.277350098113,0.111111111111,94,85,9,0,94,0,85,0,9,23,88,0.173913043478,1.68507579377,7.65217391304,7.33333333333,5.5,3.63829000359,0.475458352741,0.249505928854,5.32278271304,1.39118184545,0.672924901186,3.27042079462,0.854769071322,0.442687747036,0.749191304359,0.444603920564,2.5,1.68507579377,0.749191304359,2.5,0.259446613992,0.18878248974,46,0.025974025974,0.333144633145,23,23,23,1,0,0.478260869565,0.217391304348,0.304347826087,23,0.156126482213,1.68985691515,6.86956521739,6.58333333333,4.9375,3.30707709213,0.481409956449,0.260319207485,4.73695420897,1.37911325071,0.672537149147,2.92055547264,0.850288302161,0.453494771602,0.752495275795,0.445301178488,2.5,1.68985691515,0.752495275795,2.5,0.269840765295,0.200342465753,39,0.0220214568041,0.276593860685,23,23,23,1,0,0.478260869565,0.217391304348,0.304347826087,23,80,0.158102766798,1.68907311397,6.95652173913,6.66666666667,5,3.39087359178,0.487438078818,0.263043478261,4.83236781052,1.38930574552,0.676086956522,2.96754513204,0.85316922546,0.45652173913,0.751891859637,0.445150570106,2.5,1.68907311397,0.751891859637,2.5,0.276817122272,0.208955223881,42,0.0237154150198,0.282560116651,23,23,23,1,0,0.478260869565,0.217391304348,0.304347826087,-8,-0.0158102766798,0.00399732020285,-0.695652173913,-0.666666666667,-0.5,-0.247416411809,0.0119797260766,0.0135375494071,-0.490414902526,-0.00187609993079,0.00316205533597,-0.302875662588,-0.00159984586192,0.0138339920949,0.00270055527815,0.000546649542032,0,0.00399732020285,0.00270055527815,0,0.0173705082796,0.0201727341405,-4,-0.00225861095426,-0.0505845164936,0,0,0,80,0,8,418,0.909090909091,1,0,0.0909090909091,1,0.909090909091,0.952380952381,0.944467458064,0.909090909091,0.909090909091,1,9,0,10,1,10
151,WLNM_dir_neg_kfold,0.925925925926,0.585858585859,00:00:02,10,90,17,13362,threshold_sweep,0.7,1,0.111111111111,0.2,1,0,8,18,0.111111111111,1,0,0.888888888889,1,0.111111111111,0.2,0.703703703704,0.654320987654,0.142857142857,0.277350098113,0.111111111111,94,85,9,0,94,0,85,0,9,23,88,0.173913043478,1.68507579377,7.65217391304,7.33333333333,5.5,3.63829000359,0.475458352741,0.249505928854,5.32278271304,1.39118184545,0.672924901186,3.27042079462,0.854769071322,0.442687747036,0.749191304359,0.444603920564,2.5,1.68507579377,0.749191304359,2.5,0.259446613992,0.18878248974,46,0.025974025974,0.333144633145,23,23,23,1,0,0.478260869565,0.217391304348,0.304347826087,23,0.156126482213,1.68985691515,6.86956521739,6.58333333333,4.9375,3.30707709213,0.481409956449,0.260319207485,4.73695420897,1.37911325071,0.672537149147,2.92055547264,0.850288302161,0.453494771602,0.752495275795,0.445301178488,2.5,1.68985691515,0.752495275795,2.5,0.269840765295,0.200342465753,39,0.0220214568041,0.276593860685,23,23,23,1,0,0.478260869565,0.217391304348,0.304347826087,23,80,0.158102766798,1.68907311397,6.95652173913,6.66666666667,5,3.39087359178,0.487438078818,0.263043478261,4.83236781052,1.38930574552,0.676086956522,2.96754513204,0.85316922546,0.45652173913,0.751891859637,0.445150570106,2.5,1.68907311397,0.751891859637,2.5,0.276817122272,0.208955223881,42,0.0237154150198,0.282560116651,23,23,23,1,0,0.478260869565,0.217391304348,0.304347826087,-8,-0.0158102766798,0.00399732020285,-0.695652173913,-0.666666666667,-0.5,-0.247416411809,0.0119797260766,0.0135375494071,-0.490414902526,-0.00187609993079,0.00316205533597,-0.302875662588,-0.00159984586192,0.0138339920949,0.00270055527815,0.000546649542032,0,0.00399732020285,0.00270055527815,0,0.0173705082796,0.0201727341405,-4,-0.00225861095426,-0.0505845164936,0,0,0,80,0,8,418,0.909090909091,1,0,0.0909090909091,1,0.909090909091,0.952380952381,0.944467458064,0.909090909091,0.909090909091,1,9,0,10,1,10
152,WLNM_dir_neg_kfold,0.925925925926,0.585858585859,00:00:02,10,90,17,13362,threshold_sweep,0.8,1,0.111111111111,0.2,1,0,8,18,0.111111111111,1,0,0.888888888889,1,0.111111111111,0.2,0.703703703704,0.654320987654,0.142857142857,0.277350098113,0.111111111111,94,85,9,0,94,0,85,0,9,23,88,0.173913043478,1.68507579377,7.65217391304,7.33333333333,5.5,3.63829000359,0.475458352741,0.249505928854,5.32278271304,1.39118184545,0.672924901186,3.27042079462,0.854769071322,0.442687747036,0.749191304359,0.444603920564,2.5,1.68507579377,0.749191304359,2.5,0.259446613992,0.18878248974,46,0.025974025974,0.333144633145,23,23,23,1,0,0.478260869565,0.217391304348,0.304347826087,23,0.156126482213,1.68985691515,6.86956521739,6.58333333333,4.9375,3.30707709213,0.481409956449,0.260319207485,4.73695420897,1.37911325071,0.672537149147,2.92055547264,0.850288302161,0.453494771602,0.752495275795,0.445301178488,2.5,1.68985691515,0.752495275795,2.5,0.269840765295,0.200342465753,39,0.0220214568041,0.276593860685,23,23,23,1,0,0.478260869565,0.217391304348,0.304347826087,23,80,0.158102766798,1.68907311397,6.95652173913,6.66666666667,5,3.39087359178,0.487438078818,0.263043478261,4.83236781052,1.38930574552,0.676086956522,2.96754513204,0.85316922546,0.45652173913,0.751891859637,0.445150570106,2.5,1.68907311397,0.751891859637,2.5,0.276817122272,0.208955223881,42,0.0237154150198,0.282560116651,23,23,23,1,0,0.478260869565,0.217391304348,0.304347826087,-8,-0.0158102766798,0.00399732020285,-0.695652173913,-0.666666666667,-0.5,-0.247416411809,0.0119797260766,0.0135375494071,-0.490414902526,-0.00187609993079,0.00316205533597,-0.302875662588,-0.00159984586192,0.0138339920949,0.00270055527815,0.000546649542032,0,0.00399732020285,0.00270055527815,0,0.0173705082796,0.0201727341405,-4,-0.00225861095426,-0.0505845164936,0,0,0,80,0,8,418,0.909090909091,1,0,0.0909090909091,1,0.909090909091,0.952380952381,0.944467458064,0.909090909091,0.909090909091,1,9,0,10,1,10
153,WLNM_dir_neg_kfold,0.925925925926,0.585858585859,00:00:02,10,90,17,13362,threshold_sweep,0.9,1,0.111111111111,0.2,1,0,8,18,0.111111111111,1,0,0.888888888889,1,0.111111111111,0.2,0.703703703704,0.654320987654,0.142857142857,0.277350098113,0.111111111111,94,85,9,0,94,0,85,0,9,23,88,0.173913043478,1.68507579377,7.65217391304,7.33333333333,5.5,3.63829000359,0.475458352741,0.249505928854,5.32278271304,1.39118184545,0.672924901186,3.27042079462,0.854769071322,0.442687747036,0.749191304359,0.444603920564,2.5,1.68507579377,0.749191304359,2.5,0.259446613992,0.18878248974,46,0.025974025974,0.333144633145,23,23,23,1,0,0.478260869565,0.217391304348,0.304347826087,23,0.156126482213,1.68985691515,6.86956521739,6.58333333333,4.9375,3.30707709213,0.481409956449,0.260319207485,4.73695420897,1.37911325071,0.672537149147,2.92055547264,0.850288302161,0.453494771602,0.752495275795,0.445301178488,2.5,1.68985691515,0.752495275795,2.5,0.269840765295,0.200342465753,39,0.0220214568041,0.276593860685,23,23,23,1,0,0.478260869565,0.217391304348,0.304347826087,23,80,0.158102766798,1.68907311397,6.95652173913,6.66666666667,5,3.39087359178,0.487438078818,0.263043478261,4.83236781052,1.38930574552,0.676086956522,2.96754513204,0.85316922546,0.45652173913,0.751891859637,0.445150570106,2.5,1.68907311397,0.751891859637,2.5,0.276817122272,0.208955223881,42,0.0237154150198,0.282560116651,23,23,23,1,0,0.478260869565,0.217391304348,0.304347826087,-8,-0.0158102766798,0.00399732020285,-0.695652173913,-0.666666666667,-0.5,-0.247416411809,0.0119797260766,0.0135375494071,-0.490414902526,-0.00187609993079,0.00316205533597,-0.302875662588,-0.00159984586192,0.0138339920949,0.00270055527815,0.000546649542032,0,0.00399732020285,0.00270055527815,0,0.0173705082796,0.0201727341405,-4,-0.00225861095426,-0.0505845164936,0,0,0,80,0,8,418,0.909090909091,1,0,0.0909090909091,1,0.909090909091,0.952380952381,0.944467458064,0.909090909091,0.909090909091,1,9,0,10,1,10
154,WLNM_dir_neg_kfold,1,0.888888888889,00:00:02,10,90,18,13363,threshold_sweep,0.1,1,0.111111111111,0.2,1,0,8,18,0.111111111111,1,0,0.888888888889,1,0.111111111111,0.2,0.703703703704,0.654320987654,0.142857142857,0.277350098113,0.111111111111,94,85,9,0,94,0,85,0,9,23,88,0.173913043478,1.68507579377,7.65217391304,7.33333333333,5.5,3.63829000359,0.475458352741,0.249505928854,5.32278271304,1.39118184545,0.672924901186,3.27042079462,0.854769071322,0.442687747036,0.749191304359,0.444603920564,2.5,1.68507579377,0.749191304359,2.5,0.259446613992,0.18878248974,46,0.025974025974,0.333144633145,23,23,23,1,0,0.478260869565,0.217391304348,0.304347826087,23,0.156126482213,1.68985691515,6.86956521739,6.58333333333,4.9375,3.30707709213,0.481409956449,0.260319207485,4.73695420897,1.37911325071,0.672537149147,2.92055547264,0.850288302161,0.453494771602,0.752495275795,0.445301178488,2.5,1.68985691515,0.752495275795,2.5,0.269840765295,0.200342465753,39,0.0220214568041,0.276593860685,23,23,23,1,0,0.478260869565,0.217391304348,0.304347826087,23,80,0.158102766798,1.68907311397,6.95652173913,6.66666666667,5,3.39087359178,0.487438078818,0.263043478261,4.83236781052,1.38930574552,0.676086956522,2.96754513204,0.85316922546,0.45652173913,0.751891859637,0.445150570106,2.5,1.68907311397,0.751891859637,2.5,0.276817122272,0.208955223881,42,0.0237154150198,0.282560116651,23,23,23,1,0,0.478260869565,0.217391304348,0.304347826087,-8,-0.0158102766798,0.00399732020285,-0.695652173913,-0.666666666667,-0.5,-0.247416411809,0.0119797260766,0.0135375494071,-0.490414902526,-0.00187609993079,0.00316205533597,-0.302875662588,-0.00159984586192,0.0138339920949,0.00270055527815,0.000546649542032,0,0.00399732020285,0.00270055527815,0,0.0173705082796,0.0201727341405,-4,-0.00225861095426,-0.0505845164936,0,0,0,80,0,8,418,0.909090909091,1,0,0.0909090909091,1,0.909090909091,0.952380952381,0.944467458064,0.909090909091,0.909090909091,1,9,0,10,1,10
155,WLNM_dir_neg_kfold,1,0.888888888889,00:00:02,10,90,18,13363,threshold_sweep,0.2,1,0.111111111111,0.2,1,0,8,18,0.111111111111,1,0,0.888888888889,1,0.111111111111,0.2,0.703703703704,0.654320987654,0.142857142857,0.277350098113,0.111111111111,94,85,9,0,94,0,85,0,9,23,88,0.173913043478,1.68507579377,7.65217391304,7.33333333333,5.5,3.63829000359,0.475458352741,0.249505928854,5.32278271304,1.39118184545,0.672924901186,3.27042079462,0.854769071322,0.442687747036,0.749191304359,0.444603920564,2.5,1.68507579377,0.749191304359,2.5,0.259446613992,0.18878248974,46,0.025974025974,0.333144633145,23,23,23,1,0,0.478260869565,0.217391304348,0.304347826087,23,0.156126482213,1.68985691515,6.86956521739,6.58333333333,4.9375,3.30707709213,0.481409956449,0.260319207485,4.73695420897,1.37911325071,0.672537149147,2.92055547264,0.850288302161,0.453494771602,0.752495275795,0.445301178488,2.5,1.68985691515,0.752495275795,2.5,0.269840765295,0.200342465753,39,0.0220214568041,0.276593860685,23,23,23,1,0,0.478260869565,0.217391304348,0.304347826087,23,80,0.158102766798,1.68907311397,6.95652173913,6.66666666667,5,3.39087359178,0.487438078818,0.263043478261,4.83236781052,1.38930574552,0.676086956522,2.96754513204,0.85316922546,0.45652173913,0.751891859637,0.445150570106,2.5,1.68907311397,0.751891859637,2.5,0.276817122272,0.208955223881,42,0.0237154150198,0.282560116651,23,23,23,1,0,0.478260869565,0.217391304348,0.304347826087,-8,-0.0158102766798,0.00399732020285,-0.695652173913,-0.666666666667,-0.5,-0.247416411809,0.0119797260766,0.0135375494071,-0.490414902526,-0.00187609993079,0.00316205533597,-0.302875662588,-0.00159984586192,0.0138339920949,0.00270055527815,0.000546649542032,0,0.00399732020285,0.00270055527815,0,0.0173705082796,0.0201727341405,-4,-0.00225861095426,-0.0505845164936,0,0,0,80,0,8,418,0.909090909091,1,0,0.0909090909091,1,0.909090909091,0.952380952381,0.944467458064,0.909090909091,0.909090909091,1,9,0,10,1,10
156,WLNM_dir_neg_kfold,1,0.888888888889,00:00:02,10,90,18,13363,threshold_sweep,0.3,1,0.111111111111,0.2,1,0,8,18,0.111111111111,1,0,0.888888888889,1,0.111111111111,0.2,0.703703703704,0.654320987654,0.142857142857,0.277350098113,0.111111111111,94,85,9,0,94,0,85,0,9,23,88,0.173913043478,1.68507579377,7.65217391304,7.33333333333,5.5,3.63829000359,0.475458352741,0.249505928854,5.32278271304,1.39118184545,0.672924901186,3.27042079462,0.854769071322,0.442687747036,0.749191304359,0.444603920564,2.5,1.68507579377,0.749191304359,2.5,0.259446613992,0.18878248974,46,0.025974025974,0.333144633145,23,23,23,1,0,0.478260869565,0.217391304348,0.304347826087,23,0.156126482213,1.68985691515,6.86956521739,6.58333333333,4.9375,3.30707709213,0.481409956449,0.260319207485,4.73695420897,1.37911325071,0.672537149147,2.92055547264,0.850288302161,0.453494771602,0.752495275795,0.445301178488,2.5,1.68985691515,0.752495275795,2.5,0.269840765295,0.200342465753,39,0.0220214568041,0.276593860685,23,23,23,1,0,0.478260869565,0.217391304348,0.304347826087,23,80,0.158102766798,1.68907311397,6.95652173913,6.66666666667,5,3.39087359178,0.487438078818,0.263043478261,4.83236781052,1.38930574552,0.676086956522,2.96754513204,0.85316922546,0.45652173913,0.751891859637,0.445150570106,2.5,1.68907311397,0.751891859637,2.5,0.276817122272,0.208955223881,42,0.0237154150198,0.282560116651,23,23,23,1,0,0.478260869565,0.217391304348,0.304347826087,-8,-0.0158102766798,0.00399732020285,-0.695652173913,-0.666666666667,-0.5,-0.247416411809,0.0119797260766,0.0135375494071,-0.490414902526,-0.00187609993079,0.00316205533597,-0.302875662588,-0.00159984586192,0.0138339920949,0.00270055527815,0.000546649542032,0,0.00399732020285,0.00270055527815,0,0.0173705082796,0.0201727341405,-4,-0.00225861095426,-0.0505845164936,0,0,0,80,0,8,418,0.909090909091,1,0,0.0909090909091,1,0.909090909091,0.952380952381,0.944467458064,0.909090909091,0.909090909091,1,9,0,10,1,10
157,WLNM_dir_neg_kfold,1,0.888888888889,00:00:02,10,90,18,13363,threshold_sweep,0.4,1,0.111111111111,0.2,1,0,8,18,0.111111111111,1,0,0.888888888889,1,0.111111111111,0.2,0.703703703704,0.654320987654,0.142857142857,0.277350098113,0.111111111111,94,85,9,0,94,0,85,0,9,23,88,0.173913043478,1.68507579377,7.65217391304,7.33333333333,5.5,3.63829000359,0.475458352741,0.249505928854,5.32278271304,1.39118184545,0.672924901186,3.27042079462,0.854769071322,0.442687747036,0.749191304359,0.444603920564,2.5,1.68507579377,0.749191304359,2.5,0.259446613992,0.18878248974,46,0.025974025974,0.333144633145,23,23,23,1,0,0.478260869565,0.217391304348,0.304347826087,23,0.156126482213,1.68985691515,6.86956521739,6.58333333333,4.9375,3.30707709213,0.481409956449,0.260319207485,4.73695420897,1.37911325071,0.672537149147,2.92055547264,0.850288302161,0.453494771602,0.752495275795,0.445301178488,2.5,1.68985691515,0.752495275795,2.5,0.269840765295,0.200342465753,39,0.0220214568041,0.276593860685,23,23,23,1,0,0.478260869565,0.217391304348,0.304347826087,23,80,0.158102766798,1.68907311397,6.95652173913,6.66666666667,5,3.39087359178,0.487438078818,0.263043478261,4.83236781052,1.38930574552,0.676086956522,2.96754513204,0.85316922546,0.45652173913,0.751891859637,0.445150570106,2.5,1.68907311397,0.751891859637,2.5,0.276817122272,0.208955223881,42,0.0237154150198,0.282560116651,23,23,23,1,0,0.478260869565,0.217391304348,0.304347826087,-8,-0.0158102766798,0.00399732020285,-0.695652173913,-0.666666666667,-0.5,-0.247416411809,0.0119797260766,0.0135375494071,-0.490414902526,-0.00187609993079,0.00316205533597,-0.302875662588,-0.00159984586192,0.0138339920949,0.00270055527815,0.000546649542032,0,0.00399732020285,0.00270055527815,0,0.0173705082796,0.0201727341405,-4,-0.00225861095426,-0.0505845164936,0,0,0,80,0,8,418,0.909090909091,1,0,0.0909090909091,1,0.909090909091,0.952380952381,0.944467458064,0.909090909091,0.909090909091,1,9,0,10,1,10
158,WLNM_dir_neg_kfold,1,0.888888888889,00:00:02,10,90,18,13363,threshold_sweep,0.5,1,0.111111111111,0.2,1,0,8,18,0.111111111111,1,0,0.888888888889,1,0.111111111111,0.2,0.703703703704,0.654320987654,0.142857142857,0.277350098113,0.111111111111,94,85,9,0,94,0,85,0,9,23,88,0.173913043478,1.68507579377,7.65217391304,7.33333333333,5.5,3.63829000359,0.475458352741,0.249505928854,5.32278271304,1.39118184545,0.672924901186,3.27042079462,0.854769071322,0.442687747036,0.749191304359,0.444603920564,2.5,1.68507579377,0.749191304359,2.5,0.259446613992,0.18878248974,46,0.025974025974,0.333144633145,23,23,23,1,0,0.478260869565,0.217391304348,0.304347826087,23,0.156126482213,1.68985691515,6.86956521739,6.58333333333,4.9375,3.30707709213,0.481409956449,0.260319207485,4.73695420897,1.37911325071,0.672537149147,2.92055547264,0.850288302161,0.453494771602,0.752495275795,0.445301178488,2.5,1.68985691515,0.752495275795,2.5,0.269840765295,0.200342465753,39,0.0220214568041,0.276593860685,23,23,23,1,0,0.478260869565,0.217391304348,0.304347826087,23,80,0.158102766798,1.68907311397,6.95652173913,6.66666666667,5,3.39087359178,0.487438078818,0.263043478261,4.83236781052,1.38930574552,0.676086956522,2.96754513204,0.85316922546,0.45652173913,0.751891859637,0.445150570106,2.5,1.68907311397,0.751891859637,2.5,0.276817122272,0.208955223881,42,0.0237154150198,0.282560116651,23,23,23,1,0,0.478260869565,0.217391304348,0.304347826087,-8,-0.0158102766798,0.00399732020285,-0.695652173913,-0.666666666667,-0.5,-0.247416411809,0.0119797260766,0.0135375494071,-0.490414902526,-0.00187609993079,0.00316205533597,-0.302875662588,-0.00159984586192,0.0138339920949,0.00270055527815,0.000546649542032,0,0.00399732020285,0.00270055527815,0,0.0173705082796,0.0201727341405,-4,-0.00225861095426,-0.0505845164936,0,0,0,80,0,8,418,0.909090909091,1,0,0.0909090909091,1,0.909090909091,0.952380952381,0.944467458064,0.909090909091,0.909090909091,1,9,0,10,1,10
159,WLNM_dir_neg_kfold,1,0.888888888889,00:00:02,10,90,18,13363,threshold_sweep,0.6,1,0.111111111111,0.2,1,0,8,18,0.111111111111,1,0,0.888888888889,1,0.111111111111,0.2,0.703703703704,0.654320987654,0.142857142857,0.277350098113,0.111111111111,94,85,9,0,94,0,85,0,9,23,88,0.173913043478,1.68507579377,7.65217391304,7.33333333333,5.5,3.63829000359,0.475458352741,0.249505928854,5.32278271304,1.39118184545,0.672924901186,3.27042079462,0.854769071322,0.442687747036,0.749191304359,0.444603920564,2.5,1.68507579377,0.749191304359,2.5,0.259446613992,0.18878248974,46,0.025974025974,0.333144633145,23,23,23,1,0,0.478260869565,0.217391304348,0.304347826087,23,0.156126482213,1.68985691515,6.86956521739,6.58333333333,4.9375,3.30707709213,0.481409956449,0.260319207485,4.73695420897,1.37911325071,0.672537149147,2.92055547264,0.850288302161,0.453494771602,0.752495275795,0.445301178488,2.5,1.68985691515,0.752495275795,2.5,0.269840765295,0.200342465753,39,0.0220214568041,0.276593860685,23,23,23,1,0,0.478260869565,0.217391304348,0.304347826087,23,80,0.158102766798,1.68907311397,6.95652173913,6.66666666667,5,3.39087359178,0.487438078818,0.263043478261,4.83236781052,1.38930574552,0.676086956522,2.96754513204,0.85316922546,0.45652173913,0.751891859637,0.445150570106,2.5,1.68907311397,0.751891859637,2.5,0.276817122272,0.208955223881,42,0.0237154150198,0.282560116651,23,23,23,1,0,0.478260869565,0.217391304348,0.304347826087,-8,-0.0158102766798,0.00399732020285,-0.695652173913,-0.666666666667,-0.5,-0.247416411809,0.0119797260766,0.0135375494071,-0.490414902526,-0.00187609993079,0.00316205533597,-0.302875662588,-0.00159984586192,0.0138339920949,0.00270055527815,0.000546649542032,0,0.00399732020285,0.00270055527815,0,0.0173705082796,0.0201727341405,-4,-0.00225861095426,-0.0505845164936,0,0,0,80,0,8,418,0.909090909091,1,0,0.0909090909091,1,0.909090909091,0.952380952381,0.944467458064,0.909090909091,0.909090909091,1,9,0,10,1,10
160,WLNM_dir_neg_kfold,1,0.888888888889,00:00:02,10,90,18,13363,threshold_sweep,0.7,1,0.111111111111,0.2,1,0,8,18,0.111111111111,1,0,0.888888888889,1,0.111111111111,0.2,0.703703703704,0.654320987654,0.142857142857,0.277350098113,0.111111111111,94,85,9,0,94,0,85,0,9,23,88,0.173913043478,1.68507579377,7.65217391304,7.33333333333,5.5,3.63829000359,0.475458352741,0.249505928854,5.32278271304,1.39118184545,0.672924901186,3.27042079462,0.854769071322,0.442687747036,0.749191304359,0.444603920564,2.5,1.68507579377,0.749191304359,2.5,0.259446613992,0.18878248974,46,0.025974025974,0.333144633145,23,23,23,1,0,0.478260869565,0.217391304348,0.304347826087,23,0.156126482213,1.68985691515,6.86956521739,6.58333333333,4.9375,3.30707709213,0.481409956449,0.260319207485,4.73695420897,1.37911325071,0.672537149147,2.92055547264,0.850288302161,0.453494771602,0.752495275795,0.445301178488,2.5,1.68985691515,0.752495275795,2.5,0.269840765295,0.200342465753,39,0.0220214568041,0.276593860685,23,23,23,1,0,0.478260869565,0.217391304348,0.304347826087,23,80,0.158102766798,1.68907311397,6.95652173913,6.66666666667,5,3.39087359178,0.487438078818,0.263043478261,4.83236781052,1.38930574552,0.676086956522,2.96754513204,0.85316922546,0.45652173913,0.751891859637,0.445150570106,2.5,1.68907311397,0.751891859637,2.5,0.276817122272,0.208955223881,42,0.0237154150198,0.282560116651,23,23,23,1,0,0.478260869565,0.217391304348,0.304347826087,-8,-0.0158102766798,0.00399732020285,-0.695652173913,-0.666666666667,-0.5,-0.247416411809,0.0119797260766,0.0135375494071,-0.490414902526,-0.00187609993079,0.00316205533597,-0.302875662588,-0.00159984586192,0.0138339920949,0.00270055527815,0.000546649542032,0,0.00399732020285,0.00270055527815,0,0.0173705082796,0.0201727341405,-4,-0.00225861095426,-0.0505845164936,0,0,0,80,0,8,418,0.909090909091,1,0,0.0909090909091,1,0.909090909091,0.952380952381,0.944467458064,0.909090909091,0.909090909091,1,9,0,10,1,10
161,WLNM_dir_neg_kfold,1,0.888888888889,00:00:02,10,90,18,13363,threshold_sweep,0.8,1,0.111111111111,0.2,1,0,8,18,0.111111111111,1,0,0.888888888889,1,0.111111111111,0.2,0.703703703704,0.654320987654,0.142857142857,0.277350098113,0.111111111111,94,85,9,0,94,0,85,0,9,23,88,0.173913043478,1.68507579377,7.65217391304,7.33333333333,5.5,3.63829000359,0.475458352741,0.249505928854,5.32278271304,1.39118184545,0.672924901186,3.27042079462,0.854769071322,0.442687747036,0.749191304359,0.444603920564,2.5,1.68507579377,0.749191304359,2.5,0.259446613992,0.18878248974,46,0.025974025974,0.333144633145,23,23,23,1,0,0.478260869565,0.217391304348,0.304347826087,23,0.156126482213,1.68985691515,6.86956521739,6.58333333333,4.9375,3.30707709213,0.481409956449,0.260319207485,4.73695420897,1.37911325071,0.672537149147,2.92055547264,0.850288302161,0.453494771602,0.752495275795,0.445301178488,2.5,1.68985691515,0.752495275795,2.5,0.269840765295,0.200342465753,39,0.0220214568041,0.276593860685,23,23,23,1,0,0.478260869565,0.217391304348,0.304347826087,23,80,0.158102766798,1.68907311397,6.95652173913,6.66666666667,5,3.39087359178,0.487438078818,0.263043478261,4.83236781052,1.38930574552,0.676086956522,2.96754513204,0.85316922546,0.45652173913,0.751891859637,0.445150570106,2.5,1.68907311397,0.751891859637,2.5,0.276817122272,0.208955223881,42,0.0237154150198,0.282560116651,23,23,23,1,0,0.478260869565,0.217391304348,0.304347826087,-8,-0.0158102766798,0.00399732020285,-0.695652173913,-0.666666666667,-0.5,-0.247416411809,0.0119797260766,0.0135375494071,-0.490414902526,-0.00187609993079,0.00316205533597,-0.302875662588,-0.00159984586192,0.0138339920949,0.00270055527815,0.000546649542032,0,0.00399732020285,0.00270055527815,0,0.0173705082796,0.0201727341405,-4,-0.00225861095426,-0.0505845164936,0,0,0,80,0,8,418,0.909090909091,1,0,0.0909090909091,1,0.909090909091,0.952380952381,0.944467458064,0.909090909091,0.909090909091,1,9,0,10,1,10
162,WLNM_dir_neg_kfold,1,0.888888888889,00:00:02,10,90,18,13363,threshold_sweep,0.9,1,0.111111111111,0.2,1,0,8,18,0.111111111111,1,0,0.888888888889,1,0.111111111111,0.2,0.703703703704,0.654320987654,0.142857142857,0.277350098113,0.111111111111,94,85,9,0,94,0,85,0,9,23,88,0.173913043478,1.68507579377,7.65217391304,7.33333333333,5.5,3.63829000359,0.475458352741,0.249505928854,5.32278271304,1.39118184545,0.672924901186,3.27042079462,0.854769071322,0.442687747036,0.749191304359,0.444603920564,2.5,1.68507579377,0.749191304359,2.5,0.259446613992,0.18878248974,46,0.025974025974,0.333144633145,23,23,23,1,0,0.478260869565,0.217391304348,0.304347826087,23,0.156126482213,1.68985691515,6.86956521739,6.58333333333,4.9375,3.30707709213,0.481409956449,0.260319207485,4.73695420897,1.37911325071,0.672537149147,2.92055547264,0.850288302161,0.453494771602,0.752495275795,0.445301178488,2.5,1.68985691515,0.752495275795,2.5,0.269840765295,0.200342465753,39,0.0220214568041,0.276593860685,23,23,23,1,0,0.478260869565,0.217391304348,0.304347826087,23,80,0.158102766798,1.68907311397,6.95652173913,6.66666666667,5,3.39087359178,0.487438078818,0.263043478261,4.83236781052,1.38930574552,0.676086956522,2.96754513204,0.85316922546,0.45652173913,0.751891859637,0.445150570106,2.5,1.68907311397,0.751891859637,2.5,0.276817122272,0.208955223881,42,0.0237154150198,0.282560116651,23,23,23,1,0,0.478260869565,0.217391304348,0.304347826087,-8,-0.0158102766798,0.00399732020285,-0.695652173913,-0.666666666667,-0.5,-0.247416411809,0.0119797260766,0.0135375494071,-0.490414902526,-0.00187609993079,0.00316205533597,-0.302875662588,-0.00159984586192,0.0138339920949,0.00270055527815,0.000546649542032,0,0.00399732020285,0.00270055527815,0,0.0173705082796,0.0201727341405,-4,-0.00225861095426,-0.0505845164936,0,0,0,80,0,8,418,0.909090909091,1,0,0.0909090909091,1,0.909090909091,0.952380952381,0.944467458064,0.909090909091,0.909090909091,1,9,0,10,1,10
163,WLNM_dir_neg_kfold,0.679012345679,0.309368191721,00:00:02,10,90,19,13364,threshold_sweep,0.1,1,0.111111111111,0.2,1,0,8,18,0.111111111111,1,0,0.888888888889,1,0.111111111111,0.2,0.703703703704,0.654320987654,0.142857142857,0.277350098113,0.111111111111,94,85,9,0,94,0,85,0,9,23,88,0.173913043478,1.68507579377,7.65217391304,7.33333333333,5.5,3.63829000359,0.475458352741,0.249505928854,5.32278271304,1.39118184545,0.672924901186,3.27042079462,0.854769071322,0.442687747036,0.749191304359,0.444603920564,2.5,1.68507579377,0.749191304359,2.5,0.259446613992,0.18878248974,46,0.025974025974,0.333144633145,23,23,23,1,0,0.478260869565,0.217391304348,0.304347826087,23,0.156126482213,1.68985691515,6.86956521739,6.58333333333,4.9375,3.30707709213,0.481409956449,0.260319207485,4.73695420897,1.37911325071,0.672537149147,2.92055547264,0.850288302161,0.453494771602,0.752495275795,0.445301178488,2.5,1.68985691515,0.752495275795,2.5,0.269840765295,0.200342465753,39,0.0220214568041,0.276593860685,23,23,23,1,0,0.478260869565,0.217391304348,0.304347826087,23,80,0.158102766798,1.68907311397,6.95652173913,6.66666666667,5,3.39087359178,0.487438078818,0.263043478261,4.83236781052,1.38930574552,0.676086956522,2.96754513204,0.85316922546,0.45652173913,0.751891859637,0.445150570106,2.5,1.68907311397,0.751891859637,2.5,0.276817122272,0.208955223881,42,0.0237154150198,0.282560116651,23,23,23,1,0,0.478260869565,0.217391304348,0.304347826087,-8,-0.0158102766798,0.00399732020285,-0.695652173913,-0.666666666667,-0.5,-0.247416411809,0.0119797260766,0.0135375494071,-0.490414902526,-0.00187609993079,0.00316205533597,-0.302875662588,-0.00159984586192,0.0138339920949,0.00270055527815,0.000546649542032,0,0.00399732020285,0.00270055527815,0,0.0173705082796,0.0201727341405,-4,-0.00225861095426,-0.0505845164936,0,0,0,80,0,8,418,0.909090909091,1,0,0.0909090909091,1,0.909090909091,0.952380952381,0.944467458064,0.909090909091,0.909090909091,1,9,0,10,1,10
164,WLNM_dir_neg_kfold,0.679012345679,0.309368191721,00:00:02,10,90,19,13364,threshold_sweep,0.2,1,0.111111111111,0.2,1,0,8,18,0.111111111111,1,0,0.888888888889,1,0.111111111111,0.2,0.703703703704,0.654320987654,0.142857142857,0.277350098113,0.111111111111,94,85,9,0,94,0,85,0,9,23,88,0.173913043478,1.68507579377,7.65217391304,7.33333333333,5.5,3.63829000359,0.475458352741,0.249505928854,5.32278271304,1.39118184545,0.672924901186,3.27042079462,0.854769071322,0.442687747036,0.749191304359,0.444603920564,2.5,1.68507579377,0.749191304359,2.5,0.259446613992,0.18878248974,46,0.025974025974,0.333144633145,23,23,23,1,0,0.478260869565,0.217391304348,0.304347826087,23,0.156126482213,1.68985691515,6.86956521739,6.58333333333,4.9375,3.30707709213,0.481409956449,0.260319207485,4.73695420897,1.37911325071,0.672537149147,2.92055547264,0.850288302161,0.453494771602,0.752495275795,0.445301178488,2.5,1.68985691515,0.752495275795,2.5,0.269840765295,0.200342465753,39,0.0220214568041,0.276593860685,23,23,23,1,0,0.478260869565,0.217391304348,0.304347826087,23,80,0.158102766798,1.68907311397,6.95652173913,6.66666666667,5,3.39087359178,0.487438078818,0.263043478261,4.83236781052,1.38930574552,0.676086956522,2.96754513204,0.85316922546,0.45652173913,0.751891859637,0.445150570106,2.5,1.68907311397,0.751891859637,2.5,0.276817122272,0.208955223881,42,0.0237154150198,0.282560116651,23,23,23,1,0,0.478260869565,0.217391304348,0.304347826087,-8,-0.0158102766798,0.00399732020285,-0.695652173913,-0.666666666667,-0.5,-0.247416411809,0.0119797260766,0.0135375494071,-0.490414902526,-0.00187609993079,0.00316205533597,-0.302875662588,-0.00159984586192,0.0138339920949,0.00270055527815,0.000546649542032,0,0.00399732020285,0.00270055527815,0,0.0173705082796,0.0201727341405,-4,-0.00225861095426,-0.0505845164936,0,0,0,80,0,8,418,0.909090909091,1,0,0.0909090909091,1,0.909090909091,0.952380952381,0.944467458064,0.909090909091,0.909090909091,1,9,0,10,1,10
165,WLNM_dir_neg_kfold,0.679012345679,0.309368191721,00:00:02,10,90,19,13364,threshold_sweep,0.3,1,0.111111111111,0.2,1,0,8,18,0.111111111111,1,0,0.888888888889,1,0.111111111111,0.2,0.703703703704,0.654320987654,0.142857142857,0.277350098113,0.111111111111,94,85,9,0,94,0,85,0,9,23,88,0.173913043478,1.68507579377,7.65217391304,7.33333333333,5.5,3.63829000359,0.475458352741,0.249505928854,5.32278271304,1.39118184545,0.672924901186,3.27042079462,0.854769071322,0.442687747036,0.749191304359,0.444603920564,2.5,1.68507579377,0.749191304359,2.5,0.259446613992,0.18878248974,46,0.025974025974,0.333144633145,23,23,23,1,0,0.478260869565,0.217391304348,0.304347826087,23,0.156126482213,1.68985691515,6.86956521739,6.58333333333,4.9375,3.30707709213,0.481409956449,0.260319207485,4.73695420897,1.37911325071,0.672537149147,2.92055547264,0.850288302161,0.453494771602,0.752495275795,0.445301178488,2.5,1.68985691515,0.752495275795,2.5,0.269840765295,0.200342465753,39,0.0220214568041,0.276593860685,23,23,23,1,0,0.478260869565,0.217391304348,0.304347826087,23,80,0.158102766798,1.68907311397,6.95652173913,6.66666666667,5,3.39087359178,0.487438078818,0.263043478261,4.83236781052,1.38930574552,0.676086956522,2.96754513204,0.85316922546,0.45652173913,0.751891859637,0.445150570106,2.5,1.68907311397,0.751891859637,2.5,0.276817122272,0.208955223881,42,0.0237154150198,0.282560116651,23,23,23,1,0,0.478260869565,0.217391304348,0.304347826087,-8,-0.0158102766798,0.00399732020285,-0.695652173913,-0.666666666667,-0.5,-0.247416411809,0.0119797260766,0.0135375494071,-0.490414902526,-0.00187609993079,0.00316205533597,-0.302875662588,-0.00159984586192,0.0138339920949,0.00270055527815,0.000546649542032,0,0.00399732020285,0.00270055527815,0,0.0173705082796,0.0201727341405,-4,-0.00225861095426,-0.0505845164936,0,0,0,80,0,8,418,0.909090909091,1,0,0.0909090909091,1,0.909090909091,0.952380952381,0.944467458064,0.909090909091,0.909090909091,1,9,0,10,1,10
166,WLNM_dir_neg_kfold,0.679012345679,0.309368191721,00:00:02,10,90,19,13364,threshold_sweep,0.4,1,0.111111111111,0.2,1,0,8,18,0.111111111111,1,0,0.888888888889,1,0.111111111111,0.2,0.703703703704,0.654320987654,0.142857142857,0.277350098113,0.111111111111,94,85,9,0,94,0,85,0,9,23,88,0.173913043478,1.68507579377,7.65217391304,7.33333333333,5.5,3.63829000359,0.475458352741,0.249505928854,5.32278271304,1.39118184545,0.672924901186,3.27042079462,0.854769071322,0.442687747036,0.749191304359,0.444603920564,2.5,1.68507579377,0.749191304359,2.5,0.259446613992,0.18878248974,46,0.025974025974,0.333144633145,23,23,23,1,0,0.478260869565,0.217391304348,0.304347826087,23,0.156126482213,1.68985691515,6.86956521739,6.58333333333,4.9375,3.30707709213,0.481409956449,0.260319207485,4.73695420897,1.37911325071,0.672537149147,2.92055547264,0.850288302161,0.453494771602,0.752495275795,0.445301178488,2.5,1.68985691515,0.752495275795,2.5,0.269840765295,0.200342465753,39,0.0220214568041,0.276593860685,23,23,23,1,0,0.478260869565,0.217391304348,0.304347826087,23,80,0.158102766798,1.68907311397,6.95652173913,6.66666666667,5,3.39087359178,0.487438078818,0.263043478261,4.83236781052,1.38930574552,0.676086956522,2.96754513204,0.85316922546,0.45652173913,0.751891859637,0.445150570106,2.5,1.68907311397,0.751891859637,2.5,0.276817122272,0.208955223881,42,0.0237154150198,0.282560116651,23,23,23,1,0,0.478260869565,0.217391304348,0.304347826087,-8,-0.0158102766798,0.00399732020285,-0.695652173913,-0.666666666667,-0.5,-0.247416411809,0.0119797260766,0.0135375494071,-0.490414902526,-0.00187609993079,0.00316205533597,-0.302875662588,-0.00159984586192,0.0138339920949,0.00270055527815,0.000546649542032,0,0.00399732020285,0.00270055527815,0,0.0173705082796,0.0201727341405,-4,-0.00225861095426,-0.0505845164936,0,0,0,80,0,8,418,0.909090909091,1,0,0.0909090909091,1,0.909090909091,0.952380952381,0.944467458064,0.909090909091,0.909090909091,1,9,0,10,1,10
167,WLNM_dir_neg_kfold,0.679012345679,0.309368191721,00:00:02,10,90,19,13364,threshold_sweep,0.5,1,0.111111111111,0.2,1,0,8,18,0.111111111111,1,0,0.888888888889,1,0.111111111111,0.2,0.703703703704,0.654320987654,0.142857142857,0.277350098113,0.111111111111,94,85,9,0,94,0,85,0,9,23,88,0.173913043478,1.68507579377,7.65217391304,7.33333333333,5.5,3.63829000359,0.475458352741,0.249505928854,5.32278271304,1.39118184545,0.672924901186,3.27042079462,0.854769071322,0.442687747036,0.749191304359,0.444603920564,2.5,1.68507579377,0.749191304359,2.5,0.259446613992,0.18878248974,46,0.025974025974,0.333144633145,23,23,23,1,0,0.478260869565,0.217391304348,0.304347826087,23,0.156126482213,1.68985691515,6.86956521739,6.58333333333,4.9375,3.30707709213,0.481409956449,0.260319207485,4.73695420897,1.37911325071,0.672537149147,2.92055547264,0.850288302161,0.453494771602,0.752495275795,0.445301178488,2.5,1.68985691515,0.752495275795,2.5,0.269840765295,0.200342465753,39,0.0220214568041,0.276593860685,23,23,23,1,0,0.478260869565,0.217391304348,0.304347826087,23,80,0.158102766798,1.68907311397,6.95652173913,6.66666666667,5,3.39087359178,0.487438078818,0.263043478261,4.83236781052,1.38930574552,0.676086956522,2.96754513204,0.85316922546,0.45652173913,0.751891859637,0.445150570106,2.5,1.68907311397,0.751891859637,2.5,0.276817122272,0.208955223881,42,0.0237154150198,0.282560116651,23,23,23,1,0,0.478260869565,0.217391304348,0.304347826087,-8,-0.0158102766798,0.00399732020285,-0.695652173913,-0.666666666667,-0.5,-0.247416411809,0.0119797260766,0.0135375494071,-0.490414902526,-0.00187609993079,0.00316205533597,-0.302875662588,-0.00159984586192,0.0138339920949,0.00270055527815,0.000546649542032,0,0.00399732020285,0.00270055527815,0,0.0173705082796,0.0201727341405,-4,-0.00225861095426,-0.0505845164936,0,0,0,80,0,8,418,0.909090909091,1,0,0.0909090909091,1,0.909090909091,0.952380952381,0.944467458064,0.909090909091,0.909090909091,1,9,0,10,1,10
168,WLNM_dir_neg_kfold,0.679012345679,0.309368191721,00:00:02,10,90,19,13364,threshold_sweep,0.6,1,0.111111111111,0.2,1,0,8,18,0.111111111111,1,0,0.888888888889,1,0.111111111111,0.2,0.703703703704,0.654320987654,0.142857142857,0.277350098113,0.111111111111,94,85,9,0,94,0,85,0,9,23,88,0.173913043478,1.68507579377,7.65217391304,7.33333333333,5.5,3.63829000359,0.475458352741,0.249505928854,5.32278271304,1.39118184545,0.672924901186,3.27042079462,0.854769071322,0.442687747036,0.749191304359,0.444603920564,2.5,1.68507579377,0.749191304359,2.5,0.259446613992,0.18878248974,46,0.025974025974,0.333144633145,23,23,23,1,0,0.478260869565,0.217391304348,0.304347826087,23,0.156126482213,1.68985691515,6.86956521739,6.58333333333,4.9375,3.30707709213,0.481409956449,0.260319207485,4.73695420897,1.37911325071,0.672537149147,2.92055547264,0.850288302161,0.453494771602,0.752495275795,0.445301178488,2.5,1.68985691515,0.752495275795,2.5,0.269840765295,0.200342465753,39,0.0220214568041,0.276593860685,23,23,23,1,0,0.478260869565,0.217391304348,0.304347826087,23,80,0.158102766798,1.68907311397,6.95652173913,6.66666666667,5,3.39087359178,0.487438078818,0.263043478261,4.83236781052,1.38930574552,0.676086956522,2.96754513204,0.85316922546,0.45652173913,0.751891859637,0.445150570106,2.5,1.68907311397,0.751891859637,2.5,0.276817122272,0.208955223881,42,0.0237154150198,0.282560116651,23,23,23,1,0,0.478260869565,0.217391304348,0.304347826087,-8,-0.0158102766798,0.00399732020285,-0.695652173913,-0.666666666667,-0.5,-0.247416411809,0.0119797260766,0.0135375494071,-0.490414902526,-0.00187609993079,0.00316205533597,-0.302875662588,-0.00159984586192,0.0138339920949,0.00270055527815,0.000546649542032,0,0.00399732020285,0.00270055527815,0,0.0173705082796,0.0201727341405,-4,-0.00225861095426,-0.0505845164936,0,0,0,80,0,8,418,0.909090909091,1,0,0.0909090909091,1,0.909090909091,0.952380952381,0.944467458064,0.909090909091,0.909090909091,1,9,0,10,1,10
169,WLNM_dir_neg_kfold,0.679012345679,0.309368191721,00:00:02,10,90,19,13364,threshold_sweep,0.7,1,0.111111111111,0.2,1,0,8,18,0.111111111111,1,0,0.888888888889,1,0.111111111111,0.2,0.703703703704,0.654320987654,0.142857142857,0.277350098113,0.111111111111,94,85,9,0,94,0,85,0,9,23,88,0.173913043478,1.68507579377,7.65217391304,7.33333333333,5.5,3.63829000359,0.475458352741,0.249505928854,5.32278271304,1.39118184545,0.672924901186,3.27042079462,0.854769071322,0.442687747036,0.749191304359,0.444603920564,2.5,1.68507579377,0.749191304359,2.5,0.259446613992,0.18878248974,46,0.025974025974,0.333144633145,23,23,23,1,0,0.478260869565,0.217391304348,0.304347826087,23,0.156126482213,1.68985691515,6.86956521739,6.58333333333,4.9375,3.30707709213,0.481409956449,0.260319207485,4.73695420897,1.37911325071,0.672537149147,2.92055547264,0.850288302161,0.453494771602,0.752495275795,0.445301178488,2.5,1.68985691515,0.752495275795,2.5,0.269840765295,0.200342465753,39,0.0220214568041,0.276593860685,23,23,23,1,0,0.478260869565,0.217391304348,0.304347826087,23,80,0.158102766798,1.68907311397,6.95652173913,6.66666666667,5,3.39087359178,0.487438078818,0.263043478261,4.83236781052,1.38930574552,0.676086956522,2.96754513204,0.85316922546,0.45652173913,0.751891859637,0.445150570106,2.5,1.68907311397,0.751891859637,2.5,0.276817122272,0.208955223881,42,0.0237154150198,0.282560116651,23,23,23,1,0,0.478260869565,0.217391304348,0.304347826087,-8,-0.0158102766798,0.00399732020285,-0.695652173913,-0.666666666667,-0.5,-0.247416411809,0.0119797260766,0.0135375494071,-0.490414902526,-0.00187609993079,0.00316205533597,-0.302875662588,-0.00159984586192,0.0138339920949,0.00270055527815,0.000546649542032,0,0.00399732020285,0.00270055527815,0,0.0173705082796,0.0201727341405,-4,-0.00225861095426,-0.0505845164936,0,0,0,80,0,8,418,0.909090909091,1,0,0.0909090909091,1,0.909090909091,0.952380952381,0.944467458064,0.909090909091,0.909090909091,1,9,0,10,1,10
170,WLNM_dir_neg_kfold,0.679012345679,0.309368191721,00:00:02,10,90,19,13364,threshold_sweep,0.8,1,0.111111111111,0.2,1,0,8,18,0.111111111111,1,0,0.888888888889,1,0.111111111111,0.2,0.703703703704,0.654320987654,0.142857142857,0.277350098113,0.111111111111,94,85,9,0,94,0,85,0,9,23,88,0.173913043478,1.68507579377,7.65217391304,7.33333333333,5.5,3.63829000359,0.475458352741,0.249505928854,5.32278271304,1.39118184545,0.672924901186,3.27042079462,0.854769071322,0.442687747036,0.749191304359,0.444603920564,2.5,1.68507579377,0.749191304359,2.5,0.259446613992,0.18878248974,46,0.025974025974,0.333144633145,23,23,23,1,0,0.478260869565,0.217391304348,0.304347826087,23,0.156126482213,1.68985691515,6.86956521739,6.58333333333,4.9375,3.30707709213,0.481409956449,0.260319207485,4.73695420897,1.37911325071,0.672537149147,2.92055547264,0.850288302161,0.453494771602,0.752495275795,0.445301178488,2.5,1.68985691515,0.752495275795,2.5,0.269840765295,0.200342465753,39,0.0220214568041,0.276593860685,23,23,23,1,0,0.478260869565,0.217391304348,0.304347826087,23,80,0.158102766798,1.68907311397,6.95652173913,6.66666666667,5,3.39087359178,0.487438078818,0.263043478261,4.83236781052,1.38930574552,0.676086956522,2.96754513204,0.85316922546,0.45652173913,0.751891859637,0.445150570106,2.5,1.68907311397,0.751891859637,2.5,0.276817122272,0.208955223881,42,0.0237154150198,0.282560116651,23,23,23,1,0,0.478260869565,0.217391304348,0.304347826087,-8,-0.0158102766798,0.00399732020285,-0.695652173913,-0.666666666667,-0.5,-0.247416411809,0.0119797260766,0.0135375494071,-0.490414902526,-0.00187609993079,0.00316205533597,-0.302875662588,-0.00159984586192,0.0138339920949,0.00270055527815,0.000546649542032,0,0.00399732020285,0.00270055527815,0,0.0173705082796,0.0201727341405,-4,-0.00225861095426,-0.0505845164936,0,0,0,80,0,8,418,0.909090909091,1,0,0.0909090909091,1,0.909090909091,0.952380952381,0.944467458064,0.909090909091,0.909090909091,1,9,0,10,1,10
171,WLNM_dir_neg_kfold,0.679012345679,0.309368191721,00:00:02,10,90,19,13364,threshold_sweep,0.9,1,0.111111111111,0.2,1,0,8,18,0.111111111111,1,0,0.888888888889,1,0.111111111111,0.2,0.703703703704,0.654320987654,0.142857142857,0.277350098113,0.111111111111,94,85,9,0,94,0,85,0,9,23,88,0.173913043478,1.68507579377,7.65217391304,7.33333333333,5.5,3.63829000359,0.475458352741,0.249505928854,5.32278271304,1.39118184545,0.672924901186,3.27042079462,0.854769071322,0.442687747036,0.749191304359,0.444603920564,2.5,1.68507579377,0.749191304359,2.5,0.259446613992,0.18878248974,46,0.025974025974,0.333144633145,23,23,23,1,0,0.478260869565,0.217391304348,0.304347826087,23,0.156126482213,1.68985691515,6.86956521739,6.58333333333,4.9375,3.30707709213,0.481409956449,0.260319207485,4.73695420897,1.37911325071,0.672537149147,2.92055547264,0.850288302161,0.453494771602,0.752495275795,0.445301178488,2.5,1.68985691515,0.752495275795,2.5,0.269840765295,0.200342465753,39,0.0220214568041,0.276593860685,23,23,23,1,0,0.478260869565,0.217391304348,0.304347826087,23,80,0.158102766798,1.68907311397,6.95652173913,6.66666666667,5,3.39087359178,0.487438078818,0.263043478261,4.83236781052,1.38930574552,0.676086956522,2.96754513204,0.85316922546,0.45652173913,0.751891859637,0.445150570106,2.5,1.68907311397,0.751891859637,2.5,0.276817122272,0.208955223881,42,0.0237154150198,0.282560116651,23,23,23,1,0,0.478260869565,0.217391304348,0.304347826087,-8,-0.0158102766798,0.00399732020285,-0.695652173913,-0.666666666667,-0.5,-0.247416411809,0.0119797260766,0.0135375494071,-0.490414902526,-0.00187609993079,0.00316205533597,-0.302875662588,-0.00159984586192,0.0138339920949,0.00270055527815,0.000546649542032,0,0.00399732020285,0.00270055527815,0,0.0173705082796,0.0201727341405,-4,-0.00225861095426,-0.0505845164936,0,0,0,80,0,8,418,0.909090909091,1,0,0.0909090909091,1,0.909090909091,0.952380952381,0.944467458064,0.909090909091,0.909090909091,1,9,0,10,1,10
172,WLNM_dir_neg_kfold,0.62962962963,0.285714285714,00:00:02,10,90,20,13365,threshold_sweep,0.1,0.5,0.111111111111,0.181818181818,1,1,8,17,0.111111111111,0.944444444444,0.0555555555556,0.888888888889,0.5,0.111111111111,0.181818181818,0.666666666667,0.641975308642,0.0689655172414,0.1,0.0555555555556,94,85,9,0,94,0,85,0,9,23,88,0.173913043478,1.68507579377,7.65217391304,7.33333333333,5.5,3.63829000359,0.475458352741,0.249505928854,5.32278271304,1.39118184545,0.672924901186,3.27042079462,0.854769071322,0.442687747036,0.749191304359,0.444603920564,2.5,1.68507579377,0.749191304359,2.5,0.259446613992,0.18878248974,46,0.025974025974,0.333144633145,23,23,23,1,0,0.478260869565,0.217391304348,0.304347826087,23,0.156126482213,1.68985691515,6.86956521739,6.58333333333,4.9375,3.30707709213,0.481409956449,0.260319207485,4.73695420897,1.37911325071,0.672537149147,2.92055547264,0.850288302161,0.453494771602,0.752495275795,0.445301178488,2.5,1.68985691515,0.752495275795,2.5,0.269840765295,0.200342465753,39,0.0220214568041,0.276593860685,23,23,23,1,0,0.478260869565,0.217391304348,0.304347826087,23,81,0.160079051383,1.69264853504,7.04347826087,6.75,4.76470588235,3.49646913939,0.496412285222,0.268384326355,4.90704100079,1.39335732121,0.678475577026,2.92123207533,0.82948565102,0.44551798175,0.75456258358,0.445788105422,2.5,1.69264853504,0.75456258358,2.5,0.302731107277,0.235576923077,49,0.0276679841897,0.278049854186,23,23,23,1,0,0.478260869565,0.260869565217,0.260869565217,-7,-0.0138339920949,0.00757274126839,-0.608695652174,-0.583333333333,-0.735294117647,-0.141820864199,0.0209539324802,0.0188783975016,-0.415741712257,0.00217547575637,0.00555067584053,-0.349188719293,-0.0252834203023,0.00283023471429,0.00537127922143,0.00118418485739,0,0.00757274126839,0.00537127922143,0,0.0432844932845,0.0467944333368,3,0.0016939582157,-0.0550947789584,0,0.0434782608696,-0.0434782608696,80,1,8,417,0.909090909091,0.997607655502,0.00239234449761,0.0909090909091,0.987654320988,0.909090909091,0.94674556213,0.937249960286,0.906698564593,0.898876404494,2,9,0,10,1,10
173,WLNM_dir_neg_kfold,0.62962962963,0.285714285714,00:00:02,10,90,20,13365,threshold_sweep,0.2,0.5,0.111111111111,0.181818181818,1,1,8,17,0.111111111111,0.944444444444,0.0555555555556,0.888888888889,0.5,0.111111111111,0.181818181818,0.666666666667,0.641975308642,0.0689655172414,0.1,0.0555555555556,94,85,9,0,94,0,85,0,9,23,88,0.173913043478,1.68507579377,7.65217391304,7.33333333333,5.5,3.63829000359,0.475458352741,0.249505928854,5.32278271304,1.39118184545,0.672924901186,3.27042079462,0.854769071322,0.442687747036,0.749191304359,0.444603920564,2.5,1.68507579377,0.749191304359,2.5,0.259446613992,0.18878248974,46,0.025974025974,0.333144633145,23,23,23,1,0,0.478260869565,0.217391304348,0.304347826087,23,0.156126482213,1.68985691515,6.86956521739,6.58333333333,4.9375,3.30707709213,0.481409956449,0.260319207485,4.73695420897,1.37911325071,0.672537149147,2.92055547264,0.850288302161,0.453494771602,0.752495275795,0.445301178488,2.5,1.68985691515,0.752495275795,2.5,0.269840765295,0.200342465753,39,0.0220214568041,0.276593860685,23,23,23,1,0,0.478260869565,0.217391304348,0.304347826087,23,81,0.160079051383,1.69264853504,7.04347826087,6.75,4.76470588235,3.49646913939,0.496412285222,0.268384326355,4.90704100079,1.39335732121,0.678475577026,2.92123207533,0.82948565102,0.44551798175,0.75456258358,0.445788105422,2.5,1.69264853504,0.75456258358,2.5,0.302731107277,0.235576923077,49,0.0276679841897,0.278049854186,23,23,23,1,0,0.478260869565,0.260869565217,0.260869565217,-7,-0.0138339920949,0.00757274126839,-0.608695652174,-0.583333333333,-0.735294117647,-0.141820864199,0.0209539324802,0.0188783975016,-0.415741712257,0.00217547575637,0.00555067584053,-0.349188719293,-0.0252834203023,0.00283023471429,0.00537127922143,0.00118418485739,0,0.00757274126839,0.00537127922143,0,0.0432844932845,0.0467944333368,3,0.0016939582157,-0.0550947789584,0,0.0434782608696,-0.0434782608696,80,1,8,417,0.909090909091,0.997607655502,0.00239234449761,0.0909090909091,0.987654320988,0.909090909091,0.94674556213,0.937249960286,0.906698564593,0.898876404494,2,9,0,10,1,10
174,WLNM_dir_neg_kfold,0.62962962963,0.285714285714,00:00:02,10,90,20,13365,threshold_sweep,0.3,0.5,0.111111111111,0.181818181818,1,1,8,17,0.111111111111,0.944444444444,0.0555555555556,0.888888888889,0.5,0.111111111111,0.181818181818,0.666666666667,0.641975308642,0.0689655172414,0.1,0.0555555555556,94,85,9,0,94,0,85,0,9,23,88,0.173913043478,1.68507579377,7.65217391304,7.33333333333,5.5,3.63829000359,0.475458352741,0.249505928854,5.32278271304,1.39118184545,0.672924901186,3.27042079462,0.854769071322,0.442687747036,0.749191304359,0.444603920564,2.5,1.68507579377,0.749191304359,2.5,0.259446613992,0.18878248974,46,0.025974025974,0.333144633145,23,23,23,1,0,0.478260869565,0.217391304348,0.304347826087,23,0.156126482213,1.68985691515,6.86956521739,6.58333333333,4.9375,3.30707709213,0.481409956449,0.260319207485,4.73695420897,1.37911325071,0.672537149147,2.92055547264,0.850288302161,0.453494771602,0.752495275795,0.445301178488,2.5,1.68985691515,0.752495275795,2.5,0.269840765295,0.200342465753,39,0.0220214568041,0.276593860685,23,23,23,1,0,0.478260869565,0.217391304348,0.304347826087,23,81,0.160079051383,1.69264853504,7.04347826087,6.75,4.76470588235,3.49646913939,0.496412285222,0.268384326355,4.90704100079,1.39335732121,0.678475577026,2.92123207533,0.82948565102,0.44551798175,0.75456258358,0.445788105422,2.5,1.69264853504,0.75456258358,2.5,0.302731107277,0.235576923077,49,0.0276679841897,0.278049854186,23,23,23,1,0,0.478260869565,0.260869565217,0.260869565217,-7,-0.0138339920949,0.00757274126839,-0.608695652174,-0.583333333333,-0.735294117647,-0.141820864199,0.0209539324802,0.0188783975016,-0.415741712257,0.00217547575637,0.00555067584053,-0.349188719293,-0.0252834203023,0.00283023471429,0.00537127922143,0.00118418485739,0,0.00757274126839,0.00537127922143,0,0.0432844932845,0.0467944333368,3,0.0016939582157,-0.0550947789584,0,0.0434782608696,-0.0434782608696,80,1,8,417,0.909090909091,0.997607655502,0.00239234449761,0.0909090909091,0.987654320988,0.909090909091,0.94674556213,0.937249960286,0.906698564593,0.898876404494,2,9,0,10,1,10
175,WLNM_dir_neg_kfold,0.62962962963,0.285714285714,00:00:02,10,90,20,13365,threshold_sweep,0.4,0.5,0.111111111111,0.181818181818,1,1,8,17,0.111111111111,0.944444444444,0.0555555555556,0.888888888889,0.5,0.111111111111,0.181818181818,0.666666666667,0.641975308642,0.0689655172414,0.1,0.0555555555556,94,85,9,0,94,0,85,0,9,23,88,0.173913043478,1.68507579377,7.65217391304,7.33333333333,5.5,3.63829000359,0.475458352741,0.249505928854,5.32278271304,1.39118184545,0.672924901186,3.27042079462,0.854769071322,0.442687747036,0.749191304359,0.444603920564,2.5,1.68507579377,0.749191304359,2.5,0.259446613992,0.18878248974,46,0.025974025974,0.333144633145,23,23,23,1,0,0.478260869565,0.217391304348,0.304347826087,23,0.156126482213,1.68985691515,6.86956521739,6.58333333333,4.9375,3.30707709213,0.481409956449,0.260319207485,4.73695420897,1.37911325071,0.672537149147,2.92055547264,0.850288302161,0.453494771602,0.752495275795,0.445301178488,2.5,1.68985691515,0.752495275795,2.5,0.269840765295,0.200342465753,39,0.0220214568041,0.276593860685,23,23,23,1,0,0.478260869565,0.217391304348,0.304347826087,23,81,0.160079051383,1.69264853504,7.04347826087,6.75,4.76470588235,3.49646913939,0.496412285222,0.268384326355,4.90704100079,1.39335732121,0.678475577026,2.92123207533,0.82948565102,0.44551798175,0.75456258358,0.445788105422,2.5,1.69264853504,0.75456258358,2.5,0.302731107277,0.235576923077,49,0.0276679841897,0.278049854186,23,23,23,1,0,0.478260869565,0.260869565217,0.260869565217,-7,-0.0138339920949,0.00757274126839,-0.608695652174,-0.583333333333,-0.735294117647,-0.141820864199,0.0209539324802,0.0188783975016,-0.415741712257,0.00217547575637,0.00555067584053,-0.349188719293,-0.0252834203023,0.00283023471429,0.00537127922143,0.00118418485739,0,0.00757274126839,0.00537127922143,0,0.0432844932845,0.0467944333368,3,0.0016939582157,-0.0550947789584,0,0.0434782608696,-0.0434782608696,80,1,8,417,0.909090909091,0.997607655502,0.00239234449761,0.0909090909091,0.987654320988,0.909090909091,0.94674556213,0.937249960286,0.906698564593,0.898876404494,2,9,0,10,1,10
176,WLNM_dir_neg_kfold,0.62962962963,0.285714285714,00:00:02,10,90,20,13365,threshold_sweep,0.5,0.5,0.111111111111,0.181818181818,1,1,8,17,0.111111111111,0.944444444444,0.0555555555556,0.888888888889,0.5,0.111111111111,0.181818181818,0.666666666667,0.641975308642,0.0689655172414,0.1,0.0555555555556,94,85,9,0,94,0,85,0,9,23,88,0.173913043478,1.68507579377,7.65217391304,7.33333333333,5.5,3.63829000359,0.475458352741,0.249505928854,5.32278271304,1.39118184545,0.672924901186,3.27042079462,0.854769071322,0.442687747036,0.749191304359,0.444603920564,2.5,1.68507579377,0.749191304359,2.5,0.259446613992,0.18878248974,46,0.025974025974,0.333144633145,23,23,23,1,0,0.478260869565,0.217391304348,0.304347826087,23,0.156126482213,1.68985691515,6.86956521739,6.58333333333,4.9375,3.30707709213,0.481409956449,0.260319207485,4.73695420897,1.37911325071,0.672537149147,2.92055547264,0.850288302161,0.453494771602,0.752495275795,0.445301178488,2.5,1.68985691515,0.752495275795,2.5,0.269840765295,0.200342465753,39,0.0220214568041,0.276593860685,23,23,23,1,0,0.478260869565,0.217391304348,0.304347826087,23,81,0.160079051383,1.69264853504,7.04347826087,6.75,4.76470588235,3.49646913939,0.496412285222,0.268384326355,4.90704100079,1.39335732121,0.678475577026,2.92123207533,0.82948565102,0.44551798175,0.75456258358,0.445788105422,2.5,1.69264853504,0.75456258358,2.5,0.302731107277,0.235576923077,49,0.0276679841897,0.278049854186,23,23,23,1,0,0.478260869565,0.260869565217,0.260869565217,-7,-0.0138339920949,0.00757274126839,-0.608695652174,-0.583333333333,-0.735294117647,-0.141820864199,0.0209539324802,0.0188783975016,-0.415741712257,0.00217547575637,0.00555067584053,-0.349188719293,-0.0252834203023,0.00283023471429,0.00537127922143,0.00118418485739,0,0.00757274126839,0.00537127922143,0,0.0432844932845,0.0467944333368,3,0.0016939582157,-0.0550947789584,0,0.0434782608696,-0.0434782608696,80,1,8,417,0.909090909091,0.997607655502,0.00239234449761,0.0909090909091,0.987654320988,0.909090909091,0.94674556213,0.937249960286,0.906698564593,0.898876404494,2,9,0,10,1,10
177,WLNM_dir_neg_kfold,0.62962962963,0.285714285714,00:00:02,10,90,20,13365,threshold_sweep,0.6,0.5,0.111111111111,0.181818181818,1,1,8,17,0.111111111111,0.944444444444,0.0555555555556,0.888888888889,0.5,0.111111111111,0.181818181818,0.666666666667,0.641975308642,0.0689655172414,0.1,0.0555555555556,94,85,9,0,94,0,85,0,9,23,88,0.173913043478,1.68507579377,7.65217391304,7.33333333333,5.5,3.63829000359,0.475458352741,0.249505928854,5.32278271304,1.39118184545,0.672924901186,3.27042079462,0.854769071322,0.442687747036,0.749191304359,0.444603920564,2.5,1.68507579377,0.749191304359,2.5,0.259446613992,0.18878248974,46,0.025974025974,0.333144633145,23,23,23,1,0,0.478260869565,0.217391304348,0.304347826087,23,0.156126482213,1.68985691515,6.86956521739,6.58333333333,4.9375,3.30707709213,0.481409956449,0.260319207485,4.73695420897,1.37911325071,0.672537149147,2.92055547264,0.850288302161,0.453494771602,0.752495275795,0.445301178488,2.5,1.68985691515,0.752495275795,2.5,0.269840765295,0.200342465753,39,0.0220214568041,0.276593860685,23,23,23,1,0,0.478260869565,0.217391304348,0.304347826087,23,81,0.160079051383,1.69264853504,7.04347826087,6.75,4.76470588235,3.49646913939,0.496412285222,0.268384326355,4.90704100079,1.39335732121,0.678475577026,2.92123207533,0.82948565102,0.44551798175,0.75456258358,0.445788105422,2.5,1.69264853504,0.75456258358,2.5,0.302731107277,0.235576923077,49,0.0276679841897,0.278049854186,23,23,23,1,0,0.478260869565,0.260869565217,0.260869565217,-7,-0.0138339920949,0.00757274126839,-0.608695652174,-0.583333333333,-0.735294117647,-0.141820864199,0.0209539324802,0.0188783975016,-0.415741712257,0.00217547575637,0.00555067584053,-0.349188719293,-0.0252834203023,0.00283023471429,0.00537127922143,0.00118418485739,0,0.00757274126839,0.00537127922143,0,0.0432844932845,0.0467944333368,3,0.0016939582157,-0.0550947789584,0,0.0434782608696,-0.0434782608696,80,1,8,417,0.909090909091,0.997607655502,0.00239234449761,0.0909090909091,0.987654320988,0.909090909091,0.94674556213,0.937249960286,0.906698564593,0.898876404494,2,9,0,10,1,10
178,WLNM_dir_neg_kfold,0.62962962963,0.285714285714,00:00:02,10,90,20,13365,threshold_sweep,0.7,0.5,0.111111111111,0.181818181818,1,1,8,17,0.111111111111,0.944444444444,0.0555555555556,0.888888888889,0.5,0.111111111111,0.181818181818,0.666666666667,0.641975308642,0.0689655172414,0.1,0.0555555555556,94,85,9,0,94,0,85,0,9,23,88,0.173913043478,1.68507579377,7.65217391304,7.33333333333,5.5,3.63829000359,0.475458352741,0.249505928854,5.32278271304,1.39118184545,0.672924901186,3.27042079462,0.854769071322,0.442687747036,0.749191304359,0.444603920564,2.5,1.68507579377,0.749191304359,2.5,0.259446613992,0.18878248974,46,0.025974025974,0.333144633145,23,23,23,1,0,0.478260869565,0.217391304348,0.304347826087,23,0.156126482213,1.68985691515,6.86956521739,6.58333333333,4.9375,3.30707709213,0.481409956449,0.260319207485,4.73695420897,1.37911325071,0.672537149147,2.92055547264,0.850288302161,0.453494771602,0.752495275795,0.445301178488,2.5,1.68985691515,0.752495275795,2.5,0.269840765295,0.200342465753,39,0.0220214568041,0.276593860685,23,23,23,1,0,0.478260869565,0.217391304348,0.304347826087,23,81,0.160079051383,1.69264853504,7.04347826087,6.75,4.76470588235,3.49646913939,0.496412285222,0.268384326355,4.90704100079,1.39335732121,0.678475577026,2.92123207533,0.82948565102,0.44551798175,0.75456258358,0.445788105422,2.5,1.69264853504,0.75456258358,2.5,0.302731107277,0.235576923077,49,0.0276679841897,0.278049854186,23,23,23,1,0,0.478260869565,0.260869565217,0.260869565217,-7,-0.0138339920949,0.00757274126839,-0.608695652174,-0.583333333333,-0.735294117647,-0.141820864199,0.0209539324802,0.0188783975016,-0.415741712257,0.00217547575637,0.00555067584053,-0.349188719293,-0.0252834203023,0.00283023471429,0.00537127922143,0.00118418485739,0,0.00757274126839,0.00537127922143,0,0.0432844932845,0.0467944333368,3,0.0016939582157,-0.0550947789584,0,0.0434782608696,-0.0434782608696,80,1,8,417,0.909090909091,0.997607655502,0.00239234449761,0.0909090909091,0.987654320988,0.909090909091,0.94674556213,0.937249960286,0.906698564593,0.898876404494,2,9,0,10,1,10
179,WLNM_dir_neg_kfold,0.62962962963,0.285714285714,00:00:02,10,90,20,13365,threshold_sweep,0.8,0.5,0.111111111111,0.181818181818,1,1,8,17,0.111111111111,0.944444444444,0.0555555555556,0.888888888889,0.5,0.111111111111,0.181818181818,0.666666666667,0.641975308642,0.0689655172414,0.1,0.0555555555556,94,85,9,0,94,0,85,0,9,23,88,0.173913043478,1.68507579377,7.65217391304,7.33333333333,5.5,3.63829000359,0.475458352741,0.249505928854,5.32278271304,1.39118184545,0.672924901186,3.27042079462,0.854769071322,0.442687747036,0.749191304359,0.444603920564,2.5,1.68507579377,0.749191304359,2.5,0.259446613992,0.18878248974,46,0.025974025974,0.333144633145,23,23,23,1,0,0.478260869565,0.217391304348,0.304347826087,23,0.156126482213,1.68985691515,6.86956521739,6.58333333333,4.9375,3.30707709213,0.481409956449,0.260319207485,4.73695420897,1.37911325071,0.672537149147,2.92055547264,0.850288302161,0.453494771602,0.752495275795,0.445301178488,2.5,1.68985691515,0.752495275795,2.5,0.269840765295,0.200342465753,39,0.0220214568041,0.276593860685,23,23,23,1,0,0.478260869565,0.217391304348,0.304347826087,23,81,0.160079051383,1.69264853504,7.04347826087,6.75,4.76470588235,3.49646913939,0.496412285222,0.268384326355,4.90704100079,1.39335732121,0.678475577026,2.92123207533,0.82948565102,0.44551798175,0.75456258358,0.445788105422,2.5,1.69264853504,0.75456258358,2.5,0.302731107277,0.235576923077,49,0.0276679841897,0.278049854186,23,23,23,1,0,0.478260869565,0.260869565217,0.260869565217,-7,-0.0138339920949,0.00757274126839,-0.608695652174,-0.583333333333,-0.735294117647,-0.141820864199,0.0209539324802,0.0188783975016,-0.415741712257,0.00217547575637,0.00555067584053,-0.349188719293,-0.0252834203023,0.00283023471429,0.00537127922143,0.00118418485739,0,0.00757274126839,0.00537127922143,0,0.0432844932845,0.0467944333368,3,0.0016939582157,-0.0550947789584,0,0.0434782608696,-0.0434782608696,80,1,8,417,0.909090909091,0.997607655502,0.00239234449761,0.0909090909091,0.987654320988,0.909090909091,0.94674556213,0.937249960286,0.906698564593,0.898876404494,2,9,0,10,1,10
180,WLNM_dir_neg_kfold,0.62962962963,0.285714285714,00:00:02,10,90,20,13365,threshold_sweep,0.9,0.5,0.111111111111,0.181818181818,1,1,8,17,0.111111111111,0.944444444444,0.0555555555556,0.888888888889,0.5,0.111111111111,0.181818181818,0.666666666667,0.641975308642,0.0689655172414,0.1,0.0555555555556,94,85,9,0,94,0,85,0,9,23,88,0.173913043478,1.68507579377,7.65217391304,7.33333333333,5.5,3.63829000359,0.475458352741,0.249505928854,5.32278271304,1.39118184545,0.672924901186,3.27042079462,0.854769071322,0.442687747036,0.749191304359,0.444603920564,2.5,1.68507579377,0.749191304359,2.5,0.259446613992,0.18878248974,46,0.025974025974,0.333144633145,23,23,23,1,0,0.478260869565,0.217391304348,0.304347826087,23,0.156126482213,1.68985691515,6.86956521739,6.58333333333,4.9375,3.30707709213,0.481409956449,0.260319207485,4.73695420897,1.37911325071,0.672537149147,2.92055547264,0.850288302161,0.453494771602,0.752495275795,0.445301178488,2.5,1.68985691515,0.752495275795,2.5,0.269840765295,0.200342465753,39,0.0220214568041,0.276593860685,23,23,23,1,0,0.478260869565,0.217391304348,0.304347826087,23,81,0.160079051383,1.69264853504,7.04347826087,6.75,4.76470588235,3.49646913939,0.496412285222,0.268384326355,4.90704100079,1.39335732121,0.678475577026,2.92123207533,0.82948565102,0.44551798175,0.75456258358,0.445788105422,2.5,1.69264853504,0.75456258358,2.5,0.302731107277,0.235576923077,49,0.0276679841897,0.278049854186,23,23,23,1,0,0.478260869565,0.260869565217,0.260869565217,-7,-0.0138339920949,0.00757274126839,-0.608695652174,-0.583333333333,-0.735294117647,-0.141820864199,0.0209539324802,0.0188783975016,-0.415741712257,0.00217547575637,0.00555067584053,-0.349188719293,-0.0252834203023,0.00283023471429,0.00537127922143,0.00118418485739,0,0.00757274126839,0.00537127922143,0,0.0432844932845,0.0467944333368,3,0.0016939582157,-0.0550947789584,0,0.0434782608696,-0.0434782608696,80,1,8,417,0.909090909091,0.997607655502,0.00239234449761,0.0909090909091,0.987654320988,0.909090909091,0.94674556213,0.937249960286,0.906698564593,0.898876404494,2,9,0,10,1,10
181,WLNM_dir_neg_kfold,0.740740740741,0.441666666667,00:00:01,10,90,1,14346,threshold_sweep,0.1,0.666666666667,0.222222222222,0.333333333333,2,1,7,17,0.222222222222,0.944444444444,0.0555555555556,0.777777777778,0.666666666667,0.222222222222,0.333333333333,0.703703703704,0.62962962963,0.2,0.25,0.166666666667,94,85,9,0,94,0,85,0,9,23,88,0.173913043478,1.68507579377,7.65217391304,7.33333333333,5.5,3.63829000359,0.475458352741,0.249505928854,5.32278271304,1.39118184545,0.672924901186,3.27042079462,0.854769071322,0.442687747036,0.749191304359,0.444603920564,2.5,1.68507579377,0.749191304359,2.5,0.259446613992,0.18878248974,46,0.025974025974,0.333144633145,23,23,23,1,0,0.478260869565,0.217391304348,0.304347826087,23,0.156126482213,1.6448171796,6.86956521739,7.18181818182,4.9375,3.42854790129,0.499092416011,0.272977435333,4.85073646664,1.41223973079,0.685745734728,2.95151866852,0.859302903492,0.464501926252,0.761396189594,0.462906272525,2.5,1.6741270514,0.765918146865,2.5,0.250583002856,0.177065767285,35,0.0197628458498,0.308885659795,23,22,22,0.95652173913,0,0.478260869565,0.217391304348,0.260869565217,23,82,0.162055335968,1,7.13043478261,6.30769230769,5.125,3.38854149137,0.475222282326,0.259278897137,4.88807535053,1.37104552515,0.671261930011,3.05742147683,0.857569438622,0.459172852598,0,0,0,NaN,NaN,NaN,0.255785628513,0.185064935065,38,0.0214568040655,0.273315004084,23,23,0,1,2,0.434782608696,0.260869565217,0.304347826087,-6,-0.0118577075099,-0.685075793771,-0.521739130435,-1.02564102564,-0.375,-0.249748512217,-0.000236070415158,0.00977296828304,-0.434707362519,-0.0201363203073,-0.00166297117517,-0.212999317799,0.00280036729957,0.0164851055625,-0.749191304359,-0.444603920564,-2.5,NaN,NaN,NaN,-0.00366098547917,-0.00371755467515,-8,-0.00451722190853,-0.0598296290604,-0.0434782608696,0.0434782608696,0,81,1,7,417,0.920454545455,0.997607655502,0.00239234449761,0.0795454545455,0.987804878049,0.920454545455,0.952941176471,0.944303782253,0.918062200957,0.910112359551,3,9,0,10,2,10
182,WLNM_dir_neg_kfold,0.740740740741,0.441666666667,00:00:01,10,90,1,14346,threshold_sweep,0.2,0.666666666667,0.222222222222,0.333333333333,2,1,7,17,0.222222222222,0.944444444444,0.0555555555556,0.777777777778,0.666666666667,0.222222222222,0.333333333333,0.703703703704,0.62962962963,0.2,0.25,0.166666666667,94,85,9,0,94,0,85,0,9,23,88,0.173913043478,1.68507579377,7.65217391304,7.33333333333,5.5,3.63829000359,0.475458352741,0.249505928854,5.32278271304,1.39118184545,0.672924901186,3.27042079462,0.854769071322,0.442687747036,0.749191304359,0.444603920564,2.5,1.68507579377,0.749191304359,2.5,0.259446613992,0.18878248974,46,0.025974025974,0.333144633145,23,23,23,1,0,0.478260869565,0.217391304348,0.304347826087,23,0.156126482213,1.6448171796,6.86956521739,7.18181818182,4.9375,3.42854790129,0.499092416011,0.272977435333,4.85073646664,1.41223973079,0.685745734728,2.95151866852,0.859302903492,0.464501926252,0.761396189594,0.462906272525,2.5,1.6741270514,0.765918146865,2.5,0.250583002856,0.177065767285,35,0.0197628458498,0.308885659795,23,22,22,0.95652173913,0,0.478260869565,0.217391304348,0.260869565217,23,82,0.162055335968,1,7.13043478261,6.30769230769,5.125,3.38854149137,0.475222282326,0.259278897137,4.88807535053,1.37104552515,0.671261930011,3.05742147683,0.857569438622,0.459172852598,0,0,0,NaN,NaN,NaN,0.255785628513,0.185064935065,38,0.0214568040655,0.273315004084,23,23,0,1,2,0.434782608696,0.260869565217,0.304347826087,-6,-0.0118577075099,-0.685075793771,-0.521739130435,-1.02564102564,-0.375,-0.249748512217,-0.000236070415158,0.00977296828304,-0.434707362519,-0.0201363203073,-0.00166297117517,-0.212999317799,0.00280036729957,0.0164851055625,-0.749191304359,-0.444603920564,-2.5,NaN,NaN,NaN,-0.00366098547917,-0.00371755467515,-8,-0.00451722190853,-0.0598296290604,-0.0434782608696,0.0434782608696,0,81,1,7,417,0.920454545455,0.997607655502,0.00239234449761,0.0795454545455,0.987804878049,0.920454545455,0.952941176471,0.944303782253,0.918062200957,0.910112359551,3,9,0,10,2,10
183,WLNM_dir_neg_kfold,0.740740740741,0.441666666667,00:00:01,10,90,1,14346,threshold_sweep,0.3,0.666666666667,0.222222222222,0.333333333333,2,1,7,17,0.222222222222,0.944444444444,0.0555555555556,0.777777777778,0.666666666667,0.222222222222,0.333333333333,0.703703703704,0.62962962963,0.2,0.25,0.166666666667,94,85,9,0,94,0,85,0,9,23,88,0.173913043478,1.68507579377,7.65217391304,7.33333333333,5.5,3.63829000359,0.475458352741,0.249505928854,5.32278271304,1.39118184545,0.672924901186,3.27042079462,0.854769071322,0.442687747036,0.749191304359,0.444603920564,2.5,1.68507579377,0.749191304359,2.5,0.259446613992,0.18878248974,46,0.025974025974,0.333144633145,23,23,23,1,0,0.478260869565,0.217391304348,0.304347826087,23,0.156126482213,1.6448171796,6.86956521739,7.18181818182,4.9375,3.42854790129,0.499092416011,0.272977435333,4.85073646664,1.41223973079,0.685745734728,2.95151866852,0.859302903492,0.464501926252,0.761396189594,0.462906272525,2.5,1.6741270514,0.765918146865,2.5,0.250583002856,0.177065767285,35,0.0197628458498,0.308885659795,23,22,22,0.95652173913,0,0.478260869565,0.217391304348,0.260869565217,23,82,0.162055335968,1,7.13043478261,6.30769230769,5.125,3.38854149137,0.475222282326,0.259278897137,4.88807535053,1.37104552515,0.671261930011,3.05742147683,0.857569438622,0.459172852598,0,0,0,NaN,NaN,NaN,0.255785628513,0.185064935065,38,0.0214568040655,0.273315004084,23,23,0,1,2,0.434782608696,0.260869565217,0.304347826087,-6,-0.0118577075099,-0.685075793771,-0.521739130435,-1.02564102564,-0.375,-0.249748512217,-0.000236070415158,0.00977296828304,-0.434707362519,-0.0201363203073,-0.00166297117517,-0.212999317799,0.00280036729957,0.0164851055625,-0.749191304359,-0.444603920564,-2.5,NaN,NaN,NaN,-0.00366098547917,-0.00371755467515,-8,-0.00451722190853,-0.0598296290604,-0.0434782608696,0.0434782608696,0,81,1,7,417,0.920454545455,0.997607655502,0.00239234449761,0.0795454545455,0.987804878049,0.920454545455,0.952941176471,0.944303782253,0.918062200957,0.910112359551,3,9,0,10,2,10
184,WLNM_dir_neg_kfold,0.740740740741,0.441666666667,00:00:01,10,90,1,14346,threshold_sweep,0.4,0.666666666667,0.222222222222,0.333333333333,2,1,7,17,0.222222222222,0.944444444444,0.0555555555556,0.777777777778,0.666666666667,0.222222222222,0.333333333333,0.703703703704,0.62962962963,0.2,0.25,0.166666666667,94,85,9,0,94,0,85,0,9,23,88,0.173913043478,1.68507579377,7.65217391304,7.33333333333,5.5,3.63829000359,0.475458352741,0.249505928854,5.32278271304,1.39118184545,0.672924901186,3.27042079462,0.854769071322,0.442687747036,0.749191304359,0.444603920564,2.5,1.68507579377,0.749191304359,2.5,0.259446613992,0.18878248974,46,0.025974025974,0.333144633145,23,23,23,1,0,0.478260869565,0.217391304348,0.304347826087,23,0.156126482213,1.6448171796,6.86956521739,7.18181818182,4.9375,3.42854790129,0.499092416011,0.272977435333,4.85073646664,1.41223973079,0.685745734728,2.95151866852,0.859302903492,0.464501926252,0.761396189594,0.462906272525,2.5,1.6741270514,0.765918146865,2.5,0.250583002856,0.177065767285,35,0.0197628458498,0.308885659795,23,22,22,0.95652173913,0,0.478260869565,0.217391304348,0.260869565217,23,82,0.162055335968,1,7.13043478261,6.30769230769,5.125,3.38854149137,0.475222282326,0.259278897137,4.88807535053,1.37104552515,0.671261930011,3.05742147683,0.857569438622,0.459172852598,0,0,0,NaN,NaN,NaN,0.255785628513,0.185064935065,38,0.0214568040655,0.273315004084,23,23,0,1,2,0.434782608696,0.260869565217,0.304347826087,-6,-0.0118577075099,-0.685075793771,-0.521739130435,-1.02564102564,-0.375,-0.249748512217,-0.000236070415158,0.00977296828304,-0.434707362519,-0.0201363203073,-0.00166297117517,-0.212999317799,0.00280036729957,0.0164851055625,-0.749191304359,-0.444603920564,-2.5,NaN,NaN,NaN,-0.00366098547917,-0.00371755467515,-8,-0.00451722190853,-0.0598296290604,-0.0434782608696,0.0434782608696,0,81,1,7,417,0.920454545455,0.997607655502,0.00239234449761,0.0795454545455,0.987804878049,0.920454545455,0.952941176471,0.944303782253,0.918062200957,0.910112359551,3,9,0,10,2,10
185,WLNM_dir_neg_kfold,0.740740740741,0.441666666667,00:00:01,10,90,1,14346,threshold_sweep,0.5,0.666666666667,0.222222222222,0.333333333333,2,1,7,17,0.222222222222,0.944444444444,0.0555555555556,0.777777777778,0.666666666667,0.222222222222,0.333333333333,0.703703703704,0.62962962963,0.2,0.25,0.166666666667,94,85,9,0,94,0,85,0,9,23,88,0.173913043478,1.68507579377,7.65217391304,7.33333333333,5.5,3.63829000359,0.475458352741,0.249505928854,5.32278271304,1.39118184545,0.672924901186,3.27042079462,0.854769071322,0.442687747036,0.749191304359,0.444603920564,2.5,1.68507579377,0.749191304359,2.5,0.259446613992,0.18878248974,46,0.025974025974,0.333144633145,23,23,23,1,0,0.478260869565,0.217391304348,0.304347826087,23,0.156126482213,1.6448171796,6.86956521739,7.18181818182,4.9375,3.42854790129,0.499092416011,0.272977435333,4.85073646664,1.41223973079,0.685745734728,2.95151866852,0.859302903492,0.464501926252,0.761396189594,0.462906272525,2.5,1.6741270514,0.765918146865,2.5,0.250583002856,0.177065767285,35,0.0197628458498,0.308885659795,23,22,22,0.95652173913,0,0.478260869565,0.217391304348,0.260869565217,23,82,0.162055335968,1,7.13043478261,6.30769230769,5.125,3.38854149137,0.475222282326,0.259278897137,4.88807535053,1.37104552515,0.671261930011,3.05742147683,0.857569438622,0.459172852598,0,0,0,NaN,NaN,NaN,0.255785628513,0.185064935065,38,0.0214568040655,0.273315004084,23,23,0,1,2,0.434782608696,0.260869565217,0.304347826087,-6,-0.0118577075099,-0.685075793771,-0.521739130435,-1.02564102564,-0.375,-0.249748512217,-0.000236070415158,0.00977296828304,-0.434707362519,-0.0201363203073,-0.00166297117517,-0.212999317799,0.00280036729957,0.0164851055625,-0.749191304359,-0.444603920564,-2.5,NaN,NaN,NaN,-0.00366098547917,-0.00371755467515,-8,-0.00451722190853,-0.0598296290604,-0.0434782608696,0.0434782608696,0,81,1,7,417,0.920454545455,0.997607655502,0.00239234449761,0.0795454545455,0.987804878049,0.920454545455,0.952941176471,0.944303782253,0.918062200957,0.910112359551,3,9,0,10,2,10
186,WLNM_dir_neg_kfold,0.740740740741,0.441666666667,00:00:01,10,90,1,14346,threshold_sweep,0.6,0.666666666667,0.222222222222,0.333333333333,2,1,7,17,0.222222222222,0.944444444444,0.0555555555556,0.777777777778,0.666666666667,0.222222222222,0.333333333333,0.703703703704,0.62962962963,0.2,0.25,0.166666666667,94,85,9,0,94,0,85,0,9,23,88,0.173913043478,1.68507579377,7.65217391304,7.33333333333,5.5,3.63829000359,0.475458352741,0.249505928854,5.32278271304,1.39118184545,0.672924901186,3.27042079462,0.854769071322,0.442687747036,0.749191304359,0.444603920564,2.5,1.68507579377,0.749191304359,2.5,0.259446613992,0.18878248974,46,0.025974025974,0.333144633145,23,23,23,1,0,0.478260869565,0.217391304348,0.304347826087,23,0.156126482213,1.6448171796,6.86956521739,7.18181818182,4.9375,3.42854790129,0.499092416011,0.272977435333,4.85073646664,1.41223973079,0.685745734728,2.95151866852,0.859302903492,0.464501926252,0.761396189594,0.462906272525,2.5,1.6741270514,0.765918146865,2.5,0.250583002856,0.177065767285,35,0.0197628458498,0.308885659795,23,22,22,0.95652173913,0,0.478260869565,0.217391304348,0.260869565217,23,82,0.162055335968,1,7.13043478261,6.30769230769,5.125,3.38854149137,0.475222282326,0.259278897137,4.88807535053,1.37104552515,0.671261930011,3.05742147683,0.857569438622,0.459172852598,0,0,0,NaN,NaN,NaN,0.255785628513,0.185064935065,38,0.0214568040655,0.273315004084,23,23,0,1,2,0.434782608696,0.260869565217,0.304347826087,-6,-0.0118577075099,-0.685075793771,-0.521739130435,-1.02564102564,-0.375,-0.249748512217,-0.000236070415158,0.00977296828304,-0.434707362519,-0.0201363203073,-0.00166297117517,-0.212999317799,0.00280036729957,0.0164851055625,-0.749191304359,-0.444603920564,-2.5,NaN,NaN,NaN,-0.00366098547917,-0.00371755467515,-8,-0.00451722190853,-0.0598296290604,-0.0434782608696,0.0434782608696,0,81,1,7,417,0.920454545455,0.997607655502,0.00239234449761,0.0795454545455,0.987804878049,0.920454545455,0.952941176471,0.944303782253,0.918062200957,0.910112359551,3,9,0,10,2,10
187,WLNM_dir_neg_kfold,0.740740740741,0.441666666667,00:00:01,10,90,1,14346,threshold_sweep,0.7,0.666666666667,0.222222222222,0.333333333333,2,1,7,17,0.222222222222,0.944444444444,0.0555555555556,0.777777777778,0.666666666667,0.222222222222,0.333333333333,0.703703703704,0.62962962963,0.2,0.25,0.166666666667,94,85,9,0,94,0,85,0,9,23,88,0.173913043478,1.68507579377,7.65217391304,7.33333333333,5.5,3.63829000359,0.475458352741,0.249505928854,5.32278271304,1.39118184545,0.672924901186,3.27042079462,0.854769071322,0.442687747036,0.749191304359,0.444603920564,2.5,1.68507579377,0.749191304359,2.5,0.259446613992,0.18878248974,46,0.025974025974,0.333144633145,23,23,23,1,0,0.478260869565,0.217391304348,0.304347826087,23,0.156126482213,1.6448171796,6.86956521739,7.18181818182,4.9375,3.42854790129,0.499092416011,0.272977435333,4.85073646664,1.41223973079,0.685745734728,2.95151866852,0.859302903492,0.464501926252,0.761396189594,0.462906272525,2.5,1.6741270514,0.765918146865,2.5,0.250583002856,0.177065767285,35,0.0197628458498,0.308885659795,23,22,22,0.95652173913,0,0.478260869565,0.217391304348,0.260869565217,23,82,0.162055335968,1,7.13043478261,6.30769230769,5.125,3.38854149137,0.475222282326,0.259278897137,4.88807535053,1.37104552515,0.671261930011,3.05742147683,0.857569438622,0.459172852598,0,0,0,NaN,NaN,NaN,0.255785628513,0.185064935065,38,0.0214568040655,0.273315004084,23,23,0,1,2,0.434782608696,0.260869565217,0.304347826087,-6,-0.0118577075099,-0.685075793771,-0.521739130435,-1.02564102564,-0.375,-0.249748512217,-0.000236070415158,0.00977296828304,-0.434707362519,-0.0201363203073,-0.00166297117517,-0.212999317799,0.00280036729957,0.0164851055625,-0.749191304359,-0.444603920564,-2.5,NaN,NaN,NaN,-0.00366098547917,-0.00371755467515,-8,-0.00451722190853,-0.0598296290604,-0.0434782608696,0.0434782608696,0,81,1,7,417,0.920454545455,0.997607655502,0.00239234449761,0.0795454545455,0.987804878049,0.920454545455,0.952941176471,0.944303782253,0.918062200957,0.910112359551,3,9,0,10,2,10
188,WLNM_dir_neg_kfold,0.740740740741,0.441666666667,00:00:01,10,90,1,14346,threshold_sweep,0.8,0.666666666667,0.222222222222,0.333333333333,2,1,7,17,0.222222222222,0.944444444444,0.0555555555556,0.777777777778,0.666666666667,0.222222222222,0.333333333333,0.703703703704,0.62962962963,0.2,0.25,0.166666666667,94,85,9,0,94,0,85,0,9,23,88,0.173913043478,1.68507579377,7.65217391304,7.33333333333,5.5,3.63829000359,0.475458352741,0.249505928854,5.32278271304,1.39118184545,0.672924901186,3.27042079462,0.854769071322,0.442687747036,0.749191304359,0.444603920564,2.5,1.68507579377,0.749191304359,2.5,0.259446613992,0.18878248974,46,0.025974025974,0.333144633145,23,23,23,1,0,0.478260869565,0.217391304348,0.304347826087,23,0.156126482213,1.6448171796,6.86956521739,7.18181818182,4.9375,3.42854790129,0.499092416011,0.272977435333,4.85073646664,1.41223973079,0.685745734728,2.95151866852,0.859302903492,0.464501926252,0.761396189594,0.462906272525,2.5,1.6741270514,0.765918146865,2.5,0.250583002856,0.177065767285,35,0.0197628458498,0.308885659795,23,22,22,0.95652173913,0,0.478260869565,0.217391304348,0.260869565217,23,82,0.162055335968,1,7.13043478261,6.30769230769,5.125,3.38854149137,0.475222282326,0.259278897137,4.88807535053,1.37104552515,0.671261930011,3.05742147683,0.857569438622,0.459172852598,0,0,0,NaN,NaN,NaN,0.255785628513,0.185064935065,38,0.0214568040655,0.273315004084,23,23,0,1,2,0.434782608696,0.260869565217,0.304347826087,-6,-0.0118577075099,-0.685075793771,-0.521739130435,-1.02564102564,-0.375,-0.249748512217,-0.000236070415158,0.00977296828304,-0.434707362519,-0.0201363203073,-0.00166297117517,-0.212999317799,0.00280036729957,0.0164851055625,-0.749191304359,-0.444603920564,-2.5,NaN,NaN,NaN,-0.00366098547917,-0.00371755467515,-8,-0.00451722190853,-0.0598296290604,-0.0434782608696,0.0434782608696,0,81,1,7,417,0.920454545455,0.997607655502,0.00239234449761,0.0795454545455,0.987804878049,0.920454545455,0.952941176471,0.944303782253,0.918062200957,0.910112359551,3,9,0,10,2,10
189,WLNM_dir_neg_kfold,0.740740740741,0.441666666667,00:00:01,10,90,1,14346,threshold_sweep,0.9,1,0.222222222222,0.363636363636,2,0,7,18,0.222222222222,1,0,0.777777777778,1,0.222222222222,0.363636363636,0.740740740741,0.641975308642,0.275862068966,0.4,0.222222222222,94,85,9,0,94,0,85,0,9,23,88,0.173913043478,1.68507579377,7.65217391304,7.33333333333,5.5,3.63829000359,0.475458352741,0.249505928854,5.32278271304,1.39118184545,0.672924901186,3.27042079462,0.854769071322,0.442687747036,0.749191304359,0.444603920564,2.5,1.68507579377,0.749191304359,2.5,0.259446613992,0.18878248974,46,0.025974025974,0.333144633145,23,23,23,1,0,0.478260869565,0.217391304348,0.304347826087,23,0.156126482213,1.6448171796,6.86956521739,7.18181818182,4.9375,3.42854790129,0.499092416011,0.272977435333,4.85073646664,1.41223973079,0.685745734728,2.95151866852,0.859302903492,0.464501926252,0.761396189594,0.462906272525,2.5,1.6741270514,0.765918146865,2.5,0.250583002856,0.177065767285,35,0.0197628458498,0.308885659795,23,22,22,0.95652173913,0,0.478260869565,0.217391304348,0.260869565217,23,81,0.160079051383,1.68751019512,7.04347826087,6.75,5.0625,3.39087359178,0.481420324759,0.26140633387,4.91629540145,1.39598511399,0.680622651637,3.01314642581,0.855584787577,0.458400429415,0.750779547887,0.444903710839,2.5,1.68751019512,0.750779547887,2.5,0.255785628513,0.185064935065,38,0.0214568040655,0.288382072473,23,23,23,1,0,0.478260869565,0.217391304348,0.304347826087,-7,-0.0138339920949,0.00243440134744,-0.608695652174,-0.583333333333,-0.4375,-0.247416411809,0.00596197201713,0.0119004050163,-0.406487311595,0.00480326853708,0.00769775045137,-0.25727436881,0.000815716254641,0.0157126823793,0.00158824352851,0.000299790274851,0,0.00243440134744,0.00158824352851,0,-0.00366098547917,-0.00371755467515,-8,-0.00451722190853,-0.0447625606717,0,0,0,81,0,7,418,0.920454545455,1,0,0.0795454545455,1,0.920454545455,0.958579881657,0.951469451768,0.920454545455,0.920454545455,2,9,0,10,2,10
190,WLNM_dir_neg_kfold,0.805555555556,0.490740740741,00:00:01,10,90,2,14347,threshold_sweep,0.1,1,0.222222222222,0.363636363636,2,0,7,18,0.222222222222,1,0,0.777777777778,1,0.222222222222,0.363636363636,0.740740740741,0.641975308642,0.275862068966,0.4,0.222222222222,94,85,9,0,94,0,85,0,9,23,88,0.173913043478,1.68507579377,7.65217391304,7.33333333333,5.5,3.63829000359,0.475458352741,0.249505928854,5.32278271304,1.39118184545,0.672924901186,3.27042079462,0.854769071322,0.442687747036,0.749191304359,0.444603920564,2.5,1.68507579377,0.749191304359,2.5,0.259446613992,0.18878248974,46,0.025974025974,0.333144633145,23,23,23,1,0,0.478260869565,0.217391304348,0.304347826087,23,0.156126482213,1.6448171796,6.86956521739,7.18181818182,4.9375,3.42854790129,0.499092416011,0.272977435333,4.85073646664,1.41223973079,0.685745734728,2.95151866852,0.859302903492,0.464501926252,0.761396189594,0.462906272525,2.5,1.6741270514,0.765918146865,2.5,0.250583002856,0.177065767285,35,0.0197628458498,0.308885659795,23,22,22,0.95652173913,0,0.478260869565,0.217391304348,0.260869565217,23,81,0.160079051383,1.68751019512,7.04347826087,6.75,5.0625,3.39087359178,0.481420324759,0.26140633387,4.91629540145,1.39598511399,0.680622651637,3.01314642581,0.855584787577,0.458400429415,0.750779547887,0.444903710839,2.5,1.68751019512,0.750779547887,2.5,0.255785628513,0.185064935065,38,0.0214568040655,0.288382072473,23,23,23,1,0,0.478260869565,0.217391304348,0.304347826087,-7,-0.0138339920949,0.00243440134744,-0.608695652174,-0.583333333333,-0.4375,-0.247416411809,0.00596197201713,0.0119004050163,-0.406487311595,0.00480326853708,0.00769775045137,-0.25727436881,0.000815716254641,0.0157126823793,0.00158824352851,0.000299790274851,0,0.00243440134744,0.00158824352851,0,-0.00366098547917,-0.00371755467515,-8,-0.00451722190853,-0.0447625606717,0,0,0,81,0,7,418,0.920454545455,1,0,0.0795454545455,1,0.920454545455,0.958579881657,0.951469451768,0.920454545455,0.920454545455,2,9,0,10,2,10
191,WLNM_dir_neg_kfold,0.805555555556,0.490740740741,00:00:01,10,90,2,14347,threshold_sweep,0.2,1,0.222222222222,0.363636363636,2,0,7,18,0.222222222222,1,0,0.777777777778,1,0.222222222222,0.363636363636,0.740740740741,0.641975308642,0.275862068966,0.4,0.222222222222,94,85,9,0,94,0,85,0,9,23,88,0.173913043478,1.68507579377,7.65217391304,7.33333333333,5.5,3.63829000359,0.475458352741,0.249505928854,5.32278271304,1.39118184545,0.672924901186,3.27042079462,0.854769071322,0.442687747036,0.749191304359,0.444603920564,2.5,1.68507579377,0.749191304359,2.5,0.259446613992,0.18878248974,46,0.025974025974,0.333144633145,23,23,23,1,0,0.478260869565,0.217391304348,0.304347826087,23,0.156126482213,1.6448171796,6.86956521739,7.18181818182,4.9375,3.42854790129,0.499092416011,0.272977435333,4.85073646664,1.41223973079,0.685745734728,2.95151866852,0.859302903492,0.464501926252,0.761396189594,0.462906272525,2.5,1.6741270514,0.765918146865,2.5,0.250583002856,0.177065767285,35,0.0197628458498,0.308885659795,23,22,22,0.95652173913,0,0.478260869565,0.217391304348,0.260869565217,23,81,0.160079051383,1.68751019512,7.04347826087,6.75,5.0625,3.39087359178,0.481420324759,0.26140633387,4.91629540145,1.39598511399,0.680622651637,3.01314642581,0.855584787577,0.458400429415,0.750779547887,0.444903710839,2.5,1.68751019512,0.750779547887,2.5,0.255785628513,0.185064935065,38,0.0214568040655,0.288382072473,23,23,23,1,0,0.478260869565,0.217391304348,0.304347826087,-7,-0.0138339920949,0.00243440134744,-0.608695652174,-0.583333333333,-0.4375,-0.247416411809,0.00596197201713,0.0119004050163,-0.406487311595,0.00480326853708,0.00769775045137,-0.25727436881,0.000815716254641,0.0157126823793,0.00158824352851,0.000299790274851,0,0.00243440134744,0.00158824352851,0,-0.00366098547917,-0.00371755467515,-8,-0.00451722190853,-0.0447625606717,0,0,0,81,0,7,418,0.920454545455,1,0,0.0795454545455,1,0.920454545455,0.958579881657,0.951469451768,0.920454545455,0.920454545455,2,9,0,10,2,10
192,WLNM_dir_neg_kfold,0.805555555556,0.490740740741,00:00:01,10,90,2,14347,threshold_sweep,0.3,1,0.222222222222,0.363636363636,2,0,7,18,0.222222222222,1,0,0.777777777778,1,0.222222222222,0.363636363636,0.740740740741,0.641975308642,0.275862068966,0.4,0.222222222222,94,85,9,0,94,0,85,0,9,23,88,0.173913043478,1.68507579377,7.65217391304,7.33333333333,5.5,3.63829000359,0.475458352741,0.249505928854,5.32278271304,1.39118184545,0.672924901186,3.27042079462,0.854769071322,0.442687747036,0.749191304359,0.444603920564,2.5,1.68507579377,0.749191304359,2.5,0.259446613992,0.18878248974,46,0.025974025974,0.333144633145,23,23,23,1,0,0.478260869565,0.217391304348,0.304347826087,23,0.156126482213,1.6448171796,6.86956521739,7.18181818182,4.9375,3.42854790129,0.499092416011,0.272977435333,4.85073646664,1.41223973079,0.685745734728,2.95151866852,0.859302903492,0.464501926252,0.761396189594,0.462906272525,2.5,1.6741270514,0.765918146865,2.5,0.250583002856,0.177065767285,35,0.0197628458498,0.308885659795,23,22,22,0.95652173913,0,0.478260869565,0.217391304348,0.260869565217,23,81,0.160079051383,1.68751019512,7.04347826087,6.75,5.0625,3.39087359178,0.481420324759,0.26140633387,4.91629540145,1.39598511399,0.680622651637,3.01314642581,0.855584787577,0.458400429415,0.750779547887,0.444903710839,2.5,1.68751019512,0.750779547887,2.5,0.255785628513,0.185064935065,38,0.0214568040655,0.288382072473,23,23,23,1,0,0.478260869565,0.217391304348,0.304347826087,-7,-0.0138339920949,0.00243440134744,-0.608695652174,-0.583333333333,-0.4375,-0.247416411809,0.00596197201713,0.0119004050163,-0.406487311595,0.00480326853708,0.00769775045137,-0.25727436881,0.000815716254641,0.0157126823793,0.00158824352851,0.000299790274851,0,0.00243440134744,0.00158824352851,0,-0.00366098547917,-0.00371755467515,-8,-0.00451722190853,-0.0447625606717,0,0,0,81,0,7,418,0.920454545455,1,0,0.0795454545455,1,0.920454545455,0.958579881657,0.951469451768,0.920454545455,0.920454545455,2,9,0,10,2,10
193,WLNM_dir_neg_kfold,0.805555555556,0.490740740741,00:00:01,10,90,2,14347,threshold_sweep,0.4,1,0.222222222222,0.363636363636,2,0,7,18,0.222222222222,1,0,0.777777777778,1,0.222222222222,0.363636363636,0.740740740741,0.641975308642,0.275862068966,0.4,0.222222222222,94,85,9,0,94,0,85,0,9,23,88,0.173913043478,1.68507579377,7.65217391304,7.33333333333,5.5,3.63829000359,0.475458352741,0.249505928854,5.32278271304,1.39118184545,0.672924901186,3.27042079462,0.854769071322,0.442687747036,0.749191304359,0.444603920564,2.5,1.68507579377,0.749191304359,2.5,0.259446613992,0.18878248974,46,0.025974025974,0.333144633145,23,23,23,1,0,0.478260869565,0.217391304348,0.304347826087,23,0.156126482213,1.6448171796,6.86956521739,7.18181818182,4.9375,3.42854790129,0.499092416011,0.272977435333,4.85073646664,1.41223973079,0.685745734728,2.95151866852,0.859302903492,0.464501926252,0.761396189594,0.462906272525,2.5,1.6741270514,0.765918146865,2.5,0.250583002856,0.177065767285,35,0.0197628458498,0.308885659795,23,22,22,0.95652173913,0,0.478260869565,0.217391304348,0.260869565217,23,81,0.160079051383,1.68751019512,7.04347826087,6.75,5.0625,3.39087359178,0.481420324759,0.26140633387,4.91629540145,1.39598511399,0.680622651637,3.01314642581,0.855584787577,0.458400429415,0.750779547887,0.444903710839,2.5,1.68751019512,0.750779547887,2.5,0.255785628513,0.185064935065,38,0.0214568040655,0.288382072473,23,23,23,1,0,0.478260869565,0.217391304348,0.304347826087,-7,-0.0138339920949,0.00243440134744,-0.608695652174,-0.583333333333,-0.4375,-0.247416411809,0.00596197201713,0.0119004050163,-0.406487311595,0.00480326853708,0.00769775045137,-0.25727436881,0.000815716254641,0.0157126823793,0.00158824352851,0.000299790274851,0,0.00243440134744,0.00158824352851,0,-0.00366098547917,-0.00371755467515,-8,-0.00451722190853,-0.0447625606717,0,0,0,81,0,7,418,0.920454545455,1,0,0.0795454545455,1,0.920454545455,0.958579881657,0.951469451768,0.920454545455,0.920454545455,2,9,0,10,2,10
194,WLNM_dir_neg_kfold,0.805555555556,0.490740740741,00:00:01,10,90,2,14347,threshold_sweep,0.5,1,0.222222222222,0.363636363636,2,0,7,18,0.222222222222,1,0,0.777777777778,1,0.222222222222,0.363636363636,0.740740740741,0.641975308642,0.275862068966,0.4,0.222222222222,94,85,9,0,94,0,85,0,9,23,88,0.173913043478,1.68507579377,7.65217391304,7.33333333333,5.5,3.63829000359,0.475458352741,0.249505928854,5.32278271304,1.39118184545,0.672924901186,3.27042079462,0.854769071322,0.442687747036,0.749191304359,0.444603920564,2.5,1.68507579377,0.749191304359,2.5,0.259446613992,0.18878248974,46,0.025974025974,0.333144633145,23,23,23,1,0,0.478260869565,0.217391304348,0.304347826087,23,0.156126482213,1.6448171796,6.86956521739,7.18181818182,4.9375,3.42854790129,0.499092416011,0.272977435333,4.85073646664,1.41223973079,0.685745734728,2.95151866852,0.859302903492,0.464501926252,0.761396189594,0.462906272525,2.5,1.6741270514,0.765918146865,2.5,0.250583002856,0.177065767285,35,0.0197628458498,0.308885659795,23,22,22,0.95652173913,0,0.478260869565,0.217391304348,0.260869565217,23,81,0.160079051383,1.68751019512,7.04347826087,6.75,5.0625,3.39087359178,0.481420324759,0.26140633387,4.91629540145,1.39598511399,0.680622651637,3.01314642581,0.855584787577,0.458400429415,0.750779547887,0.444903710839,2.5,1.68751019512,0.750779547887,2.5,0.255785628513,0.185064935065,38,0.0214568040655,0.288382072473,23,23,23,1,0,0.478260869565,0.217391304348,0.304347826087,-7,-0.0138339920949,0.00243440134744,-0.608695652174,-0.583333333333,-0.4375,-0.247416411809,0.00596197201713,0.0119004050163,-0.406487311595,0.00480326853708,0.00769775045137,-0.25727436881,0.000815716254641,0.0157126823793,0.00158824352851,0.000299790274851,0,0.00243440134744,0.00158824352851,0,-0.00366098547917,-0.00371755467515,-8,-0.00451722190853,-0.0447625606717,0,0,0,81,0,7,418,0.920454545455,1,0,0.0795454545455,1,0.920454545455,0.958579881657,0.951469451768,0.920454545455,0.920454545455,2,9,0,10,2,10
195,WLNM_dir_neg_kfold,0.805555555556,0.490740740741,00:00:01,10,90,2,14347,threshold_sweep,0.6,1,0.222222222222,0.363636363636,2,0,7,18,0.222222222222,1,0,0.777777777778,1,0.222222222222,0.363636363636,0.740740740741,0.641975308642,0.275862068966,0.4,0.222222222222,94,85,9,0,94,0,85,0,9,23,88,0.173913043478,1.68507579377,7.65217391304,7.33333333333,5.5,3.63829000359,0.475458352741,0.249505928854,5.32278271304,1.39118184545,0.672924901186,3.27042079462,0.854769071322,0.442687747036,0.749191304359,0.444603920564,2.5,1.68507579377,0.749191304359,2.5,0.259446613992,0.18878248974,46,0.025974025974,0.333144633145,23,23,23,1,0,0.478260869565,0.217391304348,0.304347826087,23,0.156126482213,1.6448171796,6.86956521739,7.18181818182,4.9375,3.42854790129,0.499092416011,0.272977435333,4.85073646664,1.41223973079,0.685745734728,2.95151866852,0.859302903492,0.464501926252,0.761396189594,0.462906272525,2.5,1.6741270514,0.765918146865,2.5,0.250583002856,0.177065767285,35,0.0197628458498,0.308885659795,23,22,22,0.95652173913,0,0.478260869565,0.217391304348,0.260869565217,23,81,0.160079051383,1.68751019512,7.04347826087,6.75,5.0625,3.39087359178,0.481420324759,0.26140633387,4.91629540145,1.39598511399,0.680622651637,3.01314642581,0.855584787577,0.458400429415,0.750779547887,0.444903710839,2.5,1.68751019512,0.750779547887,2.5,0.255785628513,0.185064935065,38,0.0214568040655,0.288382072473,23,23,23,1,0,0.478260869565,0.217391304348,0.304347826087,-7,-0.0138339920949,0.00243440134744,-0.608695652174,-0.583333333333,-0.4375,-0.247416411809,0.00596197201713,0.0119004050163,-0.406487311595,0.00480326853708,0.00769775045137,-0.25727436881,0.000815716254641,0.0157126823793,0.00158824352851,0.000299790274851,0,0.00243440134744,0.00158824352851,0,-0.00366098547917,-0.00371755467515,-8,-0.00451722190853,-0.0447625606717,0,0,0,81,0,7,418,0.920454545455,1,0,0.0795454545455,1,0.920454545455,0.958579881657,0.951469451768,0.920454545455,0.920454545455,2,9,0,10,2,10
196,WLNM_dir_neg_kfold,0.805555555556,0.490740740741,00:00:01,10,90,2,14347,threshold_sweep,0.7,1,0.222222222222,0.363636363636,2,0,7,18,0.222222222222,1,0,0.777777777778,1,0.222222222222,0.363636363636,0.740740740741,0.641975308642,0.275862068966,0.4,0.222222222222,94,85,9,0,94,0,85,0,9,23,88,0.173913043478,1.68507579377,7.65217391304,7.33333333333,5.5,3.63829000359,0.475458352741,0.249505928854,5.32278271304,1.39118184545,0.672924901186,3.27042079462,0.854769071322,0.442687747036,0.749191304359,0.444603920564,2.5,1.68507579377,0.749191304359,2.5,0.259446613992,0.18878248974,46,0.025974025974,0.333144633145,23,23,23,1,0,0.478260869565,0.217391304348,0.304347826087,23,0.156126482213,1.6448171796,6.86956521739,7.18181818182,4.9375,3.42854790129,0.499092416011,0.272977435333,4.85073646664,1.41223973079,0.685745734728,2.95151866852,0.859302903492,0.464501926252,0.761396189594,0.462906272525,2.5,1.6741270514,0.765918146865,2.5,0.250583002856,0.177065767285,35,0.0197628458498,0.308885659795,23,22,22,0.95652173913,0,0.478260869565,0.217391304348,0.260869565217,23,81,0.160079051383,1.68751019512,7.04347826087,6.75,5.0625,3.39087359178,0.481420324759,0.26140633387,4.91629540145,1.39598511399,0.680622651637,3.01314642581,0.855584787577,0.458400429415,0.750779547887,0.444903710839,2.5,1.68751019512,0.750779547887,2.5,0.255785628513,0.185064935065,38,0.0214568040655,0.288382072473,23,23,23,1,0,0.478260869565,0.217391304348,0.304347826087,-7,-0.0138339920949,0.00243440134744,-0.608695652174,-0.583333333333,-0.4375,-0.247416411809,0.00596197201713,0.0119004050163,-0.406487311595,0.00480326853708,0.00769775045137,-0.25727436881,0.000815716254641,0.0157126823793,0.00158824352851,0.000299790274851,0,0.00243440134744,0.00158824352851,0,-0.00366098547917,-0.00371755467515,-8,-0.00451722190853,-0.0447625606717,0,0,0,81,0,7,418,0.920454545455,1,0,0.0795454545455,1,0.920454545455,0.958579881657,0.951469451768,0.920454545455,0.920454545455,2,9,0,10,2,10
197,WLNM_dir_neg_kfold,0.805555555556,0.490740740741,00:00:01,10,90,2,14347,threshold_sweep,0.8,1,0.222222222222,0.363636363636,2,0,7,18,0.222222222222,1,0,0.777777777778,1,0.222222222222,0.363636363636,0.740740740741,0.641975308642,0.275862068966,0.4,0.222222222222,94,85,9,0,94,0,85,0,9,23,88,0.173913043478,1.68507579377,7.65217391304,7.33333333333,5.5,3.63829000359,0.475458352741,0.249505928854,5.32278271304,1.39118184545,0.672924901186,3.27042079462,0.854769071322,0.442687747036,0.749191304359,0.444603920564,2.5,1.68507579377,0.749191304359,2.5,0.259446613992,0.18878248974,46,0.025974025974,0.333144633145,23,23,23,1,0,0.478260869565,0.217391304348,0.304347826087,23,0.156126482213,1.6448171796,6.86956521739,7.18181818182,4.9375,3.42854790129,0.499092416011,0.272977435333,4.85073646664,1.41223973079,0.685745734728,2.95151866852,0.859302903492,0.464501926252,0.761396189594,0.462906272525,2.5,1.6741270514,0.765918146865,2.5,0.250583002856,0.177065767285,35,0.0197628458498,0.308885659795,23,22,22,0.95652173913,0,0.478260869565,0.217391304348,0.260869565217,23,81,0.160079051383,1.68751019512,7.04347826087,6.75,5.0625,3.39087359178,0.481420324759,0.26140633387,4.91629540145,1.39598511399,0.680622651637,3.01314642581,0.855584787577,0.458400429415,0.750779547887,0.444903710839,2.5,1.68751019512,0.750779547887,2.5,0.255785628513,0.185064935065,38,0.0214568040655,0.288382072473,23,23,23,1,0,0.478260869565,0.217391304348,0.304347826087,-7,-0.0138339920949,0.00243440134744,-0.608695652174,-0.583333333333,-0.4375,-0.247416411809,0.00596197201713,0.0119004050163,-0.406487311595,0.00480326853708,0.00769775045137,-0.25727436881,0.000815716254641,0.0157126823793,0.00158824352851,0.000299790274851,0,0.00243440134744,0.00158824352851,0,-0.00366098547917,-0.00371755467515,-8,-0.00451722190853,-0.0447625606717,0,0,0,81,0,7,418,0.920454545455,1,0,0.0795454545455,1,0.920454545455,0.958579881657,0.951469451768,0.920454545455,0.920454545455,2,9,0,10,2,10
198,WLNM_dir_neg_kfold,0.805555555556,0.490740740741,00:00:01,10,90,2,14347,threshold_sweep,0.9,1,0.222222222222,0.363636363636,2,0,7,18,0.222222222222,1,0,0.777777777778,1,0.222222222222,0.363636363636,0.740740740741,0.641975308642,0.275862068966,0.4,0.222222222222,94,85,9,0,94,0,85,0,9,23,88,0.173913043478,1.68507579377,7.65217391304,7.33333333333,5.5,3.63829000359,0.475458352741,0.249505928854,5.32278271304,1.39118184545,0.672924901186,3.27042079462,0.854769071322,0.442687747036,0.749191304359,0.444603920564,2.5,1.68507579377,0.749191304359,2.5,0.259446613992,0.18878248974,46,0.025974025974,0.333144633145,23,23,23,1,0,0.478260869565,0.217391304348,0.304347826087,23,0.156126482213,1.6448171796,6.86956521739,7.18181818182,4.9375,3.42854790129,0.499092416011,0.272977435333,4.85073646664,1.41223973079,0.685745734728,2.95151866852,0.859302903492,0.464501926252,0.761396189594,0.462906272525,2.5,1.6741270514,0.765918146865,2.5,0.250583002856,0.177065767285,35,0.0197628458498,0.308885659795,23,22,22,0.95652173913,0,0.478260869565,0.217391304348,0.260869565217,23,81,0.160079051383,1.68751019512,7.04347826087,6.75,5.0625,3.39087359178,0.481420324759,0.26140633387,4.91629540145,1.39598511399,0.680622651637,3.01314642581,0.855584787577,0.458400429415,0.750779547887,0.444903710839,2.5,1.68751019512,0.750779547887,2.5,0.255785628513,0.185064935065,38,0.0214568040655,0.288382072473,23,23,23,1,0,0.478260869565,0.217391304348,0.304347826087,-7,-0.0138339920949,0.00243440134744,-0.608695652174,-0.583333333333,-0.4375,-0.247416411809,0.00596197201713,0.0119004050163,-0.406487311595,0.00480326853708,0.00769775045137,-0.25727436881,0.000815716254641,0.0157126823793,0.00158824352851,0.000299790274851,0,0.00243440134744,0.00158824352851,0,-0.00366098547917,-0.00371755467515,-8,-0.00451722190853,-0.0447625606717,0,0,0,81,0,7,418,0.920454545455,1,0,0.0795454545455,1,0.920454545455,0.958579881657,0.951469451768,0.920454545455,0.920454545455,2,9,0,10,2,10
199,WLNM_dir_neg_kfold,0.851851851852,0.483333333333,00:00:01,10,90,3,14348,threshold_sweep,0.1,1,0.111111111111,0.2,1,0,8,18,0.111111111111,1,0,0.888888888889,1,0.111111111111,0.2,0.703703703704,0.654320987654,0.142857142857,0.277350098113,0.111111111111,94,85,9,0,94,0,85,0,9,23,88,0.173913043478,1.68507579377,7.65217391304,7.33333333333,5.5,3.63829000359,0.475458352741,0.249505928854,5.32278271304,1.39118184545,0.672924901186,3.27042079462,0.854769071322,0.442687747036,0.749191304359,0.444603920564,2.5,1.68507579377,0.749191304359,2.5,0.259446613992,0.18878248974,46,0.025974025974,0.333144633145,23,23,23,1,0,0.478260869565,0.217391304348,0.304347826087,23,0.156126482213,1.6448171796,6.86956521739,7.18181818182,4.9375,3.42854790129,0.499092416011,0.272977435333,4.85073646664,1.41223973079,0.685745734728,2.95151866852,0.859302903492,0.464501926252,0.761396189594,0.462906272525,2.5,1.6741270514,0.765918146865,2.5,0.250583002856,0.177065767285,35,0.0197628458498,0.308885659795,23,22,22,0.95652173913,0,0.478260869565,0.217391304348,0.260869565217,23,80,0.158102766798,1.64403193425,6.95652173913,7.27272727273,5,3.49646913939,0.502617438787,0.273369565217,4.94395466677,1.4213869667,0.689130434783,2.98282302552,0.857561619837,0.461956521739,0.760749647595,0.462734106161,2.5,1.67330611308,0.765277725516,2.5,0.260331083058,0.186579378069,38,0.0214568040655,0.314153725063,23,22,22,0.95652173913,0,0.478260869565,0.217391304348,0.260869565217,-8,-0.0158102766798,-0.0410438595221,-0.695652173913,-0.0606060606061,-0.5,-0.141820864199,0.0271590860455,0.0238636363636,-0.378828046278,0.0302051212406,0.0162055335968,-0.287597769103,0.00279254851508,0.0192687747036,0.0115583432358,0.0181301855965,0,-0.0117696806926,0.0160864211572,0,0.000884469066287,-0.00220311167134,-8,-0.00451722190853,-0.0189909080818,0,0,-0.0434782608696,80,0,8,418,0.909090909091,1,0,0.0909090909091,1,0.909090909091,0.952380952381,0.944467458064,0.909090909091,0.909090909091,1,9,0,10,2,10
200,WLNM_dir_neg_kfold,0.851851851852,0.483333333333,00:00:01,10,90,3,14348,threshold_sweep,0.2,1,0.111111111111,0.2,1,0,8,18,0.111111111111,1,0,0.888888888889,1,0.111111111111,0.2,0.703703703704,0.654320987654,0.142857142857,0.277350098113,0.111111111111,94,85,9,0,94,0,85,0,9,23,88,0.173913043478,1.68507579377,7.65217391304,7.33333333333,5.5,3.63829000359,0.475458352741,0.249505928854,5.32278271304,1.39118184545,0.672924901186,3.27042079462,0.854769071322,0.442687747036,0.749191304359,0.444603920564,2.5,1.68507579377,0.749191304359,2.5,0.259446613992,0.18878248974,46,0.025974025974,0.333144633145,23,23,23,1,0,0.478260869565,0.217391304348,0.304347826087,23,0.156126482213,1.6448171796,6.86956521739,7.18181818182,4.9375,3.42854790129,0.499092416011,0.272977435333,4.85073646664,1.41223973079,0.685745734728,2.95151866852,0.859302903492,0.464501926252,0.761396189594,0.462906272525,2.5,1.6741270514,0.765918146865,2.5,0.250583002856,0.177065767285,35,0.0197628458498,0.308885659795,23,22,22,0.95652173913,0,0.478260869565,0.217391304348,0.260869565217,23,80,0.158102766798,1.64403193425,6.95652173913,7.27272727273,5,3.49646913939,0.502617438787,0.273369565217,4.94395466677,1.4213869667,0.689130434783,2.98282302552,0.857561619837,0.461956521739,0.760749647595,0.462734106161,2.5,1.67330611308,0.765277725516,2.5,0.260331083058,0.186579378069,38,0.0214568040655,0.314153725063,23,22,22,0.95652173913,0,0.478260869565,0.217391304348,0.260869565217,-8,-0.0158102766798,-0.0410438595221,-0.695652173913,-0.0606060606061,-0.5,-0.141820864199,0.0271590860455,0.0238636363636,-0.378828046278,0.0302051212406,0.0162055335968,-0.287597769103,0.00279254851508,0.0192687747036,0.0115583432358,0.0181301855965,0,-0.0117696806926,0.0160864211572,0,0.000884469066287,-0.00220311167134,-8,-0.00451722190853,-0.0189909080818,0,0,-0.0434782608696,80,0,8,418,0.909090909091,1,0,0.0909090909091,1,0.909090909091,0.952380952381,0.944467458064,0.909090909091,0.909090909091,1,9,0,10,2,10
201,WLNM_dir_neg_kfold,0.851851851852,0.483333333333,00:00:01,10,90,3,14348,threshold_sweep,0.3,1,0.111111111111,0.2,1,0,8,18,0.111111111111,1,0,0.888888888889,1,0.111111111111,0.2,0.703703703704,0.654320987654,0.142857142857,0.277350098113,0.111111111111,94,85,9,0,94,0,85,0,9,23,88,0.173913043478,1.68507579377,7.65217391304,7.33333333333,5.5,3.63829000359,0.475458352741,0.249505928854,5.32278271304,1.39118184545,0.672924901186,3.27042079462,0.854769071322,0.442687747036,0.749191304359,0.444603920564,2.5,1.68507579377,0.749191304359,2.5,0.259446613992,0.18878248974,46,0.025974025974,0.333144633145,23,23,23,1,0,0.478260869565,0.217391304348,0.304347826087,23,0.156126482213,1.6448171796,6.86956521739,7.18181818182,4.9375,3.42854790129,0.499092416011,0.272977435333,4.85073646664,1.41223973079,0.685745734728,2.95151866852,0.859302903492,0.464501926252,0.761396189594,0.462906272525,2.5,1.6741270514,0.765918146865,2.5,0.250583002856,0.177065767285,35,0.0197628458498,0.308885659795,23,22,22,0.95652173913,0,0.478260869565,0.217391304348,0.260869565217,23,80,0.158102766798,1.64403193425,6.95652173913,7.27272727273,5,3.49646913939,0.502617438787,0.273369565217,4.94395466677,1.4213869667,0.689130434783,2.98282302552,0.857561619837,0.461956521739,0.760749647595,0.462734106161,2.5,1.67330611308,0.765277725516,2.5,0.260331083058,0.186579378069,38,0.0214568040655,0.314153725063,23,22,22,0.95652173913,0,0.478260869565,0.217391304348,0.260869565217,-8,-0.0158102766798,-0.0410438595221,-0.695652173913,-0.0606060606061,-0.5,-0.141820864199,0.0271590860455,0.0238636363636,-0.378828046278,0.0302051212406,0.0162055335968,-0.287597769103,0.00279254851508,0.0192687747036,0.0115583432358,0.0181301855965,0,-0.0117696806926,0.0160864211572,0,0.000884469066287,-0.00220311167134,-8,-0.00451722190853,-0.0189909080818,0,0,-0.0434782608696,80,0,8,418,0.909090909091,1,0,0.0909090909091,1,0.909090909091,0.952380952381,0.944467458064,0.909090909091,0.909090909091,1,9,0,10,2,10
202,WLNM_dir_neg_kfold,0.851851851852,0.483333333333,00:00:01,10,90,3,14348,threshold_sweep,0.4,1,0.111111111111,0.2,1,0,8,18,0.111111111111,1,0,0.888888888889,1,0.111111111111,0.2,0.703703703704,0.654320987654,0.142857142857,0.277350098113,0.111111111111,94,85,9,0,94,0,85,0,9,23,88,0.173913043478,1.68507579377,7.65217391304,7.33333333333,5.5,3.63829000359,0.475458352741,0.249505928854,5.32278271304,1.39118184545,0.672924901186,3.27042079462,0.854769071322,0.442687747036,0.749191304359,0.444603920564,2.5,1.68507579377,0.749191304359,2.5,0.259446613992,0.18878248974,46,0.025974025974,0.333144633145,23,23,23,1,0,0.478260869565,0.217391304348,0.304347826087,23,0.156126482213,1.6448171796,6.86956521739,7.18181818182,4.9375,3.42854790129,0.499092416011,0.272977435333,4.85073646664,1.41223973079,0.685745734728,2.95151866852,0.859302903492,0.464501926252,0.761396189594,0.462906272525,2.5,1.6741270514,0.765918146865,2.5,0.250583002856,0.177065767285,35,0.0197628458498,0.308885659795,23,22,22,0.95652173913,0,0.478260869565,0.217391304348,0.260869565217,23,80,0.158102766798,1.64403193425,6.95652173913,7.27272727273,5,3.49646913939,0.502617438787,0.273369565217,4.94395466677,1.4213869667,0.689130434783,2.98282302552,0.857561619837,0.461956521739,0.760749647595,0.462734106161,2.5,1.67330611308,0.765277725516,2.5,0.260331083058,0.186579378069,38,0.0214568040655,0.314153725063,23,22,22,0.95652173913,0,0.478260869565,0.217391304348,0.260869565217,-8,-0.0158102766798,-0.0410438595221,-0.695652173913,-0.0606060606061,-0.5,-0.141820864199,0.0271590860455,0.0238636363636,-0.378828046278,0.0302051212406,0.0162055335968,-0.287597769103,0.00279254851508,0.0192687747036,0.0115583432358,0.0181301855965,0,-0.0117696806926,0.0160864211572,0,0.000884469066287,-0.00220311167134,-8,-0.00451722190853,-0.0189909080818,0,0,-0.0434782608696,80,0,8,418,0.909090909091,1,0,0.0909090909091,1,0.909090909091,0.952380952381,0.944467458064,0.909090909091,0.909090909091,1,9,0,10,2,10
203,WLNM_dir_neg_kfold,0.851851851852,0.483333333333,00:00:01,10,90,3,14348,threshold_sweep,0.5,1,0.111111111111,0.2,1,0,8,18,0.111111111111,1,0,0.888888888889,1,0.111111111111,0.2,0.703703703704,0.654320987654,0.142857142857,0.277350098113,0.111111111111,94,85,9,0,94,0,85,0,9,23,88,0.173913043478,1.68507579377,7.65217391304,7.33333333333,5.5,3.63829000359,0.475458352741,0.249505928854,5.32278271304,1.39118184545,0.672924901186,3.27042079462,0.854769071322,0.442687747036,0.749191304359,0.444603920564,2.5,1.68507579377,0.749191304359,2.5,0.259446613992,0.18878248974,46,0.025974025974,0.333144633145,23,23,23,1,0,0.478260869565,0.217391304348,0.304347826087,23,0.156126482213,1.6448171796,6.86956521739,7.18181818182,4.9375,3.42854790129,0.499092416011,0.272977435333,4.85073646664,1.41223973079,0.685745734728,2.95151866852,0.859302903492,0.464501926252,0.761396189594,0.462906272525,2.5,1.6741270514,0.765918146865,2.5,0.250583002856,0.177065767285,35,0.0197628458498,0.308885659795,23,22,22,0.95652173913,0,0.478260869565,0.217391304348,0.260869565217,23,80,0.158102766798,1.64403193425,6.95652173913,7.27272727273,5,3.49646913939,0.502617438787,0.273369565217,4.94395466677,1.4213869667,0.689130434783,2.98282302552,0.857561619837,0.461956521739,0.760749647595,0.462734106161,2.5,1.67330611308,0.765277725516,2.5,0.260331083058,0.186579378069,38,0.0214568040655,0.314153725063,23,22,22,0.95652173913,0,0.478260869565,0.217391304348,0.260869565217,-8,-0.0158102766798,-0.0410438595221,-0.695652173913,-0.0606060606061,-0.5,-0.141820864199,0.0271590860455,0.0238636363636,-0.378828046278,0.0302051212406,0.0162055335968,-0.287597769103,0.00279254851508,0.0192687747036,0.0115583432358,0.0181301855965,0,-0.0117696806926,0.0160864211572,0,0.000884469066287,-0.00220311167134,-8,-0.00451722190853,-0.0189909080818,0,0,-0.0434782608696,80,0,8,418,0.909090909091,1,0,0.0909090909091,1,0.909090909091,0.952380952381,0.944467458064,0.909090909091,0.909090909091,1,9,0,10,2,10
204,WLNM_dir_neg_kfold,0.851851851852,0.483333333333,00:00:01,10,90,3,14348,threshold_sweep,0.6,1,0.111111111111,0.2,1,0,8,18,0.111111111111,1,0,0.888888888889,1,0.111111111111,0.2,0.703703703704,0.654320987654,0.142857142857,0.277350098113,0.111111111111,94,85,9,0,94,0,85,0,9,23,88,0.173913043478,1.68507579377,7.65217391304,7.33333333333,5.5,3.63829000359,0.475458352741,0.249505928854,5.32278271304,1.39118184545,0.672924901186,3.27042079462,0.854769071322,0.442687747036,0.749191304359,0.444603920564,2.5,1.68507579377,0.749191304359,2.5,0.259446613992,0.18878248974,46,0.025974025974,0.333144633145,23,23,23,1,0,0.478260869565,0.217391304348,0.304347826087,23,0.156126482213,1.6448171796,6.86956521739,7.18181818182,4.9375,3.42854790129,0.499092416011,0.272977435333,4.85073646664,1.41223973079,0.685745734728,2.95151866852,0.859302903492,0.464501926252,0.761396189594,0.462906272525,2.5,1.6741270514,0.765918146865,2.5,0.250583002856,0.177065767285,35,0.0197628458498,0.308885659795,23,22,22,0.95652173913,0,0.478260869565,0.217391304348,0.260869565217,23,80,0.158102766798,1.64403193425,6.95652173913,7.27272727273,5,3.49646913939,0.502617438787,0.273369565217,4.94395466677,1.4213869667,0.689130434783,2.98282302552,0.857561619837,0.461956521739,0.760749647595,0.462734106161,2.5,1.67330611308,0.765277725516,2.5,0.260331083058,0.186579378069,38,0.0214568040655,0.314153725063,23,22,22,0.95652173913,0,0.478260869565,0.217391304348,0.260869565217,-8,-0.0158102766798,-0.0410438595221,-0.695652173913,-0.0606060606061,-0.5,-0.141820864199,0.0271590860455,0.0238636363636,-0.378828046278,0.0302051212406,0.0162055335968,-0.287597769103,0.00279254851508,0.0192687747036,0.0115583432358,0.0181301855965,0,-0.0117696806926,0.0160864211572,0,0.000884469066287,-0.00220311167134,-8,-0.00451722190853,-0.0189909080818,0,0,-0.0434782608696,80,0,8,418,0.909090909091,1,0,0.0909090909091,1,0.909090909091,0.952380952381,0.944467458064,0.909090909091,0.909090909091,1,9,0,10,2,10
205,WLNM_dir_neg_kfold,0.851851851852,0.483333333333,00:00:01,10,90,3,14348,threshold_sweep,0.7,1,0.111111111111,0.2,1,0,8,18,0.111111111111,1,0,0.888888888889,1,0.111111111111,0.2,0.703703703704,0.654320987654,0.142857142857,0.277350098113,0.111111111111,94,85,9,0,94,0,85,0,9,23,88,0.173913043478,1.68507579377,7.65217391304,7.33333333333,5.5,3.63829000359,0.475458352741,0.249505928854,5.32278271304,1.39118184545,0.672924901186,3.27042079462,0.854769071322,0.442687747036,0.749191304359,0.444603920564,2.5,1.68507579377,0.749191304359,2.5,0.259446613992,0.18878248974,46,0.025974025974,0.333144633145,23,23,23,1,0,0.478260869565,0.217391304348,0.304347826087,23,0.156126482213,1.6448171796,6.86956521739,7.18181818182,4.9375,3.42854790129,0.499092416011,0.272977435333,4.85073646664,1.41223973079,0.685745734728,2.95151866852,0.859302903492,0.464501926252,0.761396189594,0.462906272525,2.5,1.6741270514,0.765918146865,2.5,0.250583002856,0.177065767285,35,0.0197628458498,0.308885659795,23,22,22,0.95652173913,0,0.478260869565,0.217391304348,0.260869565217,23,80,0.158102766798,1.64403193425,6.95652173913,7.27272727273,5,3.49646913939,0.502617438787,0.273369565217,4.94395466677,1.4213869667,0.689130434783,2.98282302552,0.857561619837,0.461956521739,0.760749647595,0.462734106161,2.5,1.67330611308,0.765277725516,2.5,0.260331083058,0.186579378069,38,0.0214568040655,0.314153725063,23,22,22,0.95652173913,0,0.478260869565,0.217391304348,0.260869565217,-8,-0.0158102766798,-0.0410438595221,-0.695652173913,-0.0606060606061,-0.5,-0.141820864199,0.0271590860455,0.0238636363636,-0.378828046278,0.0302051212406,0.0162055335968,-0.287597769103,0.00279254851508,0.0192687747036,0.0115583432358,0.0181301855965,0,-0.0117696806926,0.0160864211572,0,0.000884469066287,-0.00220311167134,-8,-0.00451722190853,-0.0189909080818,0,0,-0.0434782608696,80,0,8,418,0.909090909091,1,0,0.0909090909091,1,0.909090909091,0.952380952381,0.944467458064,0.909090909091,0.909090909091,1,9,0,10,2,10
206,WLNM_dir_neg_kfold,0.851851851852,0.483333333333,00:00:01,10,90,3,14348,threshold_sweep,0.8,1,0.111111111111,0.2,1,0,8,18,0.111111111111,1,0,0.888888888889,1,0.111111111111,0.2,0.703703703704,0.654320987654,0.142857142857,0.277350098113,0.111111111111,94,85,9,0,94,0,85,0,9,23,88,0.173913043478,1.68507579377,7.65217391304,7.33333333333,5.5,3.63829000359,0.475458352741,0.249505928854,5.32278271304,1.39118184545,0.672924901186,3.27042079462,0.854769071322,0.442687747036,0.749191304359,0.444603920564,2.5,1.68507579377,0.749191304359,2.5,0.259446613992,0.18878248974,46,0.025974025974,0.333144633145,23,23,23,1,0,0.478260869565,0.217391304348,0.304347826087,23,0.156126482213,1.6448171796,6.86956521739,7.18181818182,4.9375,3.42854790129,0.499092416011,0.272977435333,4.85073646664,1.41223973079,0.685745734728,2.95151866852,0.859302903492,0.464501926252,0.761396189594,0.462906272525,2.5,1.6741270514,0.765918146865,2.5,0.250583002856,0.177065767285,35,0.0197628458498,0.308885659795,23,22,22,0.95652173913,0,0.478260869565,0.217391304348,0.260869565217,23,80,0.158102766798,1.64403193425,6.95652173913,7.27272727273,5,3.49646913939,0.502617438787,0.273369565217,4.94395466677,1.4213869667,0.689130434783,2.98282302552,0.857561619837,0.461956521739,0.760749647595,0.462734106161,2.5,1.67330611308,0.765277725516,2.5,0.260331083058,0.186579378069,38,0.0214568040655,0.314153725063,23,22,22,0.95652173913,0,0.478260869565,0.217391304348,0.260869565217,-8,-0.0158102766798,-0.0410438595221,-0.695652173913,-0.0606060606061,-0.5,-0.141820864199,0.0271590860455,0.0238636363636,-0.378828046278,0.0302051212406,0.0162055335968,-0.287597769103,0.00279254851508,0.0192687747036,0.0115583432358,0.0181301855965,0,-0.0117696806926,0.0160864211572,0,0.000884469066287,-0.00220311167134,-8,-0.00451722190853,-0.0189909080818,0,0,-0.0434782608696,80,0,8,418,0.909090909091,1,0,0.0909090909091,1,0.909090909091,0.952380952381,0.944467458064,0.909090909091,0.909090909091,1,9,0,10,2,10
207,WLNM_dir_neg_kfold,0.851851851852,0.483333333333,00:00:01,10,90,3,14348,threshold_sweep,0.9,1,0.111111111111,0.2,1,0,8,18,0.111111111111,1,0,0.888888888889,1,0.111111111111,0.2,0.703703703704,0.654320987654,0.142857142857,0.277350098113,0.111111111111,94,85,9,0,94,0,85,0,9,23,88,0.173913043478,1.68507579377,7.65217391304,7.33333333333,5.5,3.63829000359,0.475458352741,0.249505928854,5.32278271304,1.39118184545,0.672924901186,3.27042079462,0.854769071322,0.442687747036,0.749191304359,0.444603920564,2.5,1.68507579377,0.749191304359,2.5,0.259446613992,0.18878248974,46,0.025974025974,0.333144633145,23,23,23,1,0,0.478260869565,0.217391304348,0.304347826087,23,0.156126482213,1.6448171796,6.86956521739,7.18181818182,4.9375,3.42854790129,0.499092416011,0.272977435333,4.85073646664,1.41223973079,0.685745734728,2.95151866852,0.859302903492,0.464501926252,0.761396189594,0.462906272525,2.5,1.6741270514,0.765918146865,2.5,0.250583002856,0.177065767285,35,0.0197628458498,0.308885659795,23,22,22,0.95652173913,0,0.478260869565,0.217391304348,0.260869565217,23,80,0.158102766798,1.64403193425,6.95652173913,7.27272727273,5,3.49646913939,0.502617438787,0.273369565217,4.94395466677,1.4213869667,0.689130434783,2.98282302552,0.857561619837,0.461956521739,0.760749647595,0.462734106161,2.5,1.67330611308,0.765277725516,2.5,0.260331083058,0.186579378069,38,0.0214568040655,0.314153725063,23,22,22,0.95652173913,0,0.478260869565,0.217391304348,0.260869565217,-8,-0.0158102766798,-0.0410438595221,-0.695652173913,-0.0606060606061,-0.5,-0.141820864199,0.0271590860455,0.0238636363636,-0.378828046278,0.0302051212406,0.0162055335968,-0.287597769103,0.00279254851508,0.0192687747036,0.0115583432358,0.0181301855965,0,-0.0117696806926,0.0160864211572,0,0.000884469066287,-0.00220311167134,-8,-0.00451722190853,-0.0189909080818,0,0,-0.0434782608696,80,0,8,418,0.909090909091,1,0,0.0909090909091,1,0.909090909091,0.952380952381,0.944467458064,0.909090909091,0.909090909091,1,9,0,10,2,10
208,WLNM_dir_neg_kfold,0.891975308642,0.639601139601,00:00:01,10,90,4,14349,threshold_sweep,0.1,1,0.222222222222,0.363636363636,2,0,7,18,0.222222222222,1,0,0.777777777778,1,0.222222222222,0.363636363636,0.740740740741,0.641975308642,0.275862068966,0.4,0.222222222222,94,85,9,0,94,0,85,0,9,23,88,0.173913043478,1.68507579377,7.65217391304,7.33333333333,5.5,3.63829000359,0.475458352741,0.249505928854,5.32278271304,1.39118184545,0.672924901186,3.27042079462,0.854769071322,0.442687747036,0.749191304359,0.444603920564,2.5,1.68507579377,0.749191304359,2.5,0.259446613992,0.18878248974,46,0.025974025974,0.333144633145,23,23,23,1,0,0.478260869565,0.217391304348,0.304347826087,23,0.156126482213,1.6448171796,6.86956521739,7.18181818182,4.9375,3.42854790129,0.499092416011,0.272977435333,4.85073646664,1.41223973079,0.685745734728,2.95151866852,0.859302903492,0.464501926252,0.761396189594,0.462906272525,2.5,1.6741270514,0.765918146865,2.5,0.250583002856,0.177065767285,35,0.0197628458498,0.308885659795,23,22,22,0.95652173913,0,0.478260869565,0.217391304348,0.260869565217,23,81,0.160079051383,1.68751019512,7.04347826087,6.75,5.0625,3.39087359178,0.481420324759,0.26140633387,4.91629540145,1.39598511399,0.680622651637,3.01314642581,0.855584787577,0.458400429415,0.750779547887,0.444903710839,2.5,1.68751019512,0.750779547887,2.5,0.255785628513,0.185064935065,38,0.0214568040655,0.288382072473,23,23,23,1,0,0.478260869565,0.217391304348,0.304347826087,-7,-0.0138339920949,0.00243440134744,-0.608695652174,-0.583333333333,-0.4375,-0.247416411809,0.00596197201713,0.0119004050163,-0.406487311595,0.00480326853708,0.00769775045137,-0.25727436881,0.000815716254641,0.0157126823793,0.00158824352851,0.000299790274851,0,0.00243440134744,0.00158824352851,0,-0.00366098547917,-0.00371755467515,-8,-0.00451722190853,-0.0447625606717,0,0,0,81,0,7,418,0.920454545455,1,0,0.0795454545455,1,0.920454545455,0.958579881657,0.951469451768,0.920454545455,0.920454545455,2,9,0,10,2,10
209,WLNM_dir_neg_kfold,0.891975308642,0.639601139601,00:00:01,10,90,4,14349,threshold_sweep,0.2,1,0.222222222222,0.363636363636,2,0,7,18,0.222222222222,1,0,0.777777777778,1,0.222222222222,0.363636363636,0.740740740741,0.641975308642,0.275862068966,0.4,0.222222222222,94,85,9,0,94,0,85,0,9,23,88,0.173913043478,1.68507579377,7.65217391304,7.33333333333,5.5,3.63829000359,0.475458352741,0.249505928854,5.32278271304,1.39118184545,0.672924901186,3.27042079462,0.854769071322,0.442687747036,0.749191304359,0.444603920564,2.5,1.68507579377,0.749191304359,2.5,0.259446613992,0.18878248974,46,0.025974025974,0.333144633145,23,23,23,1,0,0.478260869565,0.217391304348,0.304347826087,23,0.156126482213,1.6448171796,6.86956521739,7.18181818182,4.9375,3.42854790129,0.499092416011,0.272977435333,4.85073646664,1.41223973079,0.685745734728,2.95151866852,0.859302903492,0.464501926252,0.761396189594,0.462906272525,2.5,1.6741270514,0.765918146865,2.5,0.250583002856,0.177065767285,35,0.0197628458498,0.308885659795,23,22,22,0.95652173913,0,0.478260869565,0.217391304348,0.260869565217,23,81,0.160079051383,1.68751019512,7.04347826087,6.75,5.0625,3.39087359178,0.481420324759,0.26140633387,4.91629540145,1.39598511399,0.680622651637,3.01314642581,0.855584787577,0.458400429415,0.750779547887,0.444903710839,2.5,1.68751019512,0.750779547887,2.5,0.255785628513,0.185064935065,38,0.0214568040655,0.288382072473,23,23,23,1,0,0.478260869565,0.217391304348,0.304347826087,-7,-0.0138339920949,0.00243440134744,-0.608695652174,-0.583333333333,-0.4375,-0.247416411809,0.00596197201713,0.0119004050163,-0.406487311595,0.00480326853708,0.00769775045137,-0.25727436881,0.000815716254641,0.0157126823793,0.00158824352851,0.000299790274851,0,0.00243440134744,0.00158824352851,0,-0.00366098547917,-0.00371755467515,-8,-0.00451722190853,-0.0447625606717,0,0,0,81,0,7,418,0.920454545455,1,0,0.0795454545455,1,0.920454545455,0.958579881657,0.951469451768,0.920454545455,0.920454545455,2,9,0,10,2,10
210,WLNM_dir_neg_kfold,0.891975308642,0.639601139601,00:00:01,10,90,4,14349,threshold_sweep,0.3,1,0.222222222222,0.363636363636,2,0,7,18,0.222222222222,1,0,0.777777777778,1,0.222222222222,0.363636363636,0.740740740741,0.641975308642,0.275862068966,0.4,0.222222222222,94,85,9,0,94,0,85,0,9,23,88,0.173913043478,1.68507579377,7.65217391304,7.33333333333,5.5,3.63829000359,0.475458352741,0.249505928854,5.32278271304,1.39118184545,0.672924901186,3.27042079462,0.854769071322,0.442687747036,0.749191304359,0.444603920564,2.5,1.68507579377,0.749191304359,2.5,0.259446613992,0.18878248974,46,0.025974025974,0.333144633145,23,23,23,1,0,0.478260869565,0.217391304348,0.304347826087,23,0.156126482213,1.6448171796,6.86956521739,7.18181818182,4.9375,3.42854790129,0.499092416011,0.272977435333,4.85073646664,1.41223973079,0.685745734728,2.95151866852,0.859302903492,0.464501926252,0.761396189594,0.462906272525,2.5,1.6741270514,0.765918146865,2.5,0.250583002856,0.177065767285,35,0.0197628458498,0.308885659795,23,22,22,0.95652173913,0,0.478260869565,0.217391304348,0.260869565217,23,81,0.160079051383,1.68751019512,7.04347826087,6.75,5.0625,3.39087359178,0.481420324759,0.26140633387,4.91629540145,1.39598511399,0.680622651637,3.01314642581,0.855584787577,0.458400429415,0.750779547887,0.444903710839,2.5,1.68751019512,0.750779547887,2.5,0.255785628513,0.185064935065,38,0.0214568040655,0.288382072473,23,23,23,1,0,0.478260869565,0.217391304348,0.304347826087,-7,-0.0138339920949,0.00243440134744,-0.608695652174,-0.583333333333,-0.4375,-0.247416411809,0.00596197201713,0.0119004050163,-0.406487311595,0.00480326853708,0.00769775045137,-0.25727436881,0.000815716254641,0.0157126823793,0.00158824352851,0.000299790274851,0,0.00243440134744,0.00158824352851,0,-0.00366098547917,-0.00371755467515,-8,-0.00451722190853,-0.0447625606717,0,0,0,81,0,7,418,0.920454545455,1,0,0.0795454545455,1,0.920454545455,0.958579881657,0.951469451768,0.920454545455,0.920454545455,2,9,0,10,2,10
211,WLNM_dir_neg_kfold,0.891975308642,0.639601139601,00:00:01,10,90,4,14349,threshold_sweep,0.4,1,0.222222222222,0.363636363636,2,0,7,18,0.222222222222,1,0,0.777777777778,1,0.222222222222,0.363636363636,0.740740740741,0.641975308642,0.275862068966,0.4,0.222222222222,94,85,9,0,94,0,85,0,9,23,88,0.173913043478,1.68507579377,7.65217391304,7.33333333333,5.5,3.63829000359,0.475458352741,0.249505928854,5.32278271304,1.39118184545,0.672924901186,3.27042079462,0.854769071322,0.442687747036,0.749191304359,0.444603920564,2.5,1.68507579377,0.749191304359,2.5,0.259446613992,0.18878248974,46,0.025974025974,0.333144633145,23,23,23,1,0,0.478260869565,0.217391304348,0.304347826087,23,0.156126482213,1.6448171796,6.86956521739,7.18181818182,4.9375,3.42854790129,0.499092416011,0.272977435333,4.85073646664,1.41223973079,0.685745734728,2.95151866852,0.859302903492,0.464501926252,0.761396189594,0.462906272525,2.5,1.6741270514,0.765918146865,2.5,0.250583002856,0.177065767285,35,0.0197628458498,0.308885659795,23,22,22,0.95652173913,0,0.478260869565,0.217391304348,0.260869565217,23,81,0.160079051383,1.68751019512,7.04347826087,6.75,5.0625,3.39087359178,0.481420324759,0.26140633387,4.91629540145,1.39598511399,0.680622651637,3.01314642581,0.855584787577,0.458400429415,0.750779547887,0.444903710839,2.5,1.68751019512,0.750779547887,2.5,0.255785628513,0.185064935065,38,0.0214568040655,0.288382072473,23,23,23,1,0,0.478260869565,0.217391304348,0.304347826087,-7,-0.0138339920949,0.00243440134744,-0.608695652174,-0.583333333333,-0.4375,-0.247416411809,0.00596197201713,0.0119004050163,-0.406487311595,0.00480326853708,0.00769775045137,-0.25727436881,0.000815716254641,0.0157126823793,0.00158824352851,0.000299790274851,0,0.00243440134744,0.00158824352851,0,-0.00366098547917,-0.00371755467515,-8,-0.00451722190853,-0.0447625606717,0,0,0,81,0,7,418,0.920454545455,1,0,0.0795454545455,1,0.920454545455,0.958579881657,0.951469451768,0.920454545455,0.920454545455,2,9,0,10,2,10
212,WLNM_dir_neg_kfold,0.891975308642,0.639601139601,00:00:01,10,90,4,14349,threshold_sweep,0.5,1,0.222222222222,0.363636363636,2,0,7,18,0.222222222222,1,0,0.777777777778,1,0.222222222222,0.363636363636,0.740740740741,0.641975308642,0.275862068966,0.4,0.222222222222,94,85,9,0,94,0,85,0,9,23,88,0.173913043478,1.68507579377,7.65217391304,7.33333333333,5.5,3.63829000359,0.475458352741,0.249505928854,5.32278271304,1.39118184545,0.672924901186,3.27042079462,0.854769071322,0.442687747036,0.749191304359,0.444603920564,2.5,1.68507579377,0.749191304359,2.5,0.259446613992,0.18878248974,46,0.025974025974,0.333144633145,23,23,23,1,0,0.478260869565,0.217391304348,0.304347826087,23,0.156126482213,1.6448171796,6.86956521739,7.18181818182,4.9375,3.42854790129,0.499092416011,0.272977435333,4.85073646664,1.41223973079,0.685745734728,2.95151866852,0.859302903492,0.464501926252,0.761396189594,0.462906272525,2.5,1.6741270514,0.765918146865,2.5,0.250583002856,0.177065767285,35,0.0197628458498,0.308885659795,23,22,22,0.95652173913,0,0.478260869565,0.217391304348,0.260869565217,23,81,0.160079051383,1.68751019512,7.04347826087,6.75,5.0625,3.39087359178,0.481420324759,0.26140633387,4.91629540145,1.39598511399,0.680622651637,3.01314642581,0.855584787577,0.458400429415,0.750779547887,0.444903710839,2.5,1.68751019512,0.750779547887,2.5,0.255785628513,0.185064935065,38,0.0214568040655,0.288382072473,23,23,23,1,0,0.478260869565,0.217391304348,0.304347826087,-7,-0.0138339920949,0.00243440134744,-0.608695652174,-0.583333333333,-0.4375,-0.247416411809,0.00596197201713,0.0119004050163,-0.406487311595,0.00480326853708,0.00769775045137,-0.25727436881,0.000815716254641,0.0157126823793,0.00158824352851,0.000299790274851,0,0.00243440134744,0.00158824352851,0,-0.00366098547917,-0.00371755467515,-8,-0.00451722190853,-0.0447625606717,0,0,0,81,0,7,418,0.920454545455,1,0,0.0795454545455,1,0.920454545455,0.958579881657,0.951469451768,0.920454545455,0.920454545455,2,9,0,10,2,10
213,WLNM_dir_neg_kfold,0.891975308642,0.639601139601,00:00:01,10,90,4,14349,threshold_sweep,0.6,1,0.222222222222,0.363636363636,2,0,7,18,0.222222222222,1,0,0.777777777778,1,0.222222222222,0.363636363636,0.740740740741,0.641975308642,0.275862068966,0.4,0.222222222222,94,85,9,0,94,0,85,0,9,23,88,0.173913043478,1.68507579377,7.65217391304,7.33333333333,5.5,3.63829000359,0.475458352741,0.249505928854,5.32278271304,1.39118184545,0.672924901186,3.27042079462,0.854769071322,0.442687747036,0.749191304359,0.444603920564,2.5,1.68507579377,0.749191304359,2.5,0.259446613992,0.18878248974,46,0.025974025974,0.333144633145,23,23,23,1,0,0.478260869565,0.217391304348,0.304347826087,23,0.156126482213,1.6448171796,6.86956521739,7.18181818182,4.9375,3.42854790129,0.499092416011,0.272977435333,4.85073646664,1.41223973079,0.685745734728,2.95151866852,0.859302903492,0.464501926252,0.761396189594,0.462906272525,2.5,1.6741270514,0.765918146865,2.5,0.250583002856,0.177065767285,35,0.0197628458498,0.308885659795,23,22,22,0.95652173913,0,0.478260869565,0.217391304348,0.260869565217,23,81,0.160079051383,1.68751019512,7.04347826087,6.75,5.0625,3.39087359178,0.481420324759,0.26140633387,4.91629540145,1.39598511399,0.680622651637,3.01314642581,0.855584787577,0.458400429415,0.750779547887,0.444903710839,2.5,1.68751019512,0.750779547887,2.5,0.255785628513,0.185064935065,38,0.0214568040655,0.288382072473,23,23,23,1,0,0.478260869565,0.217391304348,0.304347826087,-7,-0.0138339920949,0.00243440134744,-0.608695652174,-0.583333333333,-0.4375,-0.247416411809,0.00596197201713,0.0119004050163,-0.406487311595,0.00480326853708,0.00769775045137,-0.25727436881,0.000815716254641,0.0157126823793,0.00158824352851,0.000299790274851,0,0.00243440134744,0.00158824352851,0,-0.00366098547917,-0.00371755467515,-8,-0.00451722190853,-0.0447625606717,0,0,0,81,0,7,418,0.920454545455,1,0,0.0795454545455,1,0.920454545455,0.958579881657,0.951469451768,0.920454545455,0.920454545455,2,9,0,10,2,10
214,WLNM_dir_neg_kfold,0.891975308642,0.639601139601,00:00:01,10,90,4,14349,threshold_sweep,0.7,1,0.222222222222,0.363636363636,2,0,7,18,0.222222222222,1,0,0.777777777778,1,0.222222222222,0.363636363636,0.740740740741,0.641975308642,0.275862068966,0.4,0.222222222222,94,85,9,0,94,0,85,0,9,23,88,0.173913043478,1.68507579377,7.65217391304,7.33333333333,5.5,3.63829000359,0.475458352741,0.249505928854,5.32278271304,1.39118184545,0.672924901186,3.27042079462,0.854769071322,0.442687747036,0.749191304359,0.444603920564,2.5,1.68507579377,0.749191304359,2.5,0.259446613992,0.18878248974,46,0.025974025974,0.333144633145,23,23,23,1,0,0.478260869565,0.217391304348,0.304347826087,23,0.156126482213,1.6448171796,6.86956521739,7.18181818182,4.9375,3.42854790129,0.499092416011,0.272977435333,4.85073646664,1.41223973079,0.685745734728,2.95151866852,0.859302903492,0.464501926252,0.761396189594,0.462906272525,2.5,1.6741270514,0.765918146865,2.5,0.250583002856,0.177065767285,35,0.0197628458498,0.308885659795,23,22,22,0.95652173913,0,0.478260869565,0.217391304348,0.260869565217,23,81,0.160079051383,1.68751019512,7.04347826087,6.75,5.0625,3.39087359178,0.481420324759,0.26140633387,4.91629540145,1.39598511399,0.680622651637,3.01314642581,0.855584787577,0.458400429415,0.750779547887,0.444903710839,2.5,1.68751019512,0.750779547887,2.5,0.255785628513,0.185064935065,38,0.0214568040655,0.288382072473,23,23,23,1,0,0.478260869565,0.217391304348,0.304347826087,-7,-0.0138339920949,0.00243440134744,-0.608695652174,-0.583333333333,-0.4375,-0.247416411809,0.00596197201713,0.0119004050163,-0.406487311595,0.00480326853708,0.00769775045137,-0.25727436881,0.000815716254641,0.0157126823793,0.00158824352851,0.000299790274851,0,0.00243440134744,0.00158824352851,0,-0.00366098547917,-0.00371755467515,-8,-0.00451722190853,-0.0447625606717,0,0,0,81,0,7,418,0.920454545455,1,0,0.0795454545455,1,0.920454545455,0.958579881657,0.951469451768,0.920454545455,0.920454545455,2,9,0,10,2,10
215,WLNM_dir_neg_kfold,0.891975308642,0.639601139601,00:00:01,10,90,4,14349,threshold_sweep,0.8,1,0.222222222222,0.363636363636,2,0,7,18,0.222222222222,1,0,0.777777777778,1,0.222222222222,0.363636363636,0.740740740741,0.641975308642,0.275862068966,0.4,0.222222222222,94,85,9,0,94,0,85,0,9,23,88,0.173913043478,1.68507579377,7.65217391304,7.33333333333,5.5,3.63829000359,0.475458352741,0.249505928854,5.32278271304,1.39118184545,0.672924901186,3.27042079462,0.854769071322,0.442687747036,0.749191304359,0.444603920564,2.5,1.68507579377,0.749191304359,2.5,0.259446613992,0.18878248974,46,0.025974025974,0.333144633145,23,23,23,1,0,0.478260869565,0.217391304348,0.304347826087,23,0.156126482213,1.6448171796,6.86956521739,7.18181818182,4.9375,3.42854790129,0.499092416011,0.272977435333,4.85073646664,1.41223973079,0.685745734728,2.95151866852,0.859302903492,0.464501926252,0.761396189594,0.462906272525,2.5,1.6741270514,0.765918146865,2.5,0.250583002856,0.177065767285,35,0.0197628458498,0.308885659795,23,22,22,0.95652173913,0,0.478260869565,0.217391304348,0.260869565217,23,81,0.160079051383,1.68751019512,7.04347826087,6.75,5.0625,3.39087359178,0.481420324759,0.26140633387,4.91629540145,1.39598511399,0.680622651637,3.01314642581,0.855584787577,0.458400429415,0.750779547887,0.444903710839,2.5,1.68751019512,0.750779547887,2.5,0.255785628513,0.185064935065,38,0.0214568040655,0.288382072473,23,23,23,1,0,0.478260869565,0.217391304348,0.304347826087,-7,-0.0138339920949,0.00243440134744,-0.608695652174,-0.583333333333,-0.4375,-0.247416411809,0.00596197201713,0.0119004050163,-0.406487311595,0.00480326853708,0.00769775045137,-0.25727436881,0.000815716254641,0.0157126823793,0.00158824352851,0.000299790274851,0,0.00243440134744,0.00158824352851,0,-0.00366098547917,-0.00371755467515,-8,-0.00451722190853,-0.0447625606717,0,0,0,81,0,7,418,0.920454545455,1,0,0.0795454545455,1,0.920454545455,0.958579881657,0.951469451768,0.920454545455,0.920454545455,2,9,0,10,2,10
216,WLNM_dir_neg_kfold,0.891975308642,0.639601139601,00:00:01,10,90,4,14349,threshold_sweep,0.9,1,0.222222222222,0.363636363636,2,0,7,18,0.222222222222,1,0,0.777777777778,1,0.222222222222,0.363636363636,0.740740740741,0.641975308642,0.275862068966,0.4,0.222222222222,94,85,9,0,94,0,85,0,9,23,88,0.173913043478,1.68507579377,7.65217391304,7.33333333333,5.5,3.63829000359,0.475458352741,0.249505928854,5.32278271304,1.39118184545,0.672924901186,3.27042079462,0.854769071322,0.442687747036,0.749191304359,0.444603920564,2.5,1.68507579377,0.749191304359,2.5,0.259446613992,0.18878248974,46,0.025974025974,0.333144633145,23,23,23,1,0,0.478260869565,0.217391304348,0.304347826087,23,0.156126482213,1.6448171796,6.86956521739,7.18181818182,4.9375,3.42854790129,0.499092416011,0.272977435333,4.85073646664,1.41223973079,0.685745734728,2.95151866852,0.859302903492,0.464501926252,0.761396189594,0.462906272525,2.5,1.6741270514,0.765918146865,2.5,0.250583002856,0.177065767285,35,0.0197628458498,0.308885659795,23,22,22,0.95652173913,0,0.478260869565,0.217391304348,0.260869565217,23,81,0.160079051383,1.68751019512,7.04347826087,6.75,5.0625,3.39087359178,0.481420324759,0.26140633387,4.91629540145,1.39598511399,0.680622651637,3.01314642581,0.855584787577,0.458400429415,0.750779547887,0.444903710839,2.5,1.68751019512,0.750779547887,2.5,0.255785628513,0.185064935065,38,0.0214568040655,0.288382072473,23,23,23,1,0,0.478260869565,0.217391304348,0.304347826087,-7,-0.0138339920949,0.00243440134744,-0.608695652174,-0.583333333333,-0.4375,-0.247416411809,0.00596197201713,0.0119004050163,-0.406487311595,0.00480326853708,0.00769775045137,-0.25727436881,0.000815716254641,0.0157126823793,0.00158824352851,0.000299790274851,0,0.00243440134744,0.00158824352851,0,-0.00366098547917,-0.00371755467515,-8,-0.00451722190853,-0.0447625606717,0,0,0,81,0,7,418,0.920454545455,1,0,0.0795454545455,1,0.920454545455,0.958579881657,0.951469451768,0.920454545455,0.920454545455,2,9,0,10,2,10
217,WLNM_dir_neg_kfold,0.913580246914,0.769230769231,00:00:01,10,90,5,14350,threshold_sweep,0.1,1,0.222222222222,0.363636363636,2,0,7,18,0.222222222222,1,0,0.777777777778,1,0.222222222222,0.363636363636,0.740740740741,0.641975308642,0.275862068966,0.4,0.222222222222,94,85,9,0,94,0,85,0,9,23,88,0.173913043478,1.68507579377,7.65217391304,7.33333333333,5.5,3.63829000359,0.475458352741,0.249505928854,5.32278271304,1.39118184545,0.672924901186,3.27042079462,0.854769071322,0.442687747036,0.749191304359,0.444603920564,2.5,1.68507579377,0.749191304359,2.5,0.259446613992,0.18878248974,46,0.025974025974,0.333144633145,23,23,23,1,0,0.478260869565,0.217391304348,0.304347826087,23,0.156126482213,1.6448171796,6.86956521739,7.18181818182,4.9375,3.42854790129,0.499092416011,0.272977435333,4.85073646664,1.41223973079,0.685745734728,2.95151866852,0.859302903492,0.464501926252,0.761396189594,0.462906272525,2.5,1.6741270514,0.765918146865,2.5,0.250583002856,0.177065767285,35,0.0197628458498,0.308885659795,23,22,22,0.95652173913,0,0.478260869565,0.217391304348,0.260869565217,23,81,0.160079051383,1.68751019512,7.04347826087,6.75,5.0625,3.39087359178,0.481420324759,0.26140633387,4.91629540145,1.39598511399,0.680622651637,3.01314642581,0.855584787577,0.458400429415,0.750779547887,0.444903710839,2.5,1.68751019512,0.750779547887,2.5,0.255785628513,0.185064935065,38,0.0214568040655,0.288382072473,23,23,23,1,0,0.478260869565,0.217391304348,0.304347826087,-7,-0.0138339920949,0.00243440134744,-0.608695652174,-0.583333333333,-0.4375,-0.247416411809,0.00596197201713,0.0119004050163,-0.406487311595,0.00480326853708,0.00769775045137,-0.25727436881,0.000815716254641,0.0157126823793,0.00158824352851,0.000299790274851,0,0.00243440134744,0.00158824352851,0,-0.00366098547917,-0.00371755467515,-8,-0.00451722190853,-0.0447625606717,0,0,0,81,0,7,418,0.920454545455,1,0,0.0795454545455,1,0.920454545455,0.958579881657,0.951469451768,0.920454545455,0.920454545455,2,9,0,10,2,10
218,WLNM_dir_neg_kfold,0.913580246914,0.769230769231,00:00:01,10,90,5,14350,threshold_sweep,0.2,1,0.222222222222,0.363636363636,2,0,7,18,0.222222222222,1,0,0.777777777778,1,0.222222222222,0.363636363636,0.740740740741,0.641975308642,0.275862068966,0.4,0.222222222222,94,85,9,0,94,0,85,0,9,23,88,0.173913043478,1.68507579377,7.65217391304,7.33333333333,5.5,3.63829000359,0.475458352741,0.249505928854,5.32278271304,1.39118184545,0.672924901186,3.27042079462,0.854769071322,0.442687747036,0.749191304359,0.444603920564,2.5,1.68507579377,0.749191304359,2.5,0.259446613992,0.18878248974,46,0.025974025974,0.333144633145,23,23,23,1,0,0.478260869565,0.217391304348,0.304347826087,23,0.156126482213,1.6448171796,6.86956521739,7.18181818182,4.9375,3.42854790129,0.499092416011,0.272977435333,4.85073646664,1.41223973079,0.685745734728,2.95151866852,0.859302903492,0.464501926252,0.761396189594,0.462906272525,2.5,1.6741270514,0.765918146865,2.5,0.250583002856,0.177065767285,35,0.0197628458498,0.308885659795,23,22,22,0.95652173913,0,0.478260869565,0.217391304348,0.260869565217,23,81,0.160079051383,1.68751019512,7.04347826087,6.75,5.0625,3.39087359178,0.481420324759,0.26140633387,4.91629540145,1.39598511399,0.680622651637,3.01314642581,0.855584787577,0.458400429415,0.750779547887,0.444903710839,2.5,1.68751019512,0.750779547887,2.5,0.255785628513,0.185064935065,38,0.0214568040655,0.288382072473,23,23,23,1,0,0.478260869565,0.217391304348,0.304347826087,-7,-0.0138339920949,0.00243440134744,-0.608695652174,-0.583333333333,-0.4375,-0.247416411809,0.00596197201713,0.0119004050163,-0.406487311595,0.00480326853708,0.00769775045137,-0.25727436881,0.000815716254641,0.0157126823793,0.00158824352851,0.000299790274851,0,0.00243440134744,0.00158824352851,0,-0.00366098547917,-0.00371755467515,-8,-0.00451722190853,-0.0447625606717,0,0,0,81,0,7,418,0.920454545455,1,0,0.0795454545455,1,0.920454545455,0.958579881657,0.951469451768,0.920454545455,0.920454545455,2,9,0,10,2,10
219,WLNM_dir_neg_kfold,0.913580246914,0.769230769231,00:00:01,10,90,5,14350,threshold_sweep,0.3,1,0.222222222222,0.363636363636,2,0,7,18,0.222222222222,1,0,0.777777777778,1,0.222222222222,0.363636363636,0.740740740741,0.641975308642,0.275862068966,0.4,0.222222222222,94,85,9,0,94,0,85,0,9,23,88,0.173913043478,1.68507579377,7.65217391304,7.33333333333,5.5,3.63829000359,0.475458352741,0.249505928854,5.32278271304,1.39118184545,0.672924901186,3.27042079462,0.854769071322,0.442687747036,0.749191304359,0.444603920564,2.5,1.68507579377,0.749191304359,2.5,0.259446613992,0.18878248974,46,0.025974025974,0.333144633145,23,23,23,1,0,0.478260869565,0.217391304348,0.304347826087,23,0.156126482213,1.6448171796,6.86956521739,7.18181818182,4.9375,3.42854790129,0.499092416011,0.272977435333,4.85073646664,1.41223973079,0.685745734728,2.95151866852,0.859302903492,0.464501926252,0.761396189594,0.462906272525,2.5,1.6741270514,0.765918146865,2.5,0.250583002856,0.177065767285,35,0.0197628458498,0.308885659795,23,22,22,0.95652173913,0,0.478260869565,0.217391304348,0.260869565217,23,81,0.160079051383,1.68751019512,7.04347826087,6.75,5.0625,3.39087359178,0.481420324759,0.26140633387,4.91629540145,1.39598511399,0.680622651637,3.01314642581,0.855584787577,0.458400429415,0.750779547887,0.444903710839,2.5,1.68751019512,0.750779547887,2.5,0.255785628513,0.185064935065,38,0.0214568040655,0.288382072473,23,23,23,1,0,0.478260869565,0.217391304348,0.304347826087,-7,-0.0138339920949,0.00243440134744,-0.608695652174,-0.583333333333,-0.4375,-0.247416411809,0.00596197201713,0.0119004050163,-0.406487311595,0.00480326853708,0.00769775045137,-0.25727436881,0.000815716254641,0.0157126823793,0.00158824352851,0.000299790274851,0,0.00243440134744,0.00158824352851,0,-0.00366098547917,-0.00371755467515,-8,-0.00451722190853,-0.0447625606717,0,0,0,81,0,7,418,0.920454545455,1,0,0.0795454545455,1,0.920454545455,0.958579881657,0.951469451768,0.920454545455,0.920454545455,2,9,0,10,2,10
220,WLNM_dir_neg_kfold,0.913580246914,0.769230769231,00:00:01,10,90,5,14350,threshold_sweep,0.4,1,0.222222222222,0.363636363636,2,0,7,18,0.222222222222,1,0,0.777777777778,1,0.222222222222,0.363636363636,0.740740740741,0.641975308642,0.275862068966,0.4,0.222222222222,94,85,9,0,94,0,85,0,9,23,88,0.173913043478,1.68507579377,7.65217391304,7.33333333333,5.5,3.63829000359,0.475458352741,0.249505928854,5.32278271304,1.39118184545,0.672924901186,3.27042079462,0.854769071322,0.442687747036,0.749191304359,0.444603920564,2.5,1.68507579377,0.749191304359,2.5,0.259446613992,0.18878248974,46,0.025974025974,0.333144633145,23,23,23,1,0,0.478260869565,0.217391304348,0.304347826087,23,0.156126482213,1.6448171796,6.86956521739,7.18181818182,4.9375,3.42854790129,0.499092416011,0.272977435333,4.85073646664,1.41223973079,0.685745734728,2.95151866852,0.859302903492,0.464501926252,0.761396189594,0.462906272525,2.5,1.6741270514,0.765918146865,2.5,0.250583002856,0.177065767285,35,0.0197628458498,0.308885659795,23,22,22,0.95652173913,0,0.478260869565,0.217391304348,0.260869565217,23,81,0.160079051383,1.68751019512,7.04347826087,6.75,5.0625,3.39087359178,0.481420324759,0.26140633387,4.91629540145,1.39598511399,0.680622651637,3.01314642581,0.855584787577,0.458400429415,0.750779547887,0.444903710839,2.5,1.68751019512,0.750779547887,2.5,0.255785628513,0.185064935065,38,0.0214568040655,0.288382072473,23,23,23,1,0,0.478260869565,0.217391304348,0.304347826087,-7,-0.0138339920949,0.00243440134744,-0.608695652174,-0.583333333333,-0.4375,-0.247416411809,0.00596197201713,0.0119004050163,-0.406487311595,0.00480326853708,0.00769775045137,-0.25727436881,0.000815716254641,0.0157126823793,0.00158824352851,0.000299790274851,0,0.00243440134744,0.00158824352851,0,-0.00366098547917,-0.00371755467515,-8,-0.00451722190853,-0.0447625606717,0,0,0,81,0,7,418,0.920454545455,1,0,0.0795454545455,1,0.920454545455,0.958579881657,0.951469451768,0.920454545455,0.920454545455,2,9,0,10,2,10
221,WLNM_dir_neg_kfold,0.913580246914,0.769230769231,00:00:01,10,90,5,14350,threshold_sweep,0.5,1,0.222222222222,0.363636363636,2,0,7,18,0.222222222222,1,0,0.777777777778,1,0.222222222222,0.363636363636,0.740740740741,0.641975308642,0.275862068966,0.4,0.222222222222,94,85,9,0,94,0,85,0,9,23,88,0.173913043478,1.68507579377,7.65217391304,7.33333333333,5.5,3.63829000359,0.475458352741,0.249505928854,5.32278271304,1.39118184545,0.672924901186,3.27042079462,0.854769071322,0.442687747036,0.749191304359,0.444603920564,2.5,1.68507579377,0.749191304359,2.5,0.259446613992,0.18878248974,46,0.025974025974,0.333144633145,23,23,23,1,0,0.478260869565,0.217391304348,0.304347826087,23,0.156126482213,1.6448171796,6.86956521739,7.18181818182,4.9375,3.42854790129,0.499092416011,0.272977435333,4.85073646664,1.41223973079,0.685745734728,2.95151866852,0.859302903492,0.464501926252,0.761396189594,0.462906272525,2.5,1.6741270514,0.765918146865,2.5,0.250583002856,0.177065767285,35,0.0197628458498,0.308885659795,23,22,22,0.95652173913,0,0.478260869565,0.217391304348,0.260869565217,23,81,0.160079051383,1.68751019512,7.04347826087,6.75,5.0625,3.39087359178,0.481420324759,0.26140633387,4.91629540145,1.39598511399,0.680622651637,3.01314642581,0.855584787577,0.458400429415,0.750779547887,0.444903710839,2.5,1.68751019512,0.750779547887,2.5,0.255785628513,0.185064935065,38,0.0214568040655,0.288382072473,23,23,23,1,0,0.478260869565,0.217391304348,0.304347826087,-7,-0.0138339920949,0.00243440134744,-0.608695652174,-0.583333333333,-0.4375,-0.247416411809,0.00596197201713,0.0119004050163,-0.406487311595,0.00480326853708,0.00769775045137,-0.25727436881,0.000815716254641,0.0157126823793,0.00158824352851,0.000299790274851,0,0.00243440134744,0.00158824352851,0,-0.00366098547917,-0.00371755467515,-8,-0.00451722190853,-0.0447625606717,0,0,0,81,0,7,418,0.920454545455,1,0,0.0795454545455,1,0.920454545455,0.958579881657,0.951469451768,0.920454545455,0.920454545455,2,9,0,10,2,10
222,WLNM_dir_neg_kfold,0.913580246914,0.769230769231,00:00:01,10,90,5,14350,threshold_sweep,0.6,1,0.222222222222,0.363636363636,2,0,7,18,0.222222222222,1,0,0.777777777778,1,0.222222222222,0.363636363636,0.740740740741,0.641975308642,0.275862068966,0.4,0.222222222222,94,85,9,0,94,0,85,0,9,23,88,0.173913043478,1.68507579377,7.65217391304,7.33333333333,5.5,3.63829000359,0.475458352741,0.249505928854,5.32278271304,1.39118184545,0.672924901186,3.27042079462,0.854769071322,0.442687747036,0.749191304359,0.444603920564,2.5,1.68507579377,0.749191304359,2.5,0.259446613992,0.18878248974,46,0.025974025974,0.333144633145,23,23,23,1,0,0.478260869565,0.217391304348,0.304347826087,23,0.156126482213,1.6448171796,6.86956521739,7.18181818182,4.9375,3.42854790129,0.499092416011,0.272977435333,4.85073646664,1.41223973079,0.685745734728,2.95151866852,0.859302903492,0.464501926252,0.761396189594,0.462906272525,2.5,1.6741270514,0.765918146865,2.5,0.250583002856,0.177065767285,35,0.0197628458498,0.308885659795,23,22,22,0.95652173913,0,0.478260869565,0.217391304348,0.260869565217,23,81,0.160079051383,1.68751019512,7.04347826087,6.75,5.0625,3.39087359178,0.481420324759,0.26140633387,4.91629540145,1.39598511399,0.680622651637,3.01314642581,0.855584787577,0.458400429415,0.750779547887,0.444903710839,2.5,1.68751019512,0.750779547887,2.5,0.255785628513,0.185064935065,38,0.0214568040655,0.288382072473,23,23,23,1,0,0.478260869565,0.217391304348,0.304347826087,-7,-0.0138339920949,0.00243440134744,-0.608695652174,-0.583333333333,-0.4375,-0.247416411809,0.00596197201713,0.0119004050163,-0.406487311595,0.00480326853708,0.00769775045137,-0.25727436881,0.000815716254641,0.0157126823793,0.00158824352851,0.000299790274851,0,0.00243440134744,0.00158824352851,0,-0.00366098547917,-0.00371755467515,-8,-0.00451722190853,-0.0447625606717,0,0,0,81,0,7,418,0.920454545455,1,0,0.0795454545455,1,0.920454545455,0.958579881657,0.951469451768,0.920454545455,0.920454545455,2,9,0,10,2,10
223,WLNM_dir_neg_kfold,0.913580246914,0.769230769231,00:00:01,10,90,5,14350,threshold_sweep,0.7,1,0.222222222222,0.363636363636,2,0,7,18,0.222222222222,1,0,0.777777777778,1,0.222222222222,0.363636363636,0.740740740741,0.641975308642,0.275862068966,0.4,0.222222222222,94,85,9,0,94,0,85,0,9,23,88,0.173913043478,1.68507579377,7.65217391304,7.33333333333,5.5,3.63829000359,0.475458352741,0.249505928854,5.32278271304,1.39118184545,0.672924901186,3.27042079462,0.854769071322,0.442687747036,0.749191304359,0.444603920564,2.5,1.68507579377,0.749191304359,2.5,0.259446613992,0.18878248974,46,0.025974025974,0.333144633145,23,23,23,1,0,0.478260869565,0.217391304348,0.304347826087,23,0.156126482213,1.6448171796,6.86956521739,7.18181818182,4.9375,3.42854790129,0.499092416011,0.272977435333,4.85073646664,1.41223973079,0.685745734728,2.95151866852,0.859302903492,0.464501926252,0.761396189594,0.462906272525,2.5,1.6741270514,0.765918146865,2.5,0.250583002856,0.177065767285,35,0.0197628458498,0.308885659795,23,22,22,0.95652173913,0,0.478260869565,0.217391304348,0.260869565217,23,81,0.160079051383,1.68751019512,7.04347826087,6.75,5.0625,3.39087359178,0.481420324759,0.26140633387,4.91629540145,1.39598511399,0.680622651637,3.01314642581,0.855584787577,0.458400429415,0.750779547887,0.444903710839,2.5,1.68751019512,0.750779547887,2.5,0.255785628513,0.185064935065,38,0.0214568040655,0.288382072473,23,23,23,1,0,0.478260869565,0.217391304348,0.304347826087,-7,-0.0138339920949,0.00243440134744,-0.608695652174,-0.583333333333,-0.4375,-0.247416411809,0.00596197201713,0.0119004050163,-0.406487311595,0.00480326853708,0.00769775045137,-0.25727436881,0.000815716254641,0.0157126823793,0.00158824352851,0.000299790274851,0,0.00243440134744,0.00158824352851,0,-0.00366098547917,-0.00371755467515,-8,-0.00451722190853,-0.0447625606717,0,0,0,81,0,7,418,0.920454545455,1,0,0.0795454545455,1,0.920454545455,0.958579881657,0.951469451768,0.920454545455,0.920454545455,2,9,0,10,2,10
224,WLNM_dir_neg_kfold,0.913580246914,0.769230769231,00:00:01,10,90,5,14350,threshold_sweep,0.8,1,0.222222222222,0.363636363636,2,0,7,18,0.222222222222,1,0,0.777777777778,1,0.222222222222,0.363636363636,0.740740740741,0.641975308642,0.275862068966,0.4,0.222222222222,94,85,9,0,94,0,85,0,9,23,88,0.173913043478,1.68507579377,7.65217391304,7.33333333333,5.5,3.63829000359,0.475458352741,0.249505928854,5.32278271304,1.39118184545,0.672924901186,3.27042079462,0.854769071322,0.442687747036,0.749191304359,0.444603920564,2.5,1.68507579377,0.749191304359,2.5,0.259446613992,0.18878248974,46,0.025974025974,0.333144633145,23,23,23,1,0,0.478260869565,0.217391304348,0.304347826087,23,0.156126482213,1.6448171796,6.86956521739,7.18181818182,4.9375,3.42854790129,0.499092416011,0.272977435333,4.85073646664,1.41223973079,0.685745734728,2.95151866852,0.859302903492,0.464501926252,0.761396189594,0.462906272525,2.5,1.6741270514,0.765918146865,2.5,0.250583002856,0.177065767285,35,0.0197628458498,0.308885659795,23,22,22,0.95652173913,0,0.478260869565,0.217391304348,0.260869565217,23,81,0.160079051383,1.68751019512,7.04347826087,6.75,5.0625,3.39087359178,0.481420324759,0.26140633387,4.91629540145,1.39598511399,0.680622651637,3.01314642581,0.855584787577,0.458400429415,0.750779547887,0.444903710839,2.5,1.68751019512,0.750779547887,2.5,0.255785628513,0.185064935065,38,0.0214568040655,0.288382072473,23,23,23,1,0,0.478260869565,0.217391304348,0.304347826087,-7,-0.0138339920949,0.00243440134744,-0.608695652174,-0.583333333333,-0.4375,-0.247416411809,0.00596197201713,0.0119004050163,-0.406487311595,0.00480326853708,0.00769775045137,-0.25727436881,0.000815716254641,0.0157126823793,0.00158824352851,0.000299790274851,0,0.00243440134744,0.00158824352851,0,-0.00366098547917,-0.00371755467515,-8,-0.00451722190853,-0.0447625606717,0,0,0,81,0,7,418,0.920454545455,1,0,0.0795454545455,1,0.920454545455,0.958579881657,0.951469451768,0.920454545455,0.920454545455,2,9,0,10,2,10
225,WLNM_dir_neg_kfold,0.913580246914,0.769230769231,00:00:01,10,90,5,14350,threshold_sweep,0.9,1,0.222222222222,0.363636363636,2,0,7,18,0.222222222222,1,0,0.777777777778,1,0.222222222222,0.363636363636,0.740740740741,0.641975308642,0.275862068966,0.4,0.222222222222,94,85,9,0,94,0,85,0,9,23,88,0.173913043478,1.68507579377,7.65217391304,7.33333333333,5.5,3.63829000359,0.475458352741,0.249505928854,5.32278271304,1.39118184545,0.672924901186,3.27042079462,0.854769071322,0.442687747036,0.749191304359,0.444603920564,2.5,1.68507579377,0.749191304359,2.5,0.259446613992,0.18878248974,46,0.025974025974,0.333144633145,23,23,23,1,0,0.478260869565,0.217391304348,0.304347826087,23,0.156126482213,1.6448171796,6.86956521739,7.18181818182,4.9375,3.42854790129,0.499092416011,0.272977435333,4.85073646664,1.41223973079,0.685745734728,2.95151866852,0.859302903492,0.464501926252,0.761396189594,0.462906272525,2.5,1.6741270514,0.765918146865,2.5,0.250583002856,0.177065767285,35,0.0197628458498,0.308885659795,23,22,22,0.95652173913,0,0.478260869565,0.217391304348,0.260869565217,23,81,0.160079051383,1.68751019512,7.04347826087,6.75,5.0625,3.39087359178,0.481420324759,0.26140633387,4.91629540145,1.39598511399,0.680622651637,3.01314642581,0.855584787577,0.458400429415,0.750779547887,0.444903710839,2.5,1.68751019512,0.750779547887,2.5,0.255785628513,0.185064935065,38,0.0214568040655,0.288382072473,23,23,23,1,0,0.478260869565,0.217391304348,0.304347826087,-7,-0.0138339920949,0.00243440134744,-0.608695652174,-0.583333333333,-0.4375,-0.247416411809,0.00596197201713,0.0119004050163,-0.406487311595,0.00480326853708,0.00769775045137,-0.25727436881,0.000815716254641,0.0157126823793,0.00158824352851,0.000299790274851,0,0.00243440134744,0.00158824352851,0,-0.00366098547917,-0.00371755467515,-8,-0.00451722190853,-0.0447625606717,0,0,0,81,0,7,418,0.920454545455,1,0,0.0795454545455,1,0.920454545455,0.958579881657,0.951469451768,0.920454545455,0.920454545455,2,9,0,10,2,10
226,WLNM_dir_neg_kfold,0.956790123457,0.818181818182,00:00:01,10,90,6,14351,threshold_sweep,0.1,1,0.111111111111,0.2,1,0,8,18,0.111111111111,1,0,0.888888888889,1,0.111111111111,0.2,0.703703703704,0.654320987654,0.142857142857,0.277350098113,0.111111111111,94,85,9,0,94,0,85,0,9,23,88,0.173913043478,1.68507579377,7.65217391304,7.33333333333,5.5,3.63829000359,0.475458352741,0.249505928854,5.32278271304,1.39118184545,0.672924901186,3.27042079462,0.854769071322,0.442687747036,0.749191304359,0.444603920564,2.5,1.68507579377,0.749191304359,2.5,0.259446613992,0.18878248974,46,0.025974025974,0.333144633145,23,23,23,1,0,0.478260869565,0.217391304348,0.304347826087,23,0.156126482213,1.6448171796,6.86956521739,7.18181818182,4.9375,3.42854790129,0.499092416011,0.272977435333,4.85073646664,1.41223973079,0.685745734728,2.95151866852,0.859302903492,0.464501926252,0.761396189594,0.462906272525,2.5,1.6741270514,0.765918146865,2.5,0.250583002856,0.177065767285,35,0.0197628458498,0.308885659795,23,22,22,0.95652173913,0,0.478260869565,0.217391304348,0.260869565217,23,80,0.158102766798,1.64403193425,6.95652173913,7.27272727273,5,3.49646913939,0.502617438787,0.273369565217,4.94395466677,1.4213869667,0.689130434783,2.98282302552,0.857561619837,0.461956521739,0.760749647595,0.462734106161,2.5,1.67330611308,0.765277725516,2.5,0.260331083058,0.186579378069,38,0.0214568040655,0.314153725063,23,22,22,0.95652173913,0,0.478260869565,0.217391304348,0.260869565217,-8,-0.0158102766798,-0.0410438595221,-0.695652173913,-0.0606060606061,-0.5,-0.141820864199,0.0271590860455,0.0238636363636,-0.378828046278,0.0302051212406,0.0162055335968,-0.287597769103,0.00279254851508,0.0192687747036,0.0115583432358,0.0181301855965,0,-0.0117696806926,0.0160864211572,0,0.000884469066287,-0.00220311167134,-8,-0.00451722190853,-0.0189909080818,0,0,-0.0434782608696,80,0,8,418,0.909090909091,1,0,0.0909090909091,1,0.909090909091,0.952380952381,0.944467458064,0.909090909091,0.909090909091,1,9,0,10,2,10
227,WLNM_dir_neg_kfold,0.956790123457,0.818181818182,00:00:01,10,90,6,14351,threshold_sweep,0.2,1,0.111111111111,0.2,1,0,8,18,0.111111111111,1,0,0.888888888889,1,0.111111111111,0.2,0.703703703704,0.654320987654,0.142857142857,0.277350098113,0.111111111111,94,85,9,0,94,0,85,0,9,23,88,0.173913043478,1.68507579377,7.65217391304,7.33333333333,5.5,3.63829000359,0.475458352741,0.249505928854,5.32278271304,1.39118184545,0.672924901186,3.27042079462,0.854769071322,0.442687747036,0.749191304359,0.444603920564,2.5,1.68507579377,0.749191304359,2.5,0.259446613992,0.18878248974,46,0.025974025974,0.333144633145,23,23,23,1,0,0.478260869565,0.217391304348,0.304347826087,23,0.156126482213,1.6448171796,6.86956521739,7.18181818182,4.9375,3.42854790129,0.499092416011,0.272977435333,4.85073646664,1.41223973079,0.685745734728,2.95151866852,0.859302903492,0.464501926252,0.761396189594,0.462906272525,2.5,1.6741270514,0.765918146865,2.5,0.250583002856,0.177065767285,35,0.0197628458498,0.308885659795,23,22,22,0.95652173913,0,0.478260869565,0.217391304348,0.260869565217,23,80,0.158102766798,1.64403193425,6.95652173913,7.27272727273,5,3.49646913939,0.502617438787,0.273369565217,4.94395466677,1.4213869667,0.689130434783,2.98282302552,0.857561619837,0.461956521739,0.760749647595,0.462734106161,2.5,1.67330611308,0.765277725516,2.5,0.260331083058,0.186579378069,38,0.0214568040655,0.314153725063,23,22,22,0.95652173913,0,0.478260869565,0.217391304348,0.260869565217,-8,-0.0158102766798,-0.0410438595221,-0.695652173913,-0.0606060606061,-0.5,-0.141820864199,0.0271590860455,0.0238636363636,-0.378828046278,0.0302051212406,0.0162055335968,-0.287597769103,0.00279254851508,0.0192687747036,0.0115583432358,0.0181301855965,0,-0.0117696806926,0.0160864211572,0,0.000884469066287,-0.00220311167134,-8,-0.00451722190853,-0.0189909080818,0,0,-0.0434782608696,80,0,8,418,0.909090909091,1,0,0.0909090909091,1,0.909090909091,0.952380952381,0.944467458064,0.909090909091,0.909090909091,1,9,0,10,2,10
228,WLNM_dir_neg_kfold,0.956790123457,0.818181818182,00:00:01,10,90,6,14351,threshold_sweep,0.3,1,0.111111111111,0.2,1,0,8,18,0.111111111111,1,0,0.888888888889,1,0.111111111111,0.2,0.703703703704,0.654320987654,0.142857142857,0.277350098113,0.111111111111,94,85,9,0,94,0,85,0,9,23,88,0.173913043478,1.68507579377,7.65217391304,7.33333333333,5.5,3.63829000359,0.475458352741,0.249505928854,5.32278271304,1.39118184545,0.672924901186,3.27042079462,0.854769071322,0.442687747036,0.749191304359,0.444603920564,2.5,1.68507579377,0.749191304359,2.5,0.259446613992,0.18878248974,46,0.025974025974,0.333144633145,23,23,23,1,0,0.478260869565,0.217391304348,0.304347826087,23,0.156126482213,1.6448171796,6.86956521739,7.18181818182,4.9375,3.42854790129,0.499092416011,0.272977435333,4.85073646664,1.41223973079,0.685745734728,2.95151866852,0.859302903492,0.464501926252,0.761396189594,0.462906272525,2.5,1.6741270514,0.765918146865,2.5,0.250583002856,0.177065767285,35,0.0197628458498,0.308885659795,23,22,22,0.95652173913,0,0.478260869565,0.217391304348,0.260869565217,23,80,0.158102766798,1.64403193425,6.95652173913,7.27272727273,5,3.49646913939,0.502617438787,0.273369565217,4.94395466677,1.4213869667,0.689130434783,2.98282302552,0.857561619837,0.461956521739,0.760749647595,0.462734106161,2.5,1.67330611308,0.765277725516,2.5,0.260331083058,0.186579378069,38,0.0214568040655,0.314153725063,23,22,22,0.95652173913,0,0.478260869565,0.217391304348,0.260869565217,-8,-0.0158102766798,-0.0410438595221,-0.695652173913,-0.0606060606061,-0.5,-0.141820864199,0.0271590860455,0.0238636363636,-0.378828046278,0.0302051212406,0.0162055335968,-0.287597769103,0.00279254851508,0.0192687747036,0.0115583432358,0.0181301855965,0,-0.0117696806926,0.0160864211572,0,0.000884469066287,-0.00220311167134,-8,-0.00451722190853,-0.0189909080818,0,0,-0.0434782608696,80,0,8,418,0.909090909091,1,0,0.0909090909091,1,0.909090909091,0.952380952381,0.944467458064,0.909090909091,0.909090909091,1,9,0,10,2,10
229,WLNM_dir_neg_kfold,0.956790123457,0.818181818182,00:00:01,10,90,6,14351,threshold_sweep,0.4,1,0.111111111111,0.2,1,0,8,18,0.111111111111,1,0,0.888888888889,1,0.111111111111,0.2,0.703703703704,0.654320987654,0.142857142857,0.277350098113,0.111111111111,94,85,9,0,94,0,85,0,9,23,88,0.173913043478,1.68507579377,7.65217391304,7.33333333333,5.5,3.63829000359,0.475458352741,0.249505928854,5.32278271304,1.39118184545,0.672924901186,3.27042079462,0.854769071322,0.442687747036,0.749191304359,0.444603920564,2.5,1.68507579377,0.749191304359,2.5,0.259446613992,0.18878248974,46,0.025974025974,0.333144633145,23,23,23,1,0,0.478260869565,0.217391304348,0.304347826087,23,0.156126482213,1.6448171796,6.86956521739,7.18181818182,4.9375,3.42854790129,0.499092416011,0.272977435333,4.85073646664,1.41223973079,0.685745734728,2.95151866852,0.859302903492,0.464501926252,0.761396189594,0.462906272525,2.5,1.6741270514,0.765918146865,2.5,0.250583002856,0.177065767285,35,0.0197628458498,0.308885659795,23,22,22,0.95652173913,0,0.478260869565,0.217391304348,0.260869565217,23,80,0.158102766798,1.64403193425,6.95652173913,7.27272727273,5,3.49646913939,0.502617438787,0.273369565217,4.94395466677,1.4213869667,0.689130434783,2.98282302552,0.857561619837,0.461956521739,0.760749647595,0.462734106161,2.5,1.67330611308,0.765277725516,2.5,0.260331083058,0.186579378069,38,0.0214568040655,0.314153725063,23,22,22,0.95652173913,0,0.478260869565,0.217391304348,0.260869565217,-8,-0.0158102766798,-0.0410438595221,-0.695652173913,-0.0606060606061,-0.5,-0.141820864199,0.0271590860455,0.0238636363636,-0.378828046278,0.0302051212406,0.0162055335968,-0.287597769103,0.00279254851508,0.0192687747036,0.0115583432358,0.0181301855965,0,-0.0117696806926,0.0160864211572,0,0.000884469066287,-0.00220311167134,-8,-0.00451722190853,-0.0189909080818,0,0,-0.0434782608696,80,0,8,418,0.909090909091,1,0,0.0909090909091,1,0.909090909091,0.952380952381,0.944467458064,0.909090909091,0.909090909091,1,9,0,10,2,10
230,WLNM_dir_neg_kfold,0.956790123457,0.818181818182,00:00:01,10,90,6,14351,threshold_sweep,0.5,1,0.111111111111,0.2,1,0,8,18,0.111111111111,1,0,0.888888888889,1,0.111111111111,0.2,0.703703703704,0.654320987654,0.142857142857,0.277350098113,0.111111111111,94,85,9,0,94,0,85,0,9,23,88,0.173913043478,1.68507579377,7.65217391304,7.33333333333,5.5,3.63829000359,0.475458352741,0.249505928854,5.32278271304,1.39118184545,0.672924901186,3.27042079462,0.854769071322,0.442687747036,0.749191304359,0.444603920564,2.5,1.68507579377,0.749191304359,2.5,0.259446613992,0.18878248974,46,0.025974025974,0.333144633145,23,23,23,1,0,0.478260869565,0.217391304348,0.304347826087,23,0.156126482213,1.6448171796,6.86956521739,7.18181818182,4.9375,3.42854790129,0.499092416011,0.272977435333,4.85073646664,1.41223973079,0.685745734728,2.95151866852,0.859302903492,0.464501926252,0.761396189594,0.462906272525,2.5,1.6741270514,0.765918146865,2.5,0.250583002856,0.177065767285,35,0.0197628458498,0.308885659795,23,22,22,0.95652173913,0,0.478260869565,0.217391304348,0.260869565217,23,80,0.158102766798,1.64403193425,6.95652173913,7.27272727273,5,3.49646913939,0.502617438787,0.273369565217,4.94395466677,1.4213869667,0.689130434783,2.98282302552,0.857561619837,0.461956521739,0.760749647595,0.462734106161,2.5,1.67330611308,0.765277725516,2.5,0.260331083058,0.186579378069,38,0.0214568040655,0.314153725063,23,22,22,0.95652173913,0,0.478260869565,0.217391304348,0.260869565217,-8,-0.0158102766798,-0.0410438595221,-0.695652173913,-0.0606060606061,-0.5,-0.141820864199,0.0271590860455,0.0238636363636,-0.378828046278,0.0302051212406,0.0162055335968,-0.287597769103,0.00279254851508,0.0192687747036,0.0115583432358,0.0181301855965,0,-0.0117696806926,0.0160864211572,0,0.000884469066287,-0.00220311167134,-8,-0.00451722190853,-0.0189909080818,0,0,-0.0434782608696,80,0,8,418,0.909090909091,1,0,0.0909090909091,1,0.909090909091,0.952380952381,0.944467458064,0.909090909091,0.909090909091,1,9,0,10,2,10
231,WLNM_dir_neg_kfold,0.956790123457,0.818181818182,00:00:01,10,90,6,14351,threshold_sweep,0.6,1,0.111111111111,0.2,1,0,8,18,0.111111111111,1,0,0.888888888889,1,0.111111111111,0.2,0.703703703704,0.654320987654,0.142857142857,0.277350098113,0.111111111111,94,85,9,0,94,0,85,0,9,23,88,0.173913043478,1.68507579377,7.65217391304,7.33333333333,5.5,3.63829000359,0.475458352741,0.249505928854,5.32278271304,1.39118184545,0.672924901186,3.27042079462,0.854769071322,0.442687747036,0.749191304359,0.444603920564,2.5,1.68507579377,0.749191304359,2.5,0.259446613992,0.18878248974,46,0.025974025974,0.333144633145,23,23,23,1,0,0.478260869565,0.217391304348,0.304347826087,23,0.156126482213,1.6448171796,6.86956521739,7.18181818182,4.9375,3.42854790129,0.499092416011,0.272977435333,4.85073646664,1.41223973079,0.685745734728,2.95151866852,0.859302903492,0.464501926252,0.761396189594,0.462906272525,2.5,1.6741270514,0.765918146865,2.5,0.250583002856,0.177065767285,35,0.0197628458498,0.308885659795,23,22,22,0.95652173913,0,0.478260869565,0.217391304348,0.260869565217,23,80,0.158102766798,1.64403193425,6.95652173913,7.27272727273,5,3.49646913939,0.502617438787,0.273369565217,4.94395466677,1.4213869667,0.689130434783,2.98282302552,0.857561619837,0.461956521739,0.760749647595,0.462734106161,2.5,1.67330611308,0.765277725516,2.5,0.260331083058,0.186579378069,38,0.0214568040655,0.314153725063,23,22,22,0.95652173913,0,0.478260869565,0.217391304348,0.260869565217,-8,-0.0158102766798,-0.0410438595221,-0.695652173913,-0.0606060606061,-0.5,-0.141820864199,0.0271590860455,0.0238636363636,-0.378828046278,0.0302051212406,0.0162055335968,-0.287597769103,0.00279254851508,0.0192687747036,0.0115583432358,0.0181301855965,0,-0.0117696806926,0.0160864211572,0,0.000884469066287,-0.00220311167134,-8,-0.00451722190853,-0.0189909080818,0,0,-0.0434782608696,80,0,8,418,0.909090909091,1,0,0.0909090909091,1,0.909090909091,0.952380952381,0.944467458064,0.909090909091,0.909090909091,1,9,0,10,2,10
232,WLNM_dir_neg_kfold,0.956790123457,0.818181818182,00:00:01,10,90,6,14351,threshold_sweep,0.7,1,0.111111111111,0.2,1,0,8,18,0.111111111111,1,0,0.888888888889,1,0.111111111111,0.2,0.703703703704,0.654320987654,0.142857142857,0.277350098113,0.111111111111,94,85,9,0,94,0,85,0,9,23,88,0.173913043478,1.68507579377,7.65217391304,7.33333333333,5.5,3.63829000359,0.475458352741,0.249505928854,5.32278271304,1.39118184545,0.672924901186,3.27042079462,0.854769071322,0.442687747036,0.749191304359,0.444603920564,2.5,1.68507579377,0.749191304359,2.5,0.259446613992,0.18878248974,46,0.025974025974,0.333144633145,23,23,23,1,0,0.478260869565,0.217391304348,0.304347826087,23,0.156126482213,1.6448171796,6.86956521739,7.18181818182,4.9375,3.42854790129,0.499092416011,0.272977435333,4.85073646664,1.41223973079,0.685745734728,2.95151866852,0.859302903492,0.464501926252,0.761396189594,0.462906272525,2.5,1.6741270514,0.765918146865,2.5,0.250583002856,0.177065767285,35,0.0197628458498,0.308885659795,23,22,22,0.95652173913,0,0.478260869565,0.217391304348,0.260869565217,23,80,0.158102766798,1.64403193425,6.95652173913,7.27272727273,5,3.49646913939,0.502617438787,0.273369565217,4.94395466677,1.4213869667,0.689130434783,2.98282302552,0.857561619837,0.461956521739,0.760749647595,0.462734106161,2.5,1.67330611308,0.765277725516,2.5,0.260331083058,0.186579378069,38,0.0214568040655,0.314153725063,23,22,22,0.95652173913,0,0.478260869565,0.217391304348,0.260869565217,-8,-0.0158102766798,-0.0410438595221,-0.695652173913,-0.0606060606061,-0.5,-0.141820864199,0.0271590860455,0.0238636363636,-0.378828046278,0.0302051212406,0.0162055335968,-0.287597769103,0.00279254851508,0.0192687747036,0.0115583432358,0.0181301855965,0,-0.0117696806926,0.0160864211572,0,0.000884469066287,-0.00220311167134,-8,-0.00451722190853,-0.0189909080818,0,0,-0.0434782608696,80,0,8,418,0.909090909091,1,0,0.0909090909091,1,0.909090909091,0.952380952381,0.944467458064,0.909090909091,0.909090909091,1,9,0,10,2,10
233,WLNM_dir_neg_kfold,0.956790123457,0.818181818182,00:00:01,10,90,6,14351,threshold_sweep,0.8,1,0.111111111111,0.2,1,0,8,18,0.111111111111,1,0,0.888888888889,1,0.111111111111,0.2,0.703703703704,0.654320987654,0.142857142857,0.277350098113,0.111111111111,94,85,9,0,94,0,85,0,9,23,88,0.173913043478,1.68507579377,7.65217391304,7.33333333333,5.5,3.63829000359,0.475458352741,0.249505928854,5.32278271304,1.39118184545,0.672924901186,3.27042079462,0.854769071322,0.442687747036,0.749191304359,0.444603920564,2.5,1.68507579377,0.749191304359,2.5,0.259446613992,0.18878248974,46,0.025974025974,0.333144633145,23,23,23,1,0,0.478260869565,0.217391304348,0.304347826087,23,0.156126482213,1.6448171796,6.86956521739,7.18181818182,4.9375,3.42854790129,0.499092416011,0.272977435333,4.85073646664,1.41223973079,0.685745734728,2.95151866852,0.859302903492,0.464501926252,0.761396189594,0.462906272525,2.5,1.6741270514,0.765918146865,2.5,0.250583002856,0.177065767285,35,0.0197628458498,0.308885659795,23,22,22,0.95652173913,0,0.478260869565,0.217391304348,0.260869565217,23,80,0.158102766798,1.64403193425,6.95652173913,7.27272727273,5,3.49646913939,0.502617438787,0.273369565217,4.94395466677,1.4213869667,0.689130434783,2.98282302552,0.857561619837,0.461956521739,0.760749647595,0.462734106161,2.5,1.67330611308,0.765277725516,2.5,0.260331083058,0.186579378069,38,0.0214568040655,0.314153725063,23,22,22,0.95652173913,0,0.478260869565,0.217391304348,0.260869565217,-8,-0.0158102766798,-0.0410438595221,-0.695652173913,-0.0606060606061,-0.5,-0.141820864199,0.0271590860455,0.0238636363636,-0.378828046278,0.0302051212406,0.0162055335968,-0.287597769103,0.00279254851508,0.0192687747036,0.0115583432358,0.0181301855965,0,-0.0117696806926,0.0160864211572,0,0.000884469066287,-0.00220311167134,-8,-0.00451722190853,-0.0189909080818,0,0,-0.0434782608696,80,0,8,418,0.909090909091,1,0,0.0909090909091,1,0.909090909091,0.952380952381,0.944467458064,0.909090909091,0.909090909091,1,9,0,10,2,10
234,WLNM_dir_neg_kfold,0.956790123457,0.818181818182,00:00:01,10,90,6,14351,threshold_sweep,0.9,1,0.111111111111,0.2,1,0,8,18,0.111111111111,1,0,0.888888888889,1,0.111111111111,0.2,0.703703703704,0.654320987654,0.142857142857,0.277350098113,0.111111111111,94,85,9,0,94,0,85,0,9,23,88,0.173913043478,1.68507579377,7.65217391304,7.33333333333,5.5,3.63829000359,0.475458352741,0.249505928854,5.32278271304,1.39118184545,0.672924901186,3.27042079462,0.854769071322,0.442687747036,0.749191304359,0.444603920564,2.5,1.68507579377,0.749191304359,2.5,0.259446613992,0.18878248974,46,0.025974025974,0.333144633145,23,23,23,1,0,0.478260869565,0.217391304348,0.304347826087,23,0.156126482213,1.6448171796,6.86956521739,7.18181818182,4.9375,3.42854790129,0.499092416011,0.272977435333,4.85073646664,1.41223973079,0.685745734728,2.95151866852,0.859302903492,0.464501926252,0.761396189594,0.462906272525,2.5,1.6741270514,0.765918146865,2.5,0.250583002856,0.177065767285,35,0.0197628458498,0.308885659795,23,22,22,0.95652173913,0,0.478260869565,0.217391304348,0.260869565217,23,80,0.158102766798,1.64403193425,6.95652173913,7.27272727273,5,3.49646913939,0.502617438787,0.273369565217,4.94395466677,1.4213869667,0.689130434783,2.98282302552,0.857561619837,0.461956521739,0.760749647595,0.462734106161,2.5,1.67330611308,0.765277725516,2.5,0.260331083058,0.186579378069,38,0.0214568040655,0.314153725063,23,22,22,0.95652173913,0,0.478260869565,0.217391304348,0.260869565217,-8,-0.0158102766798,-0.0410438595221,-0.695652173913,-0.0606060606061,-0.5,-0.141820864199,0.0271590860455,0.0238636363636,-0.378828046278,0.0302051212406,0.0162055335968,-0.287597769103,0.00279254851508,0.0192687747036,0.0115583432358,0.0181301855965,0,-0.0117696806926,0.0160864211572,0,0.000884469066287,-0.00220311167134,-8,-0.00451722190853,-0.0189909080818,0,0,-0.0434782608696,80,0,8,418,0.909090909091,1,0,0.0909090909091,1,0.909090909091,0.952380952381,0.944467458064,0.909090909091,0.909090909091,1,9,0,10,2,10
235,WLNM_dir_neg_kfold,0.913580246914,0.769230769231,00:00:01,10,90,7,14352,threshold_sweep,0.1,1,0.222222222222,0.363636363636,2,0,7,18,0.222222222222,1,0,0.777777777778,1,0.222222222222,0.363636363636,0.740740740741,0.641975308642,0.275862068966,0.4,0.222222222222,94,85,9,0,94,0,85,0,9,23,88,0.173913043478,1.68507579377,7.65217391304,7.33333333333,5.5,3.63829000359,0.475458352741,0.249505928854,5.32278271304,1.39118184545,0.672924901186,3.27042079462,0.854769071322,0.442687747036,0.749191304359,0.444603920564,2.5,1.68507579377,0.749191304359,2.5,0.259446613992,0.18878248974,46,0.025974025974,0.333144633145,23,23,23,1,0,0.478260869565,0.217391304348,0.304347826087,23,0.156126482213,1.6448171796,6.86956521739,7.18181818182,4.9375,3.42854790129,0.499092416011,0.272977435333,4.85073646664,1.41223973079,0.685745734728,2.95151866852,0.859302903492,0.464501926252,0.761396189594,0.462906272525,2.5,1.6741270514,0.765918146865,2.5,0.250583002856,0.177065767285,35,0.0197628458498,0.308885659795,23,22,22,0.95652173913,0,0.478260869565,0.217391304348,0.260869565217,23,81,0.160079051383,1.68751019512,7.04347826087,6.75,5.0625,3.39087359178,0.481420324759,0.26140633387,4.91629540145,1.39598511399,0.680622651637,3.01314642581,0.855584787577,0.458400429415,0.750779547887,0.444903710839,2.5,1.68751019512,0.750779547887,2.5,0.255785628513,0.185064935065,38,0.0214568040655,0.288382072473,23,23,23,1,0,0.478260869565,0.217391304348,0.304347826087,-7,-0.0138339920949,0.00243440134744,-0.608695652174,-0.583333333333,-0.4375,-0.247416411809,0.00596197201713,0.0119004050163,-0.406487311595,0.00480326853708,0.00769775045137,-0.25727436881,0.000815716254641,0.0157126823793,0.00158824352851,0.000299790274851,0,0.00243440134744,0.00158824352851,0,-0.00366098547917,-0.00371755467515,-8,-0.00451722190853,-0.0447625606717,0,0,0,81,0,7,418,0.920454545455,1,0,0.0795454545455,1,0.920454545455,0.958579881657,0.951469451768,0.920454545455,0.920454545455,2,9,0,10,2,10
236,WLNM_dir_neg_kfold,0.913580246914,0.769230769231,00:00:01,10,90,7,14352,threshold_sweep,0.2,1,0.222222222222,0.363636363636,2,0,7,18,0.222222222222,1,0,0.777777777778,1,0.222222222222,0.363636363636,0.740740740741,0.641975308642,0.275862068966,0.4,0.222222222222,94,85,9,0,94,0,85,0,9,23,88,0.173913043478,1.68507579377,7.65217391304,7.33333333333,5.5,3.63829000359,0.475458352741,0.249505928854,5.32278271304,1.39118184545,0.672924901186,3.27042079462,0.854769071322,0.442687747036,0.749191304359,0.444603920564,2.5,1.68507579377,0.749191304359,2.5,0.259446613992,0.18878248974,46,0.025974025974,0.333144633145,23,23,23,1,0,0.478260869565,0.217391304348,0.304347826087,23,0.156126482213,1.6448171796,6.86956521739,7.18181818182,4.9375,3.42854790129,0.499092416011,0.272977435333,4.85073646664,1.41223973079,0.685745734728,2.95151866852,0.859302903492,0.464501926252,0.761396189594,0.462906272525,2.5,1.6741270514,0.765918146865,2.5,0.250583002856,0.177065767285,35,0.0197628458498,0.308885659795,23,22,22,0.95652173913,0,0.478260869565,0.217391304348,0.260869565217,23,81,0.160079051383,1.68751019512,7.04347826087,6.75,5.0625,3.39087359178,0.481420324759,0.26140633387,4.91629540145,1.39598511399,0.680622651637,3.01314642581,0.855584787577,0.458400429415,0.750779547887,0.444903710839,2.5,1.68751019512,0.750779547887,2.5,0.255785628513,0.185064935065,38,0.0214568040655,0.288382072473,23,23,23,1,0,0.478260869565,0.217391304348,0.304347826087,-7,-0.0138339920949,0.00243440134744,-0.608695652174,-0.583333333333,-0.4375,-0.247416411809,0.00596197201713,0.0119004050163,-0.406487311595,0.00480326853708,0.00769775045137,-0.25727436881,0.000815716254641,0.0157126823793,0.00158824352851,0.000299790274851,0,0.00243440134744,0.00158824352851,0,-0.00366098547917,-0.00371755467515,-8,-0.00451722190853,-0.0447625606717,0,0,0,81,0,7,418,0.920454545455,1,0,0.0795454545455,1,0.920454545455,0.958579881657,0.951469451768,0.920454545455,0.920454545455,2,9,0,10,2,10
237,WLNM_dir_neg_kfold,0.913580246914,0.769230769231,00:00:01,10,90,7,14352,threshold_sweep,0.3,1,0.222222222222,0.363636363636,2,0,7,18,0.222222222222,1,0,0.777777777778,1,0.222222222222,0.363636363636,0.740740740741,0.641975308642,0.275862068966,0.4,0.222222222222,94,85,9,0,94,0,85,0,9,23,88,0.173913043478,1.68507579377,7.65217391304,7.33333333333,5.5,3.63829000359,0.475458352741,0.249505928854,5.32278271304,1.39118184545,0.672924901186,3.27042079462,0.854769071322,0.442687747036,0.749191304359,0.444603920564,2.5,1.68507579377,0.749191304359,2.5,0.259446613992,0.18878248974,46,0.025974025974,0.333144633145,23,23,23,1,0,0.478260869565,0.217391304348,0.304347826087,23,0.156126482213,1.6448171796,6.86956521739,7.18181818182,4.9375,3.42854790129,0.499092416011,0.272977435333,4.85073646664,1.41223973079,0.685745734728,2.95151866852,0.859302903492,0.464501926252,0.761396189594,0.462906272525,2.5,1.6741270514,0.765918146865,2.5,0.250583002856,0.177065767285,35,0.0197628458498,0.308885659795,23,22,22,0.95652173913,0,0.478260869565,0.217391304348,0.260869565217,23,81,0.160079051383,1.68751019512,7.04347826087,6.75,5.0625,3.39087359178,0.481420324759,0.26140633387,4.91629540145,1.39598511399,0.680622651637,3.01314642581,0.855584787577,0.458400429415,0.750779547887,0.444903710839,2.5,1.68751019512,0.750779547887,2.5,0.255785628513,0.185064935065,38,0.0214568040655,0.288382072473,23,23,23,1,0,0.478260869565,0.217391304348,0.304347826087,-7,-0.0138339920949,0.00243440134744,-0.608695652174,-0.583333333333,-0.4375,-0.247416411809,0.00596197201713,0.0119004050163,-0.406487311595,0.00480326853708,0.00769775045137,-0.25727436881,0.000815716254641,0.0157126823793,0.00158824352851,0.000299790274851,0,0.00243440134744,0.00158824352851,0,-0.00366098547917,-0.00371755467515,-8,-0.00451722190853,-0.0447625606717,0,0,0,81,0,7,418,0.920454545455,1,0,0.0795454545455,1,0.920454545455,0.958579881657,0.951469451768,0.920454545455,0.920454545455,2,9,0,10,2,10
238,WLNM_dir_neg_kfold,0.913580246914,0.769230769231,00:00:01,10,90,7,14352,threshold_sweep,0.4,1,0.222222222222,0.363636363636,2,0,7,18,0.222222222222,1,0,0.777777777778,1,0.222222222222,0.363636363636,0.740740740741,0.641975308642,0.275862068966,0.4,0.222222222222,94,85,9,0,94,0,85,0,9,23,88,0.173913043478,1.68507579377,7.65217391304,7.33333333333,5.5,3.63829000359,0.475458352741,0.249505928854,5.32278271304,1.39118184545,0.672924901186,3.27042079462,0.854769071322,0.442687747036,0.749191304359,0.444603920564,2.5,1.68507579377,0.749191304359,2.5,0.259446613992,0.18878248974,46,0.025974025974,0.333144633145,23,23,23,1,0,0.478260869565,0.217391304348,0.304347826087,23,0.156126482213,1.6448171796,6.86956521739,7.18181818182,4.9375,3.42854790129,0.499092416011,0.272977435333,4.85073646664,1.41223973079,0.685745734728,2.95151866852,0.859302903492,0.464501926252,0.761396189594,0.462906272525,2.5,1.6741270514,0.765918146865,2.5,0.250583002856,0.177065767285,35,0.0197628458498,0.308885659795,23,22,22,0.95652173913,0,0.478260869565,0.217391304348,0.260869565217,23,81,0.160079051383,1.68751019512,7.04347826087,6.75,5.0625,3.39087359178,0.481420324759,0.26140633387,4.91629540145,1.39598511399,0.680622651637,3.01314642581,0.855584787577,0.458400429415,0.750779547887,0.444903710839,2.5,1.68751019512,0.750779547887,2.5,0.255785628513,0.185064935065,38,0.0214568040655,0.288382072473,23,23,23,1,0,0.478260869565,0.217391304348,0.304347826087,-7,-0.0138339920949,0.00243440134744,-0.608695652174,-0.583333333333,-0.4375,-0.247416411809,0.00596197201713,0.0119004050163,-0.406487311595,0.00480326853708,0.00769775045137,-0.25727436881,0.000815716254641,0.0157126823793,0.00158824352851,0.000299790274851,0,0.00243440134744,0.00158824352851,0,-0.00366098547917,-0.00371755467515,-8,-0.00451722190853,-0.0447625606717,0,0,0,81,0,7,418,0.920454545455,1,0,0.0795454545455,1,0.920454545455,0.958579881657,0.951469451768,0.920454545455,0.920454545455,2,9,0,10,2,10
239,WLNM_dir_neg_kfold,0.913580246914,0.769230769231,00:00:01,10,90,7,14352,threshold_sweep,0.5,1,0.222222222222,0.363636363636,2,0,7,18,0.222222222222,1,0,0.777777777778,1,0.222222222222,0.363636363636,0.740740740741,0.641975308642,0.275862068966,0.4,0.222222222222,94,85,9,0,94,0,85,0,9,23,88,0.173913043478,1.68507579377,7.65217391304,7.33333333333,5.5,3.63829000359,0.475458352741,0.249505928854,5.32278271304,1.39118184545,0.672924901186,3.27042079462,0.854769071322,0.442687747036,0.749191304359,0.444603920564,2.5,1.68507579377,0.749191304359,2.5,0.259446613992,0.18878248974,46,0.025974025974,0.333144633145,23,23,23,1,0,0.478260869565,0.217391304348,0.304347826087,23,0.156126482213,1.6448171796,6.86956521739,7.18181818182,4.9375,3.42854790129,0.499092416011,0.272977435333,4.85073646664,1.41223973079,0.685745734728,2.95151866852,0.859302903492,0.464501926252,0.761396189594,0.462906272525,2.5,1.6741270514,0.765918146865,2.5,0.250583002856,0.177065767285,35,0.0197628458498,0.308885659795,23,22,22,0.95652173913,0,0.478260869565,0.217391304348,0.260869565217,23,81,0.160079051383,1.68751019512,7.04347826087,6.75,5.0625,3.39087359178,0.481420324759,0.26140633387,4.91629540145,1.39598511399,0.680622651637,3.01314642581,0.855584787577,0.458400429415,0.750779547887,0.444903710839,2.5,1.68751019512,0.750779547887,2.5,0.255785628513,0.185064935065,38,0.0214568040655,0.288382072473,23,23,23,1,0,0.478260869565,0.217391304348,0.304347826087,-7,-0.0138339920949,0.00243440134744,-0.608695652174,-0.583333333333,-0.4375,-0.247416411809,0.00596197201713,0.0119004050163,-0.406487311595,0.00480326853708,0.00769775045137,-0.25727436881,0.000815716254641,0.0157126823793,0.00158824352851,0.000299790274851,0,0.00243440134744,0.00158824352851,0,-0.00366098547917,-0.00371755467515,-8,-0.00451722190853,-0.0447625606717,0,0,0,81,0,7,418,0.920454545455,1,0,0.0795454545455,1,0.920454545455,0.958579881657,0.951469451768,0.920454545455,0.920454545455,2,9,0,10,2,10
240,WLNM_dir_neg_kfold,0.913580246914,0.769230769231,00:00:01,10,90,7,14352,threshold_sweep,0.6,1,0.222222222222,0.363636363636,2,0,7,18,0.222222222222,1,0,0.777777777778,1,0.222222222222,0.363636363636,0.740740740741,0.641975308642,0.275862068966,0.4,0.222222222222,94,85,9,0,94,0,85,0,9,23,88,0.173913043478,1.68507579377,7.65217391304,7.33333333333,5.5,3.63829000359,0.475458352741,0.249505928854,5.32278271304,1.39118184545,0.672924901186,3.27042079462,0.854769071322,0.442687747036,0.749191304359,0.444603920564,2.5,1.68507579377,0.749191304359,2.5,0.259446613992,0.18878248974,46,0.025974025974,0.333144633145,23,23,23,1,0,0.478260869565,0.217391304348,0.304347826087,23,0.156126482213,1.6448171796,6.86956521739,7.18181818182,4.9375,3.42854790129,0.499092416011,0.272977435333,4.85073646664,1.41223973079,0.685745734728,2.95151866852,0.859302903492,0.464501926252,0.761396189594,0.462906272525,2.5,1.6741270514,0.765918146865,2.5,0.250583002856,0.177065767285,35,0.0197628458498,0.308885659795,23,22,22,0.95652173913,0,0.478260869565,0.217391304348,0.260869565217,23,81,0.160079051383,1.68751019512,7.04347826087,6.75,5.0625,3.39087359178,0.481420324759,0.26140633387,4.91629540145,1.39598511399,0.680622651637,3.01314642581,0.855584787577,0.458400429415,0.750779547887,0.444903710839,2.5,1.68751019512,0.750779547887,2.5,0.255785628513,0.185064935065,38,0.0214568040655,0.288382072473,23,23,23,1,0,0.478260869565,0.217391304348,0.304347826087,-7,-0.0138339920949,0.00243440134744,-0.608695652174,-0.583333333333,-0.4375,-0.247416411809,0.00596197201713,0.0119004050163,-0.406487311595,0.00480326853708,0.00769775045137,-0.25727436881,0.000815716254641,0.0157126823793,0.00158824352851,0.000299790274851,0,0.00243440134744,0.00158824352851,0,-0.00366098547917,-0.00371755467515,-8,-0.00451722190853,-0.0447625606717,0,0,0,81,0,7,418,0.920454545455,1,0,0.0795454545455,1,0.920454545455,0.958579881657,0.951469451768,0.920454545455,0.920454545455,2,9,0,10,2,10
241,WLNM_dir_neg_kfold,0.913580246914,0.769230769231,00:00:01,10,90,7,14352,threshold_sweep,0.7,1,0.222222222222,0.363636363636,2,0,7,18,0.222222222222,1,0,0.777777777778,1,0.222222222222,0.363636363636,0.740740740741,0.641975308642,0.275862068966,0.4,0.222222222222,94,85,9,0,94,0,85,0,9,23,88,0.173913043478,1.68507579377,7.65217391304,7.33333333333,5.5,3.63829000359,0.475458352741,0.249505928854,5.32278271304,1.39118184545,0.672924901186,3.27042079462,0.854769071322,0.442687747036,0.749191304359,0.444603920564,2.5,1.68507579377,0.749191304359,2.5,0.259446613992,0.18878248974,46,0.025974025974,0.333144633145,23,23,23,1,0,0.478260869565,0.217391304348,0.304347826087,23,0.156126482213,1.6448171796,6.86956521739,7.18181818182,4.9375,3.42854790129,0.499092416011,0.272977435333,4.85073646664,1.41223973079,0.685745734728,2.95151866852,0.859302903492,0.464501926252,0.761396189594,0.462906272525,2.5,1.6741270514,0.765918146865,2.5,0.250583002856,0.177065767285,35,0.0197628458498,0.308885659795,23,22,22,0.95652173913,0,0.478260869565,0.217391304348,0.260869565217,23,81,0.160079051383,1.68751019512,7.04347826087,6.75,5.0625,3.39087359178,0.481420324759,0.26140633387,4.91629540145,1.39598511399,0.680622651637,3.01314642581,0.855584787577,0.458400429415,0.750779547887,0.444903710839,2.5,1.68751019512,0.750779547887,2.5,0.255785628513,0.185064935065,38,0.0214568040655,0.288382072473,23,23,23,1,0,0.478260869565,0.217391304348,0.304347826087,-7,-0.0138339920949,0.00243440134744,-0.608695652174,-0.583333333333,-0.4375,-0.247416411809,0.00596197201713,0.0119004050163,-0.406487311595,0.00480326853708,0.00769775045137,-0.25727436881,0.000815716254641,0.0157126823793,0.00158824352851,0.000299790274851,0,0.00243440134744,0.00158824352851,0,-0.00366098547917,-0.00371755467515,-8,-0.00451722190853,-0.0447625606717,0,0,0,81,0,7,418,0.920454545455,1,0,0.0795454545455,1,0.920454545455,0.958579881657,0.951469451768,0.920454545455,0.920454545455,2,9,0,10,2,10
242,WLNM_dir_neg_kfold,0.913580246914,0.769230769231,00:00:01,10,90,7,14352,threshold_sweep,0.8,1,0.222222222222,0.363636363636,2,0,7,18,0.222222222222,1,0,0.777777777778,1,0.222222222222,0.363636363636,0.740740740741,0.641975308642,0.275862068966,0.4,0.222222222222,94,85,9,0,94,0,85,0,9,23,88,0.173913043478,1.68507579377,7.65217391304,7.33333333333,5.5,3.63829000359,0.475458352741,0.249505928854,5.32278271304,1.39118184545,0.672924901186,3.27042079462,0.854769071322,0.442687747036,0.749191304359,0.444603920564,2.5,1.68507579377,0.749191304359,2.5,0.259446613992,0.18878248974,46,0.025974025974,0.333144633145,23,23,23,1,0,0.478260869565,0.217391304348,0.304347826087,23,0.156126482213,1.6448171796,6.86956521739,7.18181818182,4.9375,3.42854790129,0.499092416011,0.272977435333,4.85073646664,1.41223973079,0.685745734728,2.95151866852,0.859302903492,0.464501926252,0.761396189594,0.462906272525,2.5,1.6741270514,0.765918146865,2.5,0.250583002856,0.177065767285,35,0.0197628458498,0.308885659795,23,22,22,0.95652173913,0,0.478260869565,0.217391304348,0.260869565217,23,81,0.160079051383,1.68751019512,7.04347826087,6.75,5.0625,3.39087359178,0.481420324759,0.26140633387,4.91629540145,1.39598511399,0.680622651637,3.01314642581,0.855584787577,0.458400429415,0.750779547887,0.444903710839,2.5,1.68751019512,0.750779547887,2.5,0.255785628513,0.185064935065,38,0.0214568040655,0.288382072473,23,23,23,1,0,0.478260869565,0.217391304348,0.304347826087,-7,-0.0138339920949,0.00243440134744,-0.608695652174,-0.583333333333,-0.4375,-0.247416411809,0.00596197201713,0.0119004050163,-0.406487311595,0.00480326853708,0.00769775045137,-0.25727436881,0.000815716254641,0.0157126823793,0.00158824352851,0.000299790274851,0,0.00243440134744,0.00158824352851,0,-0.00366098547917,-0.00371755467515,-8,-0.00451722190853,-0.0447625606717,0,0,0,81,0,7,418,0.920454545455,1,0,0.0795454545455,1,0.920454545455,0.958579881657,0.951469451768,0.920454545455,0.920454545455,2,9,0,10,2,10
243,WLNM_dir_neg_kfold,0.913580246914,0.769230769231,00:00:01,10,90,7,14352,threshold_sweep,0.9,1,0.222222222222,0.363636363636,2,0,7,18,0.222222222222,1,0,0.777777777778,1,0.222222222222,0.363636363636,0.740740740741,0.641975308642,0.275862068966,0.4,0.222222222222,94,85,9,0,94,0,85,0,9,23,88,0.173913043478,1.68507579377,7.65217391304,7.33333333333,5.5,3.63829000359,0.475458352741,0.249505928854,5.32278271304,1.39118184545,0.672924901186,3.27042079462,0.854769071322,0.442687747036,0.749191304359,0.444603920564,2.5,1.68507579377,0.749191304359,2.5,0.259446613992,0.18878248974,46,0.025974025974,0.333144633145,23,23,23,1,0,0.478260869565,0.217391304348,0.304347826087,23,0.156126482213,1.6448171796,6.86956521739,7.18181818182,4.9375,3.42854790129,0.499092416011,0.272977435333,4.85073646664,1.41223973079,0.685745734728,2.95151866852,0.859302903492,0.464501926252,0.761396189594,0.462906272525,2.5,1.6741270514,0.765918146865,2.5,0.250583002856,0.177065767285,35,0.0197628458498,0.308885659795,23,22,22,0.95652173913,0,0.478260869565,0.217391304348,0.260869565217,23,81,0.160079051383,1.68751019512,7.04347826087,6.75,5.0625,3.39087359178,0.481420324759,0.26140633387,4.91629540145,1.39598511399,0.680622651637,3.01314642581,0.855584787577,0.458400429415,0.750779547887,0.444903710839,2.5,1.68751019512,0.750779547887,2.5,0.255785628513,0.185064935065,38,0.0214568040655,0.288382072473,23,23,23,1,0,0.478260869565,0.217391304348,0.304347826087,-7,-0.0138339920949,0.00243440134744,-0.608695652174,-0.583333333333,-0.4375,-0.247416411809,0.00596197201713,0.0119004050163,-0.406487311595,0.00480326853708,0.00769775045137,-0.25727436881,0.000815716254641,0.0157126823793,0.00158824352851,0.000299790274851,0,0.00243440134744,0.00158824352851,0,-0.00366098547917,-0.00371755467515,-8,-0.00451722190853,-0.0447625606717,0,0,0,81,0,7,418,0.920454545455,1,0,0.0795454545455,1,0.920454545455,0.958579881657,0.951469451768,0.920454545455,0.920454545455,2,9,0,10,2,10
244,WLNM_dir_neg_kfold,0.783950617284,0.474074074074,00:00:01,10,90,8,14353,threshold_sweep,0.1,1,0.222222222222,0.363636363636,2,0,7,18,0.222222222222,1,0,0.777777777778,1,0.222222222222,0.363636363636,0.740740740741,0.641975308642,0.275862068966,0.4,0.222222222222,94,85,9,0,94,0,85,0,9,23,88,0.173913043478,1.68507579377,7.65217391304,7.33333333333,5.5,3.63829000359,0.475458352741,0.249505928854,5.32278271304,1.39118184545,0.672924901186,3.27042079462,0.854769071322,0.442687747036,0.749191304359,0.444603920564,2.5,1.68507579377,0.749191304359,2.5,0.259446613992,0.18878248974,46,0.025974025974,0.333144633145,23,23,23,1,0,0.478260869565,0.217391304348,0.304347826087,23,0.156126482213,1.6448171796,6.86956521739,7.18181818182,4.9375,3.42854790129,0.499092416011,0.272977435333,4.85073646664,1.41223973079,0.685745734728,2.95151866852,0.859302903492,0.464501926252,0.761396189594,0.462906272525,2.5,1.6741270514,0.765918146865,2.5,0.250583002856,0.177065767285,35,0.0197628458498,0.308885659795,23,22,22,0.95652173913,0,0.478260869565,0.217391304348,0.260869565217,23,81,0.160079051383,1.68751019512,7.04347826087,6.75,5.0625,3.39087359178,0.481420324759,0.26140633387,4.91629540145,1.39598511399,0.680622651637,3.01314642581,0.855584787577,0.458400429415,0.750779547887,0.444903710839,2.5,1.68751019512,0.750779547887,2.5,0.255785628513,0.185064935065,38,0.0214568040655,0.288382072473,23,23,23,1,0,0.478260869565,0.217391304348,0.304347826087,-7,-0.0138339920949,0.00243440134744,-0.608695652174,-0.583333333333,-0.4375,-0.247416411809,0.00596197201713,0.0119004050163,-0.406487311595,0.00480326853708,0.00769775045137,-0.25727436881,0.000815716254641,0.0157126823793,0.00158824352851,0.000299790274851,0,0.00243440134744,0.00158824352851,0,-0.00366098547917,-0.00371755467515,-8,-0.00451722190853,-0.0447625606717,0,0,0,81,0,7,418,0.920454545455,1,0,0.0795454545455,1,0.920454545455,0.958579881657,0.951469451768,0.920454545455,0.920454545455,2,9,0,10,2,10
245,WLNM_dir_neg_kfold,0.783950617284,0.474074074074,00:00:01,10,90,8,14353,threshold_sweep,0.2,1,0.222222222222,0.363636363636,2,0,7,18,0.222222222222,1,0,0.777777777778,1,0.222222222222,0.363636363636,0.740740740741,0.641975308642,0.275862068966,0.4,0.222222222222,94,85,9,0,94,0,85,0,9,23,88,0.173913043478,1.68507579377,7.65217391304,7.33333333333,5.5,3.63829000359,0.475458352741,0.249505928854,5.32278271304,1.39118184545,0.672924901186,3.27042079462,0.854769071322,0.442687747036,0.749191304359,0.444603920564,2.5,1.68507579377,0.749191304359,2.5,0.259446613992,0.18878248974,46,0.025974025974,0.333144633145,23,23,23,1,0,0.478260869565,0.217391304348,0.304347826087,23,0.156126482213,1.6448171796,6.86956521739,7.18181818182,4.9375,3.42854790129,0.499092416011,0.272977435333,4.85073646664,1.41223973079,0.685745734728,2.95151866852,0.859302903492,0.464501926252,0.761396189594,0.462906272525,2.5,1.6741270514,0.765918146865,2.5,0.250583002856,0.177065767285,35,0.0197628458498,0.308885659795,23,22,22,0.95652173913,0,0.478260869565,0.217391304348,0.260869565217,23,81,0.160079051383,1.68751019512,7.04347826087,6.75,5.0625,3.39087359178,0.481420324759,0.26140633387,4.91629540145,1.39598511399,0.680622651637,3.01314642581,0.855584787577,0.458400429415,0.750779547887,0.444903710839,2.5,1.68751019512,0.750779547887,2.5,0.255785628513,0.185064935065,38,0.0214568040655,0.288382072473,23,23,23,1,0,0.478260869565,0.217391304348,0.304347826087,-7,-0.0138339920949,0.00243440134744,-0.608695652174,-0.583333333333,-0.4375,-0.247416411809,0.00596197201713,0.0119004050163,-0.406487311595,0.00480326853708,0.00769775045137,-0.25727436881,0.000815716254641,0.0157126823793,0.00158824352851,0.000299790274851,0,0.00243440134744,0.00158824352851,0,-0.00366098547917,-0.00371755467515,-8,-0.00451722190853,-0.0447625606717,0,0,0,81,0,7,418,0.920454545455,1,0,0.0795454545455,1,0.920454545455,0.958579881657,0.951469451768,0.920454545455,0.920454545455,2,9,0,10,2,10
246,WLNM_dir_neg_kfold,0.783950617284,0.474074074074,00:00:01,10,90,8,14353,threshold_sweep,0.3,1,0.222222222222,0.363636363636,2,0,7,18,0.222222222222,1,0,0.777777777778,1,0.222222222222,0.363636363636,0.740740740741,0.641975308642,0.275862068966,0.4,0.222222222222,94,85,9,0,94,0,85,0,9,23,88,0.173913043478,1.68507579377,7.65217391304,7.33333333333,5.5,3.63829000359,0.475458352741,0.249505928854,5.32278271304,1.39118184545,0.672924901186,3.27042079462,0.854769071322,0.442687747036,0.749191304359,0.444603920564,2.5,1.68507579377,0.749191304359,2.5,0.259446613992,0.18878248974,46,0.025974025974,0.333144633145,23,23,23,1,0,0.478260869565,0.217391304348,0.304347826087,23,0.156126482213,1.6448171796,6.86956521739,7.18181818182,4.9375,3.42854790129,0.499092416011,0.272977435333,4.85073646664,1.41223973079,0.685745734728,2.95151866852,0.859302903492,0.464501926252,0.761396189594,0.462906272525,2.5,1.6741270514,0.765918146865,2.5,0.250583002856,0.177065767285,35,0.0197628458498,0.308885659795,23,22,22,0.95652173913,0,0.478260869565,0.217391304348,0.260869565217,23,81,0.160079051383,1.68751019512,7.04347826087,6.75,5.0625,3.39087359178,0.481420324759,0.26140633387,4.91629540145,1.39598511399,0.680622651637,3.01314642581,0.855584787577,0.458400429415,0.750779547887,0.444903710839,2.5,1.68751019512,0.750779547887,2.5,0.255785628513,0.185064935065,38,0.0214568040655,0.288382072473,23,23,23,1,0,0.478260869565,0.217391304348,0.304347826087,-7,-0.0138339920949,0.00243440134744,-0.608695652174,-0.583333333333,-0.4375,-0.247416411809,0.00596197201713,0.0119004050163,-0.406487311595,0.00480326853708,0.00769775045137,-0.25727436881,0.000815716254641,0.0157126823793,0.00158824352851,0.000299790274851,0,0.00243440134744,0.00158824352851,0,-0.00366098547917,-0.00371755467515,-8,-0.00451722190853,-0.0447625606717,0,0,0,81,0,7,418,0.920454545455,1,0,0.0795454545455,1,0.920454545455,0.958579881657,0.951469451768,0.920454545455,0.920454545455,2,9,0,10,2,10
247,WLNM_dir_neg_kfold,0.783950617284,0.474074074074,00:00:01,10,90,8,14353,threshold_sweep,0.4,1,0.222222222222,0.363636363636,2,0,7,18,0.222222222222,1,0,0.777777777778,1,0.222222222222,0.363636363636,0.740740740741,0.641975308642,0.275862068966,0.4,0.222222222222,94,85,9,0,94,0,85,0,9,23,88,0.173913043478,1.68507579377,7.65217391304,7.33333333333,5.5,3.63829000359,0.475458352741,0.249505928854,5.32278271304,1.39118184545,0.672924901186,3.27042079462,0.854769071322,0.442687747036,0.749191304359,0.444603920564,2.5,1.68507579377,0.749191304359,2.5,0.259446613992,0.18878248974,46,0.025974025974,0.333144633145,23,23,23,1,0,0.478260869565,0.217391304348,0.304347826087,23,0.156126482213,1.6448171796,6.86956521739,7.18181818182,4.9375,3.42854790129,0.499092416011,0.272977435333,4.85073646664,1.41223973079,0.685745734728,2.95151866852,0.859302903492,0.464501926252,0.761396189594,0.462906272525,2.5,1.6741270514,0.765918146865,2.5,0.250583002856,0.177065767285,35,0.0197628458498,0.308885659795,23,22,22,0.95652173913,0,0.478260869565,0.217391304348,0.260869565217,23,81,0.160079051383,1.68751019512,7.04347826087,6.75,5.0625,3.39087359178,0.481420324759,0.26140633387,4.91629540145,1.39598511399,0.680622651637,3.01314642581,0.855584787577,0.458400429415,0.750779547887,0.444903710839,2.5,1.68751019512,0.750779547887,2.5,0.255785628513,0.185064935065,38,0.0214568040655,0.288382072473,23,23,23,1,0,0.478260869565,0.217391304348,0.304347826087,-7,-0.0138339920949,0.00243440134744,-0.608695652174,-0.583333333333,-0.4375,-0.247416411809,0.00596197201713,0.0119004050163,-0.406487311595,0.00480326853708,0.00769775045137,-0.25727436881,0.000815716254641,0.0157126823793,0.00158824352851,0.000299790274851,0,0.00243440134744,0.00158824352851,0,-0.00366098547917,-0.00371755467515,-8,-0.00451722190853,-0.0447625606717,0,0,0,81,0,7,418,0.920454545455,1,0,0.0795454545455,1,0.920454545455,0.958579881657,0.951469451768,0.920454545455,0.920454545455,2,9,0,10,2,10
248,WLNM_dir_neg_kfold,0.783950617284,0.474074074074,00:00:01,10,90,8,14353,threshold_sweep,0.5,1,0.222222222222,0.363636363636,2,0,7,18,0.222222222222,1,0,0.777777777778,1,0.222222222222,0.363636363636,0.740740740741,0.641975308642,0.275862068966,0.4,0.222222222222,94,85,9,0,94,0,85,0,9,23,88,0.173913043478,1.68507579377,7.65217391304,7.33333333333,5.5,3.63829000359,0.475458352741,0.249505928854,5.32278271304,1.39118184545,0.672924901186,3.27042079462,0.854769071322,0.442687747036,0.749191304359,0.444603920564,2.5,1.68507579377,0.749191304359,2.5,0.259446613992,0.18878248974,46,0.025974025974,0.333144633145,23,23,23,1,0,0.478260869565,0.217391304348,0.304347826087,23,0.156126482213,1.6448171796,6.86956521739,7.18181818182,4.9375,3.42854790129,0.499092416011,0.272977435333,4.85073646664,1.41223973079,0.685745734728,2.95151866852,0.859302903492,0.464501926252,0.761396189594,0.462906272525,2.5,1.6741270514,0.765918146865,2.5,0.250583002856,0.177065767285,35,0.0197628458498,0.308885659795,23,22,22,0.95652173913,0,0.478260869565,0.217391304348,0.260869565217,23,81,0.160079051383,1.68751019512,7.04347826087,6.75,5.0625,3.39087359178,0.481420324759,0.26140633387,4.91629540145,1.39598511399,0.680622651637,3.01314642581,0.855584787577,0.458400429415,0.750779547887,0.444903710839,2.5,1.68751019512,0.750779547887,2.5,0.255785628513,0.185064935065,38,0.0214568040655,0.288382072473,23,23,23,1,0,0.478260869565,0.217391304348,0.304347826087,-7,-0.0138339920949,0.00243440134744,-0.608695652174,-0.583333333333,-0.4375,-0.247416411809,0.00596197201713,0.0119004050163,-0.406487311595,0.00480326853708,0.00769775045137,-0.25727436881,0.000815716254641,0.0157126823793,0.00158824352851,0.000299790274851,0,0.00243440134744,0.00158824352851,0,-0.00366098547917,-0.00371755467515,-8,-0.00451722190853,-0.0447625606717,0,0,0,81,0,7,418,0.920454545455,1,0,0.0795454545455,1,0.920454545455,0.958579881657,0.951469451768,0.920454545455,0.920454545455,2,9,0,10,2,10
249,WLNM_dir_neg_kfold,0.783950617284,0.474074074074,00:00:01,10,90,8,14353,threshold_sweep,0.6,1,0.222222222222,0.363636363636,2,0,7,18,0.222222222222,1,0,0.777777777778,1,0.222222222222,0.363636363636,0.740740740741,0.641975308642,0.275862068966,0.4,0.222222222222,94,85,9,0,94,0,85,0,9,23,88,0.173913043478,1.68507579377,7.65217391304,7.33333333333,5.5,3.63829000359,0.475458352741,0.249505928854,5.32278271304,1.39118184545,0.672924901186,3.27042079462,0.854769071322,0.442687747036,0.749191304359,0.444603920564,2.5,1.68507579377,0.749191304359,2.5,0.259446613992,0.18878248974,46,0.025974025974,0.333144633145,23,23,23,1,0,0.478260869565,0.217391304348,0.304347826087,23,0.156126482213,1.6448171796,6.86956521739,7.18181818182,4.9375,3.42854790129,0.499092416011,0.272977435333,4.85073646664,1.41223973079,0.685745734728,2.95151866852,0.859302903492,0.464501926252,0.761396189594,0.462906272525,2.5,1.6741270514,0.765918146865,2.5,0.250583002856,0.177065767285,35,0.0197628458498,0.308885659795,23,22,22,0.95652173913,0,0.478260869565,0.217391304348,0.260869565217,23,81,0.160079051383,1.68751019512,7.04347826087,6.75,5.0625,3.39087359178,0.481420324759,0.26140633387,4.91629540145,1.39598511399,0.680622651637,3.01314642581,0.855584787577,0.458400429415,0.750779547887,0.444903710839,2.5,1.68751019512,0.750779547887,2.5,0.255785628513,0.185064935065,38,0.0214568040655,0.288382072473,23,23,23,1,0,0.478260869565,0.217391304348,0.304347826087,-7,-0.0138339920949,0.00243440134744,-0.608695652174,-0.583333333333,-0.4375,-0.247416411809,0.00596197201713,0.0119004050163,-0.406487311595,0.00480326853708,0.00769775045137,-0.25727436881,0.000815716254641,0.0157126823793,0.00158824352851,0.000299790274851,0,0.00243440134744,0.00158824352851,0,-0.00366098547917,-0.00371755467515,-8,-0.00451722190853,-0.0447625606717,0,0,0,81,0,7,418,0.920454545455,1,0,0.0795454545455,1,0.920454545455,0.958579881657,0.951469451768,0.920454545455,0.920454545455,2,9,0,10,2,10
250,WLNM_dir_neg_kfold,0.783950617284,0.474074074074,00:00:01,10,90,8,14353,threshold_sweep,0.7,1,0.222222222222,0.363636363636,2,0,7,18,0.222222222222,1,0,0.777777777778,1,0.222222222222,0.363636363636,0.740740740741,0.641975308642,0.275862068966,0.4,0.222222222222,94,85,9,0,94,0,85,0,9,23,88,0.173913043478,1.68507579377,7.65217391304,7.33333333333,5.5,3.63829000359,0.475458352741,0.249505928854,5.32278271304,1.39118184545,0.672924901186,3.27042079462,0.854769071322,0.442687747036,0.749191304359,0.444603920564,2.5,1.68507579377,0.749191304359,2.5,0.259446613992,0.18878248974,46,0.025974025974,0.333144633145,23,23,23,1,0,0.478260869565,0.217391304348,0.304347826087,23,0.156126482213,1.6448171796,6.86956521739,7.18181818182,4.9375,3.42854790129,0.499092416011,0.272977435333,4.85073646664,1.41223973079,0.685745734728,2.95151866852,0.859302903492,0.464501926252,0.761396189594,0.462906272525,2.5,1.6741270514,0.765918146865,2.5,0.250583002856,0.177065767285,35,0.0197628458498,0.308885659795,23,22,22,0.95652173913,0,0.478260869565,0.217391304348,0.260869565217,23,81,0.160079051383,1.68751019512,7.04347826087,6.75,5.0625,3.39087359178,0.481420324759,0.26140633387,4.91629540145,1.39598511399,0.680622651637,3.01314642581,0.855584787577,0.458400429415,0.750779547887,0.444903710839,2.5,1.68751019512,0.750779547887,2.5,0.255785628513,0.185064935065,38,0.0214568040655,0.288382072473,23,23,23,1,0,0.478260869565,0.217391304348,0.304347826087,-7,-0.0138339920949,0.00243440134744,-0.608695652174,-0.583333333333,-0.4375,-0.247416411809,0.00596197201713,0.0119004050163,-0.406487311595,0.00480326853708,0.00769775045137,-0.25727436881,0.000815716254641,0.0157126823793,0.00158824352851,0.000299790274851,0,0.00243440134744,0.00158824352851,0,-0.00366098547917,-0.00371755467515,-8,-0.00451722190853,-0.0447625606717,0,0,0,81,0,7,418,0.920454545455,1,0,0.0795454545455,1,0.920454545455,0.958579881657,0.951469451768,0.920454545455,0.920454545455,2,9,0,10,2,10
251,WLNM_dir_neg_kfold,0.783950617284,0.474074074074,00:00:01,10,90,8,14353,threshold_sweep,0.8,1,0.222222222222,0.363636363636,2,0,7,18,0.222222222222,1,0,0.777777777778,1,0.222222222222,0.363636363636,0.740740740741,0.641975308642,0.275862068966,0.4,0.222222222222,94,85,9,0,94,0,85,0,9,23,88,0.173913043478,1.68507579377,7.65217391304,7.33333333333,5.5,3.63829000359,0.475458352741,0.249505928854,5.32278271304,1.39118184545,0.672924901186,3.27042079462,0.854769071322,0.442687747036,0.749191304359,0.444603920564,2.5,1.68507579377,0.749191304359,2.5,0.259446613992,0.18878248974,46,0.025974025974,0.333144633145,23,23,23,1,0,0.478260869565,0.217391304348,0.304347826087,23,0.156126482213,1.6448171796,6.86956521739,7.18181818182,4.9375,3.42854790129,0.499092416011,0.272977435333,4.85073646664,1.41223973079,0.685745734728,2.95151866852,0.859302903492,0.464501926252,0.761396189594,0.462906272525,2.5,1.6741270514,0.765918146865,2.5,0.250583002856,0.177065767285,35,0.0197628458498,0.308885659795,23,22,22,0.95652173913,0,0.478260869565,0.217391304348,0.260869565217,23,81,0.160079051383,1.68751019512,7.04347826087,6.75,5.0625,3.39087359178,0.481420324759,0.26140633387,4.91629540145,1.39598511399,0.680622651637,3.01314642581,0.855584787577,0.458400429415,0.750779547887,0.444903710839,2.5,1.68751019512,0.750779547887,2.5,0.255785628513,0.185064935065,38,0.0214568040655,0.288382072473,23,23,23,1,0,0.478260869565,0.217391304348,0.304347826087,-7,-0.0138339920949,0.00243440134744,-0.608695652174,-0.583333333333,-0.4375,-0.247416411809,0.00596197201713,0.0119004050163,-0.406487311595,0.00480326853708,0.00769775045137,-0.25727436881,0.000815716254641,0.0157126823793,0.00158824352851,0.000299790274851,0,0.00243440134744,0.00158824352851,0,-0.00366098547917,-0.00371755467515,-8,-0.00451722190853,-0.0447625606717,0,0,0,81,0,7,418,0.920454545455,1,0,0.0795454545455,1,0.920454545455,0.958579881657,0.951469451768,0.920454545455,0.920454545455,2,9,0,10,2,10
252,WLNM_dir_neg_kfold,0.783950617284,0.474074074074,00:00:01,10,90,8,14353,threshold_sweep,0.9,1,0.222222222222,0.363636363636,2,0,7,18,0.222222222222,1,0,0.777777777778,1,0.222222222222,0.363636363636,0.740740740741,0.641975308642,0.275862068966,0.4,0.222222222222,94,85,9,0,94,0,85,0,9,23,88,0.173913043478,1.68507579377,7.65217391304,7.33333333333,5.5,3.63829000359,0.475458352741,0.249505928854,5.32278271304,1.39118184545,0.672924901186,3.27042079462,0.854769071322,0.442687747036,0.749191304359,0.444603920564,2.5,1.68507579377,0.749191304359,2.5,0.259446613992,0.18878248974,46,0.025974025974,0.333144633145,23,23,23,1,0,0.478260869565,0.217391304348,0.304347826087,23,0.156126482213,1.6448171796,6.86956521739,7.18181818182,4.9375,3.42854790129,0.499092416011,0.272977435333,4.85073646664,1.41223973079,0.685745734728,2.95151866852,0.859302903492,0.464501926252,0.761396189594,0.462906272525,2.5,1.6741270514,0.765918146865,2.5,0.250583002856,0.177065767285,35,0.0197628458498,0.308885659795,23,22,22,0.95652173913,0,0.478260869565,0.217391304348,0.260869565217,23,81,0.160079051383,1.68751019512,7.04347826087,6.75,5.0625,3.39087359178,0.481420324759,0.26140633387,4.91629540145,1.39598511399,0.680622651637,3.01314642581,0.855584787577,0.458400429415,0.750779547887,0.444903710839,2.5,1.68751019512,0.750779547887,2.5,0.255785628513,0.185064935065,38,0.0214568040655,0.288382072473,23,23,23,1,0,0.478260869565,0.217391304348,0.304347826087,-7,-0.0138339920949,0.00243440134744,-0.608695652174,-0.583333333333,-0.4375,-0.247416411809,0.00596197201713,0.0119004050163,-0.406487311595,0.00480326853708,0.00769775045137,-0.25727436881,0.000815716254641,0.0157126823793,0.00158824352851,0.000299790274851,0,0.00243440134744,0.00158824352851,0,-0.00366098547917,-0.00371755467515,-8,-0.00451722190853,-0.0447625606717,0,0,0,81,0,7,418,0.920454545455,1,0,0.0795454545455,1,0.920454545455,0.958579881657,0.951469451768,0.920454545455,0.920454545455,2,9,0,10,2,10
253,WLNM_dir_neg_kfold,0.719135802469,0.428104575163,00:00:01,10,90,9,14354,threshold_sweep,0.1,1,0.222222222222,0.363636363636,2,0,7,18,0.222222222222,1,0,0.777777777778,1,0.222222222222,0.363636363636,0.740740740741,0.641975308642,0.275862068966,0.4,0.222222222222,94,85,9,0,94,0,85,0,9,23,88,0.173913043478,1.68507579377,7.65217391304,7.33333333333,5.5,3.63829000359,0.475458352741,0.249505928854,5.32278271304,1.39118184545,0.672924901186,3.27042079462,0.854769071322,0.442687747036,0.749191304359,0.444603920564,2.5,1.68507579377,0.749191304359,2.5,0.259446613992,0.18878248974,46,0.025974025974,0.333144633145,23,23,23,1,0,0.478260869565,0.217391304348,0.304347826087,23,0.156126482213,1.6448171796,6.86956521739,7.18181818182,4.9375,3.42854790129,0.499092416011,0.272977435333,4.85073646664,1.41223973079,0.685745734728,2.95151866852,0.859302903492,0.464501926252,0.761396189594,0.462906272525,2.5,1.6741270514,0.765918146865,2.5,0.250583002856,0.177065767285,35,0.0197628458498,0.308885659795,23,22,22,0.95652173913,0,0.478260869565,0.217391304348,0.260869565217,23,81,0.160079051383,1.68751019512,7.04347826087,6.75,5.0625,3.39087359178,0.481420324759,0.26140633387,4.91629540145,1.39598511399,0.680622651637,3.01314642581,0.855584787577,0.458400429415,0.750779547887,0.444903710839,2.5,1.68751019512,0.750779547887,2.5,0.255785628513,0.185064935065,38,0.0214568040655,0.288382072473,23,23,23,1,0,0.478260869565,0.217391304348,0.304347826087,-7,-0.0138339920949,0.00243440134744,-0.608695652174,-0.583333333333,-0.4375,-0.247416411809,0.00596197201713,0.0119004050163,-0.406487311595,0.00480326853708,0.00769775045137,-0.25727436881,0.000815716254641,0.0157126823793,0.00158824352851,0.000299790274851,0,0.00243440134744,0.00158824352851,0,-0.00366098547917,-0.00371755467515,-8,-0.00451722190853,-0.0447625606717,0,0,0,81,0,7,418,0.920454545455,1,0,0.0795454545455,1,0.920454545455,0.958579881657,0.951469451768,0.920454545455,0.920454545455,2,9,0,10,2,10
254,WLNM_dir_neg_kfold,0.719135802469,0.428104575163,00:00:01,10,90,9,14354,threshold_sweep,0.2,1,0.222222222222,0.363636363636,2,0,7,18,0.222222222222,1,0,0.777777777778,1,0.222222222222,0.363636363636,0.740740740741,0.641975308642,0.275862068966,0.4,0.222222222222,94,85,9,0,94,0,85,0,9,23,88,0.173913043478,1.68507579377,7.65217391304,7.33333333333,5.5,3.63829000359,0.475458352741,0.249505928854,5.32278271304,1.39118184545,0.672924901186,3.27042079462,0.854769071322,0.442687747036,0.749191304359,0.444603920564,2.5,1.68507579377,0.749191304359,2.5,0.259446613992,0.18878248974,46,0.025974025974,0.333144633145,23,23,23,1,0,0.478260869565,0.217391304348,0.304347826087,23,0.156126482213,1.6448171796,6.86956521739,7.18181818182,4.9375,3.42854790129,0.499092416011,0.272977435333,4.85073646664,1.41223973079,0.685745734728,2.95151866852,0.859302903492,0.464501926252,0.761396189594,0.462906272525,2.5,1.6741270514,0.765918146865,2.5,0.250583002856,0.177065767285,35,0.0197628458498,0.308885659795,23,22,22,0.95652173913,0,0.478260869565,0.217391304348,0.260869565217,23,81,0.160079051383,1.68751019512,7.04347826087,6.75,5.0625,3.39087359178,0.481420324759,0.26140633387,4.91629540145,1.39598511399,0.680622651637,3.01314642581,0.855584787577,0.458400429415,0.750779547887,0.444903710839,2.5,1.68751019512,0.750779547887,2.5,0.255785628513,0.185064935065,38,0.0214568040655,0.288382072473,23,23,23,1,0,0.478260869565,0.217391304348,0.304347826087,-7,-0.0138339920949,0.00243440134744,-0.608695652174,-0.583333333333,-0.4375,-0.247416411809,0.00596197201713,0.0119004050163,-0.406487311595,0.00480326853708,0.00769775045137,-0.25727436881,0.000815716254641,0.0157126823793,0.00158824352851,0.000299790274851,0,0.00243440134744,0.00158824352851,0,-0.00366098547917,-0.00371755467515,-8,-0.00451722190853,-0.0447625606717,0,0,0,81,0,7,418,0.920454545455,1,0,0.0795454545455,1,0.920454545455,0.958579881657,0.951469451768,0.920454545455,0.920454545455,2,9,0,10,2,10
255,WLNM_dir_neg_kfold,0.719135802469,0.428104575163,00:00:01,10,90,9,14354,threshold_sweep,0.3,1,0.222222222222,0.363636363636,2,0,7,18,0.222222222222,1,0,0.777777777778,1,0.222222222222,0.363636363636,0.740740740741,0.641975308642,0.275862068966,0.4,0.222222222222,94,85,9,0,94,0,85,0,9,23,88,0.173913043478,1.68507579377,7.65217391304,7.33333333333,5.5,3.63829000359,0.475458352741,0.249505928854,5.32278271304,1.39118184545,0.672924901186,3.27042079462,0.854769071322,0.442687747036,0.749191304359,0.444603920564,2.5,1.68507579377,0.749191304359,2.5,0.259446613992,0.18878248974,46,0.025974025974,0.333144633145,23,23,23,1,0,0.478260869565,0.217391304348,0.304347826087,23,0.156126482213,1.6448171796,6.86956521739,7.18181818182,4.9375,3.42854790129,0.499092416011,0.272977435333,4.85073646664,1.41223973079,0.685745734728,2.95151866852,0.859302903492,0.464501926252,0.761396189594,0.462906272525,2.5,1.6741270514,0.765918146865,2.5,0.250583002856,0.177065767285,35,0.0197628458498,0.308885659795,23,22,22,0.95652173913,0,0.478260869565,0.217391304348,0.260869565217,23,81,0.160079051383,1.68751019512,7.04347826087,6.75,5.0625,3.39087359178,0.481420324759,0.26140633387,4.91629540145,1.39598511399,0.680622651637,3.01314642581,0.855584787577,0.458400429415,0.750779547887,0.444903710839,2.5,1.68751019512,0.750779547887,2.5,0.255785628513,0.185064935065,38,0.0214568040655,0.288382072473,23,23,23,1,0,0.478260869565,0.217391304348,0.304347826087,-7,-0.0138339920949,0.00243440134744,-0.608695652174,-0.583333333333,-0.4375,-0.247416411809,0.00596197201713,0.0119004050163,-0.406487311595,0.00480326853708,0.00769775045137,-0.25727436881,0.000815716254641,0.0157126823793,0.00158824352851,0.000299790274851,0,0.00243440134744,0.00158824352851,0,-0.00366098547917,-0.00371755467515,-8,-0.00451722190853,-0.0447625606717,0,0,0,81,0,7,418,0.920454545455,1,0,0.0795454545455,1,0.920454545455,0.958579881657,0.951469451768,0.920454545455,0.920454545455,2,9,0,10,2,10
256,WLNM_dir_neg_kfold,0.719135802469,0.428104575163,00:00:01,10,90,9,14354,threshold_sweep,0.4,1,0.222222222222,0.363636363636,2,0,7,18,0.222222222222,1,0,0.777777777778,1,0.222222222222,0.363636363636,0.740740740741,0.641975308642,0.275862068966,0.4,0.222222222222,94,85,9,0,94,0,85,0,9,23,88,0.173913043478,1.68507579377,7.65217391304,7.33333333333,5.5,3.63829000359,0.475458352741,0.249505928854,5.32278271304,1.39118184545,0.672924901186,3.27042079462,0.854769071322,0.442687747036,0.749191304359,0.444603920564,2.5,1.68507579377,0.749191304359,2.5,0.259446613992,0.18878248974,46,0.025974025974,0.333144633145,23,23,23,1,0,0.478260869565,0.217391304348,0.304347826087,23,0.156126482213,1.6448171796,6.86956521739,7.18181818182,4.9375,3.42854790129,0.499092416011,0.272977435333,4.85073646664,1.41223973079,0.685745734728,2.95151866852,0.859302903492,0.464501926252,0.761396189594,0.462906272525,2.5,1.6741270514,0.765918146865,2.5,0.250583002856,0.177065767285,35,0.0197628458498,0.308885659795,23,22,22,0.95652173913,0,0.478260869565,0.217391304348,0.260869565217,23,81,0.160079051383,1.68751019512,7.04347826087,6.75,5.0625,3.39087359178,0.481420324759,0.26140633387,4.91629540145,1.39598511399,0.680622651637,3.01314642581,0.855584787577,0.458400429415,0.750779547887,0.444903710839,2.5,1.68751019512,0.750779547887,2.5,0.255785628513,0.185064935065,38,0.0214568040655,0.288382072473,23,23,23,1,0,0.478260869565,0.217391304348,0.304347826087,-7,-0.0138339920949,0.00243440134744,-0.608695652174,-0.583333333333,-0.4375,-0.247416411809,0.00596197201713,0.0119004050163,-0.406487311595,0.00480326853708,0.00769775045137,-0.25727436881,0.000815716254641,0.0157126823793,0.00158824352851,0.000299790274851,0,0.00243440134744,0.00158824352851,0,-0.00366098547917,-0.00371755467515,-8,-0.00451722190853,-0.0447625606717,0,0,0,81,0,7,418,0.920454545455,1,0,0.0795454545455,1,0.920454545455,0.958579881657,0.951469451768,0.920454545455,0.920454545455,2,9,0,10,2,10
257,WLNM_dir_neg_kfold,0.719135802469,0.428104575163,00:00:01,10,90,9,14354,threshold_sweep,0.5,1,0.222222222222,0.363636363636,2,0,7,18,0.222222222222,1,0,0.777777777778,1,0.222222222222,0.363636363636,0.740740740741,0.641975308642,0.275862068966,0.4,0.222222222222,94,85,9,0,94,0,85,0,9,23,88,0.173913043478,1.68507579377,7.65217391304,7.33333333333,5.5,3.63829000359,0.475458352741,0.249505928854,5.32278271304,1.39118184545,0.672924901186,3.27042079462,0.854769071322,0.442687747036,0.749191304359,0.444603920564,2.5,1.68507579377,0.749191304359,2.5,0.259446613992,0.18878248974,46,0.025974025974,0.333144633145,23,23,23,1,0,0.478260869565,0.217391304348,0.304347826087,23,0.156126482213,1.6448171796,6.86956521739,7.18181818182,4.9375,3.42854790129,0.499092416011,0.272977435333,4.85073646664,1.41223973079,0.685745734728,2.95151866852,0.859302903492,0.464501926252,0.761396189594,0.462906272525,2.5,1.6741270514,0.765918146865,2.5,0.250583002856,0.177065767285,35,0.0197628458498,0.308885659795,23,22,22,0.95652173913,0,0.478260869565,0.217391304348,0.260869565217,23,81,0.160079051383,1.68751019512,7.04347826087,6.75,5.0625,3.39087359178,0.481420324759,0.26140633387,4.91629540145,1.39598511399,0.680622651637,3.01314642581,0.855584787577,0.458400429415,0.750779547887,0.444903710839,2.5,1.68751019512,0.750779547887,2.5,0.255785628513,0.185064935065,38,0.0214568040655,0.288382072473,23,23,23,1,0,0.478260869565,0.217391304348,0.304347826087,-7,-0.0138339920949,0.00243440134744,-0.608695652174,-0.583333333333,-0.4375,-0.247416411809,0.00596197201713,0.0119004050163,-0.406487311595,0.00480326853708,0.00769775045137,-0.25727436881,0.000815716254641,0.0157126823793,0.00158824352851,0.000299790274851,0,0.00243440134744,0.00158824352851,0,-0.00366098547917,-0.00371755467515,-8,-0.00451722190853,-0.0447625606717,0,0,0,81,0,7,418,0.920454545455,1,0,0.0795454545455,1,0.920454545455,0.958579881657,0.951469451768,0.920454545455,0.920454545455,2,9,0,10,2,10
258,WLNM_dir_neg_kfold,0.719135802469,0.428104575163,00:00:01,10,90,9,14354,threshold_sweep,0.6,1,0.222222222222,0.363636363636,2,0,7,18,0.222222222222,1,0,0.777777777778,1,0.222222222222,0.363636363636,0.740740740741,0.641975308642,0.275862068966,0.4,0.222222222222,94,85,9,0,94,0,85,0,9,23,88,0.173913043478,1.68507579377,7.65217391304,7.33333333333,5.5,3.63829000359,0.475458352741,0.249505928854,5.32278271304,1.39118184545,0.672924901186,3.27042079462,0.854769071322,0.442687747036,0.749191304359,0.444603920564,2.5,1.68507579377,0.749191304359,2.5,0.259446613992,0.18878248974,46,0.025974025974,0.333144633145,23,23,23,1,0,0.478260869565,0.217391304348,0.304347826087,23,0.156126482213,1.6448171796,6.86956521739,7.18181818182,4.9375,3.42854790129,0.499092416011,0.272977435333,4.85073646664,1.41223973079,0.685745734728,2.95151866852,0.859302903492,0.464501926252,0.761396189594,0.462906272525,2.5,1.6741270514,0.765918146865,2.5,0.250583002856,0.177065767285,35,0.0197628458498,0.308885659795,23,22,22,0.95652173913,0,0.478260869565,0.217391304348,0.260869565217,23,81,0.160079051383,1.68751019512,7.04347826087,6.75,5.0625,3.39087359178,0.481420324759,0.26140633387,4.91629540145,1.39598511399,0.680622651637,3.01314642581,0.855584787577,0.458400429415,0.750779547887,0.444903710839,2.5,1.68751019512,0.750779547887,2.5,0.255785628513,0.185064935065,38,0.0214568040655,0.288382072473,23,23,23,1,0,0.478260869565,0.217391304348,0.304347826087,-7,-0.0138339920949,0.00243440134744,-0.608695652174,-0.583333333333,-0.4375,-0.247416411809,0.00596197201713,0.0119004050163,-0.406487311595,0.00480326853708,0.00769775045137,-0.25727436881,0.000815716254641,0.0157126823793,0.00158824352851,0.000299790274851,0,0.00243440134744,0.00158824352851,0,-0.00366098547917,-0.00371755467515,-8,-0.00451722190853,-0.0447625606717,0,0,0,81,0,7,418,0.920454545455,1,0,0.0795454545455,1,0.920454545455,0.958579881657,0.951469451768,0.920454545455,0.920454545455,2,9,0,10,2,10
259,WLNM_dir_neg_kfold,0.719135802469,0.428104575163,00:00:01,10,90,9,14354,threshold_sweep,0.7,1,0.222222222222,0.363636363636,2,0,7,18,0.222222222222,1,0,0.777777777778,1,0.222222222222,0.363636363636,0.740740740741,0.641975308642,0.275862068966,0.4,0.222222222222,94,85,9,0,94,0,85,0,9,23,88,0.173913043478,1.68507579377,7.65217391304,7.33333333333,5.5,3.63829000359,0.475458352741,0.249505928854,5.32278271304,1.39118184545,0.672924901186,3.27042079462,0.854769071322,0.442687747036,0.749191304359,0.444603920564,2.5,1.68507579377,0.749191304359,2.5,0.259446613992,0.18878248974,46,0.025974025974,0.333144633145,23,23,23,1,0,0.478260869565,0.217391304348,0.304347826087,23,0.156126482213,1.6448171796,6.86956521739,7.18181818182,4.9375,3.42854790129,0.499092416011,0.272977435333,4.85073646664,1.41223973079,0.685745734728,2.95151866852,0.859302903492,0.464501926252,0.761396189594,0.462906272525,2.5,1.6741270514,0.765918146865,2.5,0.250583002856,0.177065767285,35,0.0197628458498,0.308885659795,23,22,22,0.95652173913,0,0.478260869565,0.217391304348,0.260869565217,23,81,0.160079051383,1.68751019512,7.04347826087,6.75,5.0625,3.39087359178,0.481420324759,0.26140633387,4.91629540145,1.39598511399,0.680622651637,3.01314642581,0.855584787577,0.458400429415,0.750779547887,0.444903710839,2.5,1.68751019512,0.750779547887,2.5,0.255785628513,0.185064935065,38,0.0214568040655,0.288382072473,23,23,23,1,0,0.478260869565,0.217391304348,0.304347826087,-7,-0.0138339920949,0.00243440134744,-0.608695652174,-0.583333333333,-0.4375,-0.247416411809,0.00596197201713,0.0119004050163,-0.406487311595,0.00480326853708,0.00769775045137,-0.25727436881,0.000815716254641,0.0157126823793,0.00158824352851,0.000299790274851,0,0.00243440134744,0.00158824352851,0,-0.00366098547917,-0.00371755467515,-8,-0.00451722190853,-0.0447625606717,0,0,0,81,0,7,418,0.920454545455,1,0,0.0795454545455,1,0.920454545455,0.958579881657,0.951469451768,0.920454545455,0.920454545455,2,9,0,10,2,10
260,WLNM_dir_neg_kfold,0.719135802469,0.428104575163,00:00:01,10,90,9,14354,threshold_sweep,0.8,1,0.222222222222,0.363636363636,2,0,7,18,0.222222222222,1,0,0.777777777778,1,0.222222222222,0.363636363636,0.740740740741,0.641975308642,0.275862068966,0.4,0.222222222222,94,85,9,0,94,0,85,0,9,23,88,0.173913043478,1.68507579377,7.65217391304,7.33333333333,5.5,3.63829000359,0.475458352741,0.249505928854,5.32278271304,1.39118184545,0.672924901186,3.27042079462,0.854769071322,0.442687747036,0.749191304359,0.444603920564,2.5,1.68507579377,0.749191304359,2.5,0.259446613992,0.18878248974,46,0.025974025974,0.333144633145,23,23,23,1,0,0.478260869565,0.217391304348,0.304347826087,23,0.156126482213,1.6448171796,6.86956521739,7.18181818182,4.9375,3.42854790129,0.499092416011,0.272977435333,4.85073646664,1.41223973079,0.685745734728,2.95151866852,0.859302903492,0.464501926252,0.761396189594,0.462906272525,2.5,1.6741270514,0.765918146865,2.5,0.250583002856,0.177065767285,35,0.0197628458498,0.308885659795,23,22,22,0.95652173913,0,0.478260869565,0.217391304348,0.260869565217,23,81,0.160079051383,1.68751019512,7.04347826087,6.75,5.0625,3.39087359178,0.481420324759,0.26140633387,4.91629540145,1.39598511399,0.680622651637,3.01314642581,0.855584787577,0.458400429415,0.750779547887,0.444903710839,2.5,1.68751019512,0.750779547887,2.5,0.255785628513,0.185064935065,38,0.0214568040655,0.288382072473,23,23,23,1,0,0.478260869565,0.217391304348,0.304347826087,-7,-0.0138339920949,0.00243440134744,-0.608695652174,-0.583333333333,-0.4375,-0.247416411809,0.00596197201713,0.0119004050163,-0.406487311595,0.00480326853708,0.00769775045137,-0.25727436881,0.000815716254641,0.0157126823793,0.00158824352851,0.000299790274851,0,0.00243440134744,0.00158824352851,0,-0.00366098547917,-0.00371755467515,-8,-0.00451722190853,-0.0447625606717,0,0,0,81,0,7,418,0.920454545455,1,0,0.0795454545455,1,0.920454545455,0.958579881657,0.951469451768,0.920454545455,0.920454545455,2,9,0,10,2,10
261,WLNM_dir_neg_kfold,0.719135802469,0.428104575163,00:00:01,10,90,9,14354,threshold_sweep,0.9,1,0.222222222222,0.363636363636,2,0,7,18,0.222222222222,1,0,0.777777777778,1,0.222222222222,0.363636363636,0.740740740741,0.641975308642,0.275862068966,0.4,0.222222222222,94,85,9,0,94,0,85,0,9,23,88,0.173913043478,1.68507579377,7.65217391304,7.33333333333,5.5,3.63829000359,0.475458352741,0.249505928854,5.32278271304,1.39118184545,0.672924901186,3.27042079462,0.854769071322,0.442687747036,0.749191304359,0.444603920564,2.5,1.68507579377,0.749191304359,2.5,0.259446613992,0.18878248974,46,0.025974025974,0.333144633145,23,23,23,1,0,0.478260869565,0.217391304348,0.304347826087,23,0.156126482213,1.6448171796,6.86956521739,7.18181818182,4.9375,3.42854790129,0.499092416011,0.272977435333,4.85073646664,1.41223973079,0.685745734728,2.95151866852,0.859302903492,0.464501926252,0.761396189594,0.462906272525,2.5,1.6741270514,0.765918146865,2.5,0.250583002856,0.177065767285,35,0.0197628458498,0.308885659795,23,22,22,0.95652173913,0,0.478260869565,0.217391304348,0.260869565217,23,81,0.160079051383,1.68751019512,7.04347826087,6.75,5.0625,3.39087359178,0.481420324759,0.26140633387,4.91629540145,1.39598511399,0.680622651637,3.01314642581,0.855584787577,0.458400429415,0.750779547887,0.444903710839,2.5,1.68751019512,0.750779547887,2.5,0.255785628513,0.185064935065,38,0.0214568040655,0.288382072473,23,23,23,1,0,0.478260869565,0.217391304348,0.304347826087,-7,-0.0138339920949,0.00243440134744,-0.608695652174,-0.583333333333,-0.4375,-0.247416411809,0.00596197201713,0.0119004050163,-0.406487311595,0.00480326853708,0.00769775045137,-0.25727436881,0.000815716254641,0.0157126823793,0.00158824352851,0.000299790274851,0,0.00243440134744,0.00158824352851,0,-0.00366098547917,-0.00371755467515,-8,-0.00451722190853,-0.0447625606717,0,0,0,81,0,7,418,0.920454545455,1,0,0.0795454545455,1,0.920454545455,0.958579881657,0.951469451768,0.920454545455,0.920454545455,2,9,0,10,2,10
262,WLNM_dir_neg_kfold,0.978395061728,0.85,00:00:01,10,90,10,14355,threshold_sweep,0.1,1,0.111111111111,0.2,1,0,8,18,0.111111111111,1,0,0.888888888889,1,0.111111111111,0.2,0.703703703704,0.654320987654,0.142857142857,0.277350098113,0.111111111111,94,85,9,0,94,0,85,0,9,23,88,0.173913043478,1.68507579377,7.65217391304,7.33333333333,5.5,3.63829000359,0.475458352741,0.249505928854,5.32278271304,1.39118184545,0.672924901186,3.27042079462,0.854769071322,0.442687747036,0.749191304359,0.444603920564,2.5,1.68507579377,0.749191304359,2.5,0.259446613992,0.18878248974,46,0.025974025974,0.333144633145,23,23,23,1,0,0.478260869565,0.217391304348,0.304347826087,23,0.156126482213,1.6448171796,6.86956521739,7.18181818182,4.9375,3.42854790129,0.499092416011,0.272977435333,4.85073646664,1.41223973079,0.685745734728,2.95151866852,0.859302903492,0.464501926252,0.761396189594,0.462906272525,2.5,1.6741270514,0.765918146865,2.5,0.250583002856,0.177065767285,35,0.0197628458498,0.308885659795,23,22,22,0.95652173913,0,0.478260869565,0.217391304348,0.260869565217,23,80,0.158102766798,1.64403193425,6.95652173913,7.27272727273,5,3.49646913939,0.502617438787,0.273369565217,4.94395466677,1.4213869667,0.689130434783,2.98282302552,0.857561619837,0.461956521739,0.760749647595,0.462734106161,2.5,1.67330611308,0.765277725516,2.5,0.260331083058,0.186579378069,38,0.0214568040655,0.314153725063,23,22,22,0.95652173913,0,0.478260869565,0.217391304348,0.260869565217,-8,-0.0158102766798,-0.0410438595221,-0.695652173913,-0.0606060606061,-0.5,-0.141820864199,0.0271590860455,0.0238636363636,-0.378828046278,0.0302051212406,0.0162055335968,-0.287597769103,0.00279254851508,0.0192687747036,0.0115583432358,0.0181301855965,0,-0.0117696806926,0.0160864211572,0,0.000884469066287,-0.00220311167134,-8,-0.00451722190853,-0.0189909080818,0,0,-0.0434782608696,80,0,8,418,0.909090909091,1,0,0.0909090909091,1,0.909090909091,0.952380952381,0.944467458064,0.909090909091,0.909090909091,1,9,0,10,2,10
263,WLNM_dir_neg_kfold,0.978395061728,0.85,00:00:01,10,90,10,14355,threshold_sweep,0.2,1,0.111111111111,0.2,1,0,8,18,0.111111111111,1,0,0.888888888889,1,0.111111111111,0.2,0.703703703704,0.654320987654,0.142857142857,0.277350098113,0.111111111111,94,85,9,0,94,0,85,0,9,23,88,0.173913043478,1.68507579377,7.65217391304,7.33333333333,5.5,3.63829000359,0.475458352741,0.249505928854,5.32278271304,1.39118184545,0.672924901186,3.27042079462,0.854769071322,0.442687747036,0.749191304359,0.444603920564,2.5,1.68507579377,0.749191304359,2.5,0.259446613992,0.18878248974,46,0.025974025974,0.333144633145,23,23,23,1,0,0.478260869565,0.217391304348,0.304347826087,23,0.156126482213,1.6448171796,6.86956521739,7.18181818182,4.9375,3.42854790129,0.499092416011,0.272977435333,4.85073646664,1.41223973079,0.685745734728,2.95151866852,0.859302903492,0.464501926252,0.761396189594,0.462906272525,2.5,1.6741270514,0.765918146865,2.5,0.250583002856,0.177065767285,35,0.0197628458498,0.308885659795,23,22,22,0.95652173913,0,0.478260869565,0.217391304348,0.260869565217,23,80,0.158102766798,1.64403193425,6.95652173913,7.27272727273,5,3.49646913939,0.502617438787,0.273369565217,4.94395466677,1.4213869667,0.689130434783,2.98282302552,0.857561619837,0.461956521739,0.760749647595,0.462734106161,2.5,1.67330611308,0.765277725516,2.5,0.260331083058,0.186579378069,38,0.0214568040655,0.314153725063,23,22,22,0.95652173913,0,0.478260869565,0.217391304348,0.260869565217,-8,-0.0158102766798,-0.0410438595221,-0.695652173913,-0.0606060606061,-0.5,-0.141820864199,0.0271590860455,0.0238636363636,-0.378828046278,0.0302051212406,0.0162055335968,-0.287597769103,0.00279254851508,0.0192687747036,0.0115583432358,0.0181301855965,0,-0.0117696806926,0.0160864211572,0,0.000884469066287,-0.00220311167134,-8,-0.00451722190853,-0.0189909080818,0,0,-0.0434782608696,80,0,8,418,0.909090909091,1,0,0.0909090909091,1,0.909090909091,0.952380952381,0.944467458064,0.909090909091,0.909090909091,1,9,0,10,2,10
264,WLNM_dir_neg_kfold,0.978395061728,0.85,00:00:01,10,90,10,14355,threshold_sweep,0.3,1,0.111111111111,0.2,1,0,8,18,0.111111111111,1,0,0.888888888889,1,0.111111111111,0.2,0.703703703704,0.654320987654,0.142857142857,0.277350098113,0.111111111111,94,85,9,0,94,0,85,0,9,23,88,0.173913043478,1.68507579377,7.65217391304,7.33333333333,5.5,3.63829000359,0.475458352741,0.249505928854,5.32278271304,1.39118184545,0.672924901186,3.27042079462,0.854769071322,0.442687747036,0.749191304359,0.444603920564,2.5,1.68507579377,0.749191304359,2.5,0.259446613992,0.18878248974,46,0.025974025974,0.333144633145,23,23,23,1,0,0.478260869565,0.217391304348,0.304347826087,23,0.156126482213,1.6448171796,6.86956521739,7.18181818182,4.9375,3.42854790129,0.499092416011,0.272977435333,4.85073646664,1.41223973079,0.685745734728,2.95151866852,0.859302903492,0.464501926252,0.761396189594,0.462906272525,2.5,1.6741270514,0.765918146865,2.5,0.250583002856,0.177065767285,35,0.0197628458498,0.308885659795,23,22,22,0.95652173913,0,0.478260869565,0.217391304348,0.260869565217,23,80,0.158102766798,1.64403193425,6.95652173913,7.27272727273,5,3.49646913939,0.502617438787,0.273369565217,4.94395466677,1.4213869667,0.689130434783,2.98282302552,0.857561619837,0.461956521739,0.760749647595,0.462734106161,2.5,1.67330611308,0.765277725516,2.5,0.260331083058,0.186579378069,38,0.0214568040655,0.314153725063,23,22,22,0.95652173913,0,0.478260869565,0.217391304348,0.260869565217,-8,-0.0158102766798,-0.0410438595221,-0.695652173913,-0.0606060606061,-0.5,-0.141820864199,0.0271590860455,0.0238636363636,-0.378828046278,0.0302051212406,0.0162055335968,-0.287597769103,0.00279254851508,0.0192687747036,0.0115583432358,0.0181301855965,0,-0.0117696806926,0.0160864211572,0,0.000884469066287,-0.00220311167134,-8,-0.00451722190853,-0.0189909080818,0,0,-0.0434782608696,80,0,8,418,0.909090909091,1,0,0.0909090909091,1,0.909090909091,0.952380952381,0.944467458064,0.909090909091,0.909090909091,1,9,0,10,2,10
265,WLNM_dir_neg_kfold,0.978395061728,0.85,00:00:01,10,90,10,14355,threshold_sweep,0.4,1,0.111111111111,0.2,1,0,8,18,0.111111111111,1,0,0.888888888889,1,0.111111111111,0.2,0.703703703704,0.654320987654,0.142857142857,0.277350098113,0.111111111111,94,85,9,0,94,0,85,0,9,23,88,0.173913043478,1.68507579377,7.65217391304,7.33333333333,5.5,3.63829000359,0.475458352741,0.249505928854,5.32278271304,1.39118184545,0.672924901186,3.27042079462,0.854769071322,0.442687747036,0.749191304359,0.444603920564,2.5,1.68507579377,0.749191304359,2.5,0.259446613992,0.18878248974,46,0.025974025974,0.333144633145,23,23,23,1,0,0.478260869565,0.217391304348,0.304347826087,23,0.156126482213,1.6448171796,6.86956521739,7.18181818182,4.9375,3.42854790129,0.499092416011,0.272977435333,4.85073646664,1.41223973079,0.685745734728,2.95151866852,0.859302903492,0.464501926252,0.761396189594,0.462906272525,2.5,1.6741270514,0.765918146865,2.5,0.250583002856,0.177065767285,35,0.0197628458498,0.308885659795,23,22,22,0.95652173913,0,0.478260869565,0.217391304348,0.260869565217,23,80,0.158102766798,1.64403193425,6.95652173913,7.27272727273,5,3.49646913939,0.502617438787,0.273369565217,4.94395466677,1.4213869667,0.689130434783,2.98282302552,0.857561619837,0.461956521739,0.760749647595,0.462734106161,2.5,1.67330611308,0.765277725516,2.5,0.260331083058,0.186579378069,38,0.0214568040655,0.314153725063,23,22,22,0.95652173913,0,0.478260869565,0.217391304348,0.260869565217,-8,-0.0158102766798,-0.0410438595221,-0.695652173913,-0.0606060606061,-0.5,-0.141820864199,0.0271590860455,0.0238636363636,-0.378828046278,0.0302051212406,0.0162055335968,-0.287597769103,0.00279254851508,0.0192687747036,0.0115583432358,0.0181301855965,0,-0.0117696806926,0.0160864211572,0,0.000884469066287,-0.00220311167134,-8,-0.00451722190853,-0.0189909080818,0,0,-0.0434782608696,80,0,8,418,0.909090909091,1,0,0.0909090909091,1,0.909090909091,0.952380952381,0.944467458064,0.909090909091,0.909090909091,1,9,0,10,2,10
266,WLNM_dir_neg_kfold,0.978395061728,0.85,00:00:01,10,90,10,14355,threshold_sweep,0.5,1,0.111111111111,0.2,1,0,8,18,0.111111111111,1,0,0.888888888889,1,0.111111111111,0.2,0.703703703704,0.654320987654,0.142857142857,0.277350098113,0.111111111111,94,85,9,0,94,0,85,0,9,23,88,0.173913043478,1.68507579377,7.65217391304,7.33333333333,5.5,3.63829000359,0.475458352741,0.249505928854,5.32278271304,1.39118184545,0.672924901186,3.27042079462,0.854769071322,0.442687747036,0.749191304359,0.444603920564,2.5,1.68507579377,0.749191304359,2.5,0.259446613992,0.18878248974,46,0.025974025974,0.333144633145,23,23,23,1,0,0.478260869565,0.217391304348,0.304347826087,23,0.156126482213,1.6448171796,6.86956521739,7.18181818182,4.9375,3.42854790129,0.499092416011,0.272977435333,4.85073646664,1.41223973079,0.685745734728,2.95151866852,0.859302903492,0.464501926252,0.761396189594,0.462906272525,2.5,1.6741270514,0.765918146865,2.5,0.250583002856,0.177065767285,35,0.0197628458498,0.308885659795,23,22,22,0.95652173913,0,0.478260869565,0.217391304348,0.260869565217,23,80,0.158102766798,1.64403193425,6.95652173913,7.27272727273,5,3.49646913939,0.502617438787,0.273369565217,4.94395466677,1.4213869667,0.689130434783,2.98282302552,0.857561619837,0.461956521739,0.760749647595,0.462734106161,2.5,1.67330611308,0.765277725516,2.5,0.260331083058,0.186579378069,38,0.0214568040655,0.314153725063,23,22,22,0.95652173913,0,0.478260869565,0.217391304348,0.260869565217,-8,-0.0158102766798,-0.0410438595221,-0.695652173913,-0.0606060606061,-0.5,-0.141820864199,0.0271590860455,0.0238636363636,-0.378828046278,0.0302051212406,0.0162055335968,-0.287597769103,0.00279254851508,0.0192687747036,0.0115583432358,0.0181301855965,0,-0.0117696806926,0.0160864211572,0,0.000884469066287,-0.00220311167134,-8,-0.00451722190853,-0.0189909080818,0,0,-0.0434782608696,80,0,8,418,0.909090909091,1,0,0.0909090909091,1,0.909090909091,0.952380952381,0.944467458064,0.909090909091,0.909090909091,1,9,0,10,2,10
267,WLNM_dir_neg_kfold,0.978395061728,0.85,00:00:01,10,90,10,14355,threshold_sweep,0.6,1,0.111111111111,0.2,1,0,8,18,0.111111111111,1,0,0.888888888889,1,0.111111111111,0.2,0.703703703704,0.654320987654,0.142857142857,0.277350098113,0.111111111111,94,85,9,0,94,0,85,0,9,23,88,0.173913043478,1.68507579377,7.65217391304,7.33333333333,5.5,3.63829000359,0.475458352741,0.249505928854,5.32278271304,1.39118184545,0.672924901186,3.27042079462,0.854769071322,0.442687747036,0.749191304359,0.444603920564,2.5,1.68507579377,0.749191304359,2.5,0.259446613992,0.18878248974,46,0.025974025974,0.333144633145,23,23,23,1,0,0.478260869565,0.217391304348,0.304347826087,23,0.156126482213,1.6448171796,6.86956521739,7.18181818182,4.9375,3.42854790129,0.499092416011,0.272977435333,4.85073646664,1.41223973079,0.685745734728,2.95151866852,0.859302903492,0.464501926252,0.761396189594,0.462906272525,2.5,1.6741270514,0.765918146865,2.5,0.250583002856,0.177065767285,35,0.0197628458498,0.308885659795,23,22,22,0.95652173913,0,0.478260869565,0.217391304348,0.260869565217,23,80,0.158102766798,1.64403193425,6.95652173913,7.27272727273,5,3.49646913939,0.502617438787,0.273369565217,4.94395466677,1.4213869667,0.689130434783,2.98282302552,0.857561619837,0.461956521739,0.760749647595,0.462734106161,2.5,1.67330611308,0.765277725516,2.5,0.260331083058,0.186579378069,38,0.0214568040655,0.314153725063,23,22,22,0.95652173913,0,0.478260869565,0.217391304348,0.260869565217,-8,-0.0158102766798,-0.0410438595221,-0.695652173913,-0.0606060606061,-0.5,-0.141820864199,0.0271590860455,0.0238636363636,-0.378828046278,0.0302051212406,0.0162055335968,-0.287597769103,0.00279254851508,0.0192687747036,0.0115583432358,0.0181301855965,0,-0.0117696806926,0.0160864211572,0,0.000884469066287,-0.00220311167134,-8,-0.00451722190853,-0.0189909080818,0,0,-0.0434782608696,80,0,8,418,0.909090909091,1,0,0.0909090909091,1,0.909090909091,0.952380952381,0.944467458064,0.909090909091,0.909090909091,1,9,0,10,2,10
268,WLNM_dir_neg_kfold,0.978395061728,0.85,00:00:01,10,90,10,14355,threshold_sweep,0.7,1,0.111111111111,0.2,1,0,8,18,0.111111111111,1,0,0.888888888889,1,0.111111111111,0.2,0.703703703704,0.654320987654,0.142857142857,0.277350098113,0.111111111111,94,85,9,0,94,0,85,0,9,23,88,0.173913043478,1.68507579377,7.65217391304,7.33333333333,5.5,3.63829000359,0.475458352741,0.249505928854,5.32278271304,1.39118184545,0.672924901186,3.27042079462,0.854769071322,0.442687747036,0.749191304359,0.444603920564,2.5,1.68507579377,0.749191304359,2.5,0.259446613992,0.18878248974,46,0.025974025974,0.333144633145,23,23,23,1,0,0.478260869565,0.217391304348,0.304347826087,23,0.156126482213,1.6448171796,6.86956521739,7.18181818182,4.9375,3.42854790129,0.499092416011,0.272977435333,4.85073646664,1.41223973079,0.685745734728,2.95151866852,0.859302903492,0.464501926252,0.761396189594,0.462906272525,2.5,1.6741270514,0.765918146865,2.5,0.250583002856,0.177065767285,35,0.0197628458498,0.308885659795,23,22,22,0.95652173913,0,0.478260869565,0.217391304348,0.260869565217,23,80,0.158102766798,1.64403193425,6.95652173913,7.27272727273,5,3.49646913939,0.502617438787,0.273369565217,4.94395466677,1.4213869667,0.689130434783,2.98282302552,0.857561619837,0.461956521739,0.760749647595,0.462734106161,2.5,1.67330611308,0.765277725516,2.5,0.260331083058,0.186579378069,38,0.0214568040655,0.314153725063,23,22,22,0.95652173913,0,0.478260869565,0.217391304348,0.260869565217,-8,-0.0158102766798,-0.0410438595221,-0.695652173913,-0.0606060606061,-0.5,-0.141820864199,0.0271590860455,0.0238636363636,-0.378828046278,0.0302051212406,0.0162055335968,-0.287597769103,0.00279254851508,0.0192687747036,0.0115583432358,0.0181301855965,0,-0.0117696806926,0.0160864211572,0,0.000884469066287,-0.00220311167134,-8,-0.00451722190853,-0.0189909080818,0,0,-0.0434782608696,80,0,8,418,0.909090909091,1,0,0.0909090909091,1,0.909090909091,0.952380952381,0.944467458064,0.909090909091,0.909090909091,1,9,0,10,2,10
269,WLNM_dir_neg_kfold,0.978395061728,0.85,00:00:01,10,90,10,14355,threshold_sweep,0.8,1,0.111111111111,0.2,1,0,8,18,0.111111111111,1,0,0.888888888889,1,0.111111111111,0.2,0.703703703704,0.654320987654,0.142857142857,0.277350098113,0.111111111111,94,85,9,0,94,0,85,0,9,23,88,0.173913043478,1.68507579377,7.65217391304,7.33333333333,5.5,3.63829000359,0.475458352741,0.249505928854,5.32278271304,1.39118184545,0.672924901186,3.27042079462,0.854769071322,0.442687747036,0.749191304359,0.444603920564,2.5,1.68507579377,0.749191304359,2.5,0.259446613992,0.18878248974,46,0.025974025974,0.333144633145,23,23,23,1,0,0.478260869565,0.217391304348,0.304347826087,23,0.156126482213,1.6448171796,6.86956521739,7.18181818182,4.9375,3.42854790129,0.499092416011,0.272977435333,4.85073646664,1.41223973079,0.685745734728,2.95151866852,0.859302903492,0.464501926252,0.761396189594,0.462906272525,2.5,1.6741270514,0.765918146865,2.5,0.250583002856,0.177065767285,35,0.0197628458498,0.308885659795,23,22,22,0.95652173913,0,0.478260869565,0.217391304348,0.260869565217,23,80,0.158102766798,1.64403193425,6.95652173913,7.27272727273,5,3.49646913939,0.502617438787,0.273369565217,4.94395466677,1.4213869667,0.689130434783,2.98282302552,0.857561619837,0.461956521739,0.760749647595,0.462734106161,2.5,1.67330611308,0.765277725516,2.5,0.260331083058,0.186579378069,38,0.0214568040655,0.314153725063,23,22,22,0.95652173913,0,0.478260869565,0.217391304348,0.260869565217,-8,-0.0158102766798,-0.0410438595221,-0.695652173913,-0.0606060606061,-0.5,-0.141820864199,0.0271590860455,0.0238636363636,-0.378828046278,0.0302051212406,0.0162055335968,-0.287597769103,0.00279254851508,0.0192687747036,0.0115583432358,0.0181301855965,0,-0.0117696806926,0.0160864211572,0,0.000884469066287,-0.00220311167134,-8,-0.00451722190853,-0.0189909080818,0,0,-0.0434782608696,80,0,8,418,0.909090909091,1,0,0.0909090909091,1,0.909090909091,0.952380952381,0.944467458064,0.909090909091,0.909090909091,1,9,0,10,2,10
270,WLNM_dir_neg_kfold,0.978395061728,0.85,00:00:01,10,90,10,14355,threshold_sweep,0.9,1,0.111111111111,0.2,1,0,8,18,0.111111111111,1,0,0.888888888889,1,0.111111111111,0.2,0.703703703704,0.654320987654,0.142857142857,0.277350098113,0.111111111111,94,85,9,0,94,0,85,0,9,23,88,0.173913043478,1.68507579377,7.65217391304,7.33333333333,5.5,3.63829000359,0.475458352741,0.249505928854,5.32278271304,1.39118184545,0.672924901186,3.27042079462,0.854769071322,0.442687747036,0.749191304359,0.444603920564,2.5,1.68507579377,0.749191304359,2.5,0.259446613992,0.18878248974,46,0.025974025974,0.333144633145,23,23,23,1,0,0.478260869565,0.217391304348,0.304347826087,23,0.156126482213,1.6448171796,6.86956521739,7.18181818182,4.9375,3.42854790129,0.499092416011,0.272977435333,4.85073646664,1.41223973079,0.685745734728,2.95151866852,0.859302903492,0.464501926252,0.761396189594,0.462906272525,2.5,1.6741270514,0.765918146865,2.5,0.250583002856,0.177065767285,35,0.0197628458498,0.308885659795,23,22,22,0.95652173913,0,0.478260869565,0.217391304348,0.260869565217,23,80,0.158102766798,1.64403193425,6.95652173913,7.27272727273,5,3.49646913939,0.502617438787,0.273369565217,4.94395466677,1.4213869667,0.689130434783,2.98282302552,0.857561619837,0.461956521739,0.760749647595,0.462734106161,2.5,1.67330611308,0.765277725516,2.5,0.260331083058,0.186579378069,38,0.0214568040655,0.314153725063,23,22,22,0.95652173913,0,0.478260869565,0.217391304348,0.260869565217,-8,-0.0158102766798,-0.0410438595221,-0.695652173913,-0.0606060606061,-0.5,-0.141820864199,0.0271590860455,0.0238636363636,-0.378828046278,0.0302051212406,0.0162055335968,-0.287597769103,0.00279254851508,0.0192687747036,0.0115583432358,0.0181301855965,0,-0.0117696806926,0.0160864211572,0,0.000884469066287,-0.00220311167134,-8,-0.00451722190853,-0.0189909080818,0,0,-0.0434782608696,80,0,8,418,0.909090909091,1,0,0.0909090909091,1,0.909090909091,0.952380952381,0.944467458064,0.909090909091,0.909090909091,1,9,0,10,2,10
271,WLNM_dir_neg_kfold,0.799382716049,0.444444444444,00:00:01,10,90,11,14356,threshold_sweep,0.1,0.666666666667,0.222222222222,0.333333333333,2,1,7,17,0.222222222222,0.944444444444,0.0555555555556,0.777777777778,0.666666666667,0.222222222222,0.333333333333,0.703703703704,0.62962962963,0.2,0.25,0.166666666667,94,85,9,0,94,0,85,0,9,23,88,0.173913043478,1.68507579377,7.65217391304,7.33333333333,5.5,3.63829000359,0.475458352741,0.249505928854,5.32278271304,1.39118184545,0.672924901186,3.27042079462,0.854769071322,0.442687747036,0.749191304359,0.444603920564,2.5,1.68507579377,0.749191304359,2.5,0.259446613992,0.18878248974,46,0.025974025974,0.333144633145,23,23,23,1,0,0.478260869565,0.217391304348,0.304347826087,23,0.156126482213,1.6448171796,6.86956521739,7.18181818182,4.9375,3.42854790129,0.499092416011,0.272977435333,4.85073646664,1.41223973079,0.685745734728,2.95151866852,0.859302903492,0.464501926252,0.761396189594,0.462906272525,2.5,1.6741270514,0.765918146865,2.5,0.250583002856,0.177065767285,35,0.0197628458498,0.308885659795,23,22,22,0.95652173913,0,0.478260869565,0.217391304348,0.260869565217,23,82,0.162055335968,1.69245482778,7.13043478261,6.83333333333,4.82352941176,3.50719193329,0.491862283327,0.26723223754,4.97106250721,1.39432241056,0.67868504772,2.96687909115,0.832173403615,0.44750795334,0.754055202216,0.445539337203,2.5,1.69245482778,0.754055202216,2.5,0.28791864701,0.221003134796,47,0.0265386787126,0.283027578482,23,23,23,1,0,0.478260869565,0.260869565217,0.260869565217,-6,-0.0118577075099,0.00737903400947,-0.521739130435,-0.5,-0.676470588235,-0.131098070299,0.0164039305855,0.017726308686,-0.351720205833,0.00314056510441,0.00576014653427,-0.303541703475,-0.0225956677071,0.00482020630483,0.0048638978574,0.000935416639089,0,0.00737903400947,0.0048638978574,0,0.0284720330175,0.0322206450562,1,0.000564652738566,-0.0501170546625,0,0.0434782608696,-0.0434782608696,81,1,7,417,0.920454545455,0.997607655502,0.00239234449761,0.0795454545455,0.987804878049,0.920454545455,0.952941176471,0.944303782253,0.918062200957,0.910112359551,3,9,0,10,2,10
272,WLNM_dir_neg_kfold,0.799382716049,0.444444444444,00:00:01,10,90,11,14356,threshold_sweep,0.2,0.666666666667,0.222222222222,0.333333333333,2,1,7,17,0.222222222222,0.944444444444,0.0555555555556,0.777777777778,0.666666666667,0.222222222222,0.333333333333,0.703703703704,0.62962962963,0.2,0.25,0.166666666667,94,85,9,0,94,0,85,0,9,23,88,0.173913043478,1.68507579377,7.65217391304,7.33333333333,5.5,3.63829000359,0.475458352741,0.249505928854,5.32278271304,1.39118184545,0.672924901186,3.27042079462,0.854769071322,0.442687747036,0.749191304359,0.444603920564,2.5,1.68507579377,0.749191304359,2.5,0.259446613992,0.18878248974,46,0.025974025974,0.333144633145,23,23,23,1,0,0.478260869565,0.217391304348,0.304347826087,23,0.156126482213,1.6448171796,6.86956521739,7.18181818182,4.9375,3.42854790129,0.499092416011,0.272977435333,4.85073646664,1.41223973079,0.685745734728,2.95151866852,0.859302903492,0.464501926252,0.761396189594,0.462906272525,2.5,1.6741270514,0.765918146865,2.5,0.250583002856,0.177065767285,35,0.0197628458498,0.308885659795,23,22,22,0.95652173913,0,0.478260869565,0.217391304348,0.260869565217,23,82,0.162055335968,1.69245482778,7.13043478261,6.83333333333,4.82352941176,3.50719193329,0.491862283327,0.26723223754,4.97106250721,1.39432241056,0.67868504772,2.96687909115,0.832173403615,0.44750795334,0.754055202216,0.445539337203,2.5,1.69245482778,0.754055202216,2.5,0.28791864701,0.221003134796,47,0.0265386787126,0.283027578482,23,23,23,1,0,0.478260869565,0.260869565217,0.260869565217,-6,-0.0118577075099,0.00737903400947,-0.521739130435,-0.5,-0.676470588235,-0.131098070299,0.0164039305855,0.017726308686,-0.351720205833,0.00314056510441,0.00576014653427,-0.303541703475,-0.0225956677071,0.00482020630483,0.0048638978574,0.000935416639089,0,0.00737903400947,0.0048638978574,0,0.0284720330175,0.0322206450562,1,0.000564652738566,-0.0501170546625,0,0.0434782608696,-0.0434782608696,81,1,7,417,0.920454545455,0.997607655502,0.00239234449761,0.0795454545455,0.987804878049,0.920454545455,0.952941176471,0.944303782253,0.918062200957,0.910112359551,3,9,0,10,2,10
273,WLNM_dir_neg_kfold,0.799382716049,0.444444444444,00:00:01,10,90,11,14356,threshold_sweep,0.3,0.666666666667,0.222222222222,0.333333333333,2,1,7,17,0.222222222222,0.944444444444,0.0555555555556,0.777777777778,0.666666666667,0.222222222222,0.333333333333,0.703703703704,0.62962962963,0.2,0.25,0.166666666667,94,85,9,0,94,0,85,0,9,23,88,0.173913043478,1.68507579377,7.65217391304,7.33333333333,5.5,3.63829000359,0.475458352741,0.249505928854,5.32278271304,1.39118184545,0.672924901186,3.27042079462,0.854769071322,0.442687747036,0.749191304359,0.444603920564,2.5,1.68507579377,0.749191304359,2.5,0.259446613992,0.18878248974,46,0.025974025974,0.333144633145,23,23,23,1,0,0.478260869565,0.217391304348,0.304347826087,23,0.156126482213,1.6448171796,6.86956521739,7.18181818182,4.9375,3.42854790129,0.499092416011,0.272977435333,4.85073646664,1.41223973079,0.685745734728,2.95151866852,0.859302903492,0.464501926252,0.761396189594,0.462906272525,2.5,1.6741270514,0.765918146865,2.5,0.250583002856,0.177065767285,35,0.0197628458498,0.308885659795,23,22,22,0.95652173913,0,0.478260869565,0.217391304348,0.260869565217,23,82,0.162055335968,1.69245482778,7.13043478261,6.83333333333,4.82352941176,3.50719193329,0.491862283327,0.26723223754,4.97106250721,1.39432241056,0.67868504772,2.96687909115,0.832173403615,0.44750795334,0.754055202216,0.445539337203,2.5,1.69245482778,0.754055202216,2.5,0.28791864701,0.221003134796,47,0.0265386787126,0.283027578482,23,23,23,1,0,0.478260869565,0.260869565217,0.260869565217,-6,-0.0118577075099,0.00737903400947,-0.521739130435,-0.5,-0.676470588235,-0.131098070299,0.0164039305855,0.017726308686,-0.351720205833,0.00314056510441,0.00576014653427,-0.303541703475,-0.0225956677071,0.00482020630483,0.0048638978574,0.000935416639089,0,0.00737903400947,0.0048638978574,0,0.0284720330175,0.0322206450562,1,0.000564652738566,-0.0501170546625,0,0.0434782608696,-0.0434782608696,81,1,7,417,0.920454545455,0.997607655502,0.00239234449761,0.0795454545455,0.987804878049,0.920454545455,0.952941176471,0.944303782253,0.918062200957,0.910112359551,3,9,0,10,2,10
274,WLNM_dir_neg_kfold,0.799382716049,0.444444444444,00:00:01,10,90,11,14356,threshold_sweep,0.4,0.666666666667,0.222222222222,0.333333333333,2,1,7,17,0.222222222222,0.944444444444,0.0555555555556,0.777777777778,0.666666666667,0.222222222222,0.333333333333,0.703703703704,0.62962962963,0.2,0.25,0.166666666667,94,85,9,0,94,0,85,0,9,23,88,0.173913043478,1.68507579377,7.65217391304,7.33333333333,5.5,3.63829000359,0.475458352741,0.249505928854,5.32278271304,1.39118184545,0.672924901186,3.27042079462,0.854769071322,0.442687747036,0.749191304359,0.444603920564,2.5,1.68507579377,0.749191304359,2.5,0.259446613992,0.18878248974,46,0.025974025974,0.333144633145,23,23,23,1,0,0.478260869565,0.217391304348,0.304347826087,23,0.156126482213,1.6448171796,6.86956521739,7.18181818182,4.9375,3.42854790129,0.499092416011,0.272977435333,4.85073646664,1.41223973079,0.685745734728,2.95151866852,0.859302903492,0.464501926252,0.761396189594,0.462906272525,2.5,1.6741270514,0.765918146865,2.5,0.250583002856,0.177065767285,35,0.0197628458498,0.308885659795,23,22,22,0.95652173913,0,0.478260869565,0.217391304348,0.260869565217,23,82,0.162055335968,1.69245482778,7.13043478261,6.83333333333,4.82352941176,3.50719193329,0.491862283327,0.26723223754,4.97106250721,1.39432241056,0.67868504772,2.96687909115,0.832173403615,0.44750795334,0.754055202216,0.445539337203,2.5,1.69245482778,0.754055202216,2.5,0.28791864701,0.221003134796,47,0.0265386787126,0.283027578482,23,23,23,1,0,0.478260869565,0.260869565217,0.260869565217,-6,-0.0118577075099,0.00737903400947,-0.521739130435,-0.5,-0.676470588235,-0.131098070299,0.0164039305855,0.017726308686,-0.351720205833,0.00314056510441,0.00576014653427,-0.303541703475,-0.0225956677071,0.00482020630483,0.0048638978574,0.000935416639089,0,0.00737903400947,0.0048638978574,0,0.0284720330175,0.0322206450562,1,0.000564652738566,-0.0501170546625,0,0.0434782608696,-0.0434782608696,81,1,7,417,0.920454545455,0.997607655502,0.00239234449761,0.0795454545455,0.987804878049,0.920454545455,0.952941176471,0.944303782253,0.918062200957,0.910112359551,3,9,0,10,2,10
275,WLNM_dir_neg_kfold,0.799382716049,0.444444444444,00:00:01,10,90,11,14356,threshold_sweep,0.5,0.666666666667,0.222222222222,0.333333333333,2,1,7,17,0.222222222222,0.944444444444,0.0555555555556,0.777777777778,0.666666666667,0.222222222222,0.333333333333,0.703703703704,0.62962962963,0.2,0.25,0.166666666667,94,85,9,0,94,0,85,0,9,23,88,0.173913043478,1.68507579377,7.65217391304,7.33333333333,5.5,3.63829000359,0.475458352741,0.249505928854,5.32278271304,1.39118184545,0.672924901186,3.27042079462,0.854769071322,0.442687747036,0.749191304359,0.444603920564,2.5,1.68507579377,0.749191304359,2.5,0.259446613992,0.18878248974,46,0.025974025974,0.333144633145,23,23,23,1,0,0.478260869565,0.217391304348,0.304347826087,23,0.156126482213,1.6448171796,6.86956521739,7.18181818182,4.9375,3.42854790129,0.499092416011,0.272977435333,4.85073646664,1.41223973079,0.685745734728,2.95151866852,0.859302903492,0.464501926252,0.761396189594,0.462906272525,2.5,1.6741270514,0.765918146865,2.5,0.250583002856,0.177065767285,35,0.0197628458498,0.308885659795,23,22,22,0.95652173913,0,0.478260869565,0.217391304348,0.260869565217,23,82,0.162055335968,1.69245482778,7.13043478261,6.83333333333,4.82352941176,3.50719193329,0.491862283327,0.26723223754,4.97106250721,1.39432241056,0.67868504772,2.96687909115,0.832173403615,0.44750795334,0.754055202216,0.445539337203,2.5,1.69245482778,0.754055202216,2.5,0.28791864701,0.221003134796,47,0.0265386787126,0.283027578482,23,23,23,1,0,0.478260869565,0.260869565217,0.260869565217,-6,-0.0118577075099,0.00737903400947,-0.521739130435,-0.5,-0.676470588235,-0.131098070299,0.0164039305855,0.017726308686,-0.351720205833,0.00314056510441,0.00576014653427,-0.303541703475,-0.0225956677071,0.00482020630483,0.0048638978574,0.000935416639089,0,0.00737903400947,0.0048638978574,0,0.0284720330175,0.0322206450562,1,0.000564652738566,-0.0501170546625,0,0.0434782608696,-0.0434782608696,81,1,7,417,0.920454545455,0.997607655502,0.00239234449761,0.0795454545455,0.987804878049,0.920454545455,0.952941176471,0.944303782253,0.918062200957,0.910112359551,3,9,0,10,2,10
276,WLNM_dir_neg_kfold,0.799382716049,0.444444444444,00:00:01,10,90,11,14356,threshold_sweep,0.6,0.666666666667,0.222222222222,0.333333333333,2,1,7,17,0.222222222222,0.944444444444,0.0555555555556,0.777777777778,0.666666666667,0.222222222222,0.333333333333,0.703703703704,0.62962962963,0.2,0.25,0.166666666667,94,85,9,0,94,0,85,0,9,23,88,0.173913043478,1.68507579377,7.65217391304,7.33333333333,5.5,3.63829000359,0.475458352741,0.249505928854,5.32278271304,1.39118184545,0.672924901186,3.27042079462,0.854769071322,0.442687747036,0.749191304359,0.444603920564,2.5,1.68507579377,0.749191304359,2.5,0.259446613992,0.18878248974,46,0.025974025974,0.333144633145,23,23,23,1,0,0.478260869565,0.217391304348,0.304347826087,23,0.156126482213,1.6448171796,6.86956521739,7.18181818182,4.9375,3.42854790129,0.499092416011,0.272977435333,4.85073646664,1.41223973079,0.685745734728,2.95151866852,0.859302903492,0.464501926252,0.761396189594,0.462906272525,2.5,1.6741270514,0.765918146865,2.5,0.250583002856,0.177065767285,35,0.0197628458498,0.308885659795,23,22,22,0.95652173913,0,0.478260869565,0.217391304348,0.260869565217,23,82,0.162055335968,1.69245482778,7.13043478261,6.83333333333,4.82352941176,3.50719193329,0.491862283327,0.26723223754,4.97106250721,1.39432241056,0.67868504772,2.96687909115,0.832173403615,0.44750795334,0.754055202216,0.445539337203,2.5,1.69245482778,0.754055202216,2.5,0.28791864701,0.221003134796,47,0.0265386787126,0.283027578482,23,23,23,1,0,0.478260869565,0.260869565217,0.260869565217,-6,-0.0118577075099,0.00737903400947,-0.521739130435,-0.5,-0.676470588235,-0.131098070299,0.0164039305855,0.017726308686,-0.351720205833,0.00314056510441,0.00576014653427,-0.303541703475,-0.0225956677071,0.00482020630483,0.0048638978574,0.000935416639089,0,0.00737903400947,0.0048638978574,0,0.0284720330175,0.0322206450562,1,0.000564652738566,-0.0501170546625,0,0.0434782608696,-0.0434782608696,81,1,7,417,0.920454545455,0.997607655502,0.00239234449761,0.0795454545455,0.987804878049,0.920454545455,0.952941176471,0.944303782253,0.918062200957,0.910112359551,3,9,0,10,2,10
277,WLNM_dir_neg_kfold,0.799382716049,0.444444444444,00:00:01,10,90,11,14356,threshold_sweep,0.7,0.666666666667,0.222222222222,0.333333333333,2,1,7,17,0.222222222222,0.944444444444,0.0555555555556,0.777777777778,0.666666666667,0.222222222222,0.333333333333,0.703703703704,0.62962962963,0.2,0.25,0.166666666667,94,85,9,0,94,0,85,0,9,23,88,0.173913043478,1.68507579377,7.65217391304,7.33333333333,5.5,3.63829000359,0.475458352741,0.249505928854,5.32278271304,1.39118184545,0.672924901186,3.27042079462,0.854769071322,0.442687747036,0.749191304359,0.444603920564,2.5,1.68507579377,0.749191304359,2.5,0.259446613992,0.18878248974,46,0.025974025974,0.333144633145,23,23,23,1,0,0.478260869565,0.217391304348,0.304347826087,23,0.156126482213,1.6448171796,6.86956521739,7.18181818182,4.9375,3.42854790129,0.499092416011,0.272977435333,4.85073646664,1.41223973079,0.685745734728,2.95151866852,0.859302903492,0.464501926252,0.761396189594,0.462906272525,2.5,1.6741270514,0.765918146865,2.5,0.250583002856,0.177065767285,35,0.0197628458498,0.308885659795,23,22,22,0.95652173913,0,0.478260869565,0.217391304348,0.260869565217,23,82,0.162055335968,1.69245482778,7.13043478261,6.83333333333,4.82352941176,3.50719193329,0.491862283327,0.26723223754,4.97106250721,1.39432241056,0.67868504772,2.96687909115,0.832173403615,0.44750795334,0.754055202216,0.445539337203,2.5,1.69245482778,0.754055202216,2.5,0.28791864701,0.221003134796,47,0.0265386787126,0.283027578482,23,23,23,1,0,0.478260869565,0.260869565217,0.260869565217,-6,-0.0118577075099,0.00737903400947,-0.521739130435,-0.5,-0.676470588235,-0.131098070299,0.0164039305855,0.017726308686,-0.351720205833,0.00314056510441,0.00576014653427,-0.303541703475,-0.0225956677071,0.00482020630483,0.0048638978574,0.000935416639089,0,0.00737903400947,0.0048638978574,0,0.0284720330175,0.0322206450562,1,0.000564652738566,-0.0501170546625,0,0.0434782608696,-0.0434782608696,81,1,7,417,0.920454545455,0.997607655502,0.00239234449761,0.0795454545455,0.987804878049,0.920454545455,0.952941176471,0.944303782253,0.918062200957,0.910112359551,3,9,0,10,2,10
278,WLNM_dir_neg_kfold,0.799382716049,0.444444444444,00:00:01,10,90,11,14356,threshold_sweep,0.8,0.666666666667,0.222222222222,0.333333333333,2,1,7,17,0.222222222222,0.944444444444,0.0555555555556,0.777777777778,0.666666666667,0.222222222222,0.333333333333,0.703703703704,0.62962962963,0.2,0.25,0.166666666667,94,85,9,0,94,0,85,0,9,23,88,0.173913043478,1.68507579377,7.65217391304,7.33333333333,5.5,3.63829000359,0.475458352741,0.249505928854,5.32278271304,1.39118184545,0.672924901186,3.27042079462,0.854769071322,0.442687747036,0.749191304359,0.444603920564,2.5,1.68507579377,0.749191304359,2.5,0.259446613992,0.18878248974,46,0.025974025974,0.333144633145,23,23,23,1,0,0.478260869565,0.217391304348,0.304347826087,23,0.156126482213,1.6448171796,6.86956521739,7.18181818182,4.9375,3.42854790129,0.499092416011,0.272977435333,4.85073646664,1.41223973079,0.685745734728,2.95151866852,0.859302903492,0.464501926252,0.761396189594,0.462906272525,2.5,1.6741270514,0.765918146865,2.5,0.250583002856,0.177065767285,35,0.0197628458498,0.308885659795,23,22,22,0.95652173913,0,0.478260869565,0.217391304348,0.260869565217,23,82,0.162055335968,1.69245482778,7.13043478261,6.83333333333,4.82352941176,3.50719193329,0.491862283327,0.26723223754,4.97106250721,1.39432241056,0.67868504772,2.96687909115,0.832173403615,0.44750795334,0.754055202216,0.445539337203,2.5,1.69245482778,0.754055202216,2.5,0.28791864701,0.221003134796,47,0.0265386787126,0.283027578482,23,23,23,1,0,0.478260869565,0.260869565217,0.260869565217,-6,-0.0118577075099,0.00737903400947,-0.521739130435,-0.5,-0.676470588235,-0.131098070299,0.0164039305855,0.017726308686,-0.351720205833,0.00314056510441,0.00576014653427,-0.303541703475,-0.0225956677071,0.00482020630483,0.0048638978574,0.000935416639089,0,0.00737903400947,0.0048638978574,0,0.0284720330175,0.0322206450562,1,0.000564652738566,-0.0501170546625,0,0.0434782608696,-0.0434782608696,81,1,7,417,0.920454545455,0.997607655502,0.00239234449761,0.0795454545455,0.987804878049,0.920454545455,0.952941176471,0.944303782253,0.918062200957,0.910112359551,3,9,0,10,2,10
279,WLNM_dir_neg_kfold,0.799382716049,0.444444444444,00:00:01,10,90,11,14356,threshold_sweep,0.9,0.666666666667,0.222222222222,0.333333333333,2,1,7,17,0.222222222222,0.944444444444,0.0555555555556,0.777777777778,0.666666666667,0.222222222222,0.333333333333,0.703703703704,0.62962962963,0.2,0.25,0.166666666667,94,85,9,0,94,0,85,0,9,23,88,0.173913043478,1.68507579377,7.65217391304,7.33333333333,5.5,3.63829000359,0.475458352741,0.249505928854,5.32278271304,1.39118184545,0.672924901186,3.27042079462,0.854769071322,0.442687747036,0.749191304359,0.444603920564,2.5,1.68507579377,0.749191304359,2.5,0.259446613992,0.18878248974,46,0.025974025974,0.333144633145,23,23,23,1,0,0.478260869565,0.217391304348,0.304347826087,23,0.156126482213,1.6448171796,6.86956521739,7.18181818182,4.9375,3.42854790129,0.499092416011,0.272977435333,4.85073646664,1.41223973079,0.685745734728,2.95151866852,0.859302903492,0.464501926252,0.761396189594,0.462906272525,2.5,1.6741270514,0.765918146865,2.5,0.250583002856,0.177065767285,35,0.0197628458498,0.308885659795,23,22,22,0.95652173913,0,0.478260869565,0.217391304348,0.260869565217,23,82,0.162055335968,1.69245482778,7.13043478261,6.83333333333,4.82352941176,3.50719193329,0.491862283327,0.26723223754,4.97106250721,1.39432241056,0.67868504772,2.96687909115,0.832173403615,0.44750795334,0.754055202216,0.445539337203,2.5,1.69245482778,0.754055202216,2.5,0.28791864701,0.221003134796,47,0.0265386787126,0.283027578482,23,23,23,1,0,0.478260869565,0.260869565217,0.260869565217,-6,-0.0118577075099,0.00737903400947,-0.521739130435,-0.5,-0.676470588235,-0.131098070299,0.0164039305855,0.017726308686,-0.351720205833,0.00314056510441,0.00576014653427,-0.303541703475,-0.0225956677071,0.00482020630483,0.0048638978574,0.000935416639089,0,0.00737903400947,0.0048638978574,0,0.0284720330175,0.0322206450562,1,0.000564652738566,-0.0501170546625,0,0.0434782608696,-0.0434782608696,81,1,7,417,0.920454545455,0.997607655502,0.00239234449761,0.0795454545455,0.987804878049,0.920454545455,0.952941176471,0.944303782253,0.918062200957,0.910112359551,3,9,0,10,2,10
280,WLNM_dir_neg_kfold,0.79012345679,0.401617826618,00:00:01,10,90,12,14357,threshold_sweep,0.1,0.5,0.111111111111,0.181818181818,1,1,8,17,0.111111111111,0.944444444444,0.0555555555556,0.888888888889,0.5,0.111111111111,0.181818181818,0.666666666667,0.641975308642,0.0689655172414,0.1,0.0555555555556,94,85,9,0,94,0,85,0,9,23,88,0.173913043478,1.68507579377,7.65217391304,7.33333333333,5.5,3.63829000359,0.475458352741,0.249505928854,5.32278271304,1.39118184545,0.672924901186,3.27042079462,0.854769071322,0.442687747036,0.749191304359,0.444603920564,2.5,1.68507579377,0.749191304359,2.5,0.259446613992,0.18878248974,46,0.025974025974,0.333144633145,23,23,23,1,0,0.478260869565,0.217391304348,0.304347826087,23,0.156126482213,1.6448171796,6.86956521739,7.18181818182,4.9375,3.42854790129,0.499092416011,0.272977435333,4.85073646664,1.41223973079,0.685745734728,2.95151866852,0.859302903492,0.464501926252,0.761396189594,0.462906272525,2.5,1.6741270514,0.765918146865,2.5,0.250583002856,0.177065767285,35,0.0197628458498,0.308885659795,23,22,22,0.95652173913,0,0.478260869565,0.217391304348,0.260869565217,23,81,0.160079051383,1,7.04347826087,6.75,5.0625,3.48344475366,0.494563144038,0.269457863661,4.91629540145,1.39598511399,0.680622651637,3.02819425967,0.859857629289,0.462694578637,0,0,0,NaN,NaN,NaN,0.260331083058,0.186579378069,38,0.0214568040655,0.296421339603,23,22,0,0.95652173913,2,0.434782608696,0.260869565217,0.260869565217,-7,-0.0138339920949,-0.685075793771,-0.608695652174,-0.583333333333,-0.4375,-0.15484524993,0.0191047912963,0.019951934807,-0.406487311595,0.00480326853708,0.00769775045137,-0.242226534953,0.00508855796714,0.020006831601,-0.749191304359,-0.444603920564,-2.5,NaN,NaN,NaN,0.000884469066287,-0.00220311167134,-8,-0.00451722190853,-0.0367232935415,-0.0434782608696,0.0434782608696,-0.0434782608696,80,1,8,417,0.909090909091,0.997607655502,0.00239234449761,0.0909090909091,0.987654320988,0.909090909091,0.94674556213,0.937249960286,0.906698564593,0.898876404494,2,9,0,10,2,10
281,WLNM_dir_neg_kfold,0.79012345679,0.401617826618,00:00:01,10,90,12,14357,threshold_sweep,0.2,0.5,0.111111111111,0.181818181818,1,1,8,17,0.111111111111,0.944444444444,0.0555555555556,0.888888888889,0.5,0.111111111111,0.181818181818,0.666666666667,0.641975308642,0.0689655172414,0.1,0.0555555555556,94,85,9,0,94,0,85,0,9,23,88,0.173913043478,1.68507579377,7.65217391304,7.33333333333,5.5,3.63829000359,0.475458352741,0.249505928854,5.32278271304,1.39118184545,0.672924901186,3.27042079462,0.854769071322,0.442687747036,0.749191304359,0.444603920564,2.5,1.68507579377,0.749191304359,2.5,0.259446613992,0.18878248974,46,0.025974025974,0.333144633145,23,23,23,1,0,0.478260869565,0.217391304348,0.304347826087,23,0.156126482213,1.6448171796,6.86956521739,7.18181818182,4.9375,3.42854790129,0.499092416011,0.272977435333,4.85073646664,1.41223973079,0.685745734728,2.95151866852,0.859302903492,0.464501926252,0.761396189594,0.462906272525,2.5,1.6741270514,0.765918146865,2.5,0.250583002856,0.177065767285,35,0.0197628458498,0.308885659795,23,22,22,0.95652173913,0,0.478260869565,0.217391304348,0.260869565217,23,81,0.160079051383,1,7.04347826087,6.75,5.0625,3.48344475366,0.494563144038,0.269457863661,4.91629540145,1.39598511399,0.680622651637,3.02819425967,0.859857629289,0.462694578637,0,0,0,NaN,NaN,NaN,0.260331083058,0.186579378069,38,0.0214568040655,0.296421339603,23,22,0,0.95652173913,2,0.434782608696,0.260869565217,0.260869565217,-7,-0.0138339920949,-0.685075793771,-0.608695652174,-0.583333333333,-0.4375,-0.15484524993,0.0191047912963,0.019951934807,-0.406487311595,0.00480326853708,0.00769775045137,-0.242226534953,0.00508855796714,0.020006831601,-0.749191304359,-0.444603920564,-2.5,NaN,NaN,NaN,0.000884469066287,-0.00220311167134,-8,-0.00451722190853,-0.0367232935415,-0.0434782608696,0.0434782608696,-0.0434782608696,80,1,8,417,0.909090909091,0.997607655502,0.00239234449761,0.0909090909091,0.987654320988,0.909090909091,0.94674556213,0.937249960286,0.906698564593,0.898876404494,2,9,0,10,2,10
282,WLNM_dir_neg_kfold,0.79012345679,0.401617826618,00:00:01,10,90,12,14357,threshold_sweep,0.3,0.5,0.111111111111,0.181818181818,1,1,8,17,0.111111111111,0.944444444444,0.0555555555556,0.888888888889,0.5,0.111111111111,0.181818181818,0.666666666667,0.641975308642,0.0689655172414,0.1,0.0555555555556,94,85,9,0,94,0,85,0,9,23,88,0.173913043478,1.68507579377,7.65217391304,7.33333333333,5.5,3.63829000359,0.475458352741,0.249505928854,5.32278271304,1.39118184545,0.672924901186,3.27042079462,0.854769071322,0.442687747036,0.749191304359,0.444603920564,2.5,1.68507579377,0.749191304359,2.5,0.259446613992,0.18878248974,46,0.025974025974,0.333144633145,23,23,23,1,0,0.478260869565,0.217391304348,0.304347826087,23,0.156126482213,1.6448171796,6.86956521739,7.18181818182,4.9375,3.42854790129,0.499092416011,0.272977435333,4.85073646664,1.41223973079,0.685745734728,2.95151866852,0.859302903492,0.464501926252,0.761396189594,0.462906272525,2.5,1.6741270514,0.765918146865,2.5,0.250583002856,0.177065767285,35,0.0197628458498,0.308885659795,23,22,22,0.95652173913,0,0.478260869565,0.217391304348,0.260869565217,23,81,0.160079051383,1,7.04347826087,6.75,5.0625,3.48344475366,0.494563144038,0.269457863661,4.91629540145,1.39598511399,0.680622651637,3.02819425967,0.859857629289,0.462694578637,0,0,0,NaN,NaN,NaN,0.260331083058,0.186579378069,38,0.0214568040655,0.296421339603,23,22,0,0.95652173913,2,0.434782608696,0.260869565217,0.260869565217,-7,-0.0138339920949,-0.685075793771,-0.608695652174,-0.583333333333,-0.4375,-0.15484524993,0.0191047912963,0.019951934807,-0.406487311595,0.00480326853708,0.00769775045137,-0.242226534953,0.00508855796714,0.020006831601,-0.749191304359,-0.444603920564,-2.5,NaN,NaN,NaN,0.000884469066287,-0.00220311167134,-8,-0.00451722190853,-0.0367232935415,-0.0434782608696,0.0434782608696,-0.0434782608696,80,1,8,417,0.909090909091,0.997607655502,0.00239234449761,0.0909090909091,0.987654320988,0.909090909091,0.94674556213,0.937249960286,0.906698564593,0.898876404494,2,9,0,10,2,10
283,WLNM_dir_neg_kfold,0.79012345679,0.401617826618,00:00:01,10,90,12,14357,threshold_sweep,0.4,0.5,0.111111111111,0.181818181818,1,1,8,17,0.111111111111,0.944444444444,0.0555555555556,0.888888888889,0.5,0.111111111111,0.181818181818,0.666666666667,0.641975308642,0.0689655172414,0.1,0.0555555555556,94,85,9,0,94,0,85,0,9,23,88,0.173913043478,1.68507579377,7.65217391304,7.33333333333,5.5,3.63829000359,0.475458352741,0.249505928854,5.32278271304,1.39118184545,0.672924901186,3.27042079462,0.854769071322,0.442687747036,0.749191304359,0.444603920564,2.5,1.68507579377,0.749191304359,2.5,0.259446613992,0.18878248974,46,0.025974025974,0.333144633145,23,23,23,1,0,0.478260869565,0.217391304348,0.304347826087,23,0.156126482213,1.6448171796,6.86956521739,7.18181818182,4.9375,3.42854790129,0.499092416011,0.272977435333,4.85073646664,1.41223973079,0.685745734728,2.95151866852,0.859302903492,0.464501926252,0.761396189594,0.462906272525,2.5,1.6741270514,0.765918146865,2.5,0.250583002856,0.177065767285,35,0.0197628458498,0.308885659795,23,22,22,0.95652173913,0,0.478260869565,0.217391304348,0.260869565217,23,81,0.160079051383,1,7.04347826087,6.75,5.0625,3.48344475366,0.494563144038,0.269457863661,4.91629540145,1.39598511399,0.680622651637,3.02819425967,0.859857629289,0.462694578637,0,0,0,NaN,NaN,NaN,0.260331083058,0.186579378069,38,0.0214568040655,0.296421339603,23,22,0,0.95652173913,2,0.434782608696,0.260869565217,0.260869565217,-7,-0.0138339920949,-0.685075793771,-0.608695652174,-0.583333333333,-0.4375,-0.15484524993,0.0191047912963,0.019951934807,-0.406487311595,0.00480326853708,0.00769775045137,-0.242226534953,0.00508855796714,0.020006831601,-0.749191304359,-0.444603920564,-2.5,NaN,NaN,NaN,0.000884469066287,-0.00220311167134,-8,-0.00451722190853,-0.0367232935415,-0.0434782608696,0.0434782608696,-0.0434782608696,80,1,8,417,0.909090909091,0.997607655502,0.00239234449761,0.0909090909091,0.987654320988,0.909090909091,0.94674556213,0.937249960286,0.906698564593,0.898876404494,2,9,0,10,2,10
284,WLNM_dir_neg_kfold,0.79012345679,0.401617826618,00:00:01,10,90,12,14357,threshold_sweep,0.5,0.5,0.111111111111,0.181818181818,1,1,8,17,0.111111111111,0.944444444444,0.0555555555556,0.888888888889,0.5,0.111111111111,0.181818181818,0.666666666667,0.641975308642,0.0689655172414,0.1,0.0555555555556,94,85,9,0,94,0,85,0,9,23,88,0.173913043478,1.68507579377,7.65217391304,7.33333333333,5.5,3.63829000359,0.475458352741,0.249505928854,5.32278271304,1.39118184545,0.672924901186,3.27042079462,0.854769071322,0.442687747036,0.749191304359,0.444603920564,2.5,1.68507579377,0.749191304359,2.5,0.259446613992,0.18878248974,46,0.025974025974,0.333144633145,23,23,23,1,0,0.478260869565,0.217391304348,0.304347826087,23,0.156126482213,1.6448171796,6.86956521739,7.18181818182,4.9375,3.42854790129,0.499092416011,0.272977435333,4.85073646664,1.41223973079,0.685745734728,2.95151866852,0.859302903492,0.464501926252,0.761396189594,0.462906272525,2.5,1.6741270514,0.765918146865,2.5,0.250583002856,0.177065767285,35,0.0197628458498,0.308885659795,23,22,22,0.95652173913,0,0.478260869565,0.217391304348,0.260869565217,23,81,0.160079051383,1,7.04347826087,6.75,5.0625,3.48344475366,0.494563144038,0.269457863661,4.91629540145,1.39598511399,0.680622651637,3.02819425967,0.859857629289,0.462694578637,0,0,0,NaN,NaN,NaN,0.260331083058,0.186579378069,38,0.0214568040655,0.296421339603,23,22,0,0.95652173913,2,0.434782608696,0.260869565217,0.260869565217,-7,-0.0138339920949,-0.685075793771,-0.608695652174,-0.583333333333,-0.4375,-0.15484524993,0.0191047912963,0.019951934807,-0.406487311595,0.00480326853708,0.00769775045137,-0.242226534953,0.00508855796714,0.020006831601,-0.749191304359,-0.444603920564,-2.5,NaN,NaN,NaN,0.000884469066287,-0.00220311167134,-8,-0.00451722190853,-0.0367232935415,-0.0434782608696,0.0434782608696,-0.0434782608696,80,1,8,417,0.909090909091,0.997607655502,0.00239234449761,0.0909090909091,0.987654320988,0.909090909091,0.94674556213,0.937249960286,0.906698564593,0.898876404494,2,9,0,10,2,10
285,WLNM_dir_neg_kfold,0.79012345679,0.401617826618,00:00:01,10,90,12,14357,threshold_sweep,0.6,0.5,0.111111111111,0.181818181818,1,1,8,17,0.111111111111,0.944444444444,0.0555555555556,0.888888888889,0.5,0.111111111111,0.181818181818,0.666666666667,0.641975308642,0.0689655172414,0.1,0.0555555555556,94,85,9,0,94,0,85,0,9,23,88,0.173913043478,1.68507579377,7.65217391304,7.33333333333,5.5,3.63829000359,0.475458352741,0.249505928854,5.32278271304,1.39118184545,0.672924901186,3.27042079462,0.854769071322,0.442687747036,0.749191304359,0.444603920564,2.5,1.68507579377,0.749191304359,2.5,0.259446613992,0.18878248974,46,0.025974025974,0.333144633145,23,23,23,1,0,0.478260869565,0.217391304348,0.304347826087,23,0.156126482213,1.6448171796,6.86956521739,7.18181818182,4.9375,3.42854790129,0.499092416011,0.272977435333,4.85073646664,1.41223973079,0.685745734728,2.95151866852,0.859302903492,0.464501926252,0.761396189594,0.462906272525,2.5,1.6741270514,0.765918146865,2.5,0.250583002856,0.177065767285,35,0.0197628458498,0.308885659795,23,22,22,0.95652173913,0,0.478260869565,0.217391304348,0.260869565217,23,81,0.160079051383,1,7.04347826087,6.75,5.0625,3.48344475366,0.494563144038,0.269457863661,4.91629540145,1.39598511399,0.680622651637,3.02819425967,0.859857629289,0.462694578637,0,0,0,NaN,NaN,NaN,0.260331083058,0.186579378069,38,0.0214568040655,0.296421339603,23,22,0,0.95652173913,2,0.434782608696,0.260869565217,0.260869565217,-7,-0.0138339920949,-0.685075793771,-0.608695652174,-0.583333333333,-0.4375,-0.15484524993,0.0191047912963,0.019951934807,-0.406487311595,0.00480326853708,0.00769775045137,-0.242226534953,0.00508855796714,0.020006831601,-0.749191304359,-0.444603920564,-2.5,NaN,NaN,NaN,0.000884469066287,-0.00220311167134,-8,-0.00451722190853,-0.0367232935415,-0.0434782608696,0.0434782608696,-0.0434782608696,80,1,8,417,0.909090909091,0.997607655502,0.00239234449761,0.0909090909091,0.987654320988,0.909090909091,0.94674556213,0.937249960286,0.906698564593,0.898876404494,2,9,0,10,2,10
286,WLNM_dir_neg_kfold,0.79012345679,0.401617826618,00:00:01,10,90,12,14357,threshold_sweep,0.7,0.5,0.111111111111,0.181818181818,1,1,8,17,0.111111111111,0.944444444444,0.0555555555556,0.888888888889,0.5,0.111111111111,0.181818181818,0.666666666667,0.641975308642,0.0689655172414,0.1,0.0555555555556,94,85,9,0,94,0,85,0,9,23,88,0.173913043478,1.68507579377,7.65217391304,7.33333333333,5.5,3.63829000359,0.475458352741,0.249505928854,5.32278271304,1.39118184545,0.672924901186,3.27042079462,0.854769071322,0.442687747036,0.749191304359,0.444603920564,2.5,1.68507579377,0.749191304359,2.5,0.259446613992,0.18878248974,46,0.025974025974,0.333144633145,23,23,23,1,0,0.478260869565,0.217391304348,0.304347826087,23,0.156126482213,1.6448171796,6.86956521739,7.18181818182,4.9375,3.42854790129,0.499092416011,0.272977435333,4.85073646664,1.41223973079,0.685745734728,2.95151866852,0.859302903492,0.464501926252,0.761396189594,0.462906272525,2.5,1.6741270514,0.765918146865,2.5,0.250583002856,0.177065767285,35,0.0197628458498,0.308885659795,23,22,22,0.95652173913,0,0.478260869565,0.217391304348,0.260869565217,23,81,0.160079051383,1,7.04347826087,6.75,5.0625,3.48344475366,0.494563144038,0.269457863661,4.91629540145,1.39598511399,0.680622651637,3.02819425967,0.859857629289,0.462694578637,0,0,0,NaN,NaN,NaN,0.260331083058,0.186579378069,38,0.0214568040655,0.296421339603,23,22,0,0.95652173913,2,0.434782608696,0.260869565217,0.260869565217,-7,-0.0138339920949,-0.685075793771,-0.608695652174,-0.583333333333,-0.4375,-0.15484524993,0.0191047912963,0.019951934807,-0.406487311595,0.00480326853708,0.00769775045137,-0.242226534953,0.00508855796714,0.020006831601,-0.749191304359,-0.444603920564,-2.5,NaN,NaN,NaN,0.000884469066287,-0.00220311167134,-8,-0.00451722190853,-0.0367232935415,-0.0434782608696,0.0434782608696,-0.0434782608696,80,1,8,417,0.909090909091,0.997607655502,0.00239234449761,0.0909090909091,0.987654320988,0.909090909091,0.94674556213,0.937249960286,0.906698564593,0.898876404494,2,9,0,10,2,10
287,WLNM_dir_neg_kfold,0.79012345679,0.401617826618,00:00:01,10,90,12,14357,threshold_sweep,0.8,0.5,0.111111111111,0.181818181818,1,1,8,17,0.111111111111,0.944444444444,0.0555555555556,0.888888888889,0.5,0.111111111111,0.181818181818,0.666666666667,0.641975308642,0.0689655172414,0.1,0.0555555555556,94,85,9,0,94,0,85,0,9,23,88,0.173913043478,1.68507579377,7.65217391304,7.33333333333,5.5,3.63829000359,0.475458352741,0.249505928854,5.32278271304,1.39118184545,0.672924901186,3.27042079462,0.854769071322,0.442687747036,0.749191304359,0.444603920564,2.5,1.68507579377,0.749191304359,2.5,0.259446613992,0.18878248974,46,0.025974025974,0.333144633145,23,23,23,1,0,0.478260869565,0.217391304348,0.304347826087,23,0.156126482213,1.6448171796,6.86956521739,7.18181818182,4.9375,3.42854790129,0.499092416011,0.272977435333,4.85073646664,1.41223973079,0.685745734728,2.95151866852,0.859302903492,0.464501926252,0.761396189594,0.462906272525,2.5,1.6741270514,0.765918146865,2.5,0.250583002856,0.177065767285,35,0.0197628458498,0.308885659795,23,22,22,0.95652173913,0,0.478260869565,0.217391304348,0.260869565217,23,81,0.160079051383,1,7.04347826087,6.75,5.0625,3.48344475366,0.494563144038,0.269457863661,4.91629540145,1.39598511399,0.680622651637,3.02819425967,0.859857629289,0.462694578637,0,0,0,NaN,NaN,NaN,0.260331083058,0.186579378069,38,0.0214568040655,0.296421339603,23,22,0,0.95652173913,2,0.434782608696,0.260869565217,0.260869565217,-7,-0.0138339920949,-0.685075793771,-0.608695652174,-0.583333333333,-0.4375,-0.15484524993,0.0191047912963,0.019951934807,-0.406487311595,0.00480326853708,0.00769775045137,-0.242226534953,0.00508855796714,0.020006831601,-0.749191304359,-0.444603920564,-2.5,NaN,NaN,NaN,0.000884469066287,-0.00220311167134,-8,-0.00451722190853,-0.0367232935415,-0.0434782608696,0.0434782608696,-0.0434782608696,80,1,8,417,0.909090909091,0.997607655502,0.00239234449761,0.0909090909091,0.987654320988,0.909090909091,0.94674556213,0.937249960286,0.906698564593,0.898876404494,2,9,0,10,2,10
288,WLNM_dir_neg_kfold,0.79012345679,0.401617826618,00:00:01,10,90,12,14357,threshold_sweep,0.9,0.5,0.111111111111,0.181818181818,1,1,8,17,0.111111111111,0.944444444444,0.0555555555556,0.888888888889,0.5,0.111111111111,0.181818181818,0.666666666667,0.641975308642,0.0689655172414,0.1,0.0555555555556,94,85,9,0,94,0,85,0,9,23,88,0.173913043478,1.68507579377,7.65217391304,7.33333333333,5.5,3.63829000359,0.475458352741,0.249505928854,5.32278271304,1.39118184545,0.672924901186,3.27042079462,0.854769071322,0.442687747036,0.749191304359,0.444603920564,2.5,1.68507579377,0.749191304359,2.5,0.259446613992,0.18878248974,46,0.025974025974,0.333144633145,23,23,23,1,0,0.478260869565,0.217391304348,0.304347826087,23,0.156126482213,1.6448171796,6.86956521739,7.18181818182,4.9375,3.42854790129,0.499092416011,0.272977435333,4.85073646664,1.41223973079,0.685745734728,2.95151866852,0.859302903492,0.464501926252,0.761396189594,0.462906272525,2.5,1.6741270514,0.765918146865,2.5,0.250583002856,0.177065767285,35,0.0197628458498,0.308885659795,23,22,22,0.95652173913,0,0.478260869565,0.217391304348,0.260869565217,23,81,0.160079051383,1,7.04347826087,6.75,5.0625,3.48344475366,0.494563144038,0.269457863661,4.91629540145,1.39598511399,0.680622651637,3.02819425967,0.859857629289,0.462694578637,0,0,0,NaN,NaN,NaN,0.260331083058,0.186579378069,38,0.0214568040655,0.296421339603,23,22,0,0.95652173913,2,0.434782608696,0.260869565217,0.260869565217,-7,-0.0138339920949,-0.685075793771,-0.608695652174,-0.583333333333,-0.4375,-0.15484524993,0.0191047912963,0.019951934807,-0.406487311595,0.00480326853708,0.00769775045137,-0.242226534953,0.00508855796714,0.020006831601,-0.749191304359,-0.444603920564,-2.5,NaN,NaN,NaN,0.000884469066287,-0.00220311167134,-8,-0.00451722190853,-0.0367232935415,-0.0434782608696,0.0434782608696,-0.0434782608696,80,1,8,417,0.909090909091,0.997607655502,0.00239234449761,0.0909090909091,0.987654320988,0.909090909091,0.94674556213,0.937249960286,0.906698564593,0.898876404494,2,9,0,10,2,10
289,WLNM_dir_neg_kfold,0.87037037037,0.558333333333,00:00:01,10,90,13,14358,threshold_sweep,0.1,1,0.222222222222,0.363636363636,2,0,7,18,0.222222222222,1,0,0.777777777778,1,0.222222222222,0.363636363636,0.740740740741,0.641975308642,0.275862068966,0.4,0.222222222222,94,85,9,0,94,0,85,0,9,23,88,0.173913043478,1.68507579377,7.65217391304,7.33333333333,5.5,3.63829000359,0.475458352741,0.249505928854,5.32278271304,1.39118184545,0.672924901186,3.27042079462,0.854769071322,0.442687747036,0.749191304359,0.444603920564,2.5,1.68507579377,0.749191304359,2.5,0.259446613992,0.18878248974,46,0.025974025974,0.333144633145,23,23,23,1,0,0.478260869565,0.217391304348,0.304347826087,23,0.156126482213,1.6448171796,6.86956521739,7.18181818182,4.9375,3.42854790129,0.499092416011,0.272977435333,4.85073646664,1.41223973079,0.685745734728,2.95151866852,0.859302903492,0.464501926252,0.761396189594,0.462906272525,2.5,1.6741270514,0.765918146865,2.5,0.250583002856,0.177065767285,35,0.0197628458498,0.308885659795,23,22,22,0.95652173913,0,0.478260869565,0.217391304348,0.260869565217,23,81,0.160079051383,1.68751019512,7.04347826087,6.75,5.0625,3.39087359178,0.481420324759,0.26140633387,4.91629540145,1.39598511399,0.680622651637,3.01314642581,0.855584787577,0.458400429415,0.750779547887,0.444903710839,2.5,1.68751019512,0.750779547887,2.5,0.255785628513,0.185064935065,38,0.0214568040655,0.288382072473,23,23,23,1,0,0.478260869565,0.217391304348,0.304347826087,-7,-0.0138339920949,0.00243440134744,-0.608695652174,-0.583333333333,-0.4375,-0.247416411809,0.00596197201713,0.0119004050163,-0.406487311595,0.00480326853708,0.00769775045137,-0.25727436881,0.000815716254641,0.0157126823793,0.00158824352851,0.000299790274851,0,0.00243440134744,0.00158824352851,0,-0.00366098547917,-0.00371755467515,-8,-0.00451722190853,-0.0447625606717,0,0,0,81,0,7,418,0.920454545455,1,0,0.0795454545455,1,0.920454545455,0.958579881657,0.951469451768,0.920454545455,0.920454545455,2,9,0,10,2,10
290,WLNM_dir_neg_kfold,0.87037037037,0.558333333333,00:00:01,10,90,13,14358,threshold_sweep,0.2,1,0.222222222222,0.363636363636,2,0,7,18,0.222222222222,1,0,0.777777777778,1,0.222222222222,0.363636363636,0.740740740741,0.641975308642,0.275862068966,0.4,0.222222222222,94,85,9,0,94,0,85,0,9,23,88,0.173913043478,1.68507579377,7.65217391304,7.33333333333,5.5,3.63829000359,0.475458352741,0.249505928854,5.32278271304,1.39118184545,0.672924901186,3.27042079462,0.854769071322,0.442687747036,0.749191304359,0.444603920564,2.5,1.68507579377,0.749191304359,2.5,0.259446613992,0.18878248974,46,0.025974025974,0.333144633145,23,23,23,1,0,0.478260869565,0.217391304348,0.304347826087,23,0.156126482213,1.6448171796,6.86956521739,7.18181818182,4.9375,3.42854790129,0.499092416011,0.272977435333,4.85073646664,1.41223973079,0.685745734728,2.95151866852,0.859302903492,0.464501926252,0.761396189594,0.462906272525,2.5,1.6741270514,0.765918146865,2.5,0.250583002856,0.177065767285,35,0.0197628458498,0.308885659795,23,22,22,0.95652173913,0,0.478260869565,0.217391304348,0.260869565217,23,81,0.160079051383,1.68751019512,7.04347826087,6.75,5.0625,3.39087359178,0.481420324759,0.26140633387,4.91629540145,1.39598511399,0.680622651637,3.01314642581,0.855584787577,0.458400429415,0.750779547887,0.444903710839,2.5,1.68751019512,0.750779547887,2.5,0.255785628513,0.185064935065,38,0.0214568040655,0.288382072473,23,23,23,1,0,0.478260869565,0.217391304348,0.304347826087,-7,-0.0138339920949,0.00243440134744,-0.608695652174,-0.583333333333,-0.4375,-0.247416411809,0.00596197201713,0.0119004050163,-0.406487311595,0.00480326853708,0.00769775045137,-0.25727436881,0.000815716254641,0.0157126823793,0.00158824352851,0.000299790274851,0,0.00243440134744,0.00158824352851,0,-0.00366098547917,-0.00371755467515,-8,-0.00451722190853,-0.0447625606717,0,0,0,81,0,7,418,0.920454545455,1,0,0.0795454545455,1,0.920454545455,0.958579881657,0.951469451768,0.920454545455,0.920454545455,2,9,0,10,2,10
291,WLNM_dir_neg_kfold,0.87037037037,0.558333333333,00:00:01,10,90,13,14358,threshold_sweep,0.3,1,0.222222222222,0.363636363636,2,0,7,18,0.222222222222,1,0,0.777777777778,1,0.222222222222,0.363636363636,0.740740740741,0.641975308642,0.275862068966,0.4,0.222222222222,94,85,9,0,94,0,85,0,9,23,88,0.173913043478,1.68507579377,7.65217391304,7.33333333333,5.5,3.63829000359,0.475458352741,0.249505928854,5.32278271304,1.39118184545,0.672924901186,3.27042079462,0.854769071322,0.442687747036,0.749191304359,0.444603920564,2.5,1.68507579377,0.749191304359,2.5,0.259446613992,0.18878248974,46,0.025974025974,0.333144633145,23,23,23,1,0,0.478260869565,0.217391304348,0.304347826087,23,0.156126482213,1.6448171796,6.86956521739,7.18181818182,4.9375,3.42854790129,0.499092416011,0.272977435333,4.85073646664,1.41223973079,0.685745734728,2.95151866852,0.859302903492,0.464501926252,0.761396189594,0.462906272525,2.5,1.6741270514,0.765918146865,2.5,0.250583002856,0.177065767285,35,0.0197628458498,0.308885659795,23,22,22,0.95652173913,0,0.478260869565,0.217391304348,0.260869565217,23,81,0.160079051383,1.68751019512,7.04347826087,6.75,5.0625,3.39087359178,0.481420324759,0.26140633387,4.91629540145,1.39598511399,0.680622651637,3.01314642581,0.855584787577,0.458400429415,0.750779547887,0.444903710839,2.5,1.68751019512,0.750779547887,2.5,0.255785628513,0.185064935065,38,0.0214568040655,0.288382072473,23,23,23,1,0,0.478260869565,0.217391304348,0.304347826087,-7,-0.0138339920949,0.00243440134744,-0.608695652174,-0.583333333333,-0.4375,-0.247416411809,0.00596197201713,0.0119004050163,-0.406487311595,0.00480326853708,0.00769775045137,-0.25727436881,0.000815716254641,0.0157126823793,0.00158824352851,0.000299790274851,0,0.00243440134744,0.00158824352851,0,-0.00366098547917,-0.00371755467515,-8,-0.00451722190853,-0.0447625606717,0,0,0,81,0,7,418,0.920454545455,1,0,0.0795454545455,1,0.920454545455,0.958579881657,0.951469451768,0.920454545455,0.920454545455,2,9,0,10,2,10
292,WLNM_dir_neg_kfold,0.87037037037,0.558333333333,00:00:01,10,90,13,14358,threshold_sweep,0.4,1,0.222222222222,0.363636363636,2,0,7,18,0.222222222222,1,0,0.777777777778,1,0.222222222222,0.363636363636,0.740740740741,0.641975308642,0.275862068966,0.4,0.222222222222,94,85,9,0,94,0,85,0,9,23,88,0.173913043478,1.68507579377,7.65217391304,7.33333333333,5.5,3.63829000359,0.475458352741,0.249505928854,5.32278271304,1.39118184545,0.672924901186,3.27042079462,0.854769071322,0.442687747036,0.749191304359,0.444603920564,2.5,1.68507579377,0.749191304359,2.5,0.259446613992,0.18878248974,46,0.025974025974,0.333144633145,23,23,23,1,0,0.478260869565,0.217391304348,0.304347826087,23,0.156126482213,1.6448171796,6.86956521739,7.18181818182,4.9375,3.42854790129,0.499092416011,0.272977435333,4.85073646664,1.41223973079,0.685745734728,2.95151866852,0.859302903492,0.464501926252,0.761396189594,0.462906272525,2.5,1.6741270514,0.765918146865,2.5,0.250583002856,0.177065767285,35,0.0197628458498,0.308885659795,23,22,22,0.95652173913,0,0.478260869565,0.217391304348,0.260869565217,23,81,0.160079051383,1.68751019512,7.04347826087,6.75,5.0625,3.39087359178,0.481420324759,0.26140633387,4.91629540145,1.39598511399,0.680622651637,3.01314642581,0.855584787577,0.458400429415,0.750779547887,0.444903710839,2.5,1.68751019512,0.750779547887,2.5,0.255785628513,0.185064935065,38,0.0214568040655,0.288382072473,23,23,23,1,0,0.478260869565,0.217391304348,0.304347826087,-7,-0.0138339920949,0.00243440134744,-0.608695652174,-0.583333333333,-0.4375,-0.247416411809,0.00596197201713,0.0119004050163,-0.406487311595,0.00480326853708,0.00769775045137,-0.25727436881,0.000815716254641,0.0157126823793,0.00158824352851,0.000299790274851,0,0.00243440134744,0.00158824352851,0,-0.00366098547917,-0.00371755467515,-8,-0.00451722190853,-0.0447625606717,0,0,0,81,0,7,418,0.920454545455,1,0,0.0795454545455,1,0.920454545455,0.958579881657,0.951469451768,0.920454545455,0.920454545455,2,9,0,10,2,10
293,WLNM_dir_neg_kfold,0.87037037037,0.558333333333,00:00:01,10,90,13,14358,threshold_sweep,0.5,1,0.222222222222,0.363636363636,2,0,7,18,0.222222222222,1,0,0.777777777778,1,0.222222222222,0.363636363636,0.740740740741,0.641975308642,0.275862068966,0.4,0.222222222222,94,85,9,0,94,0,85,0,9,23,88,0.173913043478,1.68507579377,7.65217391304,7.33333333333,5.5,3.63829000359,0.475458352741,0.249505928854,5.32278271304,1.39118184545,0.672924901186,3.27042079462,0.854769071322,0.442687747036,0.749191304359,0.444603920564,2.5,1.68507579377,0.749191304359,2.5,0.259446613992,0.18878248974,46,0.025974025974,0.333144633145,23,23,23,1,0,0.478260869565,0.217391304348,0.304347826087,23,0.156126482213,1.6448171796,6.86956521739,7.18181818182,4.9375,3.42854790129,0.499092416011,0.272977435333,4.85073646664,1.41223973079,0.685745734728,2.95151866852,0.859302903492,0.464501926252,0.761396189594,0.462906272525,2.5,1.6741270514,0.765918146865,2.5,0.250583002856,0.177065767285,35,0.0197628458498,0.308885659795,23,22,22,0.95652173913,0,0.478260869565,0.217391304348,0.260869565217,23,81,0.160079051383,1.68751019512,7.04347826087,6.75,5.0625,3.39087359178,0.481420324759,0.26140633387,4.91629540145,1.39598511399,0.680622651637,3.01314642581,0.855584787577,0.458400429415,0.750779547887,0.444903710839,2.5,1.68751019512,0.750779547887,2.5,0.255785628513,0.185064935065,38,0.0214568040655,0.288382072473,23,23,23,1,0,0.478260869565,0.217391304348,0.304347826087,-7,-0.0138339920949,0.00243440134744,-0.608695652174,-0.583333333333,-0.4375,-0.247416411809,0.00596197201713,0.0119004050163,-0.406487311595,0.00480326853708,0.00769775045137,-0.25727436881,0.000815716254641,0.0157126823793,0.00158824352851,0.000299790274851,0,0.00243440134744,0.00158824352851,0,-0.00366098547917,-0.00371755467515,-8,-0.00451722190853,-0.0447625606717,0,0,0,81,0,7,418,0.920454545455,1,0,0.0795454545455,1,0.920454545455,0.958579881657,0.951469451768,0.920454545455,0.920454545455,2,9,0,10,2,10
294,WLNM_dir_neg_kfold,0.87037037037,0.558333333333,00:00:01,10,90,13,14358,threshold_sweep,0.6,1,0.222222222222,0.363636363636,2,0,7,18,0.222222222222,1,0,0.777777777778,1,0.222222222222,0.363636363636,0.740740740741,0.641975308642,0.275862068966,0.4,0.222222222222,94,85,9,0,94,0,85,0,9,23,88,0.173913043478,1.68507579377,7.65217391304,7.33333333333,5.5,3.63829000359,0.475458352741,0.249505928854,5.32278271304,1.39118184545,0.672924901186,3.27042079462,0.854769071322,0.442687747036,0.749191304359,0.444603920564,2.5,1.68507579377,0.749191304359,2.5,0.259446613992,0.18878248974,46,0.025974025974,0.333144633145,23,23,23,1,0,0.478260869565,0.217391304348,0.304347826087,23,0.156126482213,1.6448171796,6.86956521739,7.18181818182,4.9375,3.42854790129,0.499092416011,0.272977435333,4.85073646664,1.41223973079,0.685745734728,2.95151866852,0.859302903492,0.464501926252,0.761396189594,0.462906272525,2.5,1.6741270514,0.765918146865,2.5,0.250583002856,0.177065767285,35,0.0197628458498,0.308885659795,23,22,22,0.95652173913,0,0.478260869565,0.217391304348,0.260869565217,23,81,0.160079051383,1.68751019512,7.04347826087,6.75,5.0625,3.39087359178,0.481420324759,0.26140633387,4.91629540145,1.39598511399,0.680622651637,3.01314642581,0.855584787577,0.458400429415,0.750779547887,0.444903710839,2.5,1.68751019512,0.750779547887,2.5,0.255785628513,0.185064935065,38,0.0214568040655,0.288382072473,23,23,23,1,0,0.478260869565,0.217391304348,0.304347826087,-7,-0.0138339920949,0.00243440134744,-0.608695652174,-0.583333333333,-0.4375,-0.247416411809,0.00596197201713,0.0119004050163,-0.406487311595,0.00480326853708,0.00769775045137,-0.25727436881,0.000815716254641,0.0157126823793,0.00158824352851,0.000299790274851,0,0.00243440134744,0.00158824352851,0,-0.00366098547917,-0.00371755467515,-8,-0.00451722190853,-0.0447625606717,0,0,0,81,0,7,418,0.920454545455,1,0,0.0795454545455,1,0.920454545455,0.958579881657,0.951469451768,0.920454545455,0.920454545455,2,9,0,10,2,10
295,WLNM_dir_neg_kfold,0.87037037037,0.558333333333,00:00:01,10,90,13,14358,threshold_sweep,0.7,1,0.222222222222,0.363636363636,2,0,7,18,0.222222222222,1,0,0.777777777778,1,0.222222222222,0.363636363636,0.740740740741,0.641975308642,0.275862068966,0.4,0.222222222222,94,85,9,0,94,0,85,0,9,23,88,0.173913043478,1.68507579377,7.65217391304,7.33333333333,5.5,3.63829000359,0.475458352741,0.249505928854,5.32278271304,1.39118184545,0.672924901186,3.27042079462,0.854769071322,0.442687747036,0.749191304359,0.444603920564,2.5,1.68507579377,0.749191304359,2.5,0.259446613992,0.18878248974,46,0.025974025974,0.333144633145,23,23,23,1,0,0.478260869565,0.217391304348,0.304347826087,23,0.156126482213,1.6448171796,6.86956521739,7.18181818182,4.9375,3.42854790129,0.499092416011,0.272977435333,4.85073646664,1.41223973079,0.685745734728,2.95151866852,0.859302903492,0.464501926252,0.761396189594,0.462906272525,2.5,1.6741270514,0.765918146865,2.5,0.250583002856,0.177065767285,35,0.0197628458498,0.308885659795,23,22,22,0.95652173913,0,0.478260869565,0.217391304348,0.260869565217,23,81,0.160079051383,1.68751019512,7.04347826087,6.75,5.0625,3.39087359178,0.481420324759,0.26140633387,4.91629540145,1.39598511399,0.680622651637,3.01314642581,0.855584787577,0.458400429415,0.750779547887,0.444903710839,2.5,1.68751019512,0.750779547887,2.5,0.255785628513,0.185064935065,38,0.0214568040655,0.288382072473,23,23,23,1,0,0.478260869565,0.217391304348,0.304347826087,-7,-0.0138339920949,0.00243440134744,-0.608695652174,-0.583333333333,-0.4375,-0.247416411809,0.00596197201713,0.0119004050163,-0.406487311595,0.00480326853708,0.00769775045137,-0.25727436881,0.000815716254641,0.0157126823793,0.00158824352851,0.000299790274851,0,0.00243440134744,0.00158824352851,0,-0.00366098547917,-0.00371755467515,-8,-0.00451722190853,-0.0447625606717,0,0,0,81,0,7,418,0.920454545455,1,0,0.0795454545455,1,0.920454545455,0.958579881657,0.951469451768,0.920454545455,0.920454545455,2,9,0,10,2,10
296,WLNM_dir_neg_kfold,0.87037037037,0.558333333333,00:00:01,10,90,13,14358,threshold_sweep,0.8,1,0.222222222222,0.363636363636,2,0,7,18,0.222222222222,1,0,0.777777777778,1,0.222222222222,0.363636363636,0.740740740741,0.641975308642,0.275862068966,0.4,0.222222222222,94,85,9,0,94,0,85,0,9,23,88,0.173913043478,1.68507579377,7.65217391304,7.33333333333,5.5,3.63829000359,0.475458352741,0.249505928854,5.32278271304,1.39118184545,0.672924901186,3.27042079462,0.854769071322,0.442687747036,0.749191304359,0.444603920564,2.5,1.68507579377,0.749191304359,2.5,0.259446613992,0.18878248974,46,0.025974025974,0.333144633145,23,23,23,1,0,0.478260869565,0.217391304348,0.304347826087,23,0.156126482213,1.6448171796,6.86956521739,7.18181818182,4.9375,3.42854790129,0.499092416011,0.272977435333,4.85073646664,1.41223973079,0.685745734728,2.95151866852,0.859302903492,0.464501926252,0.761396189594,0.462906272525,2.5,1.6741270514,0.765918146865,2.5,0.250583002856,0.177065767285,35,0.0197628458498,0.308885659795,23,22,22,0.95652173913,0,0.478260869565,0.217391304348,0.260869565217,23,81,0.160079051383,1.68751019512,7.04347826087,6.75,5.0625,3.39087359178,0.481420324759,0.26140633387,4.91629540145,1.39598511399,0.680622651637,3.01314642581,0.855584787577,0.458400429415,0.750779547887,0.444903710839,2.5,1.68751019512,0.750779547887,2.5,0.255785628513,0.185064935065,38,0.0214568040655,0.288382072473,23,23,23,1,0,0.478260869565,0.217391304348,0.304347826087,-7,-0.0138339920949,0.00243440134744,-0.608695652174,-0.583333333333,-0.4375,-0.247416411809,0.00596197201713,0.0119004050163,-0.406487311595,0.00480326853708,0.00769775045137,-0.25727436881,0.000815716254641,0.0157126823793,0.00158824352851,0.000299790274851,0,0.00243440134744,0.00158824352851,0,-0.00366098547917,-0.00371755467515,-8,-0.00451722190853,-0.0447625606717,0,0,0,81,0,7,418,0.920454545455,1,0,0.0795454545455,1,0.920454545455,0.958579881657,0.951469451768,0.920454545455,0.920454545455,2,9,0,10,2,10
297,WLNM_dir_neg_kfold,0.87037037037,0.558333333333,00:00:01,10,90,13,14358,threshold_sweep,0.9,1,0.222222222222,0.363636363636,2,0,7,18,0.222222222222,1,0,0.777777777778,1,0.222222222222,0.363636363636,0.740740740741,0.641975308642,0.275862068966,0.4,0.222222222222,94,85,9,0,94,0,85,0,9,23,88,0.173913043478,1.68507579377,7.65217391304,7.33333333333,5.5,3.63829000359,0.475458352741,0.249505928854,5.32278271304,1.39118184545,0.672924901186,3.27042079462,0.854769071322,0.442687747036,0.749191304359,0.444603920564,2.5,1.68507579377,0.749191304359,2.5,0.259446613992,0.18878248974,46,0.025974025974,0.333144633145,23,23,23,1,0,0.478260869565,0.217391304348,0.304347826087,23,0.156126482213,1.6448171796,6.86956521739,7.18181818182,4.9375,3.42854790129,0.499092416011,0.272977435333,4.85073646664,1.41223973079,0.685745734728,2.95151866852,0.859302903492,0.464501926252,0.761396189594,0.462906272525,2.5,1.6741270514,0.765918146865,2.5,0.250583002856,0.177065767285,35,0.0197628458498,0.308885659795,23,22,22,0.95652173913,0,0.478260869565,0.217391304348,0.260869565217,23,81,0.160079051383,1.68751019512,7.04347826087,6.75,5.0625,3.39087359178,0.481420324759,0.26140633387,4.91629540145,1.39598511399,0.680622651637,3.01314642581,0.855584787577,0.458400429415,0.750779547887,0.444903710839,2.5,1.68751019512,0.750779547887,2.5,0.255785628513,0.185064935065,38,0.0214568040655,0.288382072473,23,23,23,1,0,0.478260869565,0.217391304348,0.304347826087,-7,-0.0138339920949,0.00243440134744,-0.608695652174,-0.583333333333,-0.4375,-0.247416411809,0.00596197201713,0.0119004050163,-0.406487311595,0.00480326853708,0.00769775045137,-0.25727436881,0.000815716254641,0.0157126823793,0.00158824352851,0.000299790274851,0,0.00243440134744,0.00158824352851,0,-0.00366098547917,-0.00371755467515,-8,-0.00451722190853,-0.0447625606717,0,0,0,81,0,7,418,0.920454545455,1,0,0.0795454545455,1,0.920454545455,0.958579881657,0.951469451768,0.920454545455,0.920454545455,2,9,0,10,2,10
298,WLNM_dir_neg_kfold,0.777777777778,0.427777777778,00:00:01,10,90,14,14359,threshold_sweep,0.1,0.666666666667,0.222222222222,0.333333333333,2,1,7,17,0.222222222222,0.944444444444,0.0555555555556,0.777777777778,0.666666666667,0.222222222222,0.333333333333,0.703703703704,0.62962962963,0.2,0.25,0.166666666667,94,85,9,0,94,0,85,0,9,23,88,0.173913043478,1.68507579377,7.65217391304,7.33333333333,5.5,3.63829000359,0.475458352741,0.249505928854,5.32278271304,1.39118184545,0.672924901186,3.27042079462,0.854769071322,0.442687747036,0.749191304359,0.444603920564,2.5,1.68507579377,0.749191304359,2.5,0.259446613992,0.18878248974,46,0.025974025974,0.333144633145,23,23,23,1,0,0.478260869565,0.217391304348,0.304347826087,23,0.156126482213,1.6448171796,6.86956521739,7.18181818182,4.9375,3.42854790129,0.499092416011,0.272977435333,4.85073646664,1.41223973079,0.685745734728,2.95151866852,0.859302903492,0.464501926252,0.761396189594,0.462906272525,2.5,1.6741270514,0.765918146865,2.5,0.250583002856,0.177065767285,35,0.0197628458498,0.308885659795,23,22,22,0.95652173913,0,0.478260869565,0.217391304348,0.260869565217,23,82,0.162055335968,1,7.13043478261,6.30769230769,5.125,3.38854149137,0.475222282326,0.259278897137,4.88807535053,1.37104552515,0.671261930011,3.05742147683,0.857569438622,0.459172852598,0,0,0,NaN,NaN,NaN,0.255785628513,0.185064935065,38,0.0214568040655,0.273315004084,23,23,0,1,2,0.434782608696,0.260869565217,0.304347826087,-6,-0.0118577075099,-0.685075793771,-0.521739130435,-1.02564102564,-0.375,-0.249748512217,-0.000236070415158,0.00977296828304,-0.434707362519,-0.0201363203073,-0.00166297117517,-0.212999317799,0.00280036729957,0.0164851055625,-0.749191304359,-0.444603920564,-2.5,NaN,NaN,NaN,-0.00366098547917,-0.00371755467515,-8,-0.00451722190853,-0.0598296290604,-0.0434782608696,0.0434782608696,0,81,1,7,417,0.920454545455,0.997607655502,0.00239234449761,0.0795454545455,0.987804878049,0.920454545455,0.952941176471,0.944303782253,0.918062200957,0.910112359551,3,9,0,10,2,10
299,WLNM_dir_neg_kfold,0.777777777778,0.427777777778,00:00:01,10,90,14,14359,threshold_sweep,0.2,0.666666666667,0.222222222222,0.333333333333,2,1,7,17,0.222222222222,0.944444444444,0.0555555555556,0.777777777778,0.666666666667,0.222222222222,0.333333333333,0.703703703704,0.62962962963,0.2,0.25,0.166666666667,94,85,9,0,94,0,85,0,9,23,88,0.173913043478,1.68507579377,7.65217391304,7.33333333333,5.5,3.63829000359,0.475458352741,0.249505928854,5.32278271304,1.39118184545,0.672924901186,3.27042079462,0.854769071322,0.442687747036,0.749191304359,0.444603920564,2.5,1.68507579377,0.749191304359,2.5,0.259446613992,0.18878248974,46,0.025974025974,0.333144633145,23,23,23,1,0,0.478260869565,0.217391304348,0.304347826087,23,0.156126482213,1.6448171796,6.86956521739,7.18181818182,4.9375,3.42854790129,0.499092416011,0.272977435333,4.85073646664,1.41223973079,0.685745734728,2.95151866852,0.859302903492,0.464501926252,0.761396189594,0.462906272525,2.5,1.6741270514,0.765918146865,2.5,0.250583002856,0.177065767285,35,0.0197628458498,0.308885659795,23,22,22,0.95652173913,0,0.478260869565,0.217391304348,0.260869565217,23,82,0.162055335968,1,7.13043478261,6.30769230769,5.125,3.38854149137,0.475222282326,0.259278897137,4.88807535053,1.37104552515,0.671261930011,3.05742147683,0.857569438622,0.459172852598,0,0,0,NaN,NaN,NaN,0.255785628513,0.185064935065,38,0.0214568040655,0.273315004084,23,23,0,1,2,0.434782608696,0.260869565217,0.304347826087,-6,-0.0118577075099,-0.685075793771,-0.521739130435,-1.02564102564,-0.375,-0.249748512217,-0.000236070415158,0.00977296828304,-0.434707362519,-0.0201363203073,-0.00166297117517,-0.212999317799,0.00280036729957,0.0164851055625,-0.749191304359,-0.444603920564,-2.5,NaN,NaN,NaN,-0.00366098547917,-0.00371755467515,-8,-0.00451722190853,-0.0598296290604,-0.0434782608696,0.0434782608696,0,81,1,7,417,0.920454545455,0.997607655502,0.00239234449761,0.0795454545455,0.987804878049,0.920454545455,0.952941176471,0.944303782253,0.918062200957,0.910112359551,3,9,0,10,2,10
300,WLNM_dir_neg_kfold,0.777777777778,0.427777777778,00:00:01,10,90,14,14359,threshold_sweep,0.3,0.666666666667,0.222222222222,0.333333333333,2,1,7,17,0.222222222222,0.944444444444,0.0555555555556,0.777777777778,0.666666666667,0.222222222222,0.333333333333,0.703703703704,0.62962962963,0.2,0.25,0.166666666667,94,85,9,0,94,0,85,0,9,23,88,0.173913043478,1.68507579377,7.65217391304,7.33333333333,5.5,3.63829000359,0.475458352741,0.249505928854,5.32278271304,1.39118184545,0.672924901186,3.27042079462,0.854769071322,0.442687747036,0.749191304359,0.444603920564,2.5,1.68507579377,0.749191304359,2.5,0.259446613992,0.18878248974,46,0.025974025974,0.333144633145,23,23,23,1,0,0.478260869565,0.217391304348,0.304347826087,23,0.156126482213,1.6448171796,6.86956521739,7.18181818182,4.9375,3.42854790129,0.499092416011,0.272977435333,4.85073646664,1.41223973079,0.685745734728,2.95151866852,0.859302903492,0.464501926252,0.761396189594,0.462906272525,2.5,1.6741270514,0.765918146865,2.5,0.250583002856,0.177065767285,35,0.0197628458498,0.308885659795,23,22,22,0.95652173913,0,0.478260869565,0.217391304348,0.260869565217,23,82,0.162055335968,1,7.13043478261,6.30769230769,5.125,3.38854149137,0.475222282326,0.259278897137,4.88807535053,1.37104552515,0.671261930011,3.05742147683,0.857569438622,0.459172852598,0,0,0,NaN,NaN,NaN,0.255785628513,0.185064935065,38,0.0214568040655,0.273315004084,23,23,0,1,2,0.434782608696,0.260869565217,0.304347826087,-6,-0.0118577075099,-0.685075793771,-0.521739130435,-1.02564102564,-0.375,-0.249748512217,-0.000236070415158,0.00977296828304,-0.434707362519,-0.0201363203073,-0.00166297117517,-0.212999317799,0.00280036729957,0.0164851055625,-0.749191304359,-0.444603920564,-2.5,NaN,NaN,NaN,-0.00366098547917,-0.00371755467515,-8,-0.00451722190853,-0.0598296290604,-0.0434782608696,0.0434782608696,0,81,1,7,417,0.920454545455,0.997607655502,0.00239234449761,0.0795454545455,0.987804878049,0.920454545455,0.952941176471,0.944303782253,0.918062200957,0.910112359551,3,9,0,10,2,10
301,WLNM_dir_neg_kfold,0.777777777778,0.427777777778,00:00:01,10,90,14,14359,threshold_sweep,0.4,0.666666666667,0.222222222222,0.333333333333,2,1,7,17,0.222222222222,0.944444444444,0.0555555555556,0.777777777778,0.666666666667,0.222222222222,0.333333333333,0.703703703704,0.62962962963,0.2,0.25,0.166666666667,94,85,9,0,94,0,85,0,9,23,88,0.173913043478,1.68507579377,7.65217391304,7.33333333333,5.5,3.63829000359,0.475458352741,0.249505928854,5.32278271304,1.39118184545,0.672924901186,3.27042079462,0.854769071322,0.442687747036,0.749191304359,0.444603920564,2.5,1.68507579377,0.749191304359,2.5,0.259446613992,0.18878248974,46,0.025974025974,0.333144633145,23,23,23,1,0,0.478260869565,0.217391304348,0.304347826087,23,0.156126482213,1.6448171796,6.86956521739,7.18181818182,4.9375,3.42854790129,0.499092416011,0.272977435333,4.85073646664,1.41223973079,0.685745734728,2.95151866852,0.859302903492,0.464501926252,0.761396189594,0.462906272525,2.5,1.6741270514,0.765918146865,2.5,0.250583002856,0.177065767285,35,0.0197628458498,0.308885659795,23,22,22,0.95652173913,0,0.478260869565,0.217391304348,0.260869565217,23,82,0.162055335968,1,7.13043478261,6.30769230769,5.125,3.38854149137,0.475222282326,0.259278897137,4.88807535053,1.37104552515,0.671261930011,3.05742147683,0.857569438622,0.459172852598,0,0,0,NaN,NaN,NaN,0.255785628513,0.185064935065,38,0.0214568040655,0.273315004084,23,23,0,1,2,0.434782608696,0.260869565217,0.304347826087,-6,-0.0118577075099,-0.685075793771,-0.521739130435,-1.02564102564,-0.375,-0.249748512217,-0.000236070415158,0.00977296828304,-0.434707362519,-0.0201363203073,-0.00166297117517,-0.212999317799,0.00280036729957,0.0164851055625,-0.749191304359,-0.444603920564,-2.5,NaN,NaN,NaN,-0.00366098547917,-0.00371755467515,-8,-0.00451722190853,-0.0598296290604,-0.0434782608696,0.0434782608696,0,81,1,7,417,0.920454545455,0.997607655502,0.00239234449761,0.0795454545455,0.987804878049,0.920454545455,0.952941176471,0.944303782253,0.918062200957,0.910112359551,3,9,0,10,2,10
302,WLNM_dir_neg_kfold,0.777777777778,0.427777777778,00:00:01,10,90,14,14359,threshold_sweep,0.5,0.666666666667,0.222222222222,0.333333333333,2,1,7,17,0.222222222222,0.944444444444,0.0555555555556,0.777777777778,0.666666666667,0.222222222222,0.333333333333,0.703703703704,0.62962962963,0.2,0.25,0.166666666667,94,85,9,0,94,0,85,0,9,23,88,0.173913043478,1.68507579377,7.65217391304,7.33333333333,5.5,3.63829000359,0.475458352741,0.249505928854,5.32278271304,1.39118184545,0.672924901186,3.27042079462,0.854769071322,0.442687747036,0.749191304359,0.444603920564,2.5,1.68507579377,0.749191304359,2.5,0.259446613992,0.18878248974,46,0.025974025974,0.333144633145,23,23,23,1,0,0.478260869565,0.217391304348,0.304347826087,23,0.156126482213,1.6448171796,6.86956521739,7.18181818182,4.9375,3.42854790129,0.499092416011,0.272977435333,4.85073646664,1.41223973079,0.685745734728,2.95151866852,0.859302903492,0.464501926252,0.761396189594,0.462906272525,2.5,1.6741270514,0.765918146865,2.5,0.250583002856,0.177065767285,35,0.0197628458498,0.308885659795,23,22,22,0.95652173913,0,0.478260869565,0.217391304348,0.260869565217,23,82,0.162055335968,1,7.13043478261,6.30769230769,5.125,3.38854149137,0.475222282326,0.259278897137,4.88807535053,1.37104552515,0.671261930011,3.05742147683,0.857569438622,0.459172852598,0,0,0,NaN,NaN,NaN,0.255785628513,0.185064935065,38,0.0214568040655,0.273315004084,23,23,0,1,2,0.434782608696,0.260869565217,0.304347826087,-6,-0.0118577075099,-0.685075793771,-0.521739130435,-1.02564102564,-0.375,-0.249748512217,-0.000236070415158,0.00977296828304,-0.434707362519,-0.0201363203073,-0.00166297117517,-0.212999317799,0.00280036729957,0.0164851055625,-0.749191304359,-0.444603920564,-2.5,NaN,NaN,NaN,-0.00366098547917,-0.00371755467515,-8,-0.00451722190853,-0.0598296290604,-0.0434782608696,0.0434782608696,0,81,1,7,417,0.920454545455,0.997607655502,0.00239234449761,0.0795454545455,0.987804878049,0.920454545455,0.952941176471,0.944303782253,0.918062200957,0.910112359551,3,9,0,10,2,10
303,WLNM_dir_neg_kfold,0.777777777778,0.427777777778,00:00:01,10,90,14,14359,threshold_sweep,0.6,0.666666666667,0.222222222222,0.333333333333,2,1,7,17,0.222222222222,0.944444444444,0.0555555555556,0.777777777778,0.666666666667,0.222222222222,0.333333333333,0.703703703704,0.62962962963,0.2,0.25,0.166666666667,94,85,9,0,94,0,85,0,9,23,88,0.173913043478,1.68507579377,7.65217391304,7.33333333333,5.5,3.63829000359,0.475458352741,0.249505928854,5.32278271304,1.39118184545,0.672924901186,3.27042079462,0.854769071322,0.442687747036,0.749191304359,0.444603920564,2.5,1.68507579377,0.749191304359,2.5,0.259446613992,0.18878248974,46,0.025974025974,0.333144633145,23,23,23,1,0,0.478260869565,0.217391304348,0.304347826087,23,0.156126482213,1.6448171796,6.86956521739,7.18181818182,4.9375,3.42854790129,0.499092416011,0.272977435333,4.85073646664,1.41223973079,0.685745734728,2.95151866852,0.859302903492,0.464501926252,0.761396189594,0.462906272525,2.5,1.6741270514,0.765918146865,2.5,0.250583002856,0.177065767285,35,0.0197628458498,0.308885659795,23,22,22,0.95652173913,0,0.478260869565,0.217391304348,0.260869565217,23,82,0.162055335968,1,7.13043478261,6.30769230769,5.125,3.38854149137,0.475222282326,0.259278897137,4.88807535053,1.37104552515,0.671261930011,3.05742147683,0.857569438622,0.459172852598,0,0,0,NaN,NaN,NaN,0.255785628513,0.185064935065,38,0.0214568040655,0.273315004084,23,23,0,1,2,0.434782608696,0.260869565217,0.304347826087,-6,-0.0118577075099,-0.685075793771,-0.521739130435,-1.02564102564,-0.375,-0.249748512217,-0.000236070415158,0.00977296828304,-0.434707362519,-0.0201363203073,-0.00166297117517,-0.212999317799,0.00280036729957,0.0164851055625,-0.749191304359,-0.444603920564,-2.5,NaN,NaN,NaN,-0.00366098547917,-0.00371755467515,-8,-0.00451722190853,-0.0598296290604,-0.0434782608696,0.0434782608696,0,81,1,7,417,0.920454545455,0.997607655502,0.00239234449761,0.0795454545455,0.987804878049,0.920454545455,0.952941176471,0.944303782253,0.918062200957,0.910112359551,3,9,0,10,2,10
304,WLNM_dir_neg_kfold,0.777777777778,0.427777777778,00:00:01,10,90,14,14359,threshold_sweep,0.7,0.666666666667,0.222222222222,0.333333333333,2,1,7,17,0.222222222222,0.944444444444,0.0555555555556,0.777777777778,0.666666666667,0.222222222222,0.333333333333,0.703703703704,0.62962962963,0.2,0.25,0.166666666667,94,85,9,0,94,0,85,0,9,23,88,0.173913043478,1.68507579377,7.65217391304,7.33333333333,5.5,3.63829000359,0.475458352741,0.249505928854,5.32278271304,1.39118184545,0.672924901186,3.27042079462,0.854769071322,0.442687747036,0.749191304359,0.444603920564,2.5,1.68507579377,0.749191304359,2.5,0.259446613992,0.18878248974,46,0.025974025974,0.333144633145,23,23,23,1,0,0.478260869565,0.217391304348,0.304347826087,23,0.156126482213,1.6448171796,6.86956521739,7.18181818182,4.9375,3.42854790129,0.499092416011,0.272977435333,4.85073646664,1.41223973079,0.685745734728,2.95151866852,0.859302903492,0.464501926252,0.761396189594,0.462906272525,2.5,1.6741270514,0.765918146865,2.5,0.250583002856,0.177065767285,35,0.0197628458498,0.308885659795,23,22,22,0.95652173913,0,0.478260869565,0.217391304348,0.260869565217,23,82,0.162055335968,1,7.13043478261,6.30769230769,5.125,3.38854149137,0.475222282326,0.259278897137,4.88807535053,1.37104552515,0.671261930011,3.05742147683,0.857569438622,0.459172852598,0,0,0,NaN,NaN,NaN,0.255785628513,0.185064935065,38,0.0214568040655,0.273315004084,23,23,0,1,2,0.434782608696,0.260869565217,0.304347826087,-6,-0.0118577075099,-0.685075793771,-0.521739130435,-1.02564102564,-0.375,-0.249748512217,-0.000236070415158,0.00977296828304,-0.434707362519,-0.0201363203073,-0.00166297117517,-0.212999317799,0.00280036729957,0.0164851055625,-0.749191304359,-0.444603920564,-2.5,NaN,NaN,NaN,-0.00366098547917,-0.00371755467515,-8,-0.00451722190853,-0.0598296290604,-0.0434782608696,0.0434782608696,0,81,1,7,417,0.920454545455,0.997607655502,0.00239234449761,0.0795454545455,0.987804878049,0.920454545455,0.952941176471,0.944303782253,0.918062200957,0.910112359551,3,9,0,10,2,10
305,WLNM_dir_neg_kfold,0.777777777778,0.427777777778,00:00:01,10,90,14,14359,threshold_sweep,0.8,0.666666666667,0.222222222222,0.333333333333,2,1,7,17,0.222222222222,0.944444444444,0.0555555555556,0.777777777778,0.666666666667,0.222222222222,0.333333333333,0.703703703704,0.62962962963,0.2,0.25,0.166666666667,94,85,9,0,94,0,85,0,9,23,88,0.173913043478,1.68507579377,7.65217391304,7.33333333333,5.5,3.63829000359,0.475458352741,0.249505928854,5.32278271304,1.39118184545,0.672924901186,3.27042079462,0.854769071322,0.442687747036,0.749191304359,0.444603920564,2.5,1.68507579377,0.749191304359,2.5,0.259446613992,0.18878248974,46,0.025974025974,0.333144633145,23,23,23,1,0,0.478260869565,0.217391304348,0.304347826087,23,0.156126482213,1.6448171796,6.86956521739,7.18181818182,4.9375,3.42854790129,0.499092416011,0.272977435333,4.85073646664,1.41223973079,0.685745734728,2.95151866852,0.859302903492,0.464501926252,0.761396189594,0.462906272525,2.5,1.6741270514,0.765918146865,2.5,0.250583002856,0.177065767285,35,0.0197628458498,0.308885659795,23,22,22,0.95652173913,0,0.478260869565,0.217391304348,0.260869565217,23,82,0.162055335968,1,7.13043478261,6.30769230769,5.125,3.38854149137,0.475222282326,0.259278897137,4.88807535053,1.37104552515,0.671261930011,3.05742147683,0.857569438622,0.459172852598,0,0,0,NaN,NaN,NaN,0.255785628513,0.185064935065,38,0.0214568040655,0.273315004084,23,23,0,1,2,0.434782608696,0.260869565217,0.304347826087,-6,-0.0118577075099,-0.685075793771,-0.521739130435,-1.02564102564,-0.375,-0.249748512217,-0.000236070415158,0.00977296828304,-0.434707362519,-0.0201363203073,-0.00166297117517,-0.212999317799,0.00280036729957,0.0164851055625,-0.749191304359,-0.444603920564,-2.5,NaN,NaN,NaN,-0.00366098547917,-0.00371755467515,-8,-0.00451722190853,-0.0598296290604,-0.0434782608696,0.0434782608696,0,81,1,7,417,0.920454545455,0.997607655502,0.00239234449761,0.0795454545455,0.987804878049,0.920454545455,0.952941176471,0.944303782253,0.918062200957,0.910112359551,3,9,0,10,2,10
306,WLNM_dir_neg_kfold,0.777777777778,0.427777777778,00:00:01,10,90,14,14359,threshold_sweep,0.9,0.666666666667,0.222222222222,0.333333333333,2,1,7,17,0.222222222222,0.944444444444,0.0555555555556,0.777777777778,0.666666666667,0.222222222222,0.333333333333,0.703703703704,0.62962962963,0.2,0.25,0.166666666667,94,85,9,0,94,0,85,0,9,23,88,0.173913043478,1.68507579377,7.65217391304,7.33333333333,5.5,3.63829000359,0.475458352741,0.249505928854,5.32278271304,1.39118184545,0.672924901186,3.27042079462,0.854769071322,0.442687747036,0.749191304359,0.444603920564,2.5,1.68507579377,0.749191304359,2.5,0.259446613992,0.18878248974,46,0.025974025974,0.333144633145,23,23,23,1,0,0.478260869565,0.217391304348,0.304347826087,23,0.156126482213,1.6448171796,6.86956521739,7.18181818182,4.9375,3.42854790129,0.499092416011,0.272977435333,4.85073646664,1.41223973079,0.685745734728,2.95151866852,0.859302903492,0.464501926252,0.761396189594,0.462906272525,2.5,1.6741270514,0.765918146865,2.5,0.250583002856,0.177065767285,35,0.0197628458498,0.308885659795,23,22,22,0.95652173913,0,0.478260869565,0.217391304348,0.260869565217,23,82,0.162055335968,1,7.13043478261,6.30769230769,5.125,3.38854149137,0.475222282326,0.259278897137,4.88807535053,1.37104552515,0.671261930011,3.05742147683,0.857569438622,0.459172852598,0,0,0,NaN,NaN,NaN,0.255785628513,0.185064935065,38,0.0214568040655,0.273315004084,23,23,0,1,2,0.434782608696,0.260869565217,0.304347826087,-6,-0.0118577075099,-0.685075793771,-0.521739130435,-1.02564102564,-0.375,-0.249748512217,-0.000236070415158,0.00977296828304,-0.434707362519,-0.0201363203073,-0.00166297117517,-0.212999317799,0.00280036729957,0.0164851055625,-0.749191304359,-0.444603920564,-2.5,NaN,NaN,NaN,-0.00366098547917,-0.00371755467515,-8,-0.00451722190853,-0.0598296290604,-0.0434782608696,0.0434782608696,0,81,1,7,417,0.920454545455,0.997607655502,0.00239234449761,0.0795454545455,0.987804878049,0.920454545455,0.952941176471,0.944303782253,0.918062200957,0.910112359551,3,9,0,10,2,10
307,WLNM_dir_neg_kfold,0.805555555556,0.490740740741,00:00:01,10,90,15,14360,threshold_sweep,0.1,0.666666666667,0.222222222222,0.333333333333,2,1,7,17,0.222222222222,0.944444444444,0.0555555555556,0.777777777778,0.666666666667,0.222222222222,0.333333333333,0.703703703704,0.62962962963,0.2,0.25,0.166666666667,94,85,9,0,94,0,85,0,9,23,88,0.173913043478,1.68507579377,7.65217391304,7.33333333333,5.5,3.63829000359,0.475458352741,0.249505928854,5.32278271304,1.39118184545,0.672924901186,3.27042079462,0.854769071322,0.442687747036,0.749191304359,0.444603920564,2.5,1.68507579377,0.749191304359,2.5,0.259446613992,0.18878248974,46,0.025974025974,0.333144633145,23,23,23,1,0,0.478260869565,0.217391304348,0.304347826087,23,0.156126482213,1.6448171796,6.86956521739,7.18181818182,4.9375,3.42854790129,0.499092416011,0.272977435333,4.85073646664,1.41223973079,0.685745734728,2.95151866852,0.859302903492,0.464501926252,0.761396189594,0.462906272525,2.5,1.6741270514,0.765918146865,2.5,0.250583002856,0.177065767285,35,0.0197628458498,0.308885659795,23,22,22,0.95652173913,0,0.478260869565,0.217391304348,0.260869565217,23,82,0.162055335968,1.77249200075,7.13043478261,6.83333333333,4.82352941176,3.32079327634,0.465721008267,0.254506892895,4.89736559012,1.37365132406,0.674443266172,2.96687909115,0.832173403615,0.44750795334,0.881343829453,0.497234305757,3,1.77249200075,0.881343829453,3,0.29052372748,0.1875,39,0.0220214568041,0.277974046156,23,23,23,1,0,0.478260869565,0.260869565217,0.260869565217,-6,-0.0118577075099,0.0874162069814,-0.521739130435,-0.5,-0.676470588235,-0.317496727246,-0.00973734447412,0.00500096404126,-0.425417122921,-0.0175305213957,0.00151836498602,-0.303541703475,-0.0225956677071,0.00482020630483,0.132152525095,0.0526303851923,0.5,0.0874162069814,0.132152525095,0.5,0.0310771134882,-0.00128248974008,-7,-0.00395256916996,-0.0551705869888,0,0.0434782608696,-0.0434782608696,81,1,7,417,0.920454545455,0.997607655502,0.00239234449761,0.0795454545455,0.987804878049,0.920454545455,0.952941176471,0.944303782253,0.918062200957,0.910112359551,3,9,0,10,2,10
308,WLNM_dir_neg_kfold,0.805555555556,0.490740740741,00:00:01,10,90,15,14360,threshold_sweep,0.2,0.666666666667,0.222222222222,0.333333333333,2,1,7,17,0.222222222222,0.944444444444,0.0555555555556,0.777777777778,0.666666666667,0.222222222222,0.333333333333,0.703703703704,0.62962962963,0.2,0.25,0.166666666667,94,85,9,0,94,0,85,0,9,23,88,0.173913043478,1.68507579377,7.65217391304,7.33333333333,5.5,3.63829000359,0.475458352741,0.249505928854,5.32278271304,1.39118184545,0.672924901186,3.27042079462,0.854769071322,0.442687747036,0.749191304359,0.444603920564,2.5,1.68507579377,0.749191304359,2.5,0.259446613992,0.18878248974,46,0.025974025974,0.333144633145,23,23,23,1,0,0.478260869565,0.217391304348,0.304347826087,23,0.156126482213,1.6448171796,6.86956521739,7.18181818182,4.9375,3.42854790129,0.499092416011,0.272977435333,4.85073646664,1.41223973079,0.685745734728,2.95151866852,0.859302903492,0.464501926252,0.761396189594,0.462906272525,2.5,1.6741270514,0.765918146865,2.5,0.250583002856,0.177065767285,35,0.0197628458498,0.308885659795,23,22,22,0.95652173913,0,0.478260869565,0.217391304348,0.260869565217,23,82,0.162055335968,1.77249200075,7.13043478261,6.83333333333,4.82352941176,3.32079327634,0.465721008267,0.254506892895,4.89736559012,1.37365132406,0.674443266172,2.96687909115,0.832173403615,0.44750795334,0.881343829453,0.497234305757,3,1.77249200075,0.881343829453,3,0.29052372748,0.1875,39,0.0220214568041,0.277974046156,23,23,23,1,0,0.478260869565,0.260869565217,0.260869565217,-6,-0.0118577075099,0.0874162069814,-0.521739130435,-0.5,-0.676470588235,-0.317496727246,-0.00973734447412,0.00500096404126,-0.425417122921,-0.0175305213957,0.00151836498602,-0.303541703475,-0.0225956677071,0.00482020630483,0.132152525095,0.0526303851923,0.5,0.0874162069814,0.132152525095,0.5,0.0310771134882,-0.00128248974008,-7,-0.00395256916996,-0.0551705869888,0,0.0434782608696,-0.0434782608696,81,1,7,417,0.920454545455,0.997607655502,0.00239234449761,0.0795454545455,0.987804878049,0.920454545455,0.952941176471,0.944303782253,0.918062200957,0.910112359551,3,9,0,10,2,10
309,WLNM_dir_neg_kfold,0.805555555556,0.490740740741,00:00:01,10,90,15,14360,threshold_sweep,0.3,1,0.222222222222,0.363636363636,2,0,7,18,0.222222222222,1,0,0.777777777778,1,0.222222222222,0.363636363636,0.740740740741,0.641975308642,0.275862068966,0.4,0.222222222222,94,85,9,0,94,0,85,0,9,23,88,0.173913043478,1.68507579377,7.65217391304,7.33333333333,5.5,3.63829000359,0.475458352741,0.249505928854,5.32278271304,1.39118184545,0.672924901186,3.27042079462,0.854769071322,0.442687747036,0.749191304359,0.444603920564,2.5,1.68507579377,0.749191304359,2.5,0.259446613992,0.18878248974,46,0.025974025974,0.333144633145,23,23,23,1,0,0.478260869565,0.217391304348,0.304347826087,23,0.156126482213,1.6448171796,6.86956521739,7.18181818182,4.9375,3.42854790129,0.499092416011,0.272977435333,4.85073646664,1.41223973079,0.685745734728,2.95151866852,0.859302903492,0.464501926252,0.761396189594,0.462906272525,2.5,1.6741270514,0.765918146865,2.5,0.250583002856,0.177065767285,35,0.0197628458498,0.308885659795,23,22,22,0.95652173913,0,0.478260869565,0.217391304348,0.260869565217,23,81,0.160079051383,1.68751019512,7.04347826087,6.75,5.0625,3.39087359178,0.481420324759,0.26140633387,4.91629540145,1.39598511399,0.680622651637,3.01314642581,0.855584787577,0.458400429415,0.750779547887,0.444903710839,2.5,1.68751019512,0.750779547887,2.5,0.255785628513,0.185064935065,38,0.0214568040655,0.288382072473,23,23,23,1,0,0.478260869565,0.217391304348,0.304347826087,-7,-0.0138339920949,0.00243440134744,-0.608695652174,-0.583333333333,-0.4375,-0.247416411809,0.00596197201713,0.0119004050163,-0.406487311595,0.00480326853708,0.00769775045137,-0.25727436881,0.000815716254641,0.0157126823793,0.00158824352851,0.000299790274851,0,0.00243440134744,0.00158824352851,0,-0.00366098547917,-0.00371755467515,-8,-0.00451722190853,-0.0447625606717,0,0,0,81,0,7,418,0.920454545455,1,0,0.0795454545455,1,0.920454545455,0.958579881657,0.951469451768,0.920454545455,0.920454545455,2,9,0,10,2,10
310,WLNM_dir_neg_kfold,0.805555555556,0.490740740741,00:00:01,10,90,15,14360,threshold_sweep,0.4,1,0.222222222222,0.363636363636,2,0,7,18,0.222222222222,1,0,0.777777777778,1,0.222222222222,0.363636363636,0.740740740741,0.641975308642,0.275862068966,0.4,0.222222222222,94,85,9,0,94,0,85,0,9,23,88,0.173913043478,1.68507579377,7.65217391304,7.33333333333,5.5,3.63829000359,0.475458352741,0.249505928854,5.32278271304,1.39118184545,0.672924901186,3.27042079462,0.854769071322,0.442687747036,0.749191304359,0.444603920564,2.5,1.68507579377,0.749191304359,2.5,0.259446613992,0.18878248974,46,0.025974025974,0.333144633145,23,23,23,1,0,0.478260869565,0.217391304348,0.304347826087,23,0.156126482213,1.6448171796,6.86956521739,7.18181818182,4.9375,3.42854790129,0.499092416011,0.272977435333,4.85073646664,1.41223973079,0.685745734728,2.95151866852,0.859302903492,0.464501926252,0.761396189594,0.462906272525,2.5,1.6741270514,0.765918146865,2.5,0.250583002856,0.177065767285,35,0.0197628458498,0.308885659795,23,22,22,0.95652173913,0,0.478260869565,0.217391304348,0.260869565217,23,81,0.160079051383,1.68751019512,7.04347826087,6.75,5.0625,3.39087359178,0.481420324759,0.26140633387,4.91629540145,1.39598511399,0.680622651637,3.01314642581,0.855584787577,0.458400429415,0.750779547887,0.444903710839,2.5,1.68751019512,0.750779547887,2.5,0.255785628513,0.185064935065,38,0.0214568040655,0.288382072473,23,23,23,1,0,0.478260869565,0.217391304348,0.304347826087,-7,-0.0138339920949,0.00243440134744,-0.608695652174,-0.583333333333,-0.4375,-0.247416411809,0.00596197201713,0.0119004050163,-0.406487311595,0.00480326853708,0.00769775045137,-0.25727436881,0.000815716254641,0.0157126823793,0.00158824352851,0.000299790274851,0,0.00243440134744,0.00158824352851,0,-0.00366098547917,-0.00371755467515,-8,-0.00451722190853,-0.0447625606717,0,0,0,81,0,7,418,0.920454545455,1,0,0.0795454545455,1,0.920454545455,0.958579881657,0.951469451768,0.920454545455,0.920454545455,2,9,0,10,2,10
311,WLNM_dir_neg_kfold,0.805555555556,0.490740740741,00:00:01,10,90,15,14360,threshold_sweep,0.5,1,0.222222222222,0.363636363636,2,0,7,18,0.222222222222,1,0,0.777777777778,1,0.222222222222,0.363636363636,0.740740740741,0.641975308642,0.275862068966,0.4,0.222222222222,94,85,9,0,94,0,85,0,9,23,88,0.173913043478,1.68507579377,7.65217391304,7.33333333333,5.5,3.63829000359,0.475458352741,0.249505928854,5.32278271304,1.39118184545,0.672924901186,3.27042079462,0.854769071322,0.442687747036,0.749191304359,0.444603920564,2.5,1.68507579377,0.749191304359,2.5,0.259446613992,0.18878248974,46,0.025974025974,0.333144633145,23,23,23,1,0,0.478260869565,0.217391304348,0.304347826087,23,0.156126482213,1.6448171796,6.86956521739,7.18181818182,4.9375,3.42854790129,0.499092416011,0.272977435333,4.85073646664,1.41223973079,0.685745734728,2.95151866852,0.859302903492,0.464501926252,0.761396189594,0.462906272525,2.5,1.6741270514,0.765918146865,2.5,0.250583002856,0.177065767285,35,0.0197628458498,0.308885659795,23,22,22,0.95652173913,0,0.478260869565,0.217391304348,0.260869565217,23,81,0.160079051383,1.68751019512,7.04347826087,6.75,5.0625,3.39087359178,0.481420324759,0.26140633387,4.91629540145,1.39598511399,0.680622651637,3.01314642581,0.855584787577,0.458400429415,0.750779547887,0.444903710839,2.5,1.68751019512,0.750779547887,2.5,0.255785628513,0.185064935065,38,0.0214568040655,0.288382072473,23,23,23,1,0,0.478260869565,0.217391304348,0.304347826087,-7,-0.0138339920949,0.00243440134744,-0.608695652174,-0.583333333333,-0.4375,-0.247416411809,0.00596197201713,0.0119004050163,-0.406487311595,0.00480326853708,0.00769775045137,-0.25727436881,0.000815716254641,0.0157126823793,0.00158824352851,0.000299790274851,0,0.00243440134744,0.00158824352851,0,-0.00366098547917,-0.00371755467515,-8,-0.00451722190853,-0.0447625606717,0,0,0,81,0,7,418,0.920454545455,1,0,0.0795454545455,1,0.920454545455,0.958579881657,0.951469451768,0.920454545455,0.920454545455,2,9,0,10,2,10
312,WLNM_dir_neg_kfold,0.805555555556,0.490740740741,00:00:01,10,90,15,14360,threshold_sweep,0.6,1,0.222222222222,0.363636363636,2,0,7,18,0.222222222222,1,0,0.777777777778,1,0.222222222222,0.363636363636,0.740740740741,0.641975308642,0.275862068966,0.4,0.222222222222,94,85,9,0,94,0,85,0,9,23,88,0.173913043478,1.68507579377,7.65217391304,7.33333333333,5.5,3.63829000359,0.475458352741,0.249505928854,5.32278271304,1.39118184545,0.672924901186,3.27042079462,0.854769071322,0.442687747036,0.749191304359,0.444603920564,2.5,1.68507579377,0.749191304359,2.5,0.259446613992,0.18878248974,46,0.025974025974,0.333144633145,23,23,23,1,0,0.478260869565,0.217391304348,0.304347826087,23,0.156126482213,1.6448171796,6.86956521739,7.18181818182,4.9375,3.42854790129,0.499092416011,0.272977435333,4.85073646664,1.41223973079,0.685745734728,2.95151866852,0.859302903492,0.464501926252,0.761396189594,0.462906272525,2.5,1.6741270514,0.765918146865,2.5,0.250583002856,0.177065767285,35,0.0197628458498,0.308885659795,23,22,22,0.95652173913,0,0.478260869565,0.217391304348,0.260869565217,23,81,0.160079051383,1.68751019512,7.04347826087,6.75,5.0625,3.39087359178,0.481420324759,0.26140633387,4.91629540145,1.39598511399,0.680622651637,3.01314642581,0.855584787577,0.458400429415,0.750779547887,0.444903710839,2.5,1.68751019512,0.750779547887,2.5,0.255785628513,0.185064935065,38,0.0214568040655,0.288382072473,23,23,23,1,0,0.478260869565,0.217391304348,0.304347826087,-7,-0.0138339920949,0.00243440134744,-0.608695652174,-0.583333333333,-0.4375,-0.247416411809,0.00596197201713,0.0119004050163,-0.406487311595,0.00480326853708,0.00769775045137,-0.25727436881,0.000815716254641,0.0157126823793,0.00158824352851,0.000299790274851,0,0.00243440134744,0.00158824352851,0,-0.00366098547917,-0.00371755467515,-8,-0.00451722190853,-0.0447625606717,0,0,0,81,0,7,418,0.920454545455,1,0,0.0795454545455,1,0.920454545455,0.958579881657,0.951469451768,0.920454545455,0.920454545455,2,9,0,10,2,10
313,WLNM_dir_neg_kfold,0.805555555556,0.490740740741,00:00:01,10,90,15,14360,threshold_sweep,0.7,1,0.222222222222,0.363636363636,2,0,7,18,0.222222222222,1,0,0.777777777778,1,0.222222222222,0.363636363636,0.740740740741,0.641975308642,0.275862068966,0.4,0.222222222222,94,85,9,0,94,0,85,0,9,23,88,0.173913043478,1.68507579377,7.65217391304,7.33333333333,5.5,3.63829000359,0.475458352741,0.249505928854,5.32278271304,1.39118184545,0.672924901186,3.27042079462,0.854769071322,0.442687747036,0.749191304359,0.444603920564,2.5,1.68507579377,0.749191304359,2.5,0.259446613992,0.18878248974,46,0.025974025974,0.333144633145,23,23,23,1,0,0.478260869565,0.217391304348,0.304347826087,23,0.156126482213,1.6448171796,6.86956521739,7.18181818182,4.9375,3.42854790129,0.499092416011,0.272977435333,4.85073646664,1.41223973079,0.685745734728,2.95151866852,0.859302903492,0.464501926252,0.761396189594,0.462906272525,2.5,1.6741270514,0.765918146865,2.5,0.250583002856,0.177065767285,35,0.0197628458498,0.308885659795,23,22,22,0.95652173913,0,0.478260869565,0.217391304348,0.260869565217,23,81,0.160079051383,1.68751019512,7.04347826087,6.75,5.0625,3.39087359178,0.481420324759,0.26140633387,4.91629540145,1.39598511399,0.680622651637,3.01314642581,0.855584787577,0.458400429415,0.750779547887,0.444903710839,2.5,1.68751019512,0.750779547887,2.5,0.255785628513,0.185064935065,38,0.0214568040655,0.288382072473,23,23,23,1,0,0.478260869565,0.217391304348,0.304347826087,-7,-0.0138339920949,0.00243440134744,-0.608695652174,-0.583333333333,-0.4375,-0.247416411809,0.00596197201713,0.0119004050163,-0.406487311595,0.00480326853708,0.00769775045137,-0.25727436881,0.000815716254641,0.0157126823793,0.00158824352851,0.000299790274851,0,0.00243440134744,0.00158824352851,0,-0.00366098547917,-0.00371755467515,-8,-0.00451722190853,-0.0447625606717,0,0,0,81,0,7,418,0.920454545455,1,0,0.0795454545455,1,0.920454545455,0.958579881657,0.951469451768,0.920454545455,0.920454545455,2,9,0,10,2,10
314,WLNM_dir_neg_kfold,0.805555555556,0.490740740741,00:00:01,10,90,15,14360,threshold_sweep,0.8,1,0.222222222222,0.363636363636,2,0,7,18,0.222222222222,1,0,0.777777777778,1,0.222222222222,0.363636363636,0.740740740741,0.641975308642,0.275862068966,0.4,0.222222222222,94,85,9,0,94,0,85,0,9,23,88,0.173913043478,1.68507579377,7.65217391304,7.33333333333,5.5,3.63829000359,0.475458352741,0.249505928854,5.32278271304,1.39118184545,0.672924901186,3.27042079462,0.854769071322,0.442687747036,0.749191304359,0.444603920564,2.5,1.68507579377,0.749191304359,2.5,0.259446613992,0.18878248974,46,0.025974025974,0.333144633145,23,23,23,1,0,0.478260869565,0.217391304348,0.304347826087,23,0.156126482213,1.6448171796,6.86956521739,7.18181818182,4.9375,3.42854790129,0.499092416011,0.272977435333,4.85073646664,1.41223973079,0.685745734728,2.95151866852,0.859302903492,0.464501926252,0.761396189594,0.462906272525,2.5,1.6741270514,0.765918146865,2.5,0.250583002856,0.177065767285,35,0.0197628458498,0.308885659795,23,22,22,0.95652173913,0,0.478260869565,0.217391304348,0.260869565217,23,81,0.160079051383,1.68751019512,7.04347826087,6.75,5.0625,3.39087359178,0.481420324759,0.26140633387,4.91629540145,1.39598511399,0.680622651637,3.01314642581,0.855584787577,0.458400429415,0.750779547887,0.444903710839,2.5,1.68751019512,0.750779547887,2.5,0.255785628513,0.185064935065,38,0.0214568040655,0.288382072473,23,23,23,1,0,0.478260869565,0.217391304348,0.304347826087,-7,-0.0138339920949,0.00243440134744,-0.608695652174,-0.583333333333,-0.4375,-0.247416411809,0.00596197201713,0.0119004050163,-0.406487311595,0.00480326853708,0.00769775045137,-0.25727436881,0.000815716254641,0.0157126823793,0.00158824352851,0.000299790274851,0,0.00243440134744,0.00158824352851,0,-0.00366098547917,-0.00371755467515,-8,-0.00451722190853,-0.0447625606717,0,0,0,81,0,7,418,0.920454545455,1,0,0.0795454545455,1,0.920454545455,0.958579881657,0.951469451768,0.920454545455,0.920454545455,2,9,0,10,2,10
315,WLNM_dir_neg_kfold,0.805555555556,0.490740740741,00:00:01,10,90,15,14360,threshold_sweep,0.9,1,0.222222222222,0.363636363636,2,0,7,18,0.222222222222,1,0,0.777777777778,1,0.222222222222,0.363636363636,0.740740740741,0.641975308642,0.275862068966,0.4,0.222222222222,94,85,9,0,94,0,85,0,9,23,88,0.173913043478,1.68507579377,7.65217391304,7.33333333333,5.5,3.63829000359,0.475458352741,0.249505928854,5.32278271304,1.39118184545,0.672924901186,3.27042079462,0.854769071322,0.442687747036,0.749191304359,0.444603920564,2.5,1.68507579377,0.749191304359,2.5,0.259446613992,0.18878248974,46,0.025974025974,0.333144633145,23,23,23,1,0,0.478260869565,0.217391304348,0.304347826087,23,0.156126482213,1.6448171796,6.86956521739,7.18181818182,4.9375,3.42854790129,0.499092416011,0.272977435333,4.85073646664,1.41223973079,0.685745734728,2.95151866852,0.859302903492,0.464501926252,0.761396189594,0.462906272525,2.5,1.6741270514,0.765918146865,2.5,0.250583002856,0.177065767285,35,0.0197628458498,0.308885659795,23,22,22,0.95652173913,0,0.478260869565,0.217391304348,0.260869565217,23,81,0.160079051383,1.68751019512,7.04347826087,6.75,5.0625,3.39087359178,0.481420324759,0.26140633387,4.91629540145,1.39598511399,0.680622651637,3.01314642581,0.855584787577,0.458400429415,0.750779547887,0.444903710839,2.5,1.68751019512,0.750779547887,2.5,0.255785628513,0.185064935065,38,0.0214568040655,0.288382072473,23,23,23,1,0,0.478260869565,0.217391304348,0.304347826087,-7,-0.0138339920949,0.00243440134744,-0.608695652174,-0.583333333333,-0.4375,-0.247416411809,0.00596197201713,0.0119004050163,-0.406487311595,0.00480326853708,0.00769775045137,-0.25727436881,0.000815716254641,0.0157126823793,0.00158824352851,0.000299790274851,0,0.00243440134744,0.00158824352851,0,-0.00366098547917,-0.00371755467515,-8,-0.00451722190853,-0.0447625606717,0,0,0,81,0,7,418,0.920454545455,1,0,0.0795454545455,1,0.920454545455,0.958579881657,0.951469451768,0.920454545455,0.920454545455,2,9,0,10,2,10
316,WLNM_dir_neg_kfold,0.935185185185,0.791666666667,00:00:01,10,90,16,14361,threshold_sweep,0.1,1,0.111111111111,0.2,1,0,8,18,0.111111111111,1,0,0.888888888889,1,0.111111111111,0.2,0.703703703704,0.654320987654,0.142857142857,0.277350098113,0.111111111111,94,85,9,0,94,0,85,0,9,23,88,0.173913043478,1.68507579377,7.65217391304,7.33333333333,5.5,3.63829000359,0.475458352741,0.249505928854,5.32278271304,1.39118184545,0.672924901186,3.27042079462,0.854769071322,0.442687747036,0.749191304359,0.444603920564,2.5,1.68507579377,0.749191304359,2.5,0.259446613992,0.18878248974,46,0.025974025974,0.333144633145,23,23,23,1,0,0.478260869565,0.217391304348,0.304347826087,23,0.156126482213,1.6448171796,6.86956521739,7.18181818182,4.9375,3.42854790129,0.499092416011,0.272977435333,4.85073646664,1.41223973079,0.685745734728,2.95151866852,0.859302903492,0.464501926252,0.761396189594,0.462906272525,2.5,1.6741270514,0.765918146865,2.5,0.250583002856,0.177065767285,35,0.0197628458498,0.308885659795,23,22,22,0.95652173913,0,0.478260869565,0.217391304348,0.260869565217,23,80,0.158102766798,1.64403193425,6.95652173913,7.27272727273,5,3.49646913939,0.502617438787,0.273369565217,4.94395466677,1.4213869667,0.689130434783,2.98282302552,0.857561619837,0.461956521739,0.760749647595,0.462734106161,2.5,1.67330611308,0.765277725516,2.5,0.260331083058,0.186579378069,38,0.0214568040655,0.314153725063,23,22,22,0.95652173913,0,0.478260869565,0.217391304348,0.260869565217,-8,-0.0158102766798,-0.0410438595221,-0.695652173913,-0.0606060606061,-0.5,-0.141820864199,0.0271590860455,0.0238636363636,-0.378828046278,0.0302051212406,0.0162055335968,-0.287597769103,0.00279254851508,0.0192687747036,0.0115583432358,0.0181301855965,0,-0.0117696806926,0.0160864211572,0,0.000884469066287,-0.00220311167134,-8,-0.00451722190853,-0.0189909080818,0,0,-0.0434782608696,80,0,8,418,0.909090909091,1,0,0.0909090909091,1,0.909090909091,0.952380952381,0.944467458064,0.909090909091,0.909090909091,1,9,0,10,2,10
317,WLNM_dir_neg_kfold,0.935185185185,0.791666666667,00:00:01,10,90,16,14361,threshold_sweep,0.2,1,0.111111111111,0.2,1,0,8,18,0.111111111111,1,0,0.888888888889,1,0.111111111111,0.2,0.703703703704,0.654320987654,0.142857142857,0.277350098113,0.111111111111,94,85,9,0,94,0,85,0,9,23,88,0.173913043478,1.68507579377,7.65217391304,7.33333333333,5.5,3.63829000359,0.475458352741,0.249505928854,5.32278271304,1.39118184545,0.672924901186,3.27042079462,0.854769071322,0.442687747036,0.749191304359,0.444603920564,2.5,1.68507579377,0.749191304359,2.5,0.259446613992,0.18878248974,46,0.025974025974,0.333144633145,23,23,23,1,0,0.478260869565,0.217391304348,0.304347826087,23,0.156126482213,1.6448171796,6.86956521739,7.18181818182,4.9375,3.42854790129,0.499092416011,0.272977435333,4.85073646664,1.41223973079,0.685745734728,2.95151866852,0.859302903492,0.464501926252,0.761396189594,0.462906272525,2.5,1.6741270514,0.765918146865,2.5,0.250583002856,0.177065767285,35,0.0197628458498,0.308885659795,23,22,22,0.95652173913,0,0.478260869565,0.217391304348,0.260869565217,23,80,0.158102766798,1.64403193425,6.95652173913,7.27272727273,5,3.49646913939,0.502617438787,0.273369565217,4.94395466677,1.4213869667,0.689130434783,2.98282302552,0.857561619837,0.461956521739,0.760749647595,0.462734106161,2.5,1.67330611308,0.765277725516,2.5,0.260331083058,0.186579378069,38,0.0214568040655,0.314153725063,23,22,22,0.95652173913,0,0.478260869565,0.217391304348,0.260869565217,-8,-0.0158102766798,-0.0410438595221,-0.695652173913,-0.0606060606061,-0.5,-0.141820864199,0.0271590860455,0.0238636363636,-0.378828046278,0.0302051212406,0.0162055335968,-0.287597769103,0.00279254851508,0.0192687747036,0.0115583432358,0.0181301855965,0,-0.0117696806926,0.0160864211572,0,0.000884469066287,-0.00220311167134,-8,-0.00451722190853,-0.0189909080818,0,0,-0.0434782608696,80,0,8,418,0.909090909091,1,0,0.0909090909091,1,0.909090909091,0.952380952381,0.944467458064,0.909090909091,0.909090909091,1,9,0,10,2,10
318,WLNM_dir_neg_kfold,0.935185185185,0.791666666667,00:00:01,10,90,16,14361,threshold_sweep,0.3,1,0.111111111111,0.2,1,0,8,18,0.111111111111,1,0,0.888888888889,1,0.111111111111,0.2,0.703703703704,0.654320987654,0.142857142857,0.277350098113,0.111111111111,94,85,9,0,94,0,85,0,9,23,88,0.173913043478,1.68507579377,7.65217391304,7.33333333333,5.5,3.63829000359,0.475458352741,0.249505928854,5.32278271304,1.39118184545,0.672924901186,3.27042079462,0.854769071322,0.442687747036,0.749191304359,0.444603920564,2.5,1.68507579377,0.749191304359,2.5,0.259446613992,0.18878248974,46,0.025974025974,0.333144633145,23,23,23,1,0,0.478260869565,0.217391304348,0.304347826087,23,0.156126482213,1.6448171796,6.86956521739,7.18181818182,4.9375,3.42854790129,0.499092416011,0.272977435333,4.85073646664,1.41223973079,0.685745734728,2.95151866852,0.859302903492,0.464501926252,0.761396189594,0.462906272525,2.5,1.6741270514,0.765918146865,2.5,0.250583002856,0.177065767285,35,0.0197628458498,0.308885659795,23,22,22,0.95652173913,0,0.478260869565,0.217391304348,0.260869565217,23,80,0.158102766798,1.64403193425,6.95652173913,7.27272727273,5,3.49646913939,0.502617438787,0.273369565217,4.94395466677,1.4213869667,0.689130434783,2.98282302552,0.857561619837,0.461956521739,0.760749647595,0.462734106161,2.5,1.67330611308,0.765277725516,2.5,0.260331083058,0.186579378069,38,0.0214568040655,0.314153725063,23,22,22,0.95652173913,0,0.478260869565,0.217391304348,0.260869565217,-8,-0.0158102766798,-0.0410438595221,-0.695652173913,-0.0606060606061,-0.5,-0.141820864199,0.0271590860455,0.0238636363636,-0.378828046278,0.0302051212406,0.0162055335968,-0.287597769103,0.00279254851508,0.0192687747036,0.0115583432358,0.0181301855965,0,-0.0117696806926,0.0160864211572,0,0.000884469066287,-0.00220311167134,-8,-0.00451722190853,-0.0189909080818,0,0,-0.0434782608696,80,0,8,418,0.909090909091,1,0,0.0909090909091,1,0.909090909091,0.952380952381,0.944467458064,0.909090909091,0.909090909091,1,9,0,10,2,10
319,WLNM_dir_neg_kfold,0.935185185185,0.791666666667,00:00:01,10,90,16,14361,threshold_sweep,0.4,1,0.111111111111,0.2,1,0,8,18,0.111111111111,1,0,0.888888888889,1,0.111111111111,0.2,0.703703703704,0.654320987654,0.142857142857,0.277350098113,0.111111111111,94,85,9,0,94,0,85,0,9,23,88,0.173913043478,1.68507579377,7.65217391304,7.33333333333,5.5,3.63829000359,0.475458352741,0.249505928854,5.32278271304,1.39118184545,0.672924901186,3.27042079462,0.854769071322,0.442687747036,0.749191304359,0.444603920564,2.5,1.68507579377,0.749191304359,2.5,0.259446613992,0.18878248974,46,0.025974025974,0.333144633145,23,23,23,1,0,0.478260869565,0.217391304348,0.304347826087,23,0.156126482213,1.6448171796,6.86956521739,7.18181818182,4.9375,3.42854790129,0.499092416011,0.272977435333,4.85073646664,1.41223973079,0.685745734728,2.95151866852,0.859302903492,0.464501926252,0.761396189594,0.462906272525,2.5,1.6741270514,0.765918146865,2.5,0.250583002856,0.177065767285,35,0.0197628458498,0.308885659795,23,22,22,0.95652173913,0,0.478260869565,0.217391304348,0.260869565217,23,80,0.158102766798,1.64403193425,6.95652173913,7.27272727273,5,3.49646913939,0.502617438787,0.273369565217,4.94395466677,1.4213869667,0.689130434783,2.98282302552,0.857561619837,0.461956521739,0.760749647595,0.462734106161,2.5,1.67330611308,0.765277725516,2.5,0.260331083058,0.186579378069,38,0.0214568040655,0.314153725063,23,22,22,0.95652173913,0,0.478260869565,0.217391304348,0.260869565217,-8,-0.0158102766798,-0.0410438595221,-0.695652173913,-0.0606060606061,-0.5,-0.141820864199,0.0271590860455,0.0238636363636,-0.378828046278,0.0302051212406,0.0162055335968,-0.287597769103,0.00279254851508,0.0192687747036,0.0115583432358,0.0181301855965,0,-0.0117696806926,0.0160864211572,0,0.000884469066287,-0.00220311167134,-8,-0.00451722190853,-0.0189909080818,0,0,-0.0434782608696,80,0,8,418,0.909090909091,1,0,0.0909090909091,1,0.909090909091,0.952380952381,0.944467458064,0.909090909091,0.909090909091,1,9,0,10,2,10
320,WLNM_dir_neg_kfold,0.935185185185,0.791666666667,00:00:01,10,90,16,14361,threshold_sweep,0.5,1,0.111111111111,0.2,1,0,8,18,0.111111111111,1,0,0.888888888889,1,0.111111111111,0.2,0.703703703704,0.654320987654,0.142857142857,0.277350098113,0.111111111111,94,85,9,0,94,0,85,0,9,23,88,0.173913043478,1.68507579377,7.65217391304,7.33333333333,5.5,3.63829000359,0.475458352741,0.249505928854,5.32278271304,1.39118184545,0.672924901186,3.27042079462,0.854769071322,0.442687747036,0.749191304359,0.444603920564,2.5,1.68507579377,0.749191304359,2.5,0.259446613992,0.18878248974,46,0.025974025974,0.333144633145,23,23,23,1,0,0.478260869565,0.217391304348,0.304347826087,23,0.156126482213,1.6448171796,6.86956521739,7.18181818182,4.9375,3.42854790129,0.499092416011,0.272977435333,4.85073646664,1.41223973079,0.685745734728,2.95151866852,0.859302903492,0.464501926252,0.761396189594,0.462906272525,2.5,1.6741270514,0.765918146865,2.5,0.250583002856,0.177065767285,35,0.0197628458498,0.308885659795,23,22,22,0.95652173913,0,0.478260869565,0.217391304348,0.260869565217,23,80,0.158102766798,1.64403193425,6.95652173913,7.27272727273,5,3.49646913939,0.502617438787,0.273369565217,4.94395466677,1.4213869667,0.689130434783,2.98282302552,0.857561619837,0.461956521739,0.760749647595,0.462734106161,2.5,1.67330611308,0.765277725516,2.5,0.260331083058,0.186579378069,38,0.0214568040655,0.314153725063,23,22,22,0.95652173913,0,0.478260869565,0.217391304348,0.260869565217,-8,-0.0158102766798,-0.0410438595221,-0.695652173913,-0.0606060606061,-0.5,-0.141820864199,0.0271590860455,0.0238636363636,-0.378828046278,0.0302051212406,0.0162055335968,-0.287597769103,0.00279254851508,0.0192687747036,0.0115583432358,0.0181301855965,0,-0.0117696806926,0.0160864211572,0,0.000884469066287,-0.00220311167134,-8,-0.00451722190853,-0.0189909080818,0,0,-0.0434782608696,80,0,8,418,0.909090909091,1,0,0.0909090909091,1,0.909090909091,0.952380952381,0.944467458064,0.909090909091,0.909090909091,1,9,0,10,2,10
321,WLNM_dir_neg_kfold,0.935185185185,0.791666666667,00:00:01,10,90,16,14361,threshold_sweep,0.6,1,0.111111111111,0.2,1,0,8,18,0.111111111111,1,0,0.888888888889,1,0.111111111111,0.2,0.703703703704,0.654320987654,0.142857142857,0.277350098113,0.111111111111,94,85,9,0,94,0,85,0,9,23,88,0.173913043478,1.68507579377,7.65217391304,7.33333333333,5.5,3.63829000359,0.475458352741,0.249505928854,5.32278271304,1.39118184545,0.672924901186,3.27042079462,0.854769071322,0.442687747036,0.749191304359,0.444603920564,2.5,1.68507579377,0.749191304359,2.5,0.259446613992,0.18878248974,46,0.025974025974,0.333144633145,23,23,23,1,0,0.478260869565,0.217391304348,0.304347826087,23,0.156126482213,1.6448171796,6.86956521739,7.18181818182,4.9375,3.42854790129,0.499092416011,0.272977435333,4.85073646664,1.41223973079,0.685745734728,2.95151866852,0.859302903492,0.464501926252,0.761396189594,0.462906272525,2.5,1.6741270514,0.765918146865,2.5,0.250583002856,0.177065767285,35,0.0197628458498,0.308885659795,23,22,22,0.95652173913,0,0.478260869565,0.217391304348,0.260869565217,23,80,0.158102766798,1.64403193425,6.95652173913,7.27272727273,5,3.49646913939,0.502617438787,0.273369565217,4.94395466677,1.4213869667,0.689130434783,2.98282302552,0.857561619837,0.461956521739,0.760749647595,0.462734106161,2.5,1.67330611308,0.765277725516,2.5,0.260331083058,0.186579378069,38,0.0214568040655,0.314153725063,23,22,22,0.95652173913,0,0.478260869565,0.217391304348,0.260869565217,-8,-0.0158102766798,-0.0410438595221,-0.695652173913,-0.0606060606061,-0.5,-0.141820864199,0.0271590860455,0.0238636363636,-0.378828046278,0.0302051212406,0.0162055335968,-0.287597769103,0.00279254851508,0.0192687747036,0.0115583432358,0.0181301855965,0,-0.0117696806926,0.0160864211572,0,0.000884469066287,-0.00220311167134,-8,-0.00451722190853,-0.0189909080818,0,0,-0.0434782608696,80,0,8,418,0.909090909091,1,0,0.0909090909091,1,0.909090909091,0.952380952381,0.944467458064,0.909090909091,0.909090909091,1,9,0,10,2,10
322,WLNM_dir_neg_kfold,0.935185185185,0.791666666667,00:00:01,10,90,16,14361,threshold_sweep,0.7,1,0.111111111111,0.2,1,0,8,18,0.111111111111,1,0,0.888888888889,1,0.111111111111,0.2,0.703703703704,0.654320987654,0.142857142857,0.277350098113,0.111111111111,94,85,9,0,94,0,85,0,9,23,88,0.173913043478,1.68507579377,7.65217391304,7.33333333333,5.5,3.63829000359,0.475458352741,0.249505928854,5.32278271304,1.39118184545,0.672924901186,3.27042079462,0.854769071322,0.442687747036,0.749191304359,0.444603920564,2.5,1.68507579377,0.749191304359,2.5,0.259446613992,0.18878248974,46,0.025974025974,0.333144633145,23,23,23,1,0,0.478260869565,0.217391304348,0.304347826087,23,0.156126482213,1.6448171796,6.86956521739,7.18181818182,4.9375,3.42854790129,0.499092416011,0.272977435333,4.85073646664,1.41223973079,0.685745734728,2.95151866852,0.859302903492,0.464501926252,0.761396189594,0.462906272525,2.5,1.6741270514,0.765918146865,2.5,0.250583002856,0.177065767285,35,0.0197628458498,0.308885659795,23,22,22,0.95652173913,0,0.478260869565,0.217391304348,0.260869565217,23,80,0.158102766798,1.64403193425,6.95652173913,7.27272727273,5,3.49646913939,0.502617438787,0.273369565217,4.94395466677,1.4213869667,0.689130434783,2.98282302552,0.857561619837,0.461956521739,0.760749647595,0.462734106161,2.5,1.67330611308,0.765277725516,2.5,0.260331083058,0.186579378069,38,0.0214568040655,0.314153725063,23,22,22,0.95652173913,0,0.478260869565,0.217391304348,0.260869565217,-8,-0.0158102766798,-0.0410438595221,-0.695652173913,-0.0606060606061,-0.5,-0.141820864199,0.0271590860455,0.0238636363636,-0.378828046278,0.0302051212406,0.0162055335968,-0.287597769103,0.00279254851508,0.0192687747036,0.0115583432358,0.0181301855965,0,-0.0117696806926,0.0160864211572,0,0.000884469066287,-0.00220311167134,-8,-0.00451722190853,-0.0189909080818,0,0,-0.0434782608696,80,0,8,418,0.909090909091,1,0,0.0909090909091,1,0.909090909091,0.952380952381,0.944467458064,0.909090909091,0.909090909091,1,9,0,10,2,10
323,WLNM_dir_neg_kfold,0.935185185185,0.791666666667,00:00:01,10,90,16,14361,threshold_sweep,0.8,1,0.111111111111,0.2,1,0,8,18,0.111111111111,1,0,0.888888888889,1,0.111111111111,0.2,0.703703703704,0.654320987654,0.142857142857,0.277350098113,0.111111111111,94,85,9,0,94,0,85,0,9,23,88,0.173913043478,1.68507579377,7.65217391304,7.33333333333,5.5,3.63829000359,0.475458352741,0.249505928854,5.32278271304,1.39118184545,0.672924901186,3.27042079462,0.854769071322,0.442687747036,0.749191304359,0.444603920564,2.5,1.68507579377,0.749191304359,2.5,0.259446613992,0.18878248974,46,0.025974025974,0.333144633145,23,23,23,1,0,0.478260869565,0.217391304348,0.304347826087,23,0.156126482213,1.6448171796,6.86956521739,7.18181818182,4.9375,3.42854790129,0.499092416011,0.272977435333,4.85073646664,1.41223973079,0.685745734728,2.95151866852,0.859302903492,0.464501926252,0.761396189594,0.462906272525,2.5,1.6741270514,0.765918146865,2.5,0.250583002856,0.177065767285,35,0.0197628458498,0.308885659795,23,22,22,0.95652173913,0,0.478260869565,0.217391304348,0.260869565217,23,80,0.158102766798,1.64403193425,6.95652173913,7.27272727273,5,3.49646913939,0.502617438787,0.273369565217,4.94395466677,1.4213869667,0.689130434783,2.98282302552,0.857561619837,0.461956521739,0.760749647595,0.462734106161,2.5,1.67330611308,0.765277725516,2.5,0.260331083058,0.186579378069,38,0.0214568040655,0.314153725063,23,22,22,0.95652173913,0,0.478260869565,0.217391304348,0.260869565217,-8,-0.0158102766798,-0.0410438595221,-0.695652173913,-0.0606060606061,-0.5,-0.141820864199,0.0271590860455,0.0238636363636,-0.378828046278,0.0302051212406,0.0162055335968,-0.287597769103,0.00279254851508,0.0192687747036,0.0115583432358,0.0181301855965,0,-0.0117696806926,0.0160864211572,0,0.000884469066287,-0.00220311167134,-8,-0.00451722190853,-0.0189909080818,0,0,-0.0434782608696,80,0,8,418,0.909090909091,1,0,0.0909090909091,1,0.909090909091,0.952380952381,0.944467458064,0.909090909091,0.909090909091,1,9,0,10,2,10
324,WLNM_dir_neg_kfold,0.935185185185,0.791666666667,00:00:01,10,90,16,14361,threshold_sweep,0.9,1,0.111111111111,0.2,1,0,8,18,0.111111111111,1,0,0.888888888889,1,0.111111111111,0.2,0.703703703704,0.654320987654,0.142857142857,0.277350098113,0.111111111111,94,85,9,0,94,0,85,0,9,23,88,0.173913043478,1.68507579377,7.65217391304,7.33333333333,5.5,3.63829000359,0.475458352741,0.249505928854,5.32278271304,1.39118184545,0.672924901186,3.27042079462,0.854769071322,0.442687747036,0.749191304359,0.444603920564,2.5,1.68507579377,0.749191304359,2.5,0.259446613992,0.18878248974,46,0.025974025974,0.333144633145,23,23,23,1,0,0.478260869565,0.217391304348,0.304347826087,23,0.156126482213,1.6448171796,6.86956521739,7.18181818182,4.9375,3.42854790129,0.499092416011,0.272977435333,4.85073646664,1.41223973079,0.685745734728,2.95151866852,0.859302903492,0.464501926252,0.761396189594,0.462906272525,2.5,1.6741270514,0.765918146865,2.5,0.250583002856,0.177065767285,35,0.0197628458498,0.308885659795,23,22,22,0.95652173913,0,0.478260869565,0.217391304348,0.260869565217,23,80,0.158102766798,1.64403193425,6.95652173913,7.27272727273,5,3.49646913939,0.502617438787,0.273369565217,4.94395466677,1.4213869667,0.689130434783,2.98282302552,0.857561619837,0.461956521739,0.760749647595,0.462734106161,2.5,1.67330611308,0.765277725516,2.5,0.260331083058,0.186579378069,38,0.0214568040655,0.314153725063,23,22,22,0.95652173913,0,0.478260869565,0.217391304348,0.260869565217,-8,-0.0158102766798,-0.0410438595221,-0.695652173913,-0.0606060606061,-0.5,-0.141820864199,0.0271590860455,0.0238636363636,-0.378828046278,0.0302051212406,0.0162055335968,-0.287597769103,0.00279254851508,0.0192687747036,0.0115583432358,0.0181301855965,0,-0.0117696806926,0.0160864211572,0,0.000884469066287,-0.00220311167134,-8,-0.00451722190853,-0.0189909080818,0,0,-0.0434782608696,80,0,8,418,0.909090909091,1,0,0.0909090909091,1,0.909090909091,0.952380952381,0.944467458064,0.909090909091,0.909090909091,1,9,0,10,2,10
325,WLNM_dir_neg_kfold,0.75,0.437037037037,00:00:01,10,90,17,14362,threshold_sweep,0.1,0.4,0.222222222222,0.285714285714,2,3,7,15,0.222222222222,0.833333333333,0.166666666667,0.777777777778,0.4,0.222222222222,0.285714285714,0.62962962963,0.604938271605,0.0625,0.0674199862463,0.0555555555556,94,85,9,0,94,0,85,0,9,23,88,0.173913043478,1.68507579377,7.65217391304,7.33333333333,5.5,3.63829000359,0.475458352741,0.249505928854,5.32278271304,1.39118184545,0.672924901186,3.27042079462,0.854769071322,0.442687747036,0.749191304359,0.444603920564,2.5,1.68507579377,0.749191304359,2.5,0.259446613992,0.18878248974,46,0.025974025974,0.333144633145,23,23,23,1,0,0.478260869565,0.217391304348,0.304347826087,23,0.156126482213,1.6448171796,6.86956521739,7.18181818182,4.9375,3.42854790129,0.499092416011,0.272977435333,4.85073646664,1.41223973079,0.685745734728,2.95151866852,0.859302903492,0.464501926252,0.761396189594,0.462906272525,2.5,1.6741270514,0.765918146865,2.5,0.250583002856,0.177065767285,35,0.0197628458498,0.308885659795,23,22,22,0.95652173913,0,0.478260869565,0.217391304348,0.260869565217,23,84,0.166007905138,3.29561944563,7.30434782609,6,4.94117647059,3.57306568915,0.489169707443,0.262939958592,4.83931527512,1.32505061104,0.655279503106,2.97884504239,0.815636142559,0.439958592133,2.59426548234,0.787185997999,7.41162420382,3.29561944563,2.59426548234,7.41162420382,0.255785628513,0.185064935065,38,0.0214568040655,0.230331207254,23,23,23,1,0,0.391304347826,0.347826086957,0.260869565217,-4,-0.00790513833992,1.61054365186,-0.347826086957,-1.33333333333,-0.558823529412,-0.0652243144377,0.0137113547016,0.0134340297384,-0.483467437923,-0.0661312344097,-0.0176453980802,-0.291575752236,-0.0391329287636,-0.00272915490307,1.84507417798,0.342582077435,4.91162420382,1.61054365186,1.84507417798,4.91162420382,-0.00366098547917,-0.00371755467515,-8,-0.00451722190853,-0.10281342589,-0.0869565217391,0.130434782609,-0.0434782608696,81,3,7,415,0.920454545455,0.992822966507,0.00717703349282,0.0795454545455,0.964285714286,0.920454545455,0.941860465116,0.930328600507,0.913277511962,0.89010989011,5,9,0,10,2,10
326,WLNM_dir_neg_kfold,0.75,0.437037037037,00:00:01,10,90,17,14362,threshold_sweep,0.2,0.666666666667,0.222222222222,0.333333333333,2,1,7,17,0.222222222222,0.944444444444,0.0555555555556,0.777777777778,0.666666666667,0.222222222222,0.333333333333,0.703703703704,0.62962962963,0.2,0.25,0.166666666667,94,85,9,0,94,0,85,0,9,23,88,0.173913043478,1.68507579377,7.65217391304,7.33333333333,5.5,3.63829000359,0.475458352741,0.249505928854,5.32278271304,1.39118184545,0.672924901186,3.27042079462,0.854769071322,0.442687747036,0.749191304359,0.444603920564,2.5,1.68507579377,0.749191304359,2.5,0.259446613992,0.18878248974,46,0.025974025974,0.333144633145,23,23,23,1,0,0.478260869565,0.217391304348,0.304347826087,23,0.156126482213,1.6448171796,6.86956521739,7.18181818182,4.9375,3.42854790129,0.499092416011,0.272977435333,4.85073646664,1.41223973079,0.685745734728,2.95151866852,0.859302903492,0.464501926252,0.761396189594,0.462906272525,2.5,1.6741270514,0.765918146865,2.5,0.250583002856,0.177065767285,35,0.0197628458498,0.308885659795,23,22,22,0.95652173913,0,0.478260869565,0.217391304348,0.260869565217,23,82,0.162055335968,1,7.13043478261,6.30769230769,5.125,3.38854149137,0.475222282326,0.259278897137,4.88807535053,1.37104552515,0.671261930011,3.05742147683,0.857569438622,0.459172852598,0,0,0,NaN,NaN,NaN,0.255785628513,0.185064935065,38,0.0214568040655,0.273315004084,23,23,0,1,2,0.434782608696,0.260869565217,0.304347826087,-6,-0.0118577075099,-0.685075793771,-0.521739130435,-1.02564102564,-0.375,-0.249748512217,-0.000236070415158,0.00977296828304,-0.434707362519,-0.0201363203073,-0.00166297117517,-0.212999317799,0.00280036729957,0.0164851055625,-0.749191304359,-0.444603920564,-2.5,NaN,NaN,NaN,-0.00366098547917,-0.00371755467515,-8,-0.00451722190853,-0.0598296290604,-0.0434782608696,0.0434782608696,0,81,1,7,417,0.920454545455,0.997607655502,0.00239234449761,0.0795454545455,0.987804878049,0.920454545455,0.952941176471,0.944303782253,0.918062200957,0.910112359551,3,9,0,10,2,10
327,WLNM_dir_neg_kfold,0.75,0.437037037037,00:00:01,10,90,17,14362,threshold_sweep,0.3,0.666666666667,0.222222222222,0.333333333333,2,1,7,17,0.222222222222,0.944444444444,0.0555555555556,0.777777777778,0.666666666667,0.222222222222,0.333333333333,0.703703703704,0.62962962963,0.2,0.25,0.166666666667,94,85,9,0,94,0,85,0,9,23,88,0.173913043478,1.68507579377,7.65217391304,7.33333333333,5.5,3.63829000359,0.475458352741,0.249505928854,5.32278271304,1.39118184545,0.672924901186,3.27042079462,0.854769071322,0.442687747036,0.749191304359,0.444603920564,2.5,1.68507579377,0.749191304359,2.5,0.259446613992,0.18878248974,46,0.025974025974,0.333144633145,23,23,23,1,0,0.478260869565,0.217391304348,0.304347826087,23,0.156126482213,1.6448171796,6.86956521739,7.18181818182,4.9375,3.42854790129,0.499092416011,0.272977435333,4.85073646664,1.41223973079,0.685745734728,2.95151866852,0.859302903492,0.464501926252,0.761396189594,0.462906272525,2.5,1.6741270514,0.765918146865,2.5,0.250583002856,0.177065767285,35,0.0197628458498,0.308885659795,23,22,22,0.95652173913,0,0.478260869565,0.217391304348,0.260869565217,23,82,0.162055335968,1,7.13043478261,6.30769230769,5.125,3.38854149137,0.475222282326,0.259278897137,4.88807535053,1.37104552515,0.671261930011,3.05742147683,0.857569438622,0.459172852598,0,0,0,NaN,NaN,NaN,0.255785628513,0.185064935065,38,0.0214568040655,0.273315004084,23,23,0,1,2,0.434782608696,0.260869565217,0.304347826087,-6,-0.0118577075099,-0.685075793771,-0.521739130435,-1.02564102564,-0.375,-0.249748512217,-0.000236070415158,0.00977296828304,-0.434707362519,-0.0201363203073,-0.00166297117517,-0.212999317799,0.00280036729957,0.0164851055625,-0.749191304359,-0.444603920564,-2.5,NaN,NaN,NaN,-0.00366098547917,-0.00371755467515,-8,-0.00451722190853,-0.0598296290604,-0.0434782608696,0.0434782608696,0,81,1,7,417,0.920454545455,0.997607655502,0.00239234449761,0.0795454545455,0.987804878049,0.920454545455,0.952941176471,0.944303782253,0.918062200957,0.910112359551,3,9,0,10,2,10
328,WLNM_dir_neg_kfold,0.75,0.437037037037,00:00:01,10,90,17,14362,threshold_sweep,0.4,0.666666666667,0.222222222222,0.333333333333,2,1,7,17,0.222222222222,0.944444444444,0.0555555555556,0.777777777778,0.666666666667,0.222222222222,0.333333333333,0.703703703704,0.62962962963,0.2,0.25,0.166666666667,94,85,9,0,94,0,85,0,9,23,88,0.173913043478,1.68507579377,7.65217391304,7.33333333333,5.5,3.63829000359,0.475458352741,0.249505928854,5.32278271304,1.39118184545,0.672924901186,3.27042079462,0.854769071322,0.442687747036,0.749191304359,0.444603920564,2.5,1.68507579377,0.749191304359,2.5,0.259446613992,0.18878248974,46,0.025974025974,0.333144633145,23,23,23,1,0,0.478260869565,0.217391304348,0.304347826087,23,0.156126482213,1.6448171796,6.86956521739,7.18181818182,4.9375,3.42854790129,0.499092416011,0.272977435333,4.85073646664,1.41223973079,0.685745734728,2.95151866852,0.859302903492,0.464501926252,0.761396189594,0.462906272525,2.5,1.6741270514,0.765918146865,2.5,0.250583002856,0.177065767285,35,0.0197628458498,0.308885659795,23,22,22,0.95652173913,0,0.478260869565,0.217391304348,0.260869565217,23,82,0.162055335968,1,7.13043478261,6.30769230769,5.125,3.38854149137,0.475222282326,0.259278897137,4.88807535053,1.37104552515,0.671261930011,3.05742147683,0.857569438622,0.459172852598,0,0,0,NaN,NaN,NaN,0.255785628513,0.185064935065,38,0.0214568040655,0.273315004084,23,23,0,1,2,0.434782608696,0.260869565217,0.304347826087,-6,-0.0118577075099,-0.685075793771,-0.521739130435,-1.02564102564,-0.375,-0.249748512217,-0.000236070415158,0.00977296828304,-0.434707362519,-0.0201363203073,-0.00166297117517,-0.212999317799,0.00280036729957,0.0164851055625,-0.749191304359,-0.444603920564,-2.5,NaN,NaN,NaN,-0.00366098547917,-0.00371755467515,-8,-0.00451722190853,-0.0598296290604,-0.0434782608696,0.0434782608696,0,81,1,7,417,0.920454545455,0.997607655502,0.00239234449761,0.0795454545455,0.987804878049,0.920454545455,0.952941176471,0.944303782253,0.918062200957,0.910112359551,3,9,0,10,2,10
329,WLNM_dir_neg_kfold,0.75,0.437037037037,00:00:01,10,90,17,14362,threshold_sweep,0.5,0.666666666667,0.222222222222,0.333333333333,2,1,7,17,0.222222222222,0.944444444444,0.0555555555556,0.777777777778,0.666666666667,0.222222222222,0.333333333333,0.703703703704,0.62962962963,0.2,0.25,0.166666666667,94,85,9,0,94,0,85,0,9,23,88,0.173913043478,1.68507579377,7.65217391304,7.33333333333,5.5,3.63829000359,0.475458352741,0.249505928854,5.32278271304,1.39118184545,0.672924901186,3.27042079462,0.854769071322,0.442687747036,0.749191304359,0.444603920564,2.5,1.68507579377,0.749191304359,2.5,0.259446613992,0.18878248974,46,0.025974025974,0.333144633145,23,23,23,1,0,0.478260869565,0.217391304348,0.304347826087,23,0.156126482213,1.6448171796,6.86956521739,7.18181818182,4.9375,3.42854790129,0.499092416011,0.272977435333,4.85073646664,1.41223973079,0.685745734728,2.95151866852,0.859302903492,0.464501926252,0.761396189594,0.462906272525,2.5,1.6741270514,0.765918146865,2.5,0.250583002856,0.177065767285,35,0.0197628458498,0.308885659795,23,22,22,0.95652173913,0,0.478260869565,0.217391304348,0.260869565217,23,82,0.162055335968,1,7.13043478261,6.30769230769,5.125,3.38854149137,0.475222282326,0.259278897137,4.88807535053,1.37104552515,0.671261930011,3.05742147683,0.857569438622,0.459172852598,0,0,0,NaN,NaN,NaN,0.255785628513,0.185064935065,38,0.0214568040655,0.273315004084,23,23,0,1,2,0.434782608696,0.260869565217,0.304347826087,-6,-0.0118577075099,-0.685075793771,-0.521739130435,-1.02564102564,-0.375,-0.249748512217,-0.000236070415158,0.00977296828304,-0.434707362519,-0.0201363203073,-0.00166297117517,-0.212999317799,0.00280036729957,0.0164851055625,-0.749191304359,-0.444603920564,-2.5,NaN,NaN,NaN,-0.00366098547917,-0.00371755467515,-8,-0.00451722190853,-0.0598296290604,-0.0434782608696,0.0434782608696,0,81,1,7,417,0.920454545455,0.997607655502,0.00239234449761,0.0795454545455,0.987804878049,0.920454545455,0.952941176471,0.944303782253,0.918062200957,0.910112359551,3,9,0,10,2,10
330,WLNM_dir_neg_kfold,0.75,0.437037037037,00:00:01,10,90,17,14362,threshold_sweep,0.6,0.666666666667,0.222222222222,0.333333333333,2,1,7,17,0.222222222222,0.944444444444,0.0555555555556,0.777777777778,0.666666666667,0.222222222222,0.333333333333,0.703703703704,0.62962962963,0.2,0.25,0.166666666667,94,85,9,0,94,0,85,0,9,23,88,0.173913043478,1.68507579377,7.65217391304,7.33333333333,5.5,3.63829000359,0.475458352741,0.249505928854,5.32278271304,1.39118184545,0.672924901186,3.27042079462,0.854769071322,0.442687747036,0.749191304359,0.444603920564,2.5,1.68507579377,0.749191304359,2.5,0.259446613992,0.18878248974,46,0.025974025974,0.333144633145,23,23,23,1,0,0.478260869565,0.217391304348,0.304347826087,23,0.156126482213,1.6448171796,6.86956521739,7.18181818182,4.9375,3.42854790129,0.499092416011,0.272977435333,4.85073646664,1.41223973079,0.685745734728,2.95151866852,0.859302903492,0.464501926252,0.761396189594,0.462906272525,2.5,1.6741270514,0.765918146865,2.5,0.250583002856,0.177065767285,35,0.0197628458498,0.308885659795,23,22,22,0.95652173913,0,0.478260869565,0.217391304348,0.260869565217,23,82,0.162055335968,1,7.13043478261,6.30769230769,5.125,3.38854149137,0.475222282326,0.259278897137,4.88807535053,1.37104552515,0.671261930011,3.05742147683,0.857569438622,0.459172852598,0,0,0,NaN,NaN,NaN,0.255785628513,0.185064935065,38,0.0214568040655,0.273315004084,23,23,0,1,2,0.434782608696,0.260869565217,0.304347826087,-6,-0.0118577075099,-0.685075793771,-0.521739130435,-1.02564102564,-0.375,-0.249748512217,-0.000236070415158,0.00977296828304,-0.434707362519,-0.0201363203073,-0.00166297117517,-0.212999317799,0.00280036729957,0.0164851055625,-0.749191304359,-0.444603920564,-2.5,NaN,NaN,NaN,-0.00366098547917,-0.00371755467515,-8,-0.00451722190853,-0.0598296290604,-0.0434782608696,0.0434782608696,0,81,1,7,417,0.920454545455,0.997607655502,0.00239234449761,0.0795454545455,0.987804878049,0.920454545455,0.952941176471,0.944303782253,0.918062200957,0.910112359551,3,9,0,10,2,10
331,WLNM_dir_neg_kfold,0.75,0.437037037037,00:00:01,10,90,17,14362,threshold_sweep,0.7,0.666666666667,0.222222222222,0.333333333333,2,1,7,17,0.222222222222,0.944444444444,0.0555555555556,0.777777777778,0.666666666667,0.222222222222,0.333333333333,0.703703703704,0.62962962963,0.2,0.25,0.166666666667,94,85,9,0,94,0,85,0,9,23,88,0.173913043478,1.68507579377,7.65217391304,7.33333333333,5.5,3.63829000359,0.475458352741,0.249505928854,5.32278271304,1.39118184545,0.672924901186,3.27042079462,0.854769071322,0.442687747036,0.749191304359,0.444603920564,2.5,1.68507579377,0.749191304359,2.5,0.259446613992,0.18878248974,46,0.025974025974,0.333144633145,23,23,23,1,0,0.478260869565,0.217391304348,0.304347826087,23,0.156126482213,1.6448171796,6.86956521739,7.18181818182,4.9375,3.42854790129,0.499092416011,0.272977435333,4.85073646664,1.41223973079,0.685745734728,2.95151866852,0.859302903492,0.464501926252,0.761396189594,0.462906272525,2.5,1.6741270514,0.765918146865,2.5,0.250583002856,0.177065767285,35,0.0197628458498,0.308885659795,23,22,22,0.95652173913,0,0.478260869565,0.217391304348,0.260869565217,23,82,0.162055335968,1,7.13043478261,6.30769230769,5.125,3.38854149137,0.475222282326,0.259278897137,4.88807535053,1.37104552515,0.671261930011,3.05742147683,0.857569438622,0.459172852598,0,0,0,NaN,NaN,NaN,0.255785628513,0.185064935065,38,0.0214568040655,0.273315004084,23,23,0,1,2,0.434782608696,0.260869565217,0.304347826087,-6,-0.0118577075099,-0.685075793771,-0.521739130435,-1.02564102564,-0.375,-0.249748512217,-0.000236070415158,0.00977296828304,-0.434707362519,-0.0201363203073,-0.00166297117517,-0.212999317799,0.00280036729957,0.0164851055625,-0.749191304359,-0.444603920564,-2.5,NaN,NaN,NaN,-0.00366098547917,-0.00371755467515,-8,-0.00451722190853,-0.0598296290604,-0.0434782608696,0.0434782608696,0,81,1,7,417,0.920454545455,0.997607655502,0.00239234449761,0.0795454545455,0.987804878049,0.920454545455,0.952941176471,0.944303782253,0.918062200957,0.910112359551,3,9,0,10,2,10
332,WLNM_dir_neg_kfold,0.75,0.437037037037,00:00:01,10,90,17,14362,threshold_sweep,0.8,0.666666666667,0.222222222222,0.333333333333,2,1,7,17,0.222222222222,0.944444444444,0.0555555555556,0.777777777778,0.666666666667,0.222222222222,0.333333333333,0.703703703704,0.62962962963,0.2,0.25,0.166666666667,94,85,9,0,94,0,85,0,9,23,88,0.173913043478,1.68507579377,7.65217391304,7.33333333333,5.5,3.63829000359,0.475458352741,0.249505928854,5.32278271304,1.39118184545,0.672924901186,3.27042079462,0.854769071322,0.442687747036,0.749191304359,0.444603920564,2.5,1.68507579377,0.749191304359,2.5,0.259446613992,0.18878248974,46,0.025974025974,0.333144633145,23,23,23,1,0,0.478260869565,0.217391304348,0.304347826087,23,0.156126482213,1.6448171796,6.86956521739,7.18181818182,4.9375,3.42854790129,0.499092416011,0.272977435333,4.85073646664,1.41223973079,0.685745734728,2.95151866852,0.859302903492,0.464501926252,0.761396189594,0.462906272525,2.5,1.6741270514,0.765918146865,2.5,0.250583002856,0.177065767285,35,0.0197628458498,0.308885659795,23,22,22,0.95652173913,0,0.478260869565,0.217391304348,0.260869565217,23,82,0.162055335968,1,7.13043478261,6.30769230769,5.125,3.38854149137,0.475222282326,0.259278897137,4.88807535053,1.37104552515,0.671261930011,3.05742147683,0.857569438622,0.459172852598,0,0,0,NaN,NaN,NaN,0.255785628513,0.185064935065,38,0.0214568040655,0.273315004084,23,23,0,1,2,0.434782608696,0.260869565217,0.304347826087,-6,-0.0118577075099,-0.685075793771,-0.521739130435,-1.02564102564,-0.375,-0.249748512217,-0.000236070415158,0.00977296828304,-0.434707362519,-0.0201363203073,-0.00166297117517,-0.212999317799,0.00280036729957,0.0164851055625,-0.749191304359,-0.444603920564,-2.5,NaN,NaN,NaN,-0.00366098547917,-0.00371755467515,-8,-0.00451722190853,-0.0598296290604,-0.0434782608696,0.0434782608696,0,81,1,7,417,0.920454545455,0.997607655502,0.00239234449761,0.0795454545455,0.987804878049,0.920454545455,0.952941176471,0.944303782253,0.918062200957,0.910112359551,3,9,0,10,2,10
333,WLNM_dir_neg_kfold,0.75,0.437037037037,00:00:01,10,90,17,14362,threshold_sweep,0.9,0.5,0.111111111111,0.181818181818,1,1,8,17,0.111111111111,0.944444444444,0.0555555555556,0.888888888889,0.5,0.111111111111,0.181818181818,0.666666666667,0.641975308642,0.0689655172414,0.1,0.0555555555556,94,85,9,0,94,0,85,0,9,23,88,0.173913043478,1.68507579377,7.65217391304,7.33333333333,5.5,3.63829000359,0.475458352741,0.249505928854,5.32278271304,1.39118184545,0.672924901186,3.27042079462,0.854769071322,0.442687747036,0.749191304359,0.444603920564,2.5,1.68507579377,0.749191304359,2.5,0.259446613992,0.18878248974,46,0.025974025974,0.333144633145,23,23,23,1,0,0.478260869565,0.217391304348,0.304347826087,23,0.156126482213,1.6448171796,6.86956521739,7.18181818182,4.9375,3.42854790129,0.499092416011,0.272977435333,4.85073646664,1.41223973079,0.685745734728,2.95151866852,0.859302903492,0.464501926252,0.761396189594,0.462906272525,2.5,1.6741270514,0.765918146865,2.5,0.250583002856,0.177065767285,35,0.0197628458498,0.308885659795,23,22,22,0.95652173913,0,0.478260869565,0.217391304348,0.260869565217,23,81,0.160079051383,1,7.04347826087,6.75,5.0625,3.48344475366,0.494563144038,0.269457863661,4.91629540145,1.39598511399,0.680622651637,3.02819425967,0.859857629289,0.462694578637,0,0,0,NaN,NaN,NaN,0.260331083058,0.186579378069,38,0.0214568040655,0.296421339603,23,22,0,0.95652173913,2,0.434782608696,0.260869565217,0.260869565217,-7,-0.0138339920949,-0.685075793771,-0.608695652174,-0.583333333333,-0.4375,-0.15484524993,0.0191047912963,0.019951934807,-0.406487311595,0.00480326853708,0.00769775045137,-0.242226534953,0.00508855796714,0.020006831601,-0.749191304359,-0.444603920564,-2.5,NaN,NaN,NaN,0.000884469066287,-0.00220311167134,-8,-0.00451722190853,-0.0367232935415,-0.0434782608696,0.0434782608696,-0.0434782608696,80,1,8,417,0.909090909091,0.997607655502,0.00239234449761,0.0909090909091,0.987654320988,0.909090909091,0.94674556213,0.937249960286,0.906698564593,0.898876404494,2,9,0,10,2,10
334,WLNM_dir_neg_kfold,0.688271604938,0.342125739185,00:00:01,10,90,18,14363,threshold_sweep,0.1,1,0.111111111111,0.2,1,0,8,18,0.111111111111,1,0,0.888888888889,1,0.111111111111,0.2,0.703703703704,0.654320987654,0.142857142857,0.277350098113,0.111111111111,94,85,9,0,94,0,85,0,9,23,88,0.173913043478,1.68507579377,7.65217391304,7.33333333333,5.5,3.63829000359,0.475458352741,0.249505928854,5.32278271304,1.39118184545,0.672924901186,3.27042079462,0.854769071322,0.442687747036,0.749191304359,0.444603920564,2.5,1.68507579377,0.749191304359,2.5,0.259446613992,0.18878248974,46,0.025974025974,0.333144633145,23,23,23,1,0,0.478260869565,0.217391304348,0.304347826087,23,0.156126482213,1.6448171796,6.86956521739,7.18181818182,4.9375,3.42854790129,0.499092416011,0.272977435333,4.85073646664,1.41223973079,0.685745734728,2.95151866852,0.859302903492,0.464501926252,0.761396189594,0.462906272525,2.5,1.6741270514,0.765918146865,2.5,0.250583002856,0.177065767285,35,0.0197628458498,0.308885659795,23,22,22,0.95652173913,0,0.478260869565,0.217391304348,0.260869565217,23,80,0.158102766798,1.64403193425,6.95652173913,7.27272727273,5,3.49646913939,0.502617438787,0.273369565217,4.94395466677,1.4213869667,0.689130434783,2.98282302552,0.857561619837,0.461956521739,0.760749647595,0.462734106161,2.5,1.67330611308,0.765277725516,2.5,0.260331083058,0.186579378069,38,0.0214568040655,0.314153725063,23,22,22,0.95652173913,0,0.478260869565,0.217391304348,0.260869565217,-8,-0.0158102766798,-0.0410438595221,-0.695652173913,-0.0606060606061,-0.5,-0.141820864199,0.0271590860455,0.0238636363636,-0.378828046278,0.0302051212406,0.0162055335968,-0.287597769103,0.00279254851508,0.0192687747036,0.0115583432358,0.0181301855965,0,-0.0117696806926,0.0160864211572,0,0.000884469066287,-0.00220311167134,-8,-0.00451722190853,-0.0189909080818,0,0,-0.0434782608696,80,0,8,418,0.909090909091,1,0,0.0909090909091,1,0.909090909091,0.952380952381,0.944467458064,0.909090909091,0.909090909091,1,9,0,10,2,10
335,WLNM_dir_neg_kfold,0.688271604938,0.342125739185,00:00:01,10,90,18,14363,threshold_sweep,0.2,1,0.111111111111,0.2,1,0,8,18,0.111111111111,1,0,0.888888888889,1,0.111111111111,0.2,0.703703703704,0.654320987654,0.142857142857,0.277350098113,0.111111111111,94,85,9,0,94,0,85,0,9,23,88,0.173913043478,1.68507579377,7.65217391304,7.33333333333,5.5,3.63829000359,0.475458352741,0.249505928854,5.32278271304,1.39118184545,0.672924901186,3.27042079462,0.854769071322,0.442687747036,0.749191304359,0.444603920564,2.5,1.68507579377,0.749191304359,2.5,0.259446613992,0.18878248974,46,0.025974025974,0.333144633145,23,23,23,1,0,0.478260869565,0.217391304348,0.304347826087,23,0.156126482213,1.6448171796,6.86956521739,7.18181818182,4.9375,3.42854790129,0.499092416011,0.272977435333,4.85073646664,1.41223973079,0.685745734728,2.95151866852,0.859302903492,0.464501926252,0.761396189594,0.462906272525,2.5,1.6741270514,0.765918146865,2.5,0.250583002856,0.177065767285,35,0.0197628458498,0.308885659795,23,22,22,0.95652173913,0,0.478260869565,0.217391304348,0.260869565217,23,80,0.158102766798,1.64403193425,6.95652173913,7.27272727273,5,3.49646913939,0.502617438787,0.273369565217,4.94395466677,1.4213869667,0.689130434783,2.98282302552,0.857561619837,0.461956521739,0.760749647595,0.462734106161,2.5,1.67330611308,0.765277725516,2.5,0.260331083058,0.186579378069,38,0.0214568040655,0.314153725063,23,22,22,0.95652173913,0,0.478260869565,0.217391304348,0.260869565217,-8,-0.0158102766798,-0.0410438595221,-0.695652173913,-0.0606060606061,-0.5,-0.141820864199,0.0271590860455,0.0238636363636,-0.378828046278,0.0302051212406,0.0162055335968,-0.287597769103,0.00279254851508,0.0192687747036,0.0115583432358,0.0181301855965,0,-0.0117696806926,0.0160864211572,0,0.000884469066287,-0.00220311167134,-8,-0.00451722190853,-0.0189909080818,0,0,-0.0434782608696,80,0,8,418,0.909090909091,1,0,0.0909090909091,1,0.909090909091,0.952380952381,0.944467458064,0.909090909091,0.909090909091,1,9,0,10,2,10
336,WLNM_dir_neg_kfold,0.688271604938,0.342125739185,00:00:01,10,90,18,14363,threshold_sweep,0.3,1,0.111111111111,0.2,1,0,8,18,0.111111111111,1,0,0.888888888889,1,0.111111111111,0.2,0.703703703704,0.654320987654,0.142857142857,0.277350098113,0.111111111111,94,85,9,0,94,0,85,0,9,23,88,0.173913043478,1.68507579377,7.65217391304,7.33333333333,5.5,3.63829000359,0.475458352741,0.249505928854,5.32278271304,1.39118184545,0.672924901186,3.27042079462,0.854769071322,0.442687747036,0.749191304359,0.444603920564,2.5,1.68507579377,0.749191304359,2.5,0.259446613992,0.18878248974,46,0.025974025974,0.333144633145,23,23,23,1,0,0.478260869565,0.217391304348,0.304347826087,23,0.156126482213,1.6448171796,6.86956521739,7.18181818182,4.9375,3.42854790129,0.499092416011,0.272977435333,4.85073646664,1.41223973079,0.685745734728,2.95151866852,0.859302903492,0.464501926252,0.761396189594,0.462906272525,2.5,1.6741270514,0.765918146865,2.5,0.250583002856,0.177065767285,35,0.0197628458498,0.308885659795,23,22,22,0.95652173913,0,0.478260869565,0.217391304348,0.260869565217,23,80,0.158102766798,1.64403193425,6.95652173913,7.27272727273,5,3.49646913939,0.502617438787,0.273369565217,4.94395466677,1.4213869667,0.689130434783,2.98282302552,0.857561619837,0.461956521739,0.760749647595,0.462734106161,2.5,1.67330611308,0.765277725516,2.5,0.260331083058,0.186579378069,38,0.0214568040655,0.314153725063,23,22,22,0.95652173913,0,0.478260869565,0.217391304348,0.260869565217,-8,-0.0158102766798,-0.0410438595221,-0.695652173913,-0.0606060606061,-0.5,-0.141820864199,0.0271590860455,0.0238636363636,-0.378828046278,0.0302051212406,0.0162055335968,-0.287597769103,0.00279254851508,0.0192687747036,0.0115583432358,0.0181301855965,0,-0.0117696806926,0.0160864211572,0,0.000884469066287,-0.00220311167134,-8,-0.00451722190853,-0.0189909080818,0,0,-0.0434782608696,80,0,8,418,0.909090909091,1,0,0.0909090909091,1,0.909090909091,0.952380952381,0.944467458064,0.909090909091,0.909090909091,1,9,0,10,2,10
337,WLNM_dir_neg_kfold,0.688271604938,0.342125739185,00:00:01,10,90,18,14363,threshold_sweep,0.4,1,0.111111111111,0.2,1,0,8,18,0.111111111111,1,0,0.888888888889,1,0.111111111111,0.2,0.703703703704,0.654320987654,0.142857142857,0.277350098113,0.111111111111,94,85,9,0,94,0,85,0,9,23,88,0.173913043478,1.68507579377,7.65217391304,7.33333333333,5.5,3.63829000359,0.475458352741,0.249505928854,5.32278271304,1.39118184545,0.672924901186,3.27042079462,0.854769071322,0.442687747036,0.749191304359,0.444603920564,2.5,1.68507579377,0.749191304359,2.5,0.259446613992,0.18878248974,46,0.025974025974,0.333144633145,23,23,23,1,0,0.478260869565,0.217391304348,0.304347826087,23,0.156126482213,1.6448171796,6.86956521739,7.18181818182,4.9375,3.42854790129,0.499092416011,0.272977435333,4.85073646664,1.41223973079,0.685745734728,2.95151866852,0.859302903492,0.464501926252,0.761396189594,0.462906272525,2.5,1.6741270514,0.765918146865,2.5,0.250583002856,0.177065767285,35,0.0197628458498,0.308885659795,23,22,22,0.95652173913,0,0.478260869565,0.217391304348,0.260869565217,23,80,0.158102766798,1.64403193425,6.95652173913,7.27272727273,5,3.49646913939,0.502617438787,0.273369565217,4.94395466677,1.4213869667,0.689130434783,2.98282302552,0.857561619837,0.461956521739,0.760749647595,0.462734106161,2.5,1.67330611308,0.765277725516,2.5,0.260331083058,0.186579378069,38,0.0214568040655,0.314153725063,23,22,22,0.95652173913,0,0.478260869565,0.217391304348,0.260869565217,-8,-0.0158102766798,-0.0410438595221,-0.695652173913,-0.0606060606061,-0.5,-0.141820864199,0.0271590860455,0.0238636363636,-0.378828046278,0.0302051212406,0.0162055335968,-0.287597769103,0.00279254851508,0.0192687747036,0.0115583432358,0.0181301855965,0,-0.0117696806926,0.0160864211572,0,0.000884469066287,-0.00220311167134,-8,-0.00451722190853,-0.0189909080818,0,0,-0.0434782608696,80,0,8,418,0.909090909091,1,0,0.0909090909091,1,0.909090909091,0.952380952381,0.944467458064,0.909090909091,0.909090909091,1,9,0,10,2,10
338,WLNM_dir_neg_kfold,0.688271604938,0.342125739185,00:00:01,10,90,18,14363,threshold_sweep,0.5,1,0.111111111111,0.2,1,0,8,18,0.111111111111,1,0,0.888888888889,1,0.111111111111,0.2,0.703703703704,0.654320987654,0.142857142857,0.277350098113,0.111111111111,94,85,9,0,94,0,85,0,9,23,88,0.173913043478,1.68507579377,7.65217391304,7.33333333333,5.5,3.63829000359,0.475458352741,0.249505928854,5.32278271304,1.39118184545,0.672924901186,3.27042079462,0.854769071322,0.442687747036,0.749191304359,0.444603920564,2.5,1.68507579377,0.749191304359,2.5,0.259446613992,0.18878248974,46,0.025974025974,0.333144633145,23,23,23,1,0,0.478260869565,0.217391304348,0.304347826087,23,0.156126482213,1.6448171796,6.86956521739,7.18181818182,4.9375,3.42854790129,0.499092416011,0.272977435333,4.85073646664,1.41223973079,0.685745734728,2.95151866852,0.859302903492,0.464501926252,0.761396189594,0.462906272525,2.5,1.6741270514,0.765918146865,2.5,0.250583002856,0.177065767285,35,0.0197628458498,0.308885659795,23,22,22,0.95652173913,0,0.478260869565,0.217391304348,0.260869565217,23,80,0.158102766798,1.64403193425,6.95652173913,7.27272727273,5,3.49646913939,0.502617438787,0.273369565217,4.94395466677,1.4213869667,0.689130434783,2.98282302552,0.857561619837,0.461956521739,0.760749647595,0.462734106161,2.5,1.67330611308,0.765277725516,2.5,0.260331083058,0.186579378069,38,0.0214568040655,0.314153725063,23,22,22,0.95652173913,0,0.478260869565,0.217391304348,0.260869565217,-8,-0.0158102766798,-0.0410438595221,-0.695652173913,-0.0606060606061,-0.5,-0.141820864199,0.0271590860455,0.0238636363636,-0.378828046278,0.0302051212406,0.0162055335968,-0.287597769103,0.00279254851508,0.0192687747036,0.0115583432358,0.0181301855965,0,-0.0117696806926,0.0160864211572,0,0.000884469066287,-0.00220311167134,-8,-0.00451722190853,-0.0189909080818,0,0,-0.0434782608696,80,0,8,418,0.909090909091,1,0,0.0909090909091,1,0.909090909091,0.952380952381,0.944467458064,0.909090909091,0.909090909091,1,9,0,10,2,10
339,WLNM_dir_neg_kfold,0.688271604938,0.342125739185,00:00:01,10,90,18,14363,threshold_sweep,0.6,1,0.111111111111,0.2,1,0,8,18,0.111111111111,1,0,0.888888888889,1,0.111111111111,0.2,0.703703703704,0.654320987654,0.142857142857,0.277350098113,0.111111111111,94,85,9,0,94,0,85,0,9,23,88,0.173913043478,1.68507579377,7.65217391304,7.33333333333,5.5,3.63829000359,0.475458352741,0.249505928854,5.32278271304,1.39118184545,0.672924901186,3.27042079462,0.854769071322,0.442687747036,0.749191304359,0.444603920564,2.5,1.68507579377,0.749191304359,2.5,0.259446613992,0.18878248974,46,0.025974025974,0.333144633145,23,23,23,1,0,0.478260869565,0.217391304348,0.304347826087,23,0.156126482213,1.6448171796,6.86956521739,7.18181818182,4.9375,3.42854790129,0.499092416011,0.272977435333,4.85073646664,1.41223973079,0.685745734728,2.95151866852,0.859302903492,0.464501926252,0.761396189594,0.462906272525,2.5,1.6741270514,0.765918146865,2.5,0.250583002856,0.177065767285,35,0.0197628458498,0.308885659795,23,22,22,0.95652173913,0,0.478260869565,0.217391304348,0.260869565217,23,80,0.158102766798,1.64403193425,6.95652173913,7.27272727273,5,3.49646913939,0.502617438787,0.273369565217,4.94395466677,1.4213869667,0.689130434783,2.98282302552,0.857561619837,0.461956521739,0.760749647595,0.462734106161,2.5,1.67330611308,0.765277725516,2.5,0.260331083058,0.186579378069,38,0.0214568040655,0.314153725063,23,22,22,0.95652173913,0,0.478260869565,0.217391304348,0.260869565217,-8,-0.0158102766798,-0.0410438595221,-0.695652173913,-0.0606060606061,-0.5,-0.141820864199,0.0271590860455,0.0238636363636,-0.378828046278,0.0302051212406,0.0162055335968,-0.287597769103,0.00279254851508,0.0192687747036,0.0115583432358,0.0181301855965,0,-0.0117696806926,0.0160864211572,0,0.000884469066287,-0.00220311167134,-8,-0.00451722190853,-0.0189909080818,0,0,-0.0434782608696,80,0,8,418,0.909090909091,1,0,0.0909090909091,1,0.909090909091,0.952380952381,0.944467458064,0.909090909091,0.909090909091,1,9,0,10,2,10
340,WLNM_dir_neg_kfold,0.688271604938,0.342125739185,00:00:01,10,90,18,14363,threshold_sweep,0.7,1,0.111111111111,0.2,1,0,8,18,0.111111111111,1,0,0.888888888889,1,0.111111111111,0.2,0.703703703704,0.654320987654,0.142857142857,0.277350098113,0.111111111111,94,85,9,0,94,0,85,0,9,23,88,0.173913043478,1.68507579377,7.65217391304,7.33333333333,5.5,3.63829000359,0.475458352741,0.249505928854,5.32278271304,1.39118184545,0.672924901186,3.27042079462,0.854769071322,0.442687747036,0.749191304359,0.444603920564,2.5,1.68507579377,0.749191304359,2.5,0.259446613992,0.18878248974,46,0.025974025974,0.333144633145,23,23,23,1,0,0.478260869565,0.217391304348,0.304347826087,23,0.156126482213,1.6448171796,6.86956521739,7.18181818182,4.9375,3.42854790129,0.499092416011,0.272977435333,4.85073646664,1.41223973079,0.685745734728,2.95151866852,0.859302903492,0.464501926252,0.761396189594,0.462906272525,2.5,1.6741270514,0.765918146865,2.5,0.250583002856,0.177065767285,35,0.0197628458498,0.308885659795,23,22,22,0.95652173913,0,0.478260869565,0.217391304348,0.260869565217,23,80,0.158102766798,1.64403193425,6.95652173913,7.27272727273,5,3.49646913939,0.502617438787,0.273369565217,4.94395466677,1.4213869667,0.689130434783,2.98282302552,0.857561619837,0.461956521739,0.760749647595,0.462734106161,2.5,1.67330611308,0.765277725516,2.5,0.260331083058,0.186579378069,38,0.0214568040655,0.314153725063,23,22,22,0.95652173913,0,0.478260869565,0.217391304348,0.260869565217,-8,-0.0158102766798,-0.0410438595221,-0.695652173913,-0.0606060606061,-0.5,-0.141820864199,0.0271590860455,0.0238636363636,-0.378828046278,0.0302051212406,0.0162055335968,-0.287597769103,0.00279254851508,0.0192687747036,0.0115583432358,0.0181301855965,0,-0.0117696806926,0.0160864211572,0,0.000884469066287,-0.00220311167134,-8,-0.00451722190853,-0.0189909080818,0,0,-0.0434782608696,80,0,8,418,0.909090909091,1,0,0.0909090909091,1,0.909090909091,0.952380952381,0.944467458064,0.909090909091,0.909090909091,1,9,0,10,2,10
341,WLNM_dir_neg_kfold,0.688271604938,0.342125739185,00:00:01,10,90,18,14363,threshold_sweep,0.8,1,0.111111111111,0.2,1,0,8,18,0.111111111111,1,0,0.888888888889,1,0.111111111111,0.2,0.703703703704,0.654320987654,0.142857142857,0.277350098113,0.111111111111,94,85,9,0,94,0,85,0,9,23,88,0.173913043478,1.68507579377,7.65217391304,7.33333333333,5.5,3.63829000359,0.475458352741,0.249505928854,5.32278271304,1.39118184545,0.672924901186,3.27042079462,0.854769071322,0.442687747036,0.749191304359,0.444603920564,2.5,1.68507579377,0.749191304359,2.5,0.259446613992,0.18878248974,46,0.025974025974,0.333144633145,23,23,23,1,0,0.478260869565,0.217391304348,0.304347826087,23,0.156126482213,1.6448171796,6.86956521739,7.18181818182,4.9375,3.42854790129,0.499092416011,0.272977435333,4.85073646664,1.41223973079,0.685745734728,2.95151866852,0.859302903492,0.464501926252,0.761396189594,0.462906272525,2.5,1.6741270514,0.765918146865,2.5,0.250583002856,0.177065767285,35,0.0197628458498,0.308885659795,23,22,22,0.95652173913,0,0.478260869565,0.217391304348,0.260869565217,23,80,0.158102766798,1.64403193425,6.95652173913,7.27272727273,5,3.49646913939,0.502617438787,0.273369565217,4.94395466677,1.4213869667,0.689130434783,2.98282302552,0.857561619837,0.461956521739,0.760749647595,0.462734106161,2.5,1.67330611308,0.765277725516,2.5,0.260331083058,0.186579378069,38,0.0214568040655,0.314153725063,23,22,22,0.95652173913,0,0.478260869565,0.217391304348,0.260869565217,-8,-0.0158102766798,-0.0410438595221,-0.695652173913,-0.0606060606061,-0.5,-0.141820864199,0.0271590860455,0.0238636363636,-0.378828046278,0.0302051212406,0.0162055335968,-0.287597769103,0.00279254851508,0.0192687747036,0.0115583432358,0.0181301855965,0,-0.0117696806926,0.0160864211572,0,0.000884469066287,-0.00220311167134,-8,-0.00451722190853,-0.0189909080818,0,0,-0.0434782608696,80,0,8,418,0.909090909091,1,0,0.0909090909091,1,0.909090909091,0.952380952381,0.944467458064,0.909090909091,0.909090909091,1,9,0,10,2,10
342,WLNM_dir_neg_kfold,0.688271604938,0.342125739185,00:00:01,10,90,18,14363,threshold_sweep,0.9,1,0.111111111111,0.2,1,0,8,18,0.111111111111,1,0,0.888888888889,1,0.111111111111,0.2,0.703703703704,0.654320987654,0.142857142857,0.277350098113,0.111111111111,94,85,9,0,94,0,85,0,9,23,88,0.173913043478,1.68507579377,7.65217391304,7.33333333333,5.5,3.63829000359,0.475458352741,0.249505928854,5.32278271304,1.39118184545,0.672924901186,3.27042079462,0.854769071322,0.442687747036,0.749191304359,0.444603920564,2.5,1.68507579377,0.749191304359,2.5,0.259446613992,0.18878248974,46,0.025974025974,0.333144633145,23,23,23,1,0,0.478260869565,0.217391304348,0.304347826087,23,0.156126482213,1.6448171796,6.86956521739,7.18181818182,4.9375,3.42854790129,0.499092416011,0.272977435333,4.85073646664,1.41223973079,0.685745734728,2.95151866852,0.859302903492,0.464501926252,0.761396189594,0.462906272525,2.5,1.6741270514,0.765918146865,2.5,0.250583002856,0.177065767285,35,0.0197628458498,0.308885659795,23,22,22,0.95652173913,0,0.478260869565,0.217391304348,0.260869565217,23,80,0.158102766798,1.64403193425,6.95652173913,7.27272727273,5,3.49646913939,0.502617438787,0.273369565217,4.94395466677,1.4213869667,0.689130434783,2.98282302552,0.857561619837,0.461956521739,0.760749647595,0.462734106161,2.5,1.67330611308,0.765277725516,2.5,0.260331083058,0.186579378069,38,0.0214568040655,0.314153725063,23,22,22,0.95652173913,0,0.478260869565,0.217391304348,0.260869565217,-8,-0.0158102766798,-0.0410438595221,-0.695652173913,-0.0606060606061,-0.5,-0.141820864199,0.0271590860455,0.0238636363636,-0.378828046278,0.0302051212406,0.0162055335968,-0.287597769103,0.00279254851508,0.0192687747036,0.0115583432358,0.0181301855965,0,-0.0117696806926,0.0160864211572,0,0.000884469066287,-0.00220311167134,-8,-0.00451722190853,-0.0189909080818,0,0,-0.0434782608696,80,0,8,418,0.909090909091,1,0,0.0909090909091,1,0.909090909091,0.952380952381,0.944467458064,0.909090909091,0.909090909091,1,9,0,10,2,10
343,WLNM_dir_neg_kfold,0.675925925926,0.403413217139,00:00:01,10,90,19,14364,threshold_sweep,0.1,0.666666666667,0.222222222222,0.333333333333,2,1,7,17,0.222222222222,0.944444444444,0.0555555555556,0.777777777778,0.666666666667,0.222222222222,0.333333333333,0.703703703704,0.62962962963,0.2,0.25,0.166666666667,94,85,9,0,94,0,85,0,9,23,88,0.173913043478,1.68507579377,7.65217391304,7.33333333333,5.5,3.63829000359,0.475458352741,0.249505928854,5.32278271304,1.39118184545,0.672924901186,3.27042079462,0.854769071322,0.442687747036,0.749191304359,0.444603920564,2.5,1.68507579377,0.749191304359,2.5,0.259446613992,0.18878248974,46,0.025974025974,0.333144633145,23,23,23,1,0,0.478260869565,0.217391304348,0.304347826087,23,0.156126482213,1.6448171796,6.86956521739,7.18181818182,4.9375,3.42854790129,0.499092416011,0.272977435333,4.85073646664,1.41223973079,0.685745734728,2.95151866852,0.859302903492,0.464501926252,0.761396189594,0.462906272525,2.5,1.6741270514,0.765918146865,2.5,0.250583002856,0.177065767285,35,0.0197628458498,0.308885659795,23,22,22,0.95652173913,0,0.478260869565,0.217391304348,0.260869565217,23,82,0.162055335968,1.69182208876,7.13043478261,6.83333333333,4.82352941176,3.49420751616,0.490041297998,0.266702014846,4.980197942,1.39688478861,0.680805938494,2.96687909115,0.832173403615,0.44750795334,0.752937509975,0.445045324197,2.5,1.69182208876,0.752937509975,2.5,0.295396018123,0.221350078493,47,0.0265386787126,0.283386562932,23,23,23,1,0,0.478260869565,0.260869565217,0.260869565217,-6,-0.0118577075099,0.0067462949874,-0.521739130435,-0.5,-0.676470588235,-0.144082487424,0.014582945257,0.0171960859925,-0.342584771044,0.00570294315518,0.0078810373084,-0.303541703475,-0.0225956677071,0.00482020630483,0.00374620561654,0.000441403632697,0,0.0067462949874,0.00374620561654,0,0.0359494041312,0.0325675887529,1,0.000564652738566,-0.0497580702126,0,0.0434782608696,-0.0434782608696,81,1,7,417,0.920454545455,0.997607655502,0.00239234449761,0.0795454545455,0.987804878049,0.920454545455,0.952941176471,0.944303782253,0.918062200957,0.910112359551,3,9,0,10,2,10
344,WLNM_dir_neg_kfold,0.675925925926,0.403413217139,00:00:01,10,90,19,14364,threshold_sweep,0.2,0.666666666667,0.222222222222,0.333333333333,2,1,7,17,0.222222222222,0.944444444444,0.0555555555556,0.777777777778,0.666666666667,0.222222222222,0.333333333333,0.703703703704,0.62962962963,0.2,0.25,0.166666666667,94,85,9,0,94,0,85,0,9,23,88,0.173913043478,1.68507579377,7.65217391304,7.33333333333,5.5,3.63829000359,0.475458352741,0.249505928854,5.32278271304,1.39118184545,0.672924901186,3.27042079462,0.854769071322,0.442687747036,0.749191304359,0.444603920564,2.5,1.68507579377,0.749191304359,2.5,0.259446613992,0.18878248974,46,0.025974025974,0.333144633145,23,23,23,1,0,0.478260869565,0.217391304348,0.304347826087,23,0.156126482213,1.6448171796,6.86956521739,7.18181818182,4.9375,3.42854790129,0.499092416011,0.272977435333,4.85073646664,1.41223973079,0.685745734728,2.95151866852,0.859302903492,0.464501926252,0.761396189594,0.462906272525,2.5,1.6741270514,0.765918146865,2.5,0.250583002856,0.177065767285,35,0.0197628458498,0.308885659795,23,22,22,0.95652173913,0,0.478260869565,0.217391304348,0.260869565217,23,82,0.162055335968,1.69182208876,7.13043478261,6.83333333333,4.82352941176,3.49420751616,0.490041297998,0.266702014846,4.980197942,1.39688478861,0.680805938494,2.96687909115,0.832173403615,0.44750795334,0.752937509975,0.445045324197,2.5,1.69182208876,0.752937509975,2.5,0.295396018123,0.221350078493,47,0.0265386787126,0.283386562932,23,23,23,1,0,0.478260869565,0.260869565217,0.260869565217,-6,-0.0118577075099,0.0067462949874,-0.521739130435,-0.5,-0.676470588235,-0.144082487424,0.014582945257,0.0171960859925,-0.342584771044,0.00570294315518,0.0078810373084,-0.303541703475,-0.0225956677071,0.00482020630483,0.00374620561654,0.000441403632697,0,0.0067462949874,0.00374620561654,0,0.0359494041312,0.0325675887529,1,0.000564652738566,-0.0497580702126,0,0.0434782608696,-0.0434782608696,81,1,7,417,0.920454545455,0.997607655502,0.00239234449761,0.0795454545455,0.987804878049,0.920454545455,0.952941176471,0.944303782253,0.918062200957,0.910112359551,3,9,0,10,2,10
345,WLNM_dir_neg_kfold,0.675925925926,0.403413217139,00:00:01,10,90,19,14364,threshold_sweep,0.3,0.666666666667,0.222222222222,0.333333333333,2,1,7,17,0.222222222222,0.944444444444,0.0555555555556,0.777777777778,0.666666666667,0.222222222222,0.333333333333,0.703703703704,0.62962962963,0.2,0.25,0.166666666667,94,85,9,0,94,0,85,0,9,23,88,0.173913043478,1.68507579377,7.65217391304,7.33333333333,5.5,3.63829000359,0.475458352741,0.249505928854,5.32278271304,1.39118184545,0.672924901186,3.27042079462,0.854769071322,0.442687747036,0.749191304359,0.444603920564,2.5,1.68507579377,0.749191304359,2.5,0.259446613992,0.18878248974,46,0.025974025974,0.333144633145,23,23,23,1,0,0.478260869565,0.217391304348,0.304347826087,23,0.156126482213,1.6448171796,6.86956521739,7.18181818182,4.9375,3.42854790129,0.499092416011,0.272977435333,4.85073646664,1.41223973079,0.685745734728,2.95151866852,0.859302903492,0.464501926252,0.761396189594,0.462906272525,2.5,1.6741270514,0.765918146865,2.5,0.250583002856,0.177065767285,35,0.0197628458498,0.308885659795,23,22,22,0.95652173913,0,0.478260869565,0.217391304348,0.260869565217,23,82,0.162055335968,1.69182208876,7.13043478261,6.83333333333,4.82352941176,3.49420751616,0.490041297998,0.266702014846,4.980197942,1.39688478861,0.680805938494,2.96687909115,0.832173403615,0.44750795334,0.752937509975,0.445045324197,2.5,1.69182208876,0.752937509975,2.5,0.295396018123,0.221350078493,47,0.0265386787126,0.283386562932,23,23,23,1,0,0.478260869565,0.260869565217,0.260869565217,-6,-0.0118577075099,0.0067462949874,-0.521739130435,-0.5,-0.676470588235,-0.144082487424,0.014582945257,0.0171960859925,-0.342584771044,0.00570294315518,0.0078810373084,-0.303541703475,-0.0225956677071,0.00482020630483,0.00374620561654,0.000441403632697,0,0.0067462949874,0.00374620561654,0,0.0359494041312,0.0325675887529,1,0.000564652738566,-0.0497580702126,0,0.0434782608696,-0.0434782608696,81,1,7,417,0.920454545455,0.997607655502,0.00239234449761,0.0795454545455,0.987804878049,0.920454545455,0.952941176471,0.944303782253,0.918062200957,0.910112359551,3,9,0,10,2,10
346,WLNM_dir_neg_kfold,0.675925925926,0.403413217139,00:00:01,10,90,19,14364,threshold_sweep,0.4,0.666666666667,0.222222222222,0.333333333333,2,1,7,17,0.222222222222,0.944444444444,0.0555555555556,0.777777777778,0.666666666667,0.222222222222,0.333333333333,0.703703703704,0.62962962963,0.2,0.25,0.166666666667,94,85,9,0,94,0,85,0,9,23,88,0.173913043478,1.68507579377,7.65217391304,7.33333333333,5.5,3.63829000359,0.475458352741,0.249505928854,5.32278271304,1.39118184545,0.672924901186,3.27042079462,0.854769071322,0.442687747036,0.749191304359,0.444603920564,2.5,1.68507579377,0.749191304359,2.5,0.259446613992,0.18878248974,46,0.025974025974,0.333144633145,23,23,23,1,0,0.478260869565,0.217391304348,0.304347826087,23,0.156126482213,1.6448171796,6.86956521739,7.18181818182,4.9375,3.42854790129,0.499092416011,0.272977435333,4.85073646664,1.41223973079,0.685745734728,2.95151866852,0.859302903492,0.464501926252,0.761396189594,0.462906272525,2.5,1.6741270514,0.765918146865,2.5,0.250583002856,0.177065767285,35,0.0197628458498,0.308885659795,23,22,22,0.95652173913,0,0.478260869565,0.217391304348,0.260869565217,23,82,0.162055335968,1.69182208876,7.13043478261,6.83333333333,4.82352941176,3.49420751616,0.490041297998,0.266702014846,4.980197942,1.39688478861,0.680805938494,2.96687909115,0.832173403615,0.44750795334,0.752937509975,0.445045324197,2.5,1.69182208876,0.752937509975,2.5,0.295396018123,0.221350078493,47,0.0265386787126,0.283386562932,23,23,23,1,0,0.478260869565,0.260869565217,0.260869565217,-6,-0.0118577075099,0.0067462949874,-0.521739130435,-0.5,-0.676470588235,-0.144082487424,0.014582945257,0.0171960859925,-0.342584771044,0.00570294315518,0.0078810373084,-0.303541703475,-0.0225956677071,0.00482020630483,0.00374620561654,0.000441403632697,0,0.0067462949874,0.00374620561654,0,0.0359494041312,0.0325675887529,1,0.000564652738566,-0.0497580702126,0,0.0434782608696,-0.0434782608696,81,1,7,417,0.920454545455,0.997607655502,0.00239234449761,0.0795454545455,0.987804878049,0.920454545455,0.952941176471,0.944303782253,0.918062200957,0.910112359551,3,9,0,10,2,10
347,WLNM_dir_neg_kfold,0.675925925926,0.403413217139,00:00:01,10,90,19,14364,threshold_sweep,0.5,0.666666666667,0.222222222222,0.333333333333,2,1,7,17,0.222222222222,0.944444444444,0.0555555555556,0.777777777778,0.666666666667,0.222222222222,0.333333333333,0.703703703704,0.62962962963,0.2,0.25,0.166666666667,94,85,9,0,94,0,85,0,9,23,88,0.173913043478,1.68507579377,7.65217391304,7.33333333333,5.5,3.63829000359,0.475458352741,0.249505928854,5.32278271304,1.39118184545,0.672924901186,3.27042079462,0.854769071322,0.442687747036,0.749191304359,0.444603920564,2.5,1.68507579377,0.749191304359,2.5,0.259446613992,0.18878248974,46,0.025974025974,0.333144633145,23,23,23,1,0,0.478260869565,0.217391304348,0.304347826087,23,0.156126482213,1.6448171796,6.86956521739,7.18181818182,4.9375,3.42854790129,0.499092416011,0.272977435333,4.85073646664,1.41223973079,0.685745734728,2.95151866852,0.859302903492,0.464501926252,0.761396189594,0.462906272525,2.5,1.6741270514,0.765918146865,2.5,0.250583002856,0.177065767285,35,0.0197628458498,0.308885659795,23,22,22,0.95652173913,0,0.478260869565,0.217391304348,0.260869565217,23,82,0.162055335968,1.69182208876,7.13043478261,6.83333333333,4.82352941176,3.49420751616,0.490041297998,0.266702014846,4.980197942,1.39688478861,0.680805938494,2.96687909115,0.832173403615,0.44750795334,0.752937509975,0.445045324197,2.5,1.69182208876,0.752937509975,2.5,0.295396018123,0.221350078493,47,0.0265386787126,0.283386562932,23,23,23,1,0,0.478260869565,0.260869565217,0.260869565217,-6,-0.0118577075099,0.0067462949874,-0.521739130435,-0.5,-0.676470588235,-0.144082487424,0.014582945257,0.0171960859925,-0.342584771044,0.00570294315518,0.0078810373084,-0.303541703475,-0.0225956677071,0.00482020630483,0.00374620561654,0.000441403632697,0,0.0067462949874,0.00374620561654,0,0.0359494041312,0.0325675887529,1,0.000564652738566,-0.0497580702126,0,0.0434782608696,-0.0434782608696,81,1,7,417,0.920454545455,0.997607655502,0.00239234449761,0.0795454545455,0.987804878049,0.920454545455,0.952941176471,0.944303782253,0.918062200957,0.910112359551,3,9,0,10,2,10
348,WLNM_dir_neg_kfold,0.675925925926,0.403413217139,00:00:01,10,90,19,14364,threshold_sweep,0.6,0.666666666667,0.222222222222,0.333333333333,2,1,7,17,0.222222222222,0.944444444444,0.0555555555556,0.777777777778,0.666666666667,0.222222222222,0.333333333333,0.703703703704,0.62962962963,0.2,0.25,0.166666666667,94,85,9,0,94,0,85,0,9,23,88,0.173913043478,1.68507579377,7.65217391304,7.33333333333,5.5,3.63829000359,0.475458352741,0.249505928854,5.32278271304,1.39118184545,0.672924901186,3.27042079462,0.854769071322,0.442687747036,0.749191304359,0.444603920564,2.5,1.68507579377,0.749191304359,2.5,0.259446613992,0.18878248974,46,0.025974025974,0.333144633145,23,23,23,1,0,0.478260869565,0.217391304348,0.304347826087,23,0.156126482213,1.6448171796,6.86956521739,7.18181818182,4.9375,3.42854790129,0.499092416011,0.272977435333,4.85073646664,1.41223973079,0.685745734728,2.95151866852,0.859302903492,0.464501926252,0.761396189594,0.462906272525,2.5,1.6741270514,0.765918146865,2.5,0.250583002856,0.177065767285,35,0.0197628458498,0.308885659795,23,22,22,0.95652173913,0,0.478260869565,0.217391304348,0.260869565217,23,82,0.162055335968,1.69182208876,7.13043478261,6.83333333333,4.82352941176,3.49420751616,0.490041297998,0.266702014846,4.980197942,1.39688478861,0.680805938494,2.96687909115,0.832173403615,0.44750795334,0.752937509975,0.445045324197,2.5,1.69182208876,0.752937509975,2.5,0.295396018123,0.221350078493,47,0.0265386787126,0.283386562932,23,23,23,1,0,0.478260869565,0.260869565217,0.260869565217,-6,-0.0118577075099,0.0067462949874,-0.521739130435,-0.5,-0.676470588235,-0.144082487424,0.014582945257,0.0171960859925,-0.342584771044,0.00570294315518,0.0078810373084,-0.303541703475,-0.0225956677071,0.00482020630483,0.00374620561654,0.000441403632697,0,0.0067462949874,0.00374620561654,0,0.0359494041312,0.0325675887529,1,0.000564652738566,-0.0497580702126,0,0.0434782608696,-0.0434782608696,81,1,7,417,0.920454545455,0.997607655502,0.00239234449761,0.0795454545455,0.987804878049,0.920454545455,0.952941176471,0.944303782253,0.918062200957,0.910112359551,3,9,0,10,2,10
349,WLNM_dir_neg_kfold,0.675925925926,0.403413217139,00:00:01,10,90,19,14364,threshold_sweep,0.7,0.666666666667,0.222222222222,0.333333333333,2,1,7,17,0.222222222222,0.944444444444,0.0555555555556,0.777777777778,0.666666666667,0.222222222222,0.333333333333,0.703703703704,0.62962962963,0.2,0.25,0.166666666667,94,85,9,0,94,0,85,0,9,23,88,0.173913043478,1.68507579377,7.65217391304,7.33333333333,5.5,3.63829000359,0.475458352741,0.249505928854,5.32278271304,1.39118184545,0.672924901186,3.27042079462,0.854769071322,0.442687747036,0.749191304359,0.444603920564,2.5,1.68507579377,0.749191304359,2.5,0.259446613992,0.18878248974,46,0.025974025974,0.333144633145,23,23,23,1,0,0.478260869565,0.217391304348,0.304347826087,23,0.156126482213,1.6448171796,6.86956521739,7.18181818182,4.9375,3.42854790129,0.499092416011,0.272977435333,4.85073646664,1.41223973079,0.685745734728,2.95151866852,0.859302903492,0.464501926252,0.761396189594,0.462906272525,2.5,1.6741270514,0.765918146865,2.5,0.250583002856,0.177065767285,35,0.0197628458498,0.308885659795,23,22,22,0.95652173913,0,0.478260869565,0.217391304348,0.260869565217,23,82,0.162055335968,1.69182208876,7.13043478261,6.83333333333,4.82352941176,3.49420751616,0.490041297998,0.266702014846,4.980197942,1.39688478861,0.680805938494,2.96687909115,0.832173403615,0.44750795334,0.752937509975,0.445045324197,2.5,1.69182208876,0.752937509975,2.5,0.295396018123,0.221350078493,47,0.0265386787126,0.283386562932,23,23,23,1,0,0.478260869565,0.260869565217,0.260869565217,-6,-0.0118577075099,0.0067462949874,-0.521739130435,-0.5,-0.676470588235,-0.144082487424,0.014582945257,0.0171960859925,-0.342584771044,0.00570294315518,0.0078810373084,-0.303541703475,-0.0225956677071,0.00482020630483,0.00374620561654,0.000441403632697,0,0.0067462949874,0.00374620561654,0,0.0359494041312,0.0325675887529,1,0.000564652738566,-0.0497580702126,0,0.0434782608696,-0.0434782608696,81,1,7,417,0.920454545455,0.997607655502,0.00239234449761,0.0795454545455,0.987804878049,0.920454545455,0.952941176471,0.944303782253,0.918062200957,0.910112359551,3,9,0,10,2,10
350,WLNM_dir_neg_kfold,0.675925925926,0.403413217139,00:00:01,10,90,19,14364,threshold_sweep,0.8,0.666666666667,0.222222222222,0.333333333333,2,1,7,17,0.222222222222,0.944444444444,0.0555555555556,0.777777777778,0.666666666667,0.222222222222,0.333333333333,0.703703703704,0.62962962963,0.2,0.25,0.166666666667,94,85,9,0,94,0,85,0,9,23,88,0.173913043478,1.68507579377,7.65217391304,7.33333333333,5.5,3.63829000359,0.475458352741,0.249505928854,5.32278271304,1.39118184545,0.672924901186,3.27042079462,0.854769071322,0.442687747036,0.749191304359,0.444603920564,2.5,1.68507579377,0.749191304359,2.5,0.259446613992,0.18878248974,46,0.025974025974,0.333144633145,23,23,23,1,0,0.478260869565,0.217391304348,0.304347826087,23,0.156126482213,1.6448171796,6.86956521739,7.18181818182,4.9375,3.42854790129,0.499092416011,0.272977435333,4.85073646664,1.41223973079,0.685745734728,2.95151866852,0.859302903492,0.464501926252,0.761396189594,0.462906272525,2.5,1.6741270514,0.765918146865,2.5,0.250583002856,0.177065767285,35,0.0197628458498,0.308885659795,23,22,22,0.95652173913,0,0.478260869565,0.217391304348,0.260869565217,23,82,0.162055335968,1.69182208876,7.13043478261,6.83333333333,4.82352941176,3.49420751616,0.490041297998,0.266702014846,4.980197942,1.39688478861,0.680805938494,2.96687909115,0.832173403615,0.44750795334,0.752937509975,0.445045324197,2.5,1.69182208876,0.752937509975,2.5,0.295396018123,0.221350078493,47,0.0265386787126,0.283386562932,23,23,23,1,0,0.478260869565,0.260869565217,0.260869565217,-6,-0.0118577075099,0.0067462949874,-0.521739130435,-0.5,-0.676470588235,-0.144082487424,0.014582945257,0.0171960859925,-0.342584771044,0.00570294315518,0.0078810373084,-0.303541703475,-0.0225956677071,0.00482020630483,0.00374620561654,0.000441403632697,0,0.0067462949874,0.00374620561654,0,0.0359494041312,0.0325675887529,1,0.000564652738566,-0.0497580702126,0,0.0434782608696,-0.0434782608696,81,1,7,417,0.920454545455,0.997607655502,0.00239234449761,0.0795454545455,0.987804878049,0.920454545455,0.952941176471,0.944303782253,0.918062200957,0.910112359551,3,9,0,10,2,10
351,WLNM_dir_neg_kfold,0.675925925926,0.403413217139,00:00:01,10,90,19,14364,threshold_sweep,0.9,1,0.222222222222,0.363636363636,2,0,7,18,0.222222222222,1,0,0.777777777778,1,0.222222222222,0.363636363636,0.740740740741,0.641975308642,0.275862068966,0.4,0.222222222222,94,85,9,0,94,0,85,0,9,23,88,0.173913043478,1.68507579377,7.65217391304,7.33333333333,5.5,3.63829000359,0.475458352741,0.249505928854,5.32278271304,1.39118184545,0.672924901186,3.27042079462,0.854769071322,0.442687747036,0.749191304359,0.444603920564,2.5,1.68507579377,0.749191304359,2.5,0.259446613992,0.18878248974,46,0.025974025974,0.333144633145,23,23,23,1,0,0.478260869565,0.217391304348,0.304347826087,23,0.156126482213,1.6448171796,6.86956521739,7.18181818182,4.9375,3.42854790129,0.499092416011,0.272977435333,4.85073646664,1.41223973079,0.685745734728,2.95151866852,0.859302903492,0.464501926252,0.761396189594,0.462906272525,2.5,1.6741270514,0.765918146865,2.5,0.250583002856,0.177065767285,35,0.0197628458498,0.308885659795,23,22,22,0.95652173913,0,0.478260869565,0.217391304348,0.260869565217,23,81,0.160079051383,1.68751019512,7.04347826087,6.75,5.0625,3.39087359178,0.481420324759,0.26140633387,4.91629540145,1.39598511399,0.680622651637,3.01314642581,0.855584787577,0.458400429415,0.750779547887,0.444903710839,2.5,1.68751019512,0.750779547887,2.5,0.255785628513,0.185064935065,38,0.0214568040655,0.288382072473,23,23,23,1,0,0.478260869565,0.217391304348,0.304347826087,-7,-0.0138339920949,0.00243440134744,-0.608695652174,-0.583333333333,-0.4375,-0.247416411809,0.00596197201713,0.0119004050163,-0.406487311595,0.00480326853708,0.00769775045137,-0.25727436881,0.000815716254641,0.0157126823793,0.00158824352851,0.000299790274851,0,0.00243440134744,0.00158824352851,0,-0.00366098547917,-0.00371755467515,-8,-0.00451722190853,-0.0447625606717,0,0,0,81,0,7,418,0.920454545455,1,0,0.0795454545455,1,0.920454545455,0.958579881657,0.951469451768,0.920454545455,0.920454545455,2,9,0,10,2,10
352,WLNM_dir_neg_kfold,0.820987654321,0.47037037037,00:00:01,10,90,20,14365,threshold_sweep,0.1,0.666666666667,0.222222222222,0.333333333333,2,1,7,17,0.222222222222,0.944444444444,0.0555555555556,0.777777777778,0.666666666667,0.222222222222,0.333333333333,0.703703703704,0.62962962963,0.2,0.25,0.166666666667,94,85,9,0,94,0,85,0,9,23,88,0.173913043478,1.68507579377,7.65217391304,7.33333333333,5.5,3.63829000359,0.475458352741,0.249505928854,5.32278271304,1.39118184545,0.672924901186,3.27042079462,0.854769071322,0.442687747036,0.749191304359,0.444603920564,2.5,1.68507579377,0.749191304359,2.5,0.259446613992,0.18878248974,46,0.025974025974,0.333144633145,23,23,23,1,0,0.478260869565,0.217391304348,0.304347826087,23,0.156126482213,1.6448171796,6.86956521739,7.18181818182,4.9375,3.42854790129,0.499092416011,0.272977435333,4.85073646664,1.41223973079,0.685745734728,2.95151866852,0.859302903492,0.464501926252,0.761396189594,0.462906272525,2.5,1.6741270514,0.765918146865,2.5,0.250583002856,0.177065767285,35,0.0197628458498,0.308885659795,23,22,22,0.95652173913,0,0.478260869565,0.217391304348,0.260869565217,23,82,0.162055335968,1.85583861015,7.13043478261,6.30769230769,5.125,3.46809284538,0.486378874657,0.262460233298,4.88807535053,1.37104552515,0.671261930011,2.98216039683,0.836459623501,0.449628844115,0.84675230951,0.456263979465,2.5,1.85583861015,0.84675230951,2.5,0.255785628513,0.185064935065,38,0.0214568040655,0.244931350701,23,23,23,1,0,0.434782608696,0.260869565217,0.304347826087,-6,-0.0118577075099,0.170762816376,-0.521739130435,-1.02564102564,-0.375,-0.170197158205,0.0109205219158,0.0129543044442,-0.434707362519,-0.0201363203073,-0.00166297117517,-0.288260397796,-0.0183094478217,0.00694109707895,0.0975610051513,0.0116600589003,0,0.170762816376,0.0975610051513,0,-0.00366098547917,-0.00371755467515,-8,-0.00451722190853,-0.0882132824441,-0.0434782608696,0.0434782608696,0,81,1,7,417,0.920454545455,0.997607655502,0.00239234449761,0.0795454545455,0.987804878049,0.920454545455,0.952941176471,0.944303782253,0.918062200957,0.910112359551,3,9,0,10,2,10
353,WLNM_dir_neg_kfold,0.820987654321,0.47037037037,00:00:01,10,90,20,14365,threshold_sweep,0.2,0.5,0.111111111111,0.181818181818,1,1,8,17,0.111111111111,0.944444444444,0.0555555555556,0.888888888889,0.5,0.111111111111,0.181818181818,0.666666666667,0.641975308642,0.0689655172414,0.1,0.0555555555556,94,85,9,0,94,0,85,0,9,23,88,0.173913043478,1.68507579377,7.65217391304,7.33333333333,5.5,3.63829000359,0.475458352741,0.249505928854,5.32278271304,1.39118184545,0.672924901186,3.27042079462,0.854769071322,0.442687747036,0.749191304359,0.444603920564,2.5,1.68507579377,0.749191304359,2.5,0.259446613992,0.18878248974,46,0.025974025974,0.333144633145,23,23,23,1,0,0.478260869565,0.217391304348,0.304347826087,23,0.156126482213,1.6448171796,6.86956521739,7.18181818182,4.9375,3.42854790129,0.499092416011,0.272977435333,4.85073646664,1.41223973079,0.685745734728,2.95151866852,0.859302903492,0.464501926252,0.761396189594,0.462906272525,2.5,1.6741270514,0.765918146865,2.5,0.250583002856,0.177065767285,35,0.0197628458498,0.308885659795,23,22,22,0.95652173913,0,0.478260869565,0.217391304348,0.260869565217,23,81,0.160079051383,1.81236034928,7.04347826087,6.75,5.0625,3.57361875249,0.507365625353,0.274288781535,4.91629540145,1.39598511399,0.680622651637,2.95218817486,0.838275654589,0.453032742888,0.864501101003,0.47700287713,2.5,1.8492858197,0.86608152192,2.5,0.260331083058,0.186579378069,38,0.0214568040655,0.262877021968,23,22,22,0.95652173913,0,0.434782608696,0.260869565217,0.260869565217,-7,-0.0138339920949,0.127284555507,-0.608695652174,-0.583333333333,-0.4375,-0.0646712510973,0.031907272612,0.0247828526814,-0.406487311595,0.00480326853708,0.00769775045137,-0.318232619768,-0.0164934167334,0.0103449958522,0.115309796644,0.032398956566,0,0.164210025928,0.116890217561,0,0.000884469066287,-0.00220311167134,-8,-0.00451722190853,-0.0702676111767,-0.0434782608696,0.0434782608696,-0.0434782608696,80,1,8,417,0.909090909091,0.997607655502,0.00239234449761,0.0909090909091,0.987654320988,0.909090909091,0.94674556213,0.937249960286,0.906698564593,0.898876404494,2,9,0,10,2,10
354,WLNM_dir_neg_kfold,0.820987654321,0.47037037037,00:00:01,10,90,20,14365,threshold_sweep,0.3,1,0.111111111111,0.2,1,0,8,18,0.111111111111,1,0,0.888888888889,1,0.111111111111,0.2,0.703703703704,0.654320987654,0.142857142857,0.277350098113,0.111111111111,94,85,9,0,94,0,85,0,9,23,88,0.173913043478,1.68507579377,7.65217391304,7.33333333333,5.5,3.63829000359,0.475458352741,0.249505928854,5.32278271304,1.39118184545,0.672924901186,3.27042079462,0.854769071322,0.442687747036,0.749191304359,0.444603920564,2.5,1.68507579377,0.749191304359,2.5,0.259446613992,0.18878248974,46,0.025974025974,0.333144633145,23,23,23,1,0,0.478260869565,0.217391304348,0.304347826087,23,0.156126482213,1.6448171796,6.86956521739,7.18181818182,4.9375,3.42854790129,0.499092416011,0.272977435333,4.85073646664,1.41223973079,0.685745734728,2.95151866852,0.859302903492,0.464501926252,0.761396189594,0.462906272525,2.5,1.6741270514,0.765918146865,2.5,0.250583002856,0.177065767285,35,0.0197628458498,0.308885659795,23,22,22,0.95652173913,0,0.478260869565,0.217391304348,0.260869565217,23,80,0.158102766798,1.64403193425,6.95652173913,7.27272727273,5,3.49646913939,0.502617438787,0.273369565217,4.94395466677,1.4213869667,0.689130434783,2.98282302552,0.857561619837,0.461956521739,0.760749647595,0.462734106161,2.5,1.67330611308,0.765277725516,2.5,0.260331083058,0.186579378069,38,0.0214568040655,0.314153725063,23,22,22,0.95652173913,0,0.478260869565,0.217391304348,0.260869565217,-8,-0.0158102766798,-0.0410438595221,-0.695652173913,-0.0606060606061,-0.5,-0.141820864199,0.0271590860455,0.0238636363636,-0.378828046278,0.0302051212406,0.0162055335968,-0.287597769103,0.00279254851508,0.0192687747036,0.0115583432358,0.0181301855965,0,-0.0117696806926,0.0160864211572,0,0.000884469066287,-0.00220311167134,-8,-0.00451722190853,-0.0189909080818,0,0,-0.0434782608696,80,0,8,418,0.909090909091,1,0,0.0909090909091,1,0.909090909091,0.952380952381,0.944467458064,0.909090909091,0.909090909091,1,9,0,10,2,10
355,WLNM_dir_neg_kfold,0.820987654321,0.47037037037,00:00:01,10,90,20,14365,threshold_sweep,0.4,1,0.111111111111,0.2,1,0,8,18,0.111111111111,1,0,0.888888888889,1,0.111111111111,0.2,0.703703703704,0.654320987654,0.142857142857,0.277350098113,0.111111111111,94,85,9,0,94,0,85,0,9,23,88,0.173913043478,1.68507579377,7.65217391304,7.33333333333,5.5,3.63829000359,0.475458352741,0.249505928854,5.32278271304,1.39118184545,0.672924901186,3.27042079462,0.854769071322,0.442687747036,0.749191304359,0.444603920564,2.5,1.68507579377,0.749191304359,2.5,0.259446613992,0.18878248974,46,0.025974025974,0.333144633145,23,23,23,1,0,0.478260869565,0.217391304348,0.304347826087,23,0.156126482213,1.6448171796,6.86956521739,7.18181818182,4.9375,3.42854790129,0.499092416011,0.272977435333,4.85073646664,1.41223973079,0.685745734728,2.95151866852,0.859302903492,0.464501926252,0.761396189594,0.462906272525,2.5,1.6741270514,0.765918146865,2.5,0.250583002856,0.177065767285,35,0.0197628458498,0.308885659795,23,22,22,0.95652173913,0,0.478260869565,0.217391304348,0.260869565217,23,80,0.158102766798,1.64403193425,6.95652173913,7.27272727273,5,3.49646913939,0.502617438787,0.273369565217,4.94395466677,1.4213869667,0.689130434783,2.98282302552,0.857561619837,0.461956521739,0.760749647595,0.462734106161,2.5,1.67330611308,0.765277725516,2.5,0.260331083058,0.186579378069,38,0.0214568040655,0.314153725063,23,22,22,0.95652173913,0,0.478260869565,0.217391304348,0.260869565217,-8,-0.0158102766798,-0.0410438595221,-0.695652173913,-0.0606060606061,-0.5,-0.141820864199,0.0271590860455,0.0238636363636,-0.378828046278,0.0302051212406,0.0162055335968,-0.287597769103,0.00279254851508,0.0192687747036,0.0115583432358,0.0181301855965,0,-0.0117696806926,0.0160864211572,0,0.000884469066287,-0.00220311167134,-8,-0.00451722190853,-0.0189909080818,0,0,-0.0434782608696,80,0,8,418,0.909090909091,1,0,0.0909090909091,1,0.909090909091,0.952380952381,0.944467458064,0.909090909091,0.909090909091,1,9,0,10,2,10
356,WLNM_dir_neg_kfold,0.820987654321,0.47037037037,00:00:01,10,90,20,14365,threshold_sweep,0.5,1,0.111111111111,0.2,1,0,8,18,0.111111111111,1,0,0.888888888889,1,0.111111111111,0.2,0.703703703704,0.654320987654,0.142857142857,0.277350098113,0.111111111111,94,85,9,0,94,0,85,0,9,23,88,0.173913043478,1.68507579377,7.65217391304,7.33333333333,5.5,3.63829000359,0.475458352741,0.249505928854,5.32278271304,1.39118184545,0.672924901186,3.27042079462,0.854769071322,0.442687747036,0.749191304359,0.444603920564,2.5,1.68507579377,0.749191304359,2.5,0.259446613992,0.18878248974,46,0.025974025974,0.333144633145,23,23,23,1,0,0.478260869565,0.217391304348,0.304347826087,23,0.156126482213,1.6448171796,6.86956521739,7.18181818182,4.9375,3.42854790129,0.499092416011,0.272977435333,4.85073646664,1.41223973079,0.685745734728,2.95151866852,0.859302903492,0.464501926252,0.761396189594,0.462906272525,2.5,1.6741270514,0.765918146865,2.5,0.250583002856,0.177065767285,35,0.0197628458498,0.308885659795,23,22,22,0.95652173913,0,0.478260869565,0.217391304348,0.260869565217,23,80,0.158102766798,1.64403193425,6.95652173913,7.27272727273,5,3.49646913939,0.502617438787,0.273369565217,4.94395466677,1.4213869667,0.689130434783,2.98282302552,0.857561619837,0.461956521739,0.760749647595,0.462734106161,2.5,1.67330611308,0.765277725516,2.5,0.260331083058,0.186579378069,38,0.0214568040655,0.314153725063,23,22,22,0.95652173913,0,0.478260869565,0.217391304348,0.260869565217,-8,-0.0158102766798,-0.0410438595221,-0.695652173913,-0.0606060606061,-0.5,-0.141820864199,0.0271590860455,0.0238636363636,-0.378828046278,0.0302051212406,0.0162055335968,-0.287597769103,0.00279254851508,0.0192687747036,0.0115583432358,0.0181301855965,0,-0.0117696806926,0.0160864211572,0,0.000884469066287,-0.00220311167134,-8,-0.00451722190853,-0.0189909080818,0,0,-0.0434782608696,80,0,8,418,0.909090909091,1,0,0.0909090909091,1,0.909090909091,0.952380952381,0.944467458064,0.909090909091,0.909090909091,1,9,0,10,2,10
357,WLNM_dir_neg_kfold,0.820987654321,0.47037037037,00:00:01,10,90,20,14365,threshold_sweep,0.6,1,0.111111111111,0.2,1,0,8,18,0.111111111111,1,0,0.888888888889,1,0.111111111111,0.2,0.703703703704,0.654320987654,0.142857142857,0.277350098113,0.111111111111,94,85,9,0,94,0,85,0,9,23,88,0.173913043478,1.68507579377,7.65217391304,7.33333333333,5.5,3.63829000359,0.475458352741,0.249505928854,5.32278271304,1.39118184545,0.672924901186,3.27042079462,0.854769071322,0.442687747036,0.749191304359,0.444603920564,2.5,1.68507579377,0.749191304359,2.5,0.259446613992,0.18878248974,46,0.025974025974,0.333144633145,23,23,23,1,0,0.478260869565,0.217391304348,0.304347826087,23,0.156126482213,1.6448171796,6.86956521739,7.18181818182,4.9375,3.42854790129,0.499092416011,0.272977435333,4.85073646664,1.41223973079,0.685745734728,2.95151866852,0.859302903492,0.464501926252,0.761396189594,0.462906272525,2.5,1.6741270514,0.765918146865,2.5,0.250583002856,0.177065767285,35,0.0197628458498,0.308885659795,23,22,22,0.95652173913,0,0.478260869565,0.217391304348,0.260869565217,23,80,0.158102766798,1.64403193425,6.95652173913,7.27272727273,5,3.49646913939,0.502617438787,0.273369565217,4.94395466677,1.4213869667,0.689130434783,2.98282302552,0.857561619837,0.461956521739,0.760749647595,0.462734106161,2.5,1.67330611308,0.765277725516,2.5,0.260331083058,0.186579378069,38,0.0214568040655,0.314153725063,23,22,22,0.95652173913,0,0.478260869565,0.217391304348,0.260869565217,-8,-0.0158102766798,-0.0410438595221,-0.695652173913,-0.0606060606061,-0.5,-0.141820864199,0.0271590860455,0.0238636363636,-0.378828046278,0.0302051212406,0.0162055335968,-0.287597769103,0.00279254851508,0.0192687747036,0.0115583432358,0.0181301855965,0,-0.0117696806926,0.0160864211572,0,0.000884469066287,-0.00220311167134,-8,-0.00451722190853,-0.0189909080818,0,0,-0.0434782608696,80,0,8,418,0.909090909091,1,0,0.0909090909091,1,0.909090909091,0.952380952381,0.944467458064,0.909090909091,0.909090909091,1,9,0,10,2,10
358,WLNM_dir_neg_kfold,0.820987654321,0.47037037037,00:00:01,10,90,20,14365,threshold_sweep,0.7,1,0.111111111111,0.2,1,0,8,18,0.111111111111,1,0,0.888888888889,1,0.111111111111,0.2,0.703703703704,0.654320987654,0.142857142857,0.277350098113,0.111111111111,94,85,9,0,94,0,85,0,9,23,88,0.173913043478,1.68507579377,7.65217391304,7.33333333333,5.5,3.63829000359,0.475458352741,0.249505928854,5.32278271304,1.39118184545,0.672924901186,3.27042079462,0.854769071322,0.442687747036,0.749191304359,0.444603920564,2.5,1.68507579377,0.749191304359,2.5,0.259446613992,0.18878248974,46,0.025974025974,0.333144633145,23,23,23,1,0,0.478260869565,0.217391304348,0.304347826087,23,0.156126482213,1.6448171796,6.86956521739,7.18181818182,4.9375,3.42854790129,0.499092416011,0.272977435333,4.85073646664,1.41223973079,0.685745734728,2.95151866852,0.859302903492,0.464501926252,0.761396189594,0.462906272525,2.5,1.6741270514,0.765918146865,2.5,0.250583002856,0.177065767285,35,0.0197628458498,0.308885659795,23,22,22,0.95652173913,0,0.478260869565,0.217391304348,0.260869565217,23,80,0.158102766798,1.64403193425,6.95652173913,7.27272727273,5,3.49646913939,0.502617438787,0.273369565217,4.94395466677,1.4213869667,0.689130434783,2.98282302552,0.857561619837,0.461956521739,0.760749647595,0.462734106161,2.5,1.67330611308,0.765277725516,2.5,0.260331083058,0.186579378069,38,0.0214568040655,0.314153725063,23,22,22,0.95652173913,0,0.478260869565,0.217391304348,0.260869565217,-8,-0.0158102766798,-0.0410438595221,-0.695652173913,-0.0606060606061,-0.5,-0.141820864199,0.0271590860455,0.0238636363636,-0.378828046278,0.0302051212406,0.0162055335968,-0.287597769103,0.00279254851508,0.0192687747036,0.0115583432358,0.0181301855965,0,-0.0117696806926,0.0160864211572,0,0.000884469066287,-0.00220311167134,-8,-0.00451722190853,-0.0189909080818,0,0,-0.0434782608696,80,0,8,418,0.909090909091,1,0,0.0909090909091,1,0.909090909091,0.952380952381,0.944467458064,0.909090909091,0.909090909091,1,9,0,10,2,10
359,WLNM_dir_neg_kfold,0.820987654321,0.47037037037,00:00:01,10,90,20,14365,threshold_sweep,0.8,1,0.111111111111,0.2,1,0,8,18,0.111111111111,1,0,0.888888888889,1,0.111111111111,0.2,0.703703703704,0.654320987654,0.142857142857,0.277350098113,0.111111111111,94,85,9,0,94,0,85,0,9,23,88,0.173913043478,1.68507579377,7.65217391304,7.33333333333,5.5,3.63829000359,0.475458352741,0.249505928854,5.32278271304,1.39118184545,0.672924901186,3.27042079462,0.854769071322,0.442687747036,0.749191304359,0.444603920564,2.5,1.68507579377,0.749191304359,2.5,0.259446613992,0.18878248974,46,0.025974025974,0.333144633145,23,23,23,1,0,0.478260869565,0.217391304348,0.304347826087,23,0.156126482213,1.6448171796,6.86956521739,7.18181818182,4.9375,3.42854790129,0.499092416011,0.272977435333,4.85073646664,1.41223973079,0.685745734728,2.95151866852,0.859302903492,0.464501926252,0.761396189594,0.462906272525,2.5,1.6741270514,0.765918146865,2.5,0.250583002856,0.177065767285,35,0.0197628458498,0.308885659795,23,22,22,0.95652173913,0,0.478260869565,0.217391304348,0.260869565217,23,80,0.158102766798,1.64403193425,6.95652173913,7.27272727273,5,3.49646913939,0.502617438787,0.273369565217,4.94395466677,1.4213869667,0.689130434783,2.98282302552,0.857561619837,0.461956521739,0.760749647595,0.462734106161,2.5,1.67330611308,0.765277725516,2.5,0.260331083058,0.186579378069,38,0.0214568040655,0.314153725063,23,22,22,0.95652173913,0,0.478260869565,0.217391304348,0.260869565217,-8,-0.0158102766798,-0.0410438595221,-0.695652173913,-0.0606060606061,-0.5,-0.141820864199,0.0271590860455,0.0238636363636,-0.378828046278,0.0302051212406,0.0162055335968,-0.287597769103,0.00279254851508,0.0192687747036,0.0115583432358,0.0181301855965,0,-0.0117696806926,0.0160864211572,0,0.000884469066287,-0.00220311167134,-8,-0.00451722190853,-0.0189909080818,0,0,-0.0434782608696,80,0,8,418,0.909090909091,1,0,0.0909090909091,1,0.909090909091,0.952380952381,0.944467458064,0.909090909091,0.909090909091,1,9,0,10,2,10
360,WLNM_dir_neg_kfold,0.820987654321,0.47037037037,00:00:01,10,90,20,14365,threshold_sweep,0.9,1,0.111111111111,0.2,1,0,8,18,0.111111111111,1,0,0.888888888889,1,0.111111111111,0.2,0.703703703704,0.654320987654,0.142857142857,0.277350098113,0.111111111111,94,85,9,0,94,0,85,0,9,23,88,0.173913043478,1.68507579377,7.65217391304,7.33333333333,5.5,3.63829000359,0.475458352741,0.249505928854,5.32278271304,1.39118184545,0.672924901186,3.27042079462,0.854769071322,0.442687747036,0.749191304359,0.444603920564,2.5,1.68507579377,0.749191304359,2.5,0.259446613992,0.18878248974,46,0.025974025974,0.333144633145,23,23,23,1,0,0.478260869565,0.217391304348,0.304347826087,23,0.156126482213,1.6448171796,6.86956521739,7.18181818182,4.9375,3.42854790129,0.499092416011,0.272977435333,4.85073646664,1.41223973079,0.685745734728,2.95151866852,0.859302903492,0.464501926252,0.761396189594,0.462906272525,2.5,1.6741270514,0.765918146865,2.5,0.250583002856,0.177065767285,35,0.0197628458498,0.308885659795,23,22,22,0.95652173913,0,0.478260869565,0.217391304348,0.260869565217,23,80,0.158102766798,1.64403193425,6.95652173913,7.27272727273,5,3.49646913939,0.502617438787,0.273369565217,4.94395466677,1.4213869667,0.689130434783,2.98282302552,0.857561619837,0.461956521739,0.760749647595,0.462734106161,2.5,1.67330611308,0.765277725516,2.5,0.260331083058,0.186579378069,38,0.0214568040655,0.314153725063,23,22,22,0.95652173913,0,0.478260869565,0.217391304348,0.260869565217,-8,-0.0158102766798,-0.0410438595221,-0.695652173913,-0.0606060606061,-0.5,-0.141820864199,0.0271590860455,0.0238636363636,-0.378828046278,0.0302051212406,0.0162055335968,-0.287597769103,0.00279254851508,0.0192687747036,0.0115583432358,0.0181301855965,0,-0.0117696806926,0.0160864211572,0,0.000884469066287,-0.00220311167134,-8,-0.00451722190853,-0.0189909080818,0,0,-0.0434782608696,80,0,8,418,0.909090909091,1,0,0.0909090909091,1,0.909090909091,0.952380952381,0.944467458064,0.909090909091,0.909090909091,1,9,0,10,2,10
361,WLNM_dir_neg_kfold,0.737654320988,0.414164941339,00:00:01,10,90,1,15346,threshold_sweep,0.1,1,0.222222222222,0.363636363636,2,0,7,18,0.222222222222,1,0,0.777777777778,1,0.222222222222,0.363636363636,0.740740740741,0.641975308642,0.275862068966,0.4,0.222222222222,94,85,9,0,94,0,85,0,9,23,88,0.173913043478,1.68507579377,7.65217391304,7.33333333333,5.5,3.63829000359,0.475458352741,0.249505928854,5.32278271304,1.39118184545,0.672924901186,3.27042079462,0.854769071322,0.442687747036,0.749191304359,0.444603920564,2.5,1.68507579377,0.749191304359,2.5,0.259446613992,0.18878248974,46,0.025974025974,0.333144633145,23,23,23,1,0,0.478260869565,0.217391304348,0.304347826087,23,0.156126482213,1.51874725516,6.86956521739,7.18181818182,4.9375,3.48117466886,0.506753274581,0.279031370391,4.88807535053,1.42311054509,0.682443588332,3.01249046708,0.877054186617,0.474408365438,0.564250615387,0.371523710393,1.5,1.51874725516,0.564250615387,1.5,0.204227518513,0.175879396985,35,0.0197628458498,0.318430155703,23,23,23,1,0,0.521739130435,0.173913043478,0.304347826087,23,81,0.160079051383,1.51715132693,7.04347826087,7.36363636364,5.0625,3.57361875249,0.507365625353,0.276972624799,5.06206538172,1.43737658987,0.689210950081,3.04316768602,0.864109342943,0.464841653247,0.562115661868,0.370507313205,1.5,1.51715132693,0.562115661868,1.5,0.217271617272,0.180952380952,38,0.0214568040655,0.323731521004,23,23,23,1,0,0.521739130435,0.173913043478,0.304347826087,-7,-0.0138339920949,-0.167924466838,-0.608695652174,0.030303030303,-0.4375,-0.0646712510973,0.031907272612,0.027466695945,-0.260717331319,0.0461947444178,0.0162860488947,-0.227253108608,0.00934027162073,0.0221539062119,-0.187075642491,-0.0740966073594,-1,-0.167924466838,-0.187075642491,-1,-0.0421749967205,-0.0078301087877,-8,-0.00451722190853,-0.00941311214038,0.0434782608696,-0.0434782608696,0,81,0,7,418,0.920454545455,1,0,0.0795454545455,1,0.920454545455,0.958579881657,0.951469451768,0.920454545455,0.920454545455,2,9,0,10,3,10
362,WLNM_dir_neg_kfold,0.737654320988,0.414164941339,00:00:01,10,90,1,15346,threshold_sweep,0.2,1,0.222222222222,0.363636363636,2,0,7,18,0.222222222222,1,0,0.777777777778,1,0.222222222222,0.363636363636,0.740740740741,0.641975308642,0.275862068966,0.4,0.222222222222,94,85,9,0,94,0,85,0,9,23,88,0.173913043478,1.68507579377,7.65217391304,7.33333333333,5.5,3.63829000359,0.475458352741,0.249505928854,5.32278271304,1.39118184545,0.672924901186,3.27042079462,0.854769071322,0.442687747036,0.749191304359,0.444603920564,2.5,1.68507579377,0.749191304359,2.5,0.259446613992,0.18878248974,46,0.025974025974,0.333144633145,23,23,23,1,0,0.478260869565,0.217391304348,0.304347826087,23,0.156126482213,1.51874725516,6.86956521739,7.18181818182,4.9375,3.48117466886,0.506753274581,0.279031370391,4.88807535053,1.42311054509,0.682443588332,3.01249046708,0.877054186617,0.474408365438,0.564250615387,0.371523710393,1.5,1.51874725516,0.564250615387,1.5,0.204227518513,0.175879396985,35,0.0197628458498,0.318430155703,23,23,23,1,0,0.521739130435,0.173913043478,0.304347826087,23,81,0.160079051383,1.51715132693,7.04347826087,7.36363636364,5.0625,3.57361875249,0.507365625353,0.276972624799,5.06206538172,1.43737658987,0.689210950081,3.04316768602,0.864109342943,0.464841653247,0.562115661868,0.370507313205,1.5,1.51715132693,0.562115661868,1.5,0.217271617272,0.180952380952,38,0.0214568040655,0.323731521004,23,23,23,1,0,0.521739130435,0.173913043478,0.304347826087,-7,-0.0138339920949,-0.167924466838,-0.608695652174,0.030303030303,-0.4375,-0.0646712510973,0.031907272612,0.027466695945,-0.260717331319,0.0461947444178,0.0162860488947,-0.227253108608,0.00934027162073,0.0221539062119,-0.187075642491,-0.0740966073594,-1,-0.167924466838,-0.187075642491,-1,-0.0421749967205,-0.0078301087877,-8,-0.00451722190853,-0.00941311214038,0.0434782608696,-0.0434782608696,0,81,0,7,418,0.920454545455,1,0,0.0795454545455,1,0.920454545455,0.958579881657,0.951469451768,0.920454545455,0.920454545455,2,9,0,10,3,10
363,WLNM_dir_neg_kfold,0.737654320988,0.414164941339,00:00:01,10,90,1,15346,threshold_sweep,0.3,1,0.222222222222,0.363636363636,2,0,7,18,0.222222222222,1,0,0.777777777778,1,0.222222222222,0.363636363636,0.740740740741,0.641975308642,0.275862068966,0.4,0.222222222222,94,85,9,0,94,0,85,0,9,23,88,0.173913043478,1.68507579377,7.65217391304,7.33333333333,5.5,3.63829000359,0.475458352741,0.249505928854,5.32278271304,1.39118184545,0.672924901186,3.27042079462,0.854769071322,0.442687747036,0.749191304359,0.444603920564,2.5,1.68507579377,0.749191304359,2.5,0.259446613992,0.18878248974,46,0.025974025974,0.333144633145,23,23,23,1,0,0.478260869565,0.217391304348,0.304347826087,23,0.156126482213,1.51874725516,6.86956521739,7.18181818182,4.9375,3.48117466886,0.506753274581,0.279031370391,4.88807535053,1.42311054509,0.682443588332,3.01249046708,0.877054186617,0.474408365438,0.564250615387,0.371523710393,1.5,1.51874725516,0.564250615387,1.5,0.204227518513,0.175879396985,35,0.0197628458498,0.318430155703,23,23,23,1,0,0.521739130435,0.173913043478,0.304347826087,23,81,0.160079051383,1.51715132693,7.04347826087,7.36363636364,5.0625,3.57361875249,0.507365625353,0.276972624799,5.06206538172,1.43737658987,0.689210950081,3.04316768602,0.864109342943,0.464841653247,0.562115661868,0.370507313205,1.5,1.51715132693,0.562115661868,1.5,0.217271617272,0.180952380952,38,0.0214568040655,0.323731521004,23,23,23,1,0,0.521739130435,0.173913043478,0.304347826087,-7,-0.0138339920949,-0.167924466838,-0.608695652174,0.030303030303,-0.4375,-0.0646712510973,0.031907272612,0.027466695945,-0.260717331319,0.0461947444178,0.0162860488947,-0.227253108608,0.00934027162073,0.0221539062119,-0.187075642491,-0.0740966073594,-1,-0.167924466838,-0.187075642491,-1,-0.0421749967205,-0.0078301087877,-8,-0.00451722190853,-0.00941311214038,0.0434782608696,-0.0434782608696,0,81,0,7,418,0.920454545455,1,0,0.0795454545455,1,0.920454545455,0.958579881657,0.951469451768,0.920454545455,0.920454545455,2,9,0,10,3,10
364,WLNM_dir_neg_kfold,0.737654320988,0.414164941339,00:00:01,10,90,1,15346,threshold_sweep,0.4,1,0.222222222222,0.363636363636,2,0,7,18,0.222222222222,1,0,0.777777777778,1,0.222222222222,0.363636363636,0.740740740741,0.641975308642,0.275862068966,0.4,0.222222222222,94,85,9,0,94,0,85,0,9,23,88,0.173913043478,1.68507579377,7.65217391304,7.33333333333,5.5,3.63829000359,0.475458352741,0.249505928854,5.32278271304,1.39118184545,0.672924901186,3.27042079462,0.854769071322,0.442687747036,0.749191304359,0.444603920564,2.5,1.68507579377,0.749191304359,2.5,0.259446613992,0.18878248974,46,0.025974025974,0.333144633145,23,23,23,1,0,0.478260869565,0.217391304348,0.304347826087,23,0.156126482213,1.51874725516,6.86956521739,7.18181818182,4.9375,3.48117466886,0.506753274581,0.279031370391,4.88807535053,1.42311054509,0.682443588332,3.01249046708,0.877054186617,0.474408365438,0.564250615387,0.371523710393,1.5,1.51874725516,0.564250615387,1.5,0.204227518513,0.175879396985,35,0.0197628458498,0.318430155703,23,23,23,1,0,0.521739130435,0.173913043478,0.304347826087,23,81,0.160079051383,1.51715132693,7.04347826087,7.36363636364,5.0625,3.57361875249,0.507365625353,0.276972624799,5.06206538172,1.43737658987,0.689210950081,3.04316768602,0.864109342943,0.464841653247,0.562115661868,0.370507313205,1.5,1.51715132693,0.562115661868,1.5,0.217271617272,0.180952380952,38,0.0214568040655,0.323731521004,23,23,23,1,0,0.521739130435,0.173913043478,0.304347826087,-7,-0.0138339920949,-0.167924466838,-0.608695652174,0.030303030303,-0.4375,-0.0646712510973,0.031907272612,0.027466695945,-0.260717331319,0.0461947444178,0.0162860488947,-0.227253108608,0.00934027162073,0.0221539062119,-0.187075642491,-0.0740966073594,-1,-0.167924466838,-0.187075642491,-1,-0.0421749967205,-0.0078301087877,-8,-0.00451722190853,-0.00941311214038,0.0434782608696,-0.0434782608696,0,81,0,7,418,0.920454545455,1,0,0.0795454545455,1,0.920454545455,0.958579881657,0.951469451768,0.920454545455,0.920454545455,2,9,0,10,3,10
365,WLNM_dir_neg_kfold,0.737654320988,0.414164941339,00:00:01,10,90,1,15346,threshold_sweep,0.5,1,0.222222222222,0.363636363636,2,0,7,18,0.222222222222,1,0,0.777777777778,1,0.222222222222,0.363636363636,0.740740740741,0.641975308642,0.275862068966,0.4,0.222222222222,94,85,9,0,94,0,85,0,9,23,88,0.173913043478,1.68507579377,7.65217391304,7.33333333333,5.5,3.63829000359,0.475458352741,0.249505928854,5.32278271304,1.39118184545,0.672924901186,3.27042079462,0.854769071322,0.442687747036,0.749191304359,0.444603920564,2.5,1.68507579377,0.749191304359,2.5,0.259446613992,0.18878248974,46,0.025974025974,0.333144633145,23,23,23,1,0,0.478260869565,0.217391304348,0.304347826087,23,0.156126482213,1.51874725516,6.86956521739,7.18181818182,4.9375,3.48117466886,0.506753274581,0.279031370391,4.88807535053,1.42311054509,0.682443588332,3.01249046708,0.877054186617,0.474408365438,0.564250615387,0.371523710393,1.5,1.51874725516,0.564250615387,1.5,0.204227518513,0.175879396985,35,0.0197628458498,0.318430155703,23,23,23,1,0,0.521739130435,0.173913043478,0.304347826087,23,81,0.160079051383,1.51715132693,7.04347826087,7.36363636364,5.0625,3.57361875249,0.507365625353,0.276972624799,5.06206538172,1.43737658987,0.689210950081,3.04316768602,0.864109342943,0.464841653247,0.562115661868,0.370507313205,1.5,1.51715132693,0.562115661868,1.5,0.217271617272,0.180952380952,38,0.0214568040655,0.323731521004,23,23,23,1,0,0.521739130435,0.173913043478,0.304347826087,-7,-0.0138339920949,-0.167924466838,-0.608695652174,0.030303030303,-0.4375,-0.0646712510973,0.031907272612,0.027466695945,-0.260717331319,0.0461947444178,0.0162860488947,-0.227253108608,0.00934027162073,0.0221539062119,-0.187075642491,-0.0740966073594,-1,-0.167924466838,-0.187075642491,-1,-0.0421749967205,-0.0078301087877,-8,-0.00451722190853,-0.00941311214038,0.0434782608696,-0.0434782608696,0,81,0,7,418,0.920454545455,1,0,0.0795454545455,1,0.920454545455,0.958579881657,0.951469451768,0.920454545455,0.920454545455,2,9,0,10,3,10
366,WLNM_dir_neg_kfold,0.737654320988,0.414164941339,00:00:01,10,90,1,15346,threshold_sweep,0.6,1,0.222222222222,0.363636363636,2,0,7,18,0.222222222222,1,0,0.777777777778,1,0.222222222222,0.363636363636,0.740740740741,0.641975308642,0.275862068966,0.4,0.222222222222,94,85,9,0,94,0,85,0,9,23,88,0.173913043478,1.68507579377,7.65217391304,7.33333333333,5.5,3.63829000359,0.475458352741,0.249505928854,5.32278271304,1.39118184545,0.672924901186,3.27042079462,0.854769071322,0.442687747036,0.749191304359,0.444603920564,2.5,1.68507579377,0.749191304359,2.5,0.259446613992,0.18878248974,46,0.025974025974,0.333144633145,23,23,23,1,0,0.478260869565,0.217391304348,0.304347826087,23,0.156126482213,1.51874725516,6.86956521739,7.18181818182,4.9375,3.48117466886,0.506753274581,0.279031370391,4.88807535053,1.42311054509,0.682443588332,3.01249046708,0.877054186617,0.474408365438,0.564250615387,0.371523710393,1.5,1.51874725516,0.564250615387,1.5,0.204227518513,0.175879396985,35,0.0197628458498,0.318430155703,23,23,23,1,0,0.521739130435,0.173913043478,0.304347826087,23,81,0.160079051383,1.51715132693,7.04347826087,7.36363636364,5.0625,3.57361875249,0.507365625353,0.276972624799,5.06206538172,1.43737658987,0.689210950081,3.04316768602,0.864109342943,0.464841653247,0.562115661868,0.370507313205,1.5,1.51715132693,0.562115661868,1.5,0.217271617272,0.180952380952,38,0.0214568040655,0.323731521004,23,23,23,1,0,0.521739130435,0.173913043478,0.304347826087,-7,-0.0138339920949,-0.167924466838,-0.608695652174,0.030303030303,-0.4375,-0.0646712510973,0.031907272612,0.027466695945,-0.260717331319,0.0461947444178,0.0162860488947,-0.227253108608,0.00934027162073,0.0221539062119,-0.187075642491,-0.0740966073594,-1,-0.167924466838,-0.187075642491,-1,-0.0421749967205,-0.0078301087877,-8,-0.00451722190853,-0.00941311214038,0.0434782608696,-0.0434782608696,0,81,0,7,418,0.920454545455,1,0,0.0795454545455,1,0.920454545455,0.958579881657,0.951469451768,0.920454545455,0.920454545455,2,9,0,10,3,10
367,WLNM_dir_neg_kfold,0.737654320988,0.414164941339,00:00:01,10,90,1,15346,threshold_sweep,0.7,1,0.222222222222,0.363636363636,2,0,7,18,0.222222222222,1,0,0.777777777778,1,0.222222222222,0.363636363636,0.740740740741,0.641975308642,0.275862068966,0.4,0.222222222222,94,85,9,0,94,0,85,0,9,23,88,0.173913043478,1.68507579377,7.65217391304,7.33333333333,5.5,3.63829000359,0.475458352741,0.249505928854,5.32278271304,1.39118184545,0.672924901186,3.27042079462,0.854769071322,0.442687747036,0.749191304359,0.444603920564,2.5,1.68507579377,0.749191304359,2.5,0.259446613992,0.18878248974,46,0.025974025974,0.333144633145,23,23,23,1,0,0.478260869565,0.217391304348,0.304347826087,23,0.156126482213,1.51874725516,6.86956521739,7.18181818182,4.9375,3.48117466886,0.506753274581,0.279031370391,4.88807535053,1.42311054509,0.682443588332,3.01249046708,0.877054186617,0.474408365438,0.564250615387,0.371523710393,1.5,1.51874725516,0.564250615387,1.5,0.204227518513,0.175879396985,35,0.0197628458498,0.318430155703,23,23,23,1,0,0.521739130435,0.173913043478,0.304347826087,23,81,0.160079051383,1.51715132693,7.04347826087,7.36363636364,5.0625,3.57361875249,0.507365625353,0.276972624799,5.06206538172,1.43737658987,0.689210950081,3.04316768602,0.864109342943,0.464841653247,0.562115661868,0.370507313205,1.5,1.51715132693,0.562115661868,1.5,0.217271617272,0.180952380952,38,0.0214568040655,0.323731521004,23,23,23,1,0,0.521739130435,0.173913043478,0.304347826087,-7,-0.0138339920949,-0.167924466838,-0.608695652174,0.030303030303,-0.4375,-0.0646712510973,0.031907272612,0.027466695945,-0.260717331319,0.0461947444178,0.0162860488947,-0.227253108608,0.00934027162073,0.0221539062119,-0.187075642491,-0.0740966073594,-1,-0.167924466838,-0.187075642491,-1,-0.0421749967205,-0.0078301087877,-8,-0.00451722190853,-0.00941311214038,0.0434782608696,-0.0434782608696,0,81,0,7,418,0.920454545455,1,0,0.0795454545455,1,0.920454545455,0.958579881657,0.951469451768,0.920454545455,0.920454545455,2,9,0,10,3,10
368,WLNM_dir_neg_kfold,0.737654320988,0.414164941339,00:00:01,10,90,1,15346,threshold_sweep,0.8,1,0.222222222222,0.363636363636,2,0,7,18,0.222222222222,1,0,0.777777777778,1,0.222222222222,0.363636363636,0.740740740741,0.641975308642,0.275862068966,0.4,0.222222222222,94,85,9,0,94,0,85,0,9,23,88,0.173913043478,1.68507579377,7.65217391304,7.33333333333,5.5,3.63829000359,0.475458352741,0.249505928854,5.32278271304,1.39118184545,0.672924901186,3.27042079462,0.854769071322,0.442687747036,0.749191304359,0.444603920564,2.5,1.68507579377,0.749191304359,2.5,0.259446613992,0.18878248974,46,0.025974025974,0.333144633145,23,23,23,1,0,0.478260869565,0.217391304348,0.304347826087,23,0.156126482213,1.51874725516,6.86956521739,7.18181818182,4.9375,3.48117466886,0.506753274581,0.279031370391,4.88807535053,1.42311054509,0.682443588332,3.01249046708,0.877054186617,0.474408365438,0.564250615387,0.371523710393,1.5,1.51874725516,0.564250615387,1.5,0.204227518513,0.175879396985,35,0.0197628458498,0.318430155703,23,23,23,1,0,0.521739130435,0.173913043478,0.304347826087,23,81,0.160079051383,1.51715132693,7.04347826087,7.36363636364,5.0625,3.57361875249,0.507365625353,0.276972624799,5.06206538172,1.43737658987,0.689210950081,3.04316768602,0.864109342943,0.464841653247,0.562115661868,0.370507313205,1.5,1.51715132693,0.562115661868,1.5,0.217271617272,0.180952380952,38,0.0214568040655,0.323731521004,23,23,23,1,0,0.521739130435,0.173913043478,0.304347826087,-7,-0.0138339920949,-0.167924466838,-0.608695652174,0.030303030303,-0.4375,-0.0646712510973,0.031907272612,0.027466695945,-0.260717331319,0.0461947444178,0.0162860488947,-0.227253108608,0.00934027162073,0.0221539062119,-0.187075642491,-0.0740966073594,-1,-0.167924466838,-0.187075642491,-1,-0.0421749967205,-0.0078301087877,-8,-0.00451722190853,-0.00941311214038,0.0434782608696,-0.0434782608696,0,81,0,7,418,0.920454545455,1,0,0.0795454545455,1,0.920454545455,0.958579881657,0.951469451768,0.920454545455,0.920454545455,2,9,0,10,3,10
369,WLNM_dir_neg_kfold,0.737654320988,0.414164941339,00:00:01,10,90,1,15346,threshold_sweep,0.9,1,0.222222222222,0.363636363636,2,0,7,18,0.222222222222,1,0,0.777777777778,1,0.222222222222,0.363636363636,0.740740740741,0.641975308642,0.275862068966,0.4,0.222222222222,94,85,9,0,94,0,85,0,9,23,88,0.173913043478,1.68507579377,7.65217391304,7.33333333333,5.5,3.63829000359,0.475458352741,0.249505928854,5.32278271304,1.39118184545,0.672924901186,3.27042079462,0.854769071322,0.442687747036,0.749191304359,0.444603920564,2.5,1.68507579377,0.749191304359,2.5,0.259446613992,0.18878248974,46,0.025974025974,0.333144633145,23,23,23,1,0,0.478260869565,0.217391304348,0.304347826087,23,0.156126482213,1.51874725516,6.86956521739,7.18181818182,4.9375,3.48117466886,0.506753274581,0.279031370391,4.88807535053,1.42311054509,0.682443588332,3.01249046708,0.877054186617,0.474408365438,0.564250615387,0.371523710393,1.5,1.51874725516,0.564250615387,1.5,0.204227518513,0.175879396985,35,0.0197628458498,0.318430155703,23,23,23,1,0,0.521739130435,0.173913043478,0.304347826087,23,81,0.160079051383,1.51715132693,7.04347826087,7.36363636364,5.0625,3.57361875249,0.507365625353,0.276972624799,5.06206538172,1.43737658987,0.689210950081,3.04316768602,0.864109342943,0.464841653247,0.562115661868,0.370507313205,1.5,1.51715132693,0.562115661868,1.5,0.217271617272,0.180952380952,38,0.0214568040655,0.323731521004,23,23,23,1,0,0.521739130435,0.173913043478,0.304347826087,-7,-0.0138339920949,-0.167924466838,-0.608695652174,0.030303030303,-0.4375,-0.0646712510973,0.031907272612,0.027466695945,-0.260717331319,0.0461947444178,0.0162860488947,-0.227253108608,0.00934027162073,0.0221539062119,-0.187075642491,-0.0740966073594,-1,-0.167924466838,-0.187075642491,-1,-0.0421749967205,-0.0078301087877,-8,-0.00451722190853,-0.00941311214038,0.0434782608696,-0.0434782608696,0,81,0,7,418,0.920454545455,1,0,0.0795454545455,1,0.920454545455,0.958579881657,0.951469451768,0.920454545455,0.920454545455,2,9,0,10,3,10
370,WLNM_dir_neg_kfold,0.672839506173,0.306416504224,00:00:01,10,90,2,15347,threshold_sweep,0.1,1,0.222222222222,0.363636363636,2,0,7,18,0.222222222222,1,0,0.777777777778,1,0.222222222222,0.363636363636,0.740740740741,0.641975308642,0.275862068966,0.4,0.222222222222,94,85,9,0,94,0,85,0,9,23,88,0.173913043478,1.68507579377,7.65217391304,7.33333333333,5.5,3.63829000359,0.475458352741,0.249505928854,5.32278271304,1.39118184545,0.672924901186,3.27042079462,0.854769071322,0.442687747036,0.749191304359,0.444603920564,2.5,1.68507579377,0.749191304359,2.5,0.259446613992,0.18878248974,46,0.025974025974,0.333144633145,23,23,23,1,0,0.478260869565,0.217391304348,0.304347826087,23,0.156126482213,1.51874725516,6.86956521739,7.18181818182,4.9375,3.48117466886,0.506753274581,0.279031370391,4.88807535053,1.42311054509,0.682443588332,3.01249046708,0.877054186617,0.474408365438,0.564250615387,0.371523710393,1.5,1.51874725516,0.564250615387,1.5,0.204227518513,0.175879396985,35,0.0197628458498,0.318430155703,23,23,23,1,0,0.521739130435,0.173913043478,0.304347826087,23,81,0.160079051383,1.51715132693,7.04347826087,7.36363636364,5.0625,3.57361875249,0.507365625353,0.276972624799,5.06206538172,1.43737658987,0.689210950081,3.04316768602,0.864109342943,0.464841653247,0.562115661868,0.370507313205,1.5,1.51715132693,0.562115661868,1.5,0.217271617272,0.180952380952,38,0.0214568040655,0.323731521004,23,23,23,1,0,0.521739130435,0.173913043478,0.304347826087,-7,-0.0138339920949,-0.167924466838,-0.608695652174,0.030303030303,-0.4375,-0.0646712510973,0.031907272612,0.027466695945,-0.260717331319,0.0461947444178,0.0162860488947,-0.227253108608,0.00934027162073,0.0221539062119,-0.187075642491,-0.0740966073594,-1,-0.167924466838,-0.187075642491,-1,-0.0421749967205,-0.0078301087877,-8,-0.00451722190853,-0.00941311214038,0.0434782608696,-0.0434782608696,0,81,0,7,418,0.920454545455,1,0,0.0795454545455,1,0.920454545455,0.958579881657,0.951469451768,0.920454545455,0.920454545455,2,9,0,10,3,10
371,WLNM_dir_neg_kfold,0.672839506173,0.306416504224,00:00:01,10,90,2,15347,threshold_sweep,0.2,1,0.222222222222,0.363636363636,2,0,7,18,0.222222222222,1,0,0.777777777778,1,0.222222222222,0.363636363636,0.740740740741,0.641975308642,0.275862068966,0.4,0.222222222222,94,85,9,0,94,0,85,0,9,23,88,0.173913043478,1.68507579377,7.65217391304,7.33333333333,5.5,3.63829000359,0.475458352741,0.249505928854,5.32278271304,1.39118184545,0.672924901186,3.27042079462,0.854769071322,0.442687747036,0.749191304359,0.444603920564,2.5,1.68507579377,0.749191304359,2.5,0.259446613992,0.18878248974,46,0.025974025974,0.333144633145,23,23,23,1,0,0.478260869565,0.217391304348,0.304347826087,23,0.156126482213,1.51874725516,6.86956521739,7.18181818182,4.9375,3.48117466886,0.506753274581,0.279031370391,4.88807535053,1.42311054509,0.682443588332,3.01249046708,0.877054186617,0.474408365438,0.564250615387,0.371523710393,1.5,1.51874725516,0.564250615387,1.5,0.204227518513,0.175879396985,35,0.0197628458498,0.318430155703,23,23,23,1,0,0.521739130435,0.173913043478,0.304347826087,23,81,0.160079051383,1.51715132693,7.04347826087,7.36363636364,5.0625,3.57361875249,0.507365625353,0.276972624799,5.06206538172,1.43737658987,0.689210950081,3.04316768602,0.864109342943,0.464841653247,0.562115661868,0.370507313205,1.5,1.51715132693,0.562115661868,1.5,0.217271617272,0.180952380952,38,0.0214568040655,0.323731521004,23,23,23,1,0,0.521739130435,0.173913043478,0.304347826087,-7,-0.0138339920949,-0.167924466838,-0.608695652174,0.030303030303,-0.4375,-0.0646712510973,0.031907272612,0.027466695945,-0.260717331319,0.0461947444178,0.0162860488947,-0.227253108608,0.00934027162073,0.0221539062119,-0.187075642491,-0.0740966073594,-1,-0.167924466838,-0.187075642491,-1,-0.0421749967205,-0.0078301087877,-8,-0.00451722190853,-0.00941311214038,0.0434782608696,-0.0434782608696,0,81,0,7,418,0.920454545455,1,0,0.0795454545455,1,0.920454545455,0.958579881657,0.951469451768,0.920454545455,0.920454545455,2,9,0,10,3,10
372,WLNM_dir_neg_kfold,0.672839506173,0.306416504224,00:00:01,10,90,2,15347,threshold_sweep,0.3,1,0.222222222222,0.363636363636,2,0,7,18,0.222222222222,1,0,0.777777777778,1,0.222222222222,0.363636363636,0.740740740741,0.641975308642,0.275862068966,0.4,0.222222222222,94,85,9,0,94,0,85,0,9,23,88,0.173913043478,1.68507579377,7.65217391304,7.33333333333,5.5,3.63829000359,0.475458352741,0.249505928854,5.32278271304,1.39118184545,0.672924901186,3.27042079462,0.854769071322,0.442687747036,0.749191304359,0.444603920564,2.5,1.68507579377,0.749191304359,2.5,0.259446613992,0.18878248974,46,0.025974025974,0.333144633145,23,23,23,1,0,0.478260869565,0.217391304348,0.304347826087,23,0.156126482213,1.51874725516,6.86956521739,7.18181818182,4.9375,3.48117466886,0.506753274581,0.279031370391,4.88807535053,1.42311054509,0.682443588332,3.01249046708,0.877054186617,0.474408365438,0.564250615387,0.371523710393,1.5,1.51874725516,0.564250615387,1.5,0.204227518513,0.175879396985,35,0.0197628458498,0.318430155703,23,23,23,1,0,0.521739130435,0.173913043478,0.304347826087,23,81,0.160079051383,1.51715132693,7.04347826087,7.36363636364,5.0625,3.57361875249,0.507365625353,0.276972624799,5.06206538172,1.43737658987,0.689210950081,3.04316768602,0.864109342943,0.464841653247,0.562115661868,0.370507313205,1.5,1.51715132693,0.562115661868,1.5,0.217271617272,0.180952380952,38,0.0214568040655,0.323731521004,23,23,23,1,0,0.521739130435,0.173913043478,0.304347826087,-7,-0.0138339920949,-0.167924466838,-0.608695652174,0.030303030303,-0.4375,-0.0646712510973,0.031907272612,0.027466695945,-0.260717331319,0.0461947444178,0.0162860488947,-0.227253108608,0.00934027162073,0.0221539062119,-0.187075642491,-0.0740966073594,-1,-0.167924466838,-0.187075642491,-1,-0.0421749967205,-0.0078301087877,-8,-0.00451722190853,-0.00941311214038,0.0434782608696,-0.0434782608696,0,81,0,7,418,0.920454545455,1,0,0.0795454545455,1,0.920454545455,0.958579881657,0.951469451768,0.920454545455,0.920454545455,2,9,0,10,3,10
373,WLNM_dir_neg_kfold,0.672839506173,0.306416504224,00:00:01,10,90,2,15347,threshold_sweep,0.4,1,0.222222222222,0.363636363636,2,0,7,18,0.222222222222,1,0,0.777777777778,1,0.222222222222,0.363636363636,0.740740740741,0.641975308642,0.275862068966,0.4,0.222222222222,94,85,9,0,94,0,85,0,9,23,88,0.173913043478,1.68507579377,7.65217391304,7.33333333333,5.5,3.63829000359,0.475458352741,0.249505928854,5.32278271304,1.39118184545,0.672924901186,3.27042079462,0.854769071322,0.442687747036,0.749191304359,0.444603920564,2.5,1.68507579377,0.749191304359,2.5,0.259446613992,0.18878248974,46,0.025974025974,0.333144633145,23,23,23,1,0,0.478260869565,0.217391304348,0.304347826087,23,0.156126482213,1.51874725516,6.86956521739,7.18181818182,4.9375,3.48117466886,0.506753274581,0.279031370391,4.88807535053,1.42311054509,0.682443588332,3.01249046708,0.877054186617,0.474408365438,0.564250615387,0.371523710393,1.5,1.51874725516,0.564250615387,1.5,0.204227518513,0.175879396985,35,0.0197628458498,0.318430155703,23,23,23,1,0,0.521739130435,0.173913043478,0.304347826087,23,81,0.160079051383,1.51715132693,7.04347826087,7.36363636364,5.0625,3.57361875249,0.507365625353,0.276972624799,5.06206538172,1.43737658987,0.689210950081,3.04316768602,0.864109342943,0.464841653247,0.562115661868,0.370507313205,1.5,1.51715132693,0.562115661868,1.5,0.217271617272,0.180952380952,38,0.0214568040655,0.323731521004,23,23,23,1,0,0.521739130435,0.173913043478,0.304347826087,-7,-0.0138339920949,-0.167924466838,-0.608695652174,0.030303030303,-0.4375,-0.0646712510973,0.031907272612,0.027466695945,-0.260717331319,0.0461947444178,0.0162860488947,-0.227253108608,0.00934027162073,0.0221539062119,-0.187075642491,-0.0740966073594,-1,-0.167924466838,-0.187075642491,-1,-0.0421749967205,-0.0078301087877,-8,-0.00451722190853,-0.00941311214038,0.0434782608696,-0.0434782608696,0,81,0,7,418,0.920454545455,1,0,0.0795454545455,1,0.920454545455,0.958579881657,0.951469451768,0.920454545455,0.920454545455,2,9,0,10,3,10
374,WLNM_dir_neg_kfold,0.672839506173,0.306416504224,00:00:01,10,90,2,15347,threshold_sweep,0.5,1,0.222222222222,0.363636363636,2,0,7,18,0.222222222222,1,0,0.777777777778,1,0.222222222222,0.363636363636,0.740740740741,0.641975308642,0.275862068966,0.4,0.222222222222,94,85,9,0,94,0,85,0,9,23,88,0.173913043478,1.68507579377,7.65217391304,7.33333333333,5.5,3.63829000359,0.475458352741,0.249505928854,5.32278271304,1.39118184545,0.672924901186,3.27042079462,0.854769071322,0.442687747036,0.749191304359,0.444603920564,2.5,1.68507579377,0.749191304359,2.5,0.259446613992,0.18878248974,46,0.025974025974,0.333144633145,23,23,23,1,0,0.478260869565,0.217391304348,0.304347826087,23,0.156126482213,1.51874725516,6.86956521739,7.18181818182,4.9375,3.48117466886,0.506753274581,0.279031370391,4.88807535053,1.42311054509,0.682443588332,3.01249046708,0.877054186617,0.474408365438,0.564250615387,0.371523710393,1.5,1.51874725516,0.564250615387,1.5,0.204227518513,0.175879396985,35,0.0197628458498,0.318430155703,23,23,23,1,0,0.521739130435,0.173913043478,0.304347826087,23,81,0.160079051383,1.51715132693,7.04347826087,7.36363636364,5.0625,3.57361875249,0.507365625353,0.276972624799,5.06206538172,1.43737658987,0.689210950081,3.04316768602,0.864109342943,0.464841653247,0.562115661868,0.370507313205,1.5,1.51715132693,0.562115661868,1.5,0.217271617272,0.180952380952,38,0.0214568040655,0.323731521004,23,23,23,1,0,0.521739130435,0.173913043478,0.304347826087,-7,-0.0138339920949,-0.167924466838,-0.608695652174,0.030303030303,-0.4375,-0.0646712510973,0.031907272612,0.027466695945,-0.260717331319,0.0461947444178,0.0162860488947,-0.227253108608,0.00934027162073,0.0221539062119,-0.187075642491,-0.0740966073594,-1,-0.167924466838,-0.187075642491,-1,-0.0421749967205,-0.0078301087877,-8,-0.00451722190853,-0.00941311214038,0.0434782608696,-0.0434782608696,0,81,0,7,418,0.920454545455,1,0,0.0795454545455,1,0.920454545455,0.958579881657,0.951469451768,0.920454545455,0.920454545455,2,9,0,10,3,10
375,WLNM_dir_neg_kfold,0.672839506173,0.306416504224,00:00:01,10,90,2,15347,threshold_sweep,0.6,0,0,0,0,0,9,18,0,1,0,1,0,0,0,0.666666666667,0.666666666667,0,0,0,94,85,9,0,94,0,85,0,9,23,88,0.173913043478,1.68507579377,7.65217391304,7.33333333333,5.5,3.63829000359,0.475458352741,0.249505928854,5.32278271304,1.39118184545,0.672924901186,3.27042079462,0.854769071322,0.442687747036,0.749191304359,0.444603920564,2.5,1.68507579377,0.749191304359,2.5,0.259446613992,0.18878248974,46,0.025974025974,0.333144633145,23,23,23,1,0,0.478260869565,0.217391304348,0.304347826087,23,0.156126482213,1.51874725516,6.86956521739,7.18181818182,4.9375,3.48117466886,0.506753274581,0.279031370391,4.88807535053,1.42311054509,0.682443588332,3.01249046708,0.877054186617,0.474408365438,0.564250615387,0.371523710393,1.5,1.51874725516,0.564250615387,1.5,0.204227518513,0.175879396985,35,0.0197628458498,0.318430155703,23,23,23,1,0,0.521739130435,0.173913043478,0.304347826087,23,79,0.156126482213,1.51874725516,6.86956521739,7.18181818182,4.9375,3.48117466886,0.506753274581,0.279031370391,4.88807535053,1.42311054509,0.682443588332,3.01249046708,0.877054186617,0.474408365438,0.564250615387,0.371523710393,1.5,1.51874725516,0.564250615387,1.5,0.204227518513,0.175879396985,35,0.0197628458498,0.318430155703,23,23,23,1,0,0.521739130435,0.173913043478,0.304347826087,-9,-0.0177865612648,-0.166328538611,-0.782608695652,-0.151515151515,-0.5625,-0.157115334728,0.0312949218392,0.029525441537,-0.434707362519,0.031928699635,0.00951868714665,-0.257930327548,0.022285115295,0.031720618402,-0.184940688972,-0.0730802101709,-1,-0.166328538611,-0.184940688972,-1,-0.0552190954788,-0.0129030927552,-11,-0.00621118012422,-0.0147144774418,0.0434782608696,-0.0434782608696,0,79,0,9,418,0.897727272727,1,0,0.102272727273,1,0.897727272727,0.946107784431,0.937446329455,0.897727272727,0.897727272727,0,9,0,10,3,10
376,WLNM_dir_neg_kfold,0.672839506173,0.306416504224,00:00:01,10,90,2,15347,threshold_sweep,0.7,0,0,0,0,0,9,18,0,1,0,1,0,0,0,0.666666666667,0.666666666667,0,0,0,94,85,9,0,94,0,85,0,9,23,88,0.173913043478,1.68507579377,7.65217391304,7.33333333333,5.5,3.63829000359,0.475458352741,0.249505928854,5.32278271304,1.39118184545,0.672924901186,3.27042079462,0.854769071322,0.442687747036,0.749191304359,0.444603920564,2.5,1.68507579377,0.749191304359,2.5,0.259446613992,0.18878248974,46,0.025974025974,0.333144633145,23,23,23,1,0,0.478260869565,0.217391304348,0.304347826087,23,0.156126482213,1.51874725516,6.86956521739,7.18181818182,4.9375,3.48117466886,0.506753274581,0.279031370391,4.88807535053,1.42311054509,0.682443588332,3.01249046708,0.877054186617,0.474408365438,0.564250615387,0.371523710393,1.5,1.51874725516,0.564250615387,1.5,0.204227518513,0.175879396985,35,0.0197628458498,0.318430155703,23,23,23,1,0,0.521739130435,0.173913043478,0.304347826087,23,79,0.156126482213,1.51874725516,6.86956521739,7.18181818182,4.9375,3.48117466886,0.506753274581,0.279031370391,4.88807535053,1.42311054509,0.682443588332,3.01249046708,0.877054186617,0.474408365438,0.564250615387,0.371523710393,1.5,1.51874725516,0.564250615387,1.5,0.204227518513,0.175879396985,35,0.0197628458498,0.318430155703,23,23,23,1,0,0.521739130435,0.173913043478,0.304347826087,-9,-0.0177865612648,-0.166328538611,-0.782608695652,-0.151515151515,-0.5625,-0.157115334728,0.0312949218392,0.029525441537,-0.434707362519,0.031928699635,0.00951868714665,-0.257930327548,0.022285115295,0.031720618402,-0.184940688972,-0.0730802101709,-1,-0.166328538611,-0.184940688972,-1,-0.0552190954788,-0.0129030927552,-11,-0.00621118012422,-0.0147144774418,0.0434782608696,-0.0434782608696,0,79,0,9,418,0.897727272727,1,0,0.102272727273,1,0.897727272727,0.946107784431,0.937446329455,0.897727272727,0.897727272727,0,9,0,10,3,10
377,WLNM_dir_neg_kfold,0.672839506173,0.306416504224,00:00:01,10,90,2,15347,threshold_sweep,0.8,0,0,0,0,0,9,18,0,1,0,1,0,0,0,0.666666666667,0.666666666667,0,0,0,94,85,9,0,94,0,85,0,9,23,88,0.173913043478,1.68507579377,7.65217391304,7.33333333333,5.5,3.63829000359,0.475458352741,0.249505928854,5.32278271304,1.39118184545,0.672924901186,3.27042079462,0.854769071322,0.442687747036,0.749191304359,0.444603920564,2.5,1.68507579377,0.749191304359,2.5,0.259446613992,0.18878248974,46,0.025974025974,0.333144633145,23,23,23,1,0,0.478260869565,0.217391304348,0.304347826087,23,0.156126482213,1.51874725516,6.86956521739,7.18181818182,4.9375,3.48117466886,0.506753274581,0.279031370391,4.88807535053,1.42311054509,0.682443588332,3.01249046708,0.877054186617,0.474408365438,0.564250615387,0.371523710393,1.5,1.51874725516,0.564250615387,1.5,0.204227518513,0.175879396985,35,0.0197628458498,0.318430155703,23,23,23,1,0,0.521739130435,0.173913043478,0.304347826087,23,79,0.156126482213,1.51874725516,6.86956521739,7.18181818182,4.9375,3.48117466886,0.506753274581,0.279031370391,4.88807535053,1.42311054509,0.682443588332,3.01249046708,0.877054186617,0.474408365438,0.564250615387,0.371523710393,1.5,1.51874725516,0.564250615387,1.5,0.204227518513,0.175879396985,35,0.0197628458498,0.318430155703,23,23,23,1,0,0.521739130435,0.173913043478,0.304347826087,-9,-0.0177865612648,-0.166328538611,-0.782608695652,-0.151515151515,-0.5625,-0.157115334728,0.0312949218392,0.029525441537,-0.434707362519,0.031928699635,0.00951868714665,-0.257930327548,0.022285115295,0.031720618402,-0.184940688972,-0.0730802101709,-1,-0.166328538611,-0.184940688972,-1,-0.0552190954788,-0.0129030927552,-11,-0.00621118012422,-0.0147144774418,0.0434782608696,-0.0434782608696,0,79,0,9,418,0.897727272727,1,0,0.102272727273,1,0.897727272727,0.946107784431,0.937446329455,0.897727272727,0.897727272727,0,9,0,10,3,10
378,WLNM_dir_neg_kfold,0.672839506173,0.306416504224,00:00:01,10,90,2,15347,threshold_sweep,0.9,0,0,0,0,0,9,18,0,1,0,1,0,0,0,0.666666666667,0.666666666667,0,0,0,94,85,9,0,94,0,85,0,9,23,88,0.173913043478,1.68507579377,7.65217391304,7.33333333333,5.5,3.63829000359,0.475458352741,0.249505928854,5.32278271304,1.39118184545,0.672924901186,3.27042079462,0.854769071322,0.442687747036,0.749191304359,0.444603920564,2.5,1.68507579377,0.749191304359,2.5,0.259446613992,0.18878248974,46,0.025974025974,0.333144633145,23,23,23,1,0,0.478260869565,0.217391304348,0.304347826087,23,0.156126482213,1.51874725516,6.86956521739,7.18181818182,4.9375,3.48117466886,0.506753274581,0.279031370391,4.88807535053,1.42311054509,0.682443588332,3.01249046708,0.877054186617,0.474408365438,0.564250615387,0.371523710393,1.5,1.51874725516,0.564250615387,1.5,0.204227518513,0.175879396985,35,0.0197628458498,0.318430155703,23,23,23,1,0,0.521739130435,0.173913043478,0.304347826087,23,79,0.156126482213,1.51874725516,6.86956521739,7.18181818182,4.9375,3.48117466886,0.506753274581,0.279031370391,4.88807535053,1.42311054509,0.682443588332,3.01249046708,0.877054186617,0.474408365438,0.564250615387,0.371523710393,1.5,1.51874725516,0.564250615387,1.5,0.204227518513,0.175879396985,35,0.0197628458498,0.318430155703,23,23,23,1,0,0.521739130435,0.173913043478,0.304347826087,-9,-0.0177865612648,-0.166328538611,-0.782608695652,-0.151515151515,-0.5625,-0.157115334728,0.0312949218392,0.029525441537,-0.434707362519,0.031928699635,0.00951868714665,-0.257930327548,0.022285115295,0.031720618402,-0.184940688972,-0.0730802101709,-1,-0.166328538611,-0.184940688972,-1,-0.0552190954788,-0.0129030927552,-11,-0.00621118012422,-0.0147144774418,0.0434782608696,-0.0434782608696,0,79,0,9,418,0.897727272727,1,0,0.102272727273,1,0.897727272727,0.946107784431,0.937446329455,0.897727272727,0.897727272727,0,9,0,10,3,10
379,WLNM_dir_neg_kfold,0.802469135802,0.47527448397,00:00:01,10,90,3,15348,threshold_sweep,0.1,1,0.222222222222,0.363636363636,2,0,7,18,0.222222222222,1,0,0.777777777778,1,0.222222222222,0.363636363636,0.740740740741,0.641975308642,0.275862068966,0.4,0.222222222222,94,85,9,0,94,0,85,0,9,23,88,0.173913043478,1.68507579377,7.65217391304,7.33333333333,5.5,3.63829000359,0.475458352741,0.249505928854,5.32278271304,1.39118184545,0.672924901186,3.27042079462,0.854769071322,0.442687747036,0.749191304359,0.444603920564,2.5,1.68507579377,0.749191304359,2.5,0.259446613992,0.18878248974,46,0.025974025974,0.333144633145,23,23,23,1,0,0.478260869565,0.217391304348,0.304347826087,23,0.156126482213,1.51874725516,6.86956521739,7.18181818182,4.9375,3.48117466886,0.506753274581,0.279031370391,4.88807535053,1.42311054509,0.682443588332,3.01249046708,0.877054186617,0.474408365438,0.564250615387,0.371523710393,1.5,1.51874725516,0.564250615387,1.5,0.204227518513,0.175879396985,35,0.0197628458498,0.318430155703,23,23,23,1,0,0.521739130435,0.173913043478,0.304347826087,23,81,0.160079051383,1.51715132693,7.04347826087,7.36363636364,5.0625,3.57361875249,0.507365625353,0.276972624799,5.06206538172,1.43737658987,0.689210950081,3.04316768602,0.864109342943,0.464841653247,0.562115661868,0.370507313205,1.5,1.51715132693,0.562115661868,1.5,0.217271617272,0.180952380952,38,0.0214568040655,0.323731521004,23,23,23,1,0,0.521739130435,0.173913043478,0.304347826087,-7,-0.0138339920949,-0.167924466838,-0.608695652174,0.030303030303,-0.4375,-0.0646712510973,0.031907272612,0.027466695945,-0.260717331319,0.0461947444178,0.0162860488947,-0.227253108608,0.00934027162073,0.0221539062119,-0.187075642491,-0.0740966073594,-1,-0.167924466838,-0.187075642491,-1,-0.0421749967205,-0.0078301087877,-8,-0.00451722190853,-0.00941311214038,0.0434782608696,-0.0434782608696,0,81,0,7,418,0.920454545455,1,0,0.0795454545455,1,0.920454545455,0.958579881657,0.951469451768,0.920454545455,0.920454545455,2,9,0,10,3,10
380,WLNM_dir_neg_kfold,0.802469135802,0.47527448397,00:00:01,10,90,3,15348,threshold_sweep,0.2,1,0.222222222222,0.363636363636,2,0,7,18,0.222222222222,1,0,0.777777777778,1,0.222222222222,0.363636363636,0.740740740741,0.641975308642,0.275862068966,0.4,0.222222222222,94,85,9,0,94,0,85,0,9,23,88,0.173913043478,1.68507579377,7.65217391304,7.33333333333,5.5,3.63829000359,0.475458352741,0.249505928854,5.32278271304,1.39118184545,0.672924901186,3.27042079462,0.854769071322,0.442687747036,0.749191304359,0.444603920564,2.5,1.68507579377,0.749191304359,2.5,0.259446613992,0.18878248974,46,0.025974025974,0.333144633145,23,23,23,1,0,0.478260869565,0.217391304348,0.304347826087,23,0.156126482213,1.51874725516,6.86956521739,7.18181818182,4.9375,3.48117466886,0.506753274581,0.279031370391,4.88807535053,1.42311054509,0.682443588332,3.01249046708,0.877054186617,0.474408365438,0.564250615387,0.371523710393,1.5,1.51874725516,0.564250615387,1.5,0.204227518513,0.175879396985,35,0.0197628458498,0.318430155703,23,23,23,1,0,0.521739130435,0.173913043478,0.304347826087,23,81,0.160079051383,1.51715132693,7.04347826087,7.36363636364,5.0625,3.57361875249,0.507365625353,0.276972624799,5.06206538172,1.43737658987,0.689210950081,3.04316768602,0.864109342943,0.464841653247,0.562115661868,0.370507313205,1.5,1.51715132693,0.562115661868,1.5,0.217271617272,0.180952380952,38,0.0214568040655,0.323731521004,23,23,23,1,0,0.521739130435,0.173913043478,0.304347826087,-7,-0.0138339920949,-0.167924466838,-0.608695652174,0.030303030303,-0.4375,-0.0646712510973,0.031907272612,0.027466695945,-0.260717331319,0.0461947444178,0.0162860488947,-0.227253108608,0.00934027162073,0.0221539062119,-0.187075642491,-0.0740966073594,-1,-0.167924466838,-0.187075642491,-1,-0.0421749967205,-0.0078301087877,-8,-0.00451722190853,-0.00941311214038,0.0434782608696,-0.0434782608696,0,81,0,7,418,0.920454545455,1,0,0.0795454545455,1,0.920454545455,0.958579881657,0.951469451768,0.920454545455,0.920454545455,2,9,0,10,3,10
381,WLNM_dir_neg_kfold,0.802469135802,0.47527448397,00:00:01,10,90,3,15348,threshold_sweep,0.3,1,0.222222222222,0.363636363636,2,0,7,18,0.222222222222,1,0,0.777777777778,1,0.222222222222,0.363636363636,0.740740740741,0.641975308642,0.275862068966,0.4,0.222222222222,94,85,9,0,94,0,85,0,9,23,88,0.173913043478,1.68507579377,7.65217391304,7.33333333333,5.5,3.63829000359,0.475458352741,0.249505928854,5.32278271304,1.39118184545,0.672924901186,3.27042079462,0.854769071322,0.442687747036,0.749191304359,0.444603920564,2.5,1.68507579377,0.749191304359,2.5,0.259446613992,0.18878248974,46,0.025974025974,0.333144633145,23,23,23,1,0,0.478260869565,0.217391304348,0.304347826087,23,0.156126482213,1.51874725516,6.86956521739,7.18181818182,4.9375,3.48117466886,0.506753274581,0.279031370391,4.88807535053,1.42311054509,0.682443588332,3.01249046708,0.877054186617,0.474408365438,0.564250615387,0.371523710393,1.5,1.51874725516,0.564250615387,1.5,0.204227518513,0.175879396985,35,0.0197628458498,0.318430155703,23,23,23,1,0,0.521739130435,0.173913043478,0.304347826087,23,81,0.160079051383,1.51715132693,7.04347826087,7.36363636364,5.0625,3.57361875249,0.507365625353,0.276972624799,5.06206538172,1.43737658987,0.689210950081,3.04316768602,0.864109342943,0.464841653247,0.562115661868,0.370507313205,1.5,1.51715132693,0.562115661868,1.5,0.217271617272,0.180952380952,38,0.0214568040655,0.323731521004,23,23,23,1,0,0.521739130435,0.173913043478,0.304347826087,-7,-0.0138339920949,-0.167924466838,-0.608695652174,0.030303030303,-0.4375,-0.0646712510973,0.031907272612,0.027466695945,-0.260717331319,0.0461947444178,0.0162860488947,-0.227253108608,0.00934027162073,0.0221539062119,-0.187075642491,-0.0740966073594,-1,-0.167924466838,-0.187075642491,-1,-0.0421749967205,-0.0078301087877,-8,-0.00451722190853,-0.00941311214038,0.0434782608696,-0.0434782608696,0,81,0,7,418,0.920454545455,1,0,0.0795454545455,1,0.920454545455,0.958579881657,0.951469451768,0.920454545455,0.920454545455,2,9,0,10,3,10
382,WLNM_dir_neg_kfold,0.802469135802,0.47527448397,00:00:01,10,90,3,15348,threshold_sweep,0.4,1,0.222222222222,0.363636363636,2,0,7,18,0.222222222222,1,0,0.777777777778,1,0.222222222222,0.363636363636,0.740740740741,0.641975308642,0.275862068966,0.4,0.222222222222,94,85,9,0,94,0,85,0,9,23,88,0.173913043478,1.68507579377,7.65217391304,7.33333333333,5.5,3.63829000359,0.475458352741,0.249505928854,5.32278271304,1.39118184545,0.672924901186,3.27042079462,0.854769071322,0.442687747036,0.749191304359,0.444603920564,2.5,1.68507579377,0.749191304359,2.5,0.259446613992,0.18878248974,46,0.025974025974,0.333144633145,23,23,23,1,0,0.478260869565,0.217391304348,0.304347826087,23,0.156126482213,1.51874725516,6.86956521739,7.18181818182,4.9375,3.48117466886,0.506753274581,0.279031370391,4.88807535053,1.42311054509,0.682443588332,3.01249046708,0.877054186617,0.474408365438,0.564250615387,0.371523710393,1.5,1.51874725516,0.564250615387,1.5,0.204227518513,0.175879396985,35,0.0197628458498,0.318430155703,23,23,23,1,0,0.521739130435,0.173913043478,0.304347826087,23,81,0.160079051383,1.51715132693,7.04347826087,7.36363636364,5.0625,3.57361875249,0.507365625353,0.276972624799,5.06206538172,1.43737658987,0.689210950081,3.04316768602,0.864109342943,0.464841653247,0.562115661868,0.370507313205,1.5,1.51715132693,0.562115661868,1.5,0.217271617272,0.180952380952,38,0.0214568040655,0.323731521004,23,23,23,1,0,0.521739130435,0.173913043478,0.304347826087,-7,-0.0138339920949,-0.167924466838,-0.608695652174,0.030303030303,-0.4375,-0.0646712510973,0.031907272612,0.027466695945,-0.260717331319,0.0461947444178,0.0162860488947,-0.227253108608,0.00934027162073,0.0221539062119,-0.187075642491,-0.0740966073594,-1,-0.167924466838,-0.187075642491,-1,-0.0421749967205,-0.0078301087877,-8,-0.00451722190853,-0.00941311214038,0.0434782608696,-0.0434782608696,0,81,0,7,418,0.920454545455,1,0,0.0795454545455,1,0.920454545455,0.958579881657,0.951469451768,0.920454545455,0.920454545455,2,9,0,10,3,10
383,WLNM_dir_neg_kfold,0.802469135802,0.47527448397,00:00:01,10,90,3,15348,threshold_sweep,0.5,1,0.222222222222,0.363636363636,2,0,7,18,0.222222222222,1,0,0.777777777778,1,0.222222222222,0.363636363636,0.740740740741,0.641975308642,0.275862068966,0.4,0.222222222222,94,85,9,0,94,0,85,0,9,23,88,0.173913043478,1.68507579377,7.65217391304,7.33333333333,5.5,3.63829000359,0.475458352741,0.249505928854,5.32278271304,1.39118184545,0.672924901186,3.27042079462,0.854769071322,0.442687747036,0.749191304359,0.444603920564,2.5,1.68507579377,0.749191304359,2.5,0.259446613992,0.18878248974,46,0.025974025974,0.333144633145,23,23,23,1,0,0.478260869565,0.217391304348,0.304347826087,23,0.156126482213,1.51874725516,6.86956521739,7.18181818182,4.9375,3.48117466886,0.506753274581,0.279031370391,4.88807535053,1.42311054509,0.682443588332,3.01249046708,0.877054186617,0.474408365438,0.564250615387,0.371523710393,1.5,1.51874725516,0.564250615387,1.5,0.204227518513,0.175879396985,35,0.0197628458498,0.318430155703,23,23,23,1,0,0.521739130435,0.173913043478,0.304347826087,23,81,0.160079051383,1.51715132693,7.04347826087,7.36363636364,5.0625,3.57361875249,0.507365625353,0.276972624799,5.06206538172,1.43737658987,0.689210950081,3.04316768602,0.864109342943,0.464841653247,0.562115661868,0.370507313205,1.5,1.51715132693,0.562115661868,1.5,0.217271617272,0.180952380952,38,0.0214568040655,0.323731521004,23,23,23,1,0,0.521739130435,0.173913043478,0.304347826087,-7,-0.0138339920949,-0.167924466838,-0.608695652174,0.030303030303,-0.4375,-0.0646712510973,0.031907272612,0.027466695945,-0.260717331319,0.0461947444178,0.0162860488947,-0.227253108608,0.00934027162073,0.0221539062119,-0.187075642491,-0.0740966073594,-1,-0.167924466838,-0.187075642491,-1,-0.0421749967205,-0.0078301087877,-8,-0.00451722190853,-0.00941311214038,0.0434782608696,-0.0434782608696,0,81,0,7,418,0.920454545455,1,0,0.0795454545455,1,0.920454545455,0.958579881657,0.951469451768,0.920454545455,0.920454545455,2,9,0,10,3,10
384,WLNM_dir_neg_kfold,0.802469135802,0.47527448397,00:00:01,10,90,3,15348,threshold_sweep,0.6,1,0.222222222222,0.363636363636,2,0,7,18,0.222222222222,1,0,0.777777777778,1,0.222222222222,0.363636363636,0.740740740741,0.641975308642,0.275862068966,0.4,0.222222222222,94,85,9,0,94,0,85,0,9,23,88,0.173913043478,1.68507579377,7.65217391304,7.33333333333,5.5,3.63829000359,0.475458352741,0.249505928854,5.32278271304,1.39118184545,0.672924901186,3.27042079462,0.854769071322,0.442687747036,0.749191304359,0.444603920564,2.5,1.68507579377,0.749191304359,2.5,0.259446613992,0.18878248974,46,0.025974025974,0.333144633145,23,23,23,1,0,0.478260869565,0.217391304348,0.304347826087,23,0.156126482213,1.51874725516,6.86956521739,7.18181818182,4.9375,3.48117466886,0.506753274581,0.279031370391,4.88807535053,1.42311054509,0.682443588332,3.01249046708,0.877054186617,0.474408365438,0.564250615387,0.371523710393,1.5,1.51874725516,0.564250615387,1.5,0.204227518513,0.175879396985,35,0.0197628458498,0.318430155703,23,23,23,1,0,0.521739130435,0.173913043478,0.304347826087,23,81,0.160079051383,1.51715132693,7.04347826087,7.36363636364,5.0625,3.57361875249,0.507365625353,0.276972624799,5.06206538172,1.43737658987,0.689210950081,3.04316768602,0.864109342943,0.464841653247,0.562115661868,0.370507313205,1.5,1.51715132693,0.562115661868,1.5,0.217271617272,0.180952380952,38,0.0214568040655,0.323731521004,23,23,23,1,0,0.521739130435,0.173913043478,0.304347826087,-7,-0.0138339920949,-0.167924466838,-0.608695652174,0.030303030303,-0.4375,-0.0646712510973,0.031907272612,0.027466695945,-0.260717331319,0.0461947444178,0.0162860488947,-0.227253108608,0.00934027162073,0.0221539062119,-0.187075642491,-0.0740966073594,-1,-0.167924466838,-0.187075642491,-1,-0.0421749967205,-0.0078301087877,-8,-0.00451722190853,-0.00941311214038,0.0434782608696,-0.0434782608696,0,81,0,7,418,0.920454545455,1,0,0.0795454545455,1,0.920454545455,0.958579881657,0.951469451768,0.920454545455,0.920454545455,2,9,0,10,3,10
385,WLNM_dir_neg_kfold,0.802469135802,0.47527448397,00:00:01,10,90,3,15348,threshold_sweep,0.7,1,0.222222222222,0.363636363636,2,0,7,18,0.222222222222,1,0,0.777777777778,1,0.222222222222,0.363636363636,0.740740740741,0.641975308642,0.275862068966,0.4,0.222222222222,94,85,9,0,94,0,85,0,9,23,88,0.173913043478,1.68507579377,7.65217391304,7.33333333333,5.5,3.63829000359,0.475458352741,0.249505928854,5.32278271304,1.39118184545,0.672924901186,3.27042079462,0.854769071322,0.442687747036,0.749191304359,0.444603920564,2.5,1.68507579377,0.749191304359,2.5,0.259446613992,0.18878248974,46,0.025974025974,0.333144633145,23,23,23,1,0,0.478260869565,0.217391304348,0.304347826087,23,0.156126482213,1.51874725516,6.86956521739,7.18181818182,4.9375,3.48117466886,0.506753274581,0.279031370391,4.88807535053,1.42311054509,0.682443588332,3.01249046708,0.877054186617,0.474408365438,0.564250615387,0.371523710393,1.5,1.51874725516,0.564250615387,1.5,0.204227518513,0.175879396985,35,0.0197628458498,0.318430155703,23,23,23,1,0,0.521739130435,0.173913043478,0.304347826087,23,81,0.160079051383,1.51715132693,7.04347826087,7.36363636364,5.0625,3.57361875249,0.507365625353,0.276972624799,5.06206538172,1.43737658987,0.689210950081,3.04316768602,0.864109342943,0.464841653247,0.562115661868,0.370507313205,1.5,1.51715132693,0.562115661868,1.5,0.217271617272,0.180952380952,38,0.0214568040655,0.323731521004,23,23,23,1,0,0.521739130435,0.173913043478,0.304347826087,-7,-0.0138339920949,-0.167924466838,-0.608695652174,0.030303030303,-0.4375,-0.0646712510973,0.031907272612,0.027466695945,-0.260717331319,0.0461947444178,0.0162860488947,-0.227253108608,0.00934027162073,0.0221539062119,-0.187075642491,-0.0740966073594,-1,-0.167924466838,-0.187075642491,-1,-0.0421749967205,-0.0078301087877,-8,-0.00451722190853,-0.00941311214038,0.0434782608696,-0.0434782608696,0,81,0,7,418,0.920454545455,1,0,0.0795454545455,1,0.920454545455,0.958579881657,0.951469451768,0.920454545455,0.920454545455,2,9,0,10,3,10
386,WLNM_dir_neg_kfold,0.802469135802,0.47527448397,00:00:01,10,90,3,15348,threshold_sweep,0.8,1,0.222222222222,0.363636363636,2,0,7,18,0.222222222222,1,0,0.777777777778,1,0.222222222222,0.363636363636,0.740740740741,0.641975308642,0.275862068966,0.4,0.222222222222,94,85,9,0,94,0,85,0,9,23,88,0.173913043478,1.68507579377,7.65217391304,7.33333333333,5.5,3.63829000359,0.475458352741,0.249505928854,5.32278271304,1.39118184545,0.672924901186,3.27042079462,0.854769071322,0.442687747036,0.749191304359,0.444603920564,2.5,1.68507579377,0.749191304359,2.5,0.259446613992,0.18878248974,46,0.025974025974,0.333144633145,23,23,23,1,0,0.478260869565,0.217391304348,0.304347826087,23,0.156126482213,1.51874725516,6.86956521739,7.18181818182,4.9375,3.48117466886,0.506753274581,0.279031370391,4.88807535053,1.42311054509,0.682443588332,3.01249046708,0.877054186617,0.474408365438,0.564250615387,0.371523710393,1.5,1.51874725516,0.564250615387,1.5,0.204227518513,0.175879396985,35,0.0197628458498,0.318430155703,23,23,23,1,0,0.521739130435,0.173913043478,0.304347826087,23,81,0.160079051383,1.51715132693,7.04347826087,7.36363636364,5.0625,3.57361875249,0.507365625353,0.276972624799,5.06206538172,1.43737658987,0.689210950081,3.04316768602,0.864109342943,0.464841653247,0.562115661868,0.370507313205,1.5,1.51715132693,0.562115661868,1.5,0.217271617272,0.180952380952,38,0.0214568040655,0.323731521004,23,23,23,1,0,0.521739130435,0.173913043478,0.304347826087,-7,-0.0138339920949,-0.167924466838,-0.608695652174,0.030303030303,-0.4375,-0.0646712510973,0.031907272612,0.027466695945,-0.260717331319,0.0461947444178,0.0162860488947,-0.227253108608,0.00934027162073,0.0221539062119,-0.187075642491,-0.0740966073594,-1,-0.167924466838,-0.187075642491,-1,-0.0421749967205,-0.0078301087877,-8,-0.00451722190853,-0.00941311214038,0.0434782608696,-0.0434782608696,0,81,0,7,418,0.920454545455,1,0,0.0795454545455,1,0.920454545455,0.958579881657,0.951469451768,0.920454545455,0.920454545455,2,9,0,10,3,10
387,WLNM_dir_neg_kfold,0.802469135802,0.47527448397,00:00:01,10,90,3,15348,threshold_sweep,0.9,1,0.222222222222,0.363636363636,2,0,7,18,0.222222222222,1,0,0.777777777778,1,0.222222222222,0.363636363636,0.740740740741,0.641975308642,0.275862068966,0.4,0.222222222222,94,85,9,0,94,0,85,0,9,23,88,0.173913043478,1.68507579377,7.65217391304,7.33333333333,5.5,3.63829000359,0.475458352741,0.249505928854,5.32278271304,1.39118184545,0.672924901186,3.27042079462,0.854769071322,0.442687747036,0.749191304359,0.444603920564,2.5,1.68507579377,0.749191304359,2.5,0.259446613992,0.18878248974,46,0.025974025974,0.333144633145,23,23,23,1,0,0.478260869565,0.217391304348,0.304347826087,23,0.156126482213,1.51874725516,6.86956521739,7.18181818182,4.9375,3.48117466886,0.506753274581,0.279031370391,4.88807535053,1.42311054509,0.682443588332,3.01249046708,0.877054186617,0.474408365438,0.564250615387,0.371523710393,1.5,1.51874725516,0.564250615387,1.5,0.204227518513,0.175879396985,35,0.0197628458498,0.318430155703,23,23,23,1,0,0.521739130435,0.173913043478,0.304347826087,23,81,0.160079051383,1.51715132693,7.04347826087,7.36363636364,5.0625,3.57361875249,0.507365625353,0.276972624799,5.06206538172,1.43737658987,0.689210950081,3.04316768602,0.864109342943,0.464841653247,0.562115661868,0.370507313205,1.5,1.51715132693,0.562115661868,1.5,0.217271617272,0.180952380952,38,0.0214568040655,0.323731521004,23,23,23,1,0,0.521739130435,0.173913043478,0.304347826087,-7,-0.0138339920949,-0.167924466838,-0.608695652174,0.030303030303,-0.4375,-0.0646712510973,0.031907272612,0.027466695945,-0.260717331319,0.0461947444178,0.0162860488947,-0.227253108608,0.00934027162073,0.0221539062119,-0.187075642491,-0.0740966073594,-1,-0.167924466838,-0.187075642491,-1,-0.0421749967205,-0.0078301087877,-8,-0.00451722190853,-0.00941311214038,0.0434782608696,-0.0434782608696,0,81,0,7,418,0.920454545455,1,0,0.0795454545455,1,0.920454545455,0.958579881657,0.951469451768,0.920454545455,0.920454545455,2,9,0,10,3,10
388,WLNM_dir_neg_kfold,0.864197530864,0.64811965812,00:00:01,10,90,4,15349,threshold_sweep,0.1,1,0.222222222222,0.363636363636,2,0,7,18,0.222222222222,1,0,0.777777777778,1,0.222222222222,0.363636363636,0.740740740741,0.641975308642,0.275862068966,0.4,0.222222222222,94,85,9,0,94,0,85,0,9,23,88,0.173913043478,1.68507579377,7.65217391304,7.33333333333,5.5,3.63829000359,0.475458352741,0.249505928854,5.32278271304,1.39118184545,0.672924901186,3.27042079462,0.854769071322,0.442687747036,0.749191304359,0.444603920564,2.5,1.68507579377,0.749191304359,2.5,0.259446613992,0.18878248974,46,0.025974025974,0.333144633145,23,23,23,1,0,0.478260869565,0.217391304348,0.304347826087,23,0.156126482213,1.51874725516,6.86956521739,7.18181818182,4.9375,3.48117466886,0.506753274581,0.279031370391,4.88807535053,1.42311054509,0.682443588332,3.01249046708,0.877054186617,0.474408365438,0.564250615387,0.371523710393,1.5,1.51874725516,0.564250615387,1.5,0.204227518513,0.175879396985,35,0.0197628458498,0.318430155703,23,23,23,1,0,0.521739130435,0.173913043478,0.304347826087,23,81,0.160079051383,1.51715132693,7.04347826087,7.36363636364,5.0625,3.57361875249,0.507365625353,0.276972624799,5.06206538172,1.43737658987,0.689210950081,3.04316768602,0.864109342943,0.464841653247,0.562115661868,0.370507313205,1.5,1.51715132693,0.562115661868,1.5,0.217271617272,0.180952380952,38,0.0214568040655,0.323731521004,23,23,23,1,0,0.521739130435,0.173913043478,0.304347826087,-7,-0.0138339920949,-0.167924466838,-0.608695652174,0.030303030303,-0.4375,-0.0646712510973,0.031907272612,0.027466695945,-0.260717331319,0.0461947444178,0.0162860488947,-0.227253108608,0.00934027162073,0.0221539062119,-0.187075642491,-0.0740966073594,-1,-0.167924466838,-0.187075642491,-1,-0.0421749967205,-0.0078301087877,-8,-0.00451722190853,-0.00941311214038,0.0434782608696,-0.0434782608696,0,81,0,7,418,0.920454545455,1,0,0.0795454545455,1,0.920454545455,0.958579881657,0.951469451768,0.920454545455,0.920454545455,2,9,0,10,3,10
389,WLNM_dir_neg_kfold,0.864197530864,0.64811965812,00:00:01,10,90,4,15349,threshold_sweep,0.2,1,0.222222222222,0.363636363636,2,0,7,18,0.222222222222,1,0,0.777777777778,1,0.222222222222,0.363636363636,0.740740740741,0.641975308642,0.275862068966,0.4,0.222222222222,94,85,9,0,94,0,85,0,9,23,88,0.173913043478,1.68507579377,7.65217391304,7.33333333333,5.5,3.63829000359,0.475458352741,0.249505928854,5.32278271304,1.39118184545,0.672924901186,3.27042079462,0.854769071322,0.442687747036,0.749191304359,0.444603920564,2.5,1.68507579377,0.749191304359,2.5,0.259446613992,0.18878248974,46,0.025974025974,0.333144633145,23,23,23,1,0,0.478260869565,0.217391304348,0.304347826087,23,0.156126482213,1.51874725516,6.86956521739,7.18181818182,4.9375,3.48117466886,0.506753274581,0.279031370391,4.88807535053,1.42311054509,0.682443588332,3.01249046708,0.877054186617,0.474408365438,0.564250615387,0.371523710393,1.5,1.51874725516,0.564250615387,1.5,0.204227518513,0.175879396985,35,0.0197628458498,0.318430155703,23,23,23,1,0,0.521739130435,0.173913043478,0.304347826087,23,81,0.160079051383,1.51715132693,7.04347826087,7.36363636364,5.0625,3.57361875249,0.507365625353,0.276972624799,5.06206538172,1.43737658987,0.689210950081,3.04316768602,0.864109342943,0.464841653247,0.562115661868,0.370507313205,1.5,1.51715132693,0.562115661868,1.5,0.217271617272,0.180952380952,38,0.0214568040655,0.323731521004,23,23,23,1,0,0.521739130435,0.173913043478,0.304347826087,-7,-0.0138339920949,-0.167924466838,-0.608695652174,0.030303030303,-0.4375,-0.0646712510973,0.031907272612,0.027466695945,-0.260717331319,0.0461947444178,0.0162860488947,-0.227253108608,0.00934027162073,0.0221539062119,-0.187075642491,-0.0740966073594,-1,-0.167924466838,-0.187075642491,-1,-0.0421749967205,-0.0078301087877,-8,-0.00451722190853,-0.00941311214038,0.0434782608696,-0.0434782608696,0,81,0,7,418,0.920454545455,1,0,0.0795454545455,1,0.920454545455,0.958579881657,0.951469451768,0.920454545455,0.920454545455,2,9,0,10,3,10
390,WLNM_dir_neg_kfold,0.864197530864,0.64811965812,00:00:01,10,90,4,15349,threshold_sweep,0.3,1,0.222222222222,0.363636363636,2,0,7,18,0.222222222222,1,0,0.777777777778,1,0.222222222222,0.363636363636,0.740740740741,0.641975308642,0.275862068966,0.4,0.222222222222,94,85,9,0,94,0,85,0,9,23,88,0.173913043478,1.68507579377,7.65217391304,7.33333333333,5.5,3.63829000359,0.475458352741,0.249505928854,5.32278271304,1.39118184545,0.672924901186,3.27042079462,0.854769071322,0.442687747036,0.749191304359,0.444603920564,2.5,1.68507579377,0.749191304359,2.5,0.259446613992,0.18878248974,46,0.025974025974,0.333144633145,23,23,23,1,0,0.478260869565,0.217391304348,0.304347826087,23,0.156126482213,1.51874725516,6.86956521739,7.18181818182,4.9375,3.48117466886,0.506753274581,0.279031370391,4.88807535053,1.42311054509,0.682443588332,3.01249046708,0.877054186617,0.474408365438,0.564250615387,0.371523710393,1.5,1.51874725516,0.564250615387,1.5,0.204227518513,0.175879396985,35,0.0197628458498,0.318430155703,23,23,23,1,0,0.521739130435,0.173913043478,0.304347826087,23,81,0.160079051383,1.51715132693,7.04347826087,7.36363636364,5.0625,3.57361875249,0.507365625353,0.276972624799,5.06206538172,1.43737658987,0.689210950081,3.04316768602,0.864109342943,0.464841653247,0.562115661868,0.370507313205,1.5,1.51715132693,0.562115661868,1.5,0.217271617272,0.180952380952,38,0.0214568040655,0.323731521004,23,23,23,1,0,0.521739130435,0.173913043478,0.304347826087,-7,-0.0138339920949,-0.167924466838,-0.608695652174,0.030303030303,-0.4375,-0.0646712510973,0.031907272612,0.027466695945,-0.260717331319,0.0461947444178,0.0162860488947,-0.227253108608,0.00934027162073,0.0221539062119,-0.187075642491,-0.0740966073594,-1,-0.167924466838,-0.187075642491,-1,-0.0421749967205,-0.0078301087877,-8,-0.00451722190853,-0.00941311214038,0.0434782608696,-0.0434782608696,0,81,0,7,418,0.920454545455,1,0,0.0795454545455,1,0.920454545455,0.958579881657,0.951469451768,0.920454545455,0.920454545455,2,9,0,10,3,10
391,WLNM_dir_neg_kfold,0.864197530864,0.64811965812,00:00:01,10,90,4,15349,threshold_sweep,0.4,1,0.222222222222,0.363636363636,2,0,7,18,0.222222222222,1,0,0.777777777778,1,0.222222222222,0.363636363636,0.740740740741,0.641975308642,0.275862068966,0.4,0.222222222222,94,85,9,0,94,0,85,0,9,23,88,0.173913043478,1.68507579377,7.65217391304,7.33333333333,5.5,3.63829000359,0.475458352741,0.249505928854,5.32278271304,1.39118184545,0.672924901186,3.27042079462,0.854769071322,0.442687747036,0.749191304359,0.444603920564,2.5,1.68507579377,0.749191304359,2.5,0.259446613992,0.18878248974,46,0.025974025974,0.333144633145,23,23,23,1,0,0.478260869565,0.217391304348,0.304347826087,23,0.156126482213,1.51874725516,6.86956521739,7.18181818182,4.9375,3.48117466886,0.506753274581,0.279031370391,4.88807535053,1.42311054509,0.682443588332,3.01249046708,0.877054186617,0.474408365438,0.564250615387,0.371523710393,1.5,1.51874725516,0.564250615387,1.5,0.204227518513,0.175879396985,35,0.0197628458498,0.318430155703,23,23,23,1,0,0.521739130435,0.173913043478,0.304347826087,23,81,0.160079051383,1.51715132693,7.04347826087,7.36363636364,5.0625,3.57361875249,0.507365625353,0.276972624799,5.06206538172,1.43737658987,0.689210950081,3.04316768602,0.864109342943,0.464841653247,0.562115661868,0.370507313205,1.5,1.51715132693,0.562115661868,1.5,0.217271617272,0.180952380952,38,0.0214568040655,0.323731521004,23,23,23,1,0,0.521739130435,0.173913043478,0.304347826087,-7,-0.0138339920949,-0.167924466838,-0.608695652174,0.030303030303,-0.4375,-0.0646712510973,0.031907272612,0.027466695945,-0.260717331319,0.0461947444178,0.0162860488947,-0.227253108608,0.00934027162073,0.0221539062119,-0.187075642491,-0.0740966073594,-1,-0.167924466838,-0.187075642491,-1,-0.0421749967205,-0.0078301087877,-8,-0.00451722190853,-0.00941311214038,0.0434782608696,-0.0434782608696,0,81,0,7,418,0.920454545455,1,0,0.0795454545455,1,0.920454545455,0.958579881657,0.951469451768,0.920454545455,0.920454545455,2,9,0,10,3,10
392,WLNM_dir_neg_kfold,0.864197530864,0.64811965812,00:00:01,10,90,4,15349,threshold_sweep,0.5,1,0.222222222222,0.363636363636,2,0,7,18,0.222222222222,1,0,0.777777777778,1,0.222222222222,0.363636363636,0.740740740741,0.641975308642,0.275862068966,0.4,0.222222222222,94,85,9,0,94,0,85,0,9,23,88,0.173913043478,1.68507579377,7.65217391304,7.33333333333,5.5,3.63829000359,0.475458352741,0.249505928854,5.32278271304,1.39118184545,0.672924901186,3.27042079462,0.854769071322,0.442687747036,0.749191304359,0.444603920564,2.5,1.68507579377,0.749191304359,2.5,0.259446613992,0.18878248974,46,0.025974025974,0.333144633145,23,23,23,1,0,0.478260869565,0.217391304348,0.304347826087,23,0.156126482213,1.51874725516,6.86956521739,7.18181818182,4.9375,3.48117466886,0.506753274581,0.279031370391,4.88807535053,1.42311054509,0.682443588332,3.01249046708,0.877054186617,0.474408365438,0.564250615387,0.371523710393,1.5,1.51874725516,0.564250615387,1.5,0.204227518513,0.175879396985,35,0.0197628458498,0.318430155703,23,23,23,1,0,0.521739130435,0.173913043478,0.304347826087,23,81,0.160079051383,1.51715132693,7.04347826087,7.36363636364,5.0625,3.57361875249,0.507365625353,0.276972624799,5.06206538172,1.43737658987,0.689210950081,3.04316768602,0.864109342943,0.464841653247,0.562115661868,0.370507313205,1.5,1.51715132693,0.562115661868,1.5,0.217271617272,0.180952380952,38,0.0214568040655,0.323731521004,23,23,23,1,0,0.521739130435,0.173913043478,0.304347826087,-7,-0.0138339920949,-0.167924466838,-0.608695652174,0.030303030303,-0.4375,-0.0646712510973,0.031907272612,0.027466695945,-0.260717331319,0.0461947444178,0.0162860488947,-0.227253108608,0.00934027162073,0.0221539062119,-0.187075642491,-0.0740966073594,-1,-0.167924466838,-0.187075642491,-1,-0.0421749967205,-0.0078301087877,-8,-0.00451722190853,-0.00941311214038,0.0434782608696,-0.0434782608696,0,81,0,7,418,0.920454545455,1,0,0.0795454545455,1,0.920454545455,0.958579881657,0.951469451768,0.920454545455,0.920454545455,2,9,0,10,3,10
393,WLNM_dir_neg_kfold,0.864197530864,0.64811965812,00:00:01,10,90,4,15349,threshold_sweep,0.6,1,0.222222222222,0.363636363636,2,0,7,18,0.222222222222,1,0,0.777777777778,1,0.222222222222,0.363636363636,0.740740740741,0.641975308642,0.275862068966,0.4,0.222222222222,94,85,9,0,94,0,85,0,9,23,88,0.173913043478,1.68507579377,7.65217391304,7.33333333333,5.5,3.63829000359,0.475458352741,0.249505928854,5.32278271304,1.39118184545,0.672924901186,3.27042079462,0.854769071322,0.442687747036,0.749191304359,0.444603920564,2.5,1.68507579377,0.749191304359,2.5,0.259446613992,0.18878248974,46,0.025974025974,0.333144633145,23,23,23,1,0,0.478260869565,0.217391304348,0.304347826087,23,0.156126482213,1.51874725516,6.86956521739,7.18181818182,4.9375,3.48117466886,0.506753274581,0.279031370391,4.88807535053,1.42311054509,0.682443588332,3.01249046708,0.877054186617,0.474408365438,0.564250615387,0.371523710393,1.5,1.51874725516,0.564250615387,1.5,0.204227518513,0.175879396985,35,0.0197628458498,0.318430155703,23,23,23,1,0,0.521739130435,0.173913043478,0.304347826087,23,81,0.160079051383,1.51715132693,7.04347826087,7.36363636364,5.0625,3.57361875249,0.507365625353,0.276972624799,5.06206538172,1.43737658987,0.689210950081,3.04316768602,0.864109342943,0.464841653247,0.562115661868,0.370507313205,1.5,1.51715132693,0.562115661868,1.5,0.217271617272,0.180952380952,38,0.0214568040655,0.323731521004,23,23,23,1,0,0.521739130435,0.173913043478,0.304347826087,-7,-0.0138339920949,-0.167924466838,-0.608695652174,0.030303030303,-0.4375,-0.0646712510973,0.031907272612,0.027466695945,-0.260717331319,0.0461947444178,0.0162860488947,-0.227253108608,0.00934027162073,0.0221539062119,-0.187075642491,-0.0740966073594,-1,-0.167924466838,-0.187075642491,-1,-0.0421749967205,-0.0078301087877,-8,-0.00451722190853,-0.00941311214038,0.0434782608696,-0.0434782608696,0,81,0,7,418,0.920454545455,1,0,0.0795454545455,1,0.920454545455,0.958579881657,0.951469451768,0.920454545455,0.920454545455,2,9,0,10,3,10
394,WLNM_dir_neg_kfold,0.864197530864,0.64811965812,00:00:01,10,90,4,15349,threshold_sweep,0.7,1,0.222222222222,0.363636363636,2,0,7,18,0.222222222222,1,0,0.777777777778,1,0.222222222222,0.363636363636,0.740740740741,0.641975308642,0.275862068966,0.4,0.222222222222,94,85,9,0,94,0,85,0,9,23,88,0.173913043478,1.68507579377,7.65217391304,7.33333333333,5.5,3.63829000359,0.475458352741,0.249505928854,5.32278271304,1.39118184545,0.672924901186,3.27042079462,0.854769071322,0.442687747036,0.749191304359,0.444603920564,2.5,1.68507579377,0.749191304359,2.5,0.259446613992,0.18878248974,46,0.025974025974,0.333144633145,23,23,23,1,0,0.478260869565,0.217391304348,0.304347826087,23,0.156126482213,1.51874725516,6.86956521739,7.18181818182,4.9375,3.48117466886,0.506753274581,0.279031370391,4.88807535053,1.42311054509,0.682443588332,3.01249046708,0.877054186617,0.474408365438,0.564250615387,0.371523710393,1.5,1.51874725516,0.564250615387,1.5,0.204227518513,0.175879396985,35,0.0197628458498,0.318430155703,23,23,23,1,0,0.521739130435,0.173913043478,0.304347826087,23,81,0.160079051383,1.51715132693,7.04347826087,7.36363636364,5.0625,3.57361875249,0.507365625353,0.276972624799,5.06206538172,1.43737658987,0.689210950081,3.04316768602,0.864109342943,0.464841653247,0.562115661868,0.370507313205,1.5,1.51715132693,0.562115661868,1.5,0.217271617272,0.180952380952,38,0.0214568040655,0.323731521004,23,23,23,1,0,0.521739130435,0.173913043478,0.304347826087,-7,-0.0138339920949,-0.167924466838,-0.608695652174,0.030303030303,-0.4375,-0.0646712510973,0.031907272612,0.027466695945,-0.260717331319,0.0461947444178,0.0162860488947,-0.227253108608,0.00934027162073,0.0221539062119,-0.187075642491,-0.0740966073594,-1,-0.167924466838,-0.187075642491,-1,-0.0421749967205,-0.0078301087877,-8,-0.00451722190853,-0.00941311214038,0.0434782608696,-0.0434782608696,0,81,0,7,418,0.920454545455,1,0,0.0795454545455,1,0.920454545455,0.958579881657,0.951469451768,0.920454545455,0.920454545455,2,9,0,10,3,10
395,WLNM_dir_neg_kfold,0.864197530864,0.64811965812,00:00:01,10,90,4,15349,threshold_sweep,0.8,1,0.222222222222,0.363636363636,2,0,7,18,0.222222222222,1,0,0.777777777778,1,0.222222222222,0.363636363636,0.740740740741,0.641975308642,0.275862068966,0.4,0.222222222222,94,85,9,0,94,0,85,0,9,23,88,0.173913043478,1.68507579377,7.65217391304,7.33333333333,5.5,3.63829000359,0.475458352741,0.249505928854,5.32278271304,1.39118184545,0.672924901186,3.27042079462,0.854769071322,0.442687747036,0.749191304359,0.444603920564,2.5,1.68507579377,0.749191304359,2.5,0.259446613992,0.18878248974,46,0.025974025974,0.333144633145,23,23,23,1,0,0.478260869565,0.217391304348,0.304347826087,23,0.156126482213,1.51874725516,6.86956521739,7.18181818182,4.9375,3.48117466886,0.506753274581,0.279031370391,4.88807535053,1.42311054509,0.682443588332,3.01249046708,0.877054186617,0.474408365438,0.564250615387,0.371523710393,1.5,1.51874725516,0.564250615387,1.5,0.204227518513,0.175879396985,35,0.0197628458498,0.318430155703,23,23,23,1,0,0.521739130435,0.173913043478,0.304347826087,23,81,0.160079051383,1.51715132693,7.04347826087,7.36363636364,5.0625,3.57361875249,0.507365625353,0.276972624799,5.06206538172,1.43737658987,0.689210950081,3.04316768602,0.864109342943,0.464841653247,0.562115661868,0.370507313205,1.5,1.51715132693,0.562115661868,1.5,0.217271617272,0.180952380952,38,0.0214568040655,0.323731521004,23,23,23,1,0,0.521739130435,0.173913043478,0.304347826087,-7,-0.0138339920949,-0.167924466838,-0.608695652174,0.030303030303,-0.4375,-0.0646712510973,0.031907272612,0.027466695945,-0.260717331319,0.0461947444178,0.0162860488947,-0.227253108608,0.00934027162073,0.0221539062119,-0.187075642491,-0.0740966073594,-1,-0.167924466838,-0.187075642491,-1,-0.0421749967205,-0.0078301087877,-8,-0.00451722190853,-0.00941311214038,0.0434782608696,-0.0434782608696,0,81,0,7,418,0.920454545455,1,0,0.0795454545455,1,0.920454545455,0.958579881657,0.951469451768,0.920454545455,0.920454545455,2,9,0,10,3,10
396,WLNM_dir_neg_kfold,0.864197530864,0.64811965812,00:00:01,10,90,4,15349,threshold_sweep,0.9,1,0.222222222222,0.363636363636,2,0,7,18,0.222222222222,1,0,0.777777777778,1,0.222222222222,0.363636363636,0.740740740741,0.641975308642,0.275862068966,0.4,0.222222222222,94,85,9,0,94,0,85,0,9,23,88,0.173913043478,1.68507579377,7.65217391304,7.33333333333,5.5,3.63829000359,0.475458352741,0.249505928854,5.32278271304,1.39118184545,0.672924901186,3.27042079462,0.854769071322,0.442687747036,0.749191304359,0.444603920564,2.5,1.68507579377,0.749191304359,2.5,0.259446613992,0.18878248974,46,0.025974025974,0.333144633145,23,23,23,1,0,0.478260869565,0.217391304348,0.304347826087,23,0.156126482213,1.51874725516,6.86956521739,7.18181818182,4.9375,3.48117466886,0.506753274581,0.279031370391,4.88807535053,1.42311054509,0.682443588332,3.01249046708,0.877054186617,0.474408365438,0.564250615387,0.371523710393,1.5,1.51874725516,0.564250615387,1.5,0.204227518513,0.175879396985,35,0.0197628458498,0.318430155703,23,23,23,1,0,0.521739130435,0.173913043478,0.304347826087,23,81,0.160079051383,1.51715132693,7.04347826087,7.36363636364,5.0625,3.57361875249,0.507365625353,0.276972624799,5.06206538172,1.43737658987,0.689210950081,3.04316768602,0.864109342943,0.464841653247,0.562115661868,0.370507313205,1.5,1.51715132693,0.562115661868,1.5,0.217271617272,0.180952380952,38,0.0214568040655,0.323731521004,23,23,23,1,0,0.521739130435,0.173913043478,0.304347826087,-7,-0.0138339920949,-0.167924466838,-0.608695652174,0.030303030303,-0.4375,-0.0646712510973,0.031907272612,0.027466695945,-0.260717331319,0.0461947444178,0.0162860488947,-0.227253108608,0.00934027162073,0.0221539062119,-0.187075642491,-0.0740966073594,-1,-0.167924466838,-0.187075642491,-1,-0.0421749967205,-0.0078301087877,-8,-0.00451722190853,-0.00941311214038,0.0434782608696,-0.0434782608696,0,81,0,7,418,0.920454545455,1,0,0.0795454545455,1,0.920454545455,0.958579881657,0.951469451768,0.920454545455,0.920454545455,2,9,0,10,3,10
397,WLNM_dir_neg_kfold,0.802469135802,0.467059256533,00:00:01,10,90,5,15350,threshold_sweep,0.1,1,0.222222222222,0.363636363636,2,0,7,18,0.222222222222,1,0,0.777777777778,1,0.222222222222,0.363636363636,0.740740740741,0.641975308642,0.275862068966,0.4,0.222222222222,94,85,9,0,94,0,85,0,9,23,88,0.173913043478,1.68507579377,7.65217391304,7.33333333333,5.5,3.63829000359,0.475458352741,0.249505928854,5.32278271304,1.39118184545,0.672924901186,3.27042079462,0.854769071322,0.442687747036,0.749191304359,0.444603920564,2.5,1.68507579377,0.749191304359,2.5,0.259446613992,0.18878248974,46,0.025974025974,0.333144633145,23,23,23,1,0,0.478260869565,0.217391304348,0.304347826087,23,0.156126482213,1.51874725516,6.86956521739,7.18181818182,4.9375,3.48117466886,0.506753274581,0.279031370391,4.88807535053,1.42311054509,0.682443588332,3.01249046708,0.877054186617,0.474408365438,0.564250615387,0.371523710393,1.5,1.51874725516,0.564250615387,1.5,0.204227518513,0.175879396985,35,0.0197628458498,0.318430155703,23,23,23,1,0,0.521739130435,0.173913043478,0.304347826087,23,81,0.160079051383,1.51715132693,7.04347826087,7.36363636364,5.0625,3.57361875249,0.507365625353,0.276972624799,5.06206538172,1.43737658987,0.689210950081,3.04316768602,0.864109342943,0.464841653247,0.562115661868,0.370507313205,1.5,1.51715132693,0.562115661868,1.5,0.217271617272,0.180952380952,38,0.0214568040655,0.323731521004,23,23,23,1,0,0.521739130435,0.173913043478,0.304347826087,-7,-0.0138339920949,-0.167924466838,-0.608695652174,0.030303030303,-0.4375,-0.0646712510973,0.031907272612,0.027466695945,-0.260717331319,0.0461947444178,0.0162860488947,-0.227253108608,0.00934027162073,0.0221539062119,-0.187075642491,-0.0740966073594,-1,-0.167924466838,-0.187075642491,-1,-0.0421749967205,-0.0078301087877,-8,-0.00451722190853,-0.00941311214038,0.0434782608696,-0.0434782608696,0,81,0,7,418,0.920454545455,1,0,0.0795454545455,1,0.920454545455,0.958579881657,0.951469451768,0.920454545455,0.920454545455,2,9,0,10,3,10
398,WLNM_dir_neg_kfold,0.802469135802,0.467059256533,00:00:01,10,90,5,15350,threshold_sweep,0.2,1,0.222222222222,0.363636363636,2,0,7,18,0.222222222222,1,0,0.777777777778,1,0.222222222222,0.363636363636,0.740740740741,0.641975308642,0.275862068966,0.4,0.222222222222,94,85,9,0,94,0,85,0,9,23,88,0.173913043478,1.68507579377,7.65217391304,7.33333333333,5.5,3.63829000359,0.475458352741,0.249505928854,5.32278271304,1.39118184545,0.672924901186,3.27042079462,0.854769071322,0.442687747036,0.749191304359,0.444603920564,2.5,1.68507579377,0.749191304359,2.5,0.259446613992,0.18878248974,46,0.025974025974,0.333144633145,23,23,23,1,0,0.478260869565,0.217391304348,0.304347826087,23,0.156126482213,1.51874725516,6.86956521739,7.18181818182,4.9375,3.48117466886,0.506753274581,0.279031370391,4.88807535053,1.42311054509,0.682443588332,3.01249046708,0.877054186617,0.474408365438,0.564250615387,0.371523710393,1.5,1.51874725516,0.564250615387,1.5,0.204227518513,0.175879396985,35,0.0197628458498,0.318430155703,23,23,23,1,0,0.521739130435,0.173913043478,0.304347826087,23,81,0.160079051383,1.51715132693,7.04347826087,7.36363636364,5.0625,3.57361875249,0.507365625353,0.276972624799,5.06206538172,1.43737658987,0.689210950081,3.04316768602,0.864109342943,0.464841653247,0.562115661868,0.370507313205,1.5,1.51715132693,0.562115661868,1.5,0.217271617272,0.180952380952,38,0.0214568040655,0.323731521004,23,23,23,1,0,0.521739130435,0.173913043478,0.304347826087,-7,-0.0138339920949,-0.167924466838,-0.608695652174,0.030303030303,-0.4375,-0.0646712510973,0.031907272612,0.027466695945,-0.260717331319,0.0461947444178,0.0162860488947,-0.227253108608,0.00934027162073,0.0221539062119,-0.187075642491,-0.0740966073594,-1,-0.167924466838,-0.187075642491,-1,-0.0421749967205,-0.0078301087877,-8,-0.00451722190853,-0.00941311214038,0.0434782608696,-0.0434782608696,0,81,0,7,418,0.920454545455,1,0,0.0795454545455,1,0.920454545455,0.958579881657,0.951469451768,0.920454545455,0.920454545455,2,9,0,10,3,10
399,WLNM_dir_neg_kfold,0.802469135802,0.467059256533,00:00:01,10,90,5,15350,threshold_sweep,0.3,1,0.222222222222,0.363636363636,2,0,7,18,0.222222222222,1,0,0.777777777778,1,0.222222222222,0.363636363636,0.740740740741,0.641975308642,0.275862068966,0.4,0.222222222222,94,85,9,0,94,0,85,0,9,23,88,0.173913043478,1.68507579377,7.65217391304,7.33333333333,5.5,3.63829000359,0.475458352741,0.249505928854,5.32278271304,1.39118184545,0.672924901186,3.27042079462,0.854769071322,0.442687747036,0.749191304359,0.444603920564,2.5,1.68507579377,0.749191304359,2.5,0.259446613992,0.18878248974,46,0.025974025974,0.333144633145,23,23,23,1,0,0.478260869565,0.217391304348,0.304347826087,23,0.156126482213,1.51874725516,6.86956521739,7.18181818182,4.9375,3.48117466886,0.506753274581,0.279031370391,4.88807535053,1.42311054509,0.682443588332,3.01249046708,0.877054186617,0.474408365438,0.564250615387,0.371523710393,1.5,1.51874725516,0.564250615387,1.5,0.204227518513,0.175879396985,35,0.0197628458498,0.318430155703,23,23,23,1,0,0.521739130435,0.173913043478,0.304347826087,23,81,0.160079051383,1.51715132693,7.04347826087,7.36363636364,5.0625,3.57361875249,0.507365625353,0.276972624799,5.06206538172,1.43737658987,0.689210950081,3.04316768602,0.864109342943,0.464841653247,0.562115661868,0.370507313205,1.5,1.51715132693,0.562115661868,1.5,0.217271617272,0.180952380952,38,0.0214568040655,0.323731521004,23,23,23,1,0,0.521739130435,0.173913043478,0.304347826087,-7,-0.0138339920949,-0.167924466838,-0.608695652174,0.030303030303,-0.4375,-0.0646712510973,0.031907272612,0.027466695945,-0.260717331319,0.0461947444178,0.0162860488947,-0.227253108608,0.00934027162073,0.0221539062119,-0.187075642491,-0.0740966073594,-1,-0.167924466838,-0.187075642491,-1,-0.0421749967205,-0.0078301087877,-8,-0.00451722190853,-0.00941311214038,0.0434782608696,-0.0434782608696,0,81,0,7,418,0.920454545455,1,0,0.0795454545455,1,0.920454545455,0.958579881657,0.951469451768,0.920454545455,0.920454545455,2,9,0,10,3,10
400,WLNM_dir_neg_kfold,0.802469135802,0.467059256533,00:00:01,10,90,5,15350,threshold_sweep,0.4,1,0.222222222222,0.363636363636,2,0,7,18,0.222222222222,1,0,0.777777777778,1,0.222222222222,0.363636363636,0.740740740741,0.641975308642,0.275862068966,0.4,0.222222222222,94,85,9,0,94,0,85,0,9,23,88,0.173913043478,1.68507579377,7.65217391304,7.33333333333,5.5,3.63829000359,0.475458352741,0.249505928854,5.32278271304,1.39118184545,0.672924901186,3.27042079462,0.854769071322,0.442687747036,0.749191304359,0.444603920564,2.5,1.68507579377,0.749191304359,2.5,0.259446613992,0.18878248974,46,0.025974025974,0.333144633145,23,23,23,1,0,0.478260869565,0.217391304348,0.304347826087,23,0.156126482213,1.51874725516,6.86956521739,7.18181818182,4.9375,3.48117466886,0.506753274581,0.279031370391,4.88807535053,1.42311054509,0.682443588332,3.01249046708,0.877054186617,0.474408365438,0.564250615387,0.371523710393,1.5,1.51874725516,0.564250615387,1.5,0.204227518513,0.175879396985,35,0.0197628458498,0.318430155703,23,23,23,1,0,0.521739130435,0.173913043478,0.304347826087,23,81,0.160079051383,1.51715132693,7.04347826087,7.36363636364,5.0625,3.57361875249,0.507365625353,0.276972624799,5.06206538172,1.43737658987,0.689210950081,3.04316768602,0.864109342943,0.464841653247,0.562115661868,0.370507313205,1.5,1.51715132693,0.562115661868,1.5,0.217271617272,0.180952380952,38,0.0214568040655,0.323731521004,23,23,23,1,0,0.521739130435,0.173913043478,0.304347826087,-7,-0.0138339920949,-0.167924466838,-0.608695652174,0.030303030303,-0.4375,-0.0646712510973,0.031907272612,0.027466695945,-0.260717331319,0.0461947444178,0.0162860488947,-0.227253108608,0.00934027162073,0.0221539062119,-0.187075642491,-0.0740966073594,-1,-0.167924466838,-0.187075642491,-1,-0.0421749967205,-0.0078301087877,-8,-0.00451722190853,-0.00941311214038,0.0434782608696,-0.0434782608696,0,81,0,7,418,0.920454545455,1,0,0.0795454545455,1,0.920454545455,0.958579881657,0.951469451768,0.920454545455,0.920454545455,2,9,0,10,3,10
401,WLNM_dir_neg_kfold,0.802469135802,0.467059256533,00:00:01,10,90,5,15350,threshold_sweep,0.5,1,0.222222222222,0.363636363636,2,0,7,18,0.222222222222,1,0,0.777777777778,1,0.222222222222,0.363636363636,0.740740740741,0.641975308642,0.275862068966,0.4,0.222222222222,94,85,9,0,94,0,85,0,9,23,88,0.173913043478,1.68507579377,7.65217391304,7.33333333333,5.5,3.63829000359,0.475458352741,0.249505928854,5.32278271304,1.39118184545,0.672924901186,3.27042079462,0.854769071322,0.442687747036,0.749191304359,0.444603920564,2.5,1.68507579377,0.749191304359,2.5,0.259446613992,0.18878248974,46,0.025974025974,0.333144633145,23,23,23,1,0,0.478260869565,0.217391304348,0.304347826087,23,0.156126482213,1.51874725516,6.86956521739,7.18181818182,4.9375,3.48117466886,0.506753274581,0.279031370391,4.88807535053,1.42311054509,0.682443588332,3.01249046708,0.877054186617,0.474408365438,0.564250615387,0.371523710393,1.5,1.51874725516,0.564250615387,1.5,0.204227518513,0.175879396985,35,0.0197628458498,0.318430155703,23,23,23,1,0,0.521739130435,0.173913043478,0.304347826087,23,81,0.160079051383,1.51715132693,7.04347826087,7.36363636364,5.0625,3.57361875249,0.507365625353,0.276972624799,5.06206538172,1.43737658987,0.689210950081,3.04316768602,0.864109342943,0.464841653247,0.562115661868,0.370507313205,1.5,1.51715132693,0.562115661868,1.5,0.217271617272,0.180952380952,38,0.0214568040655,0.323731521004,23,23,23,1,0,0.521739130435,0.173913043478,0.304347826087,-7,-0.0138339920949,-0.167924466838,-0.608695652174,0.030303030303,-0.4375,-0.0646712510973,0.031907272612,0.027466695945,-0.260717331319,0.0461947444178,0.0162860488947,-0.227253108608,0.00934027162073,0.0221539062119,-0.187075642491,-0.0740966073594,-1,-0.167924466838,-0.187075642491,-1,-0.0421749967205,-0.0078301087877,-8,-0.00451722190853,-0.00941311214038,0.0434782608696,-0.0434782608696,0,81,0,7,418,0.920454545455,1,0,0.0795454545455,1,0.920454545455,0.958579881657,0.951469451768,0.920454545455,0.920454545455,2,9,0,10,3,10
402,WLNM_dir_neg_kfold,0.802469135802,0.467059256533,00:00:01,10,90,5,15350,threshold_sweep,0.6,1,0.222222222222,0.363636363636,2,0,7,18,0.222222222222,1,0,0.777777777778,1,0.222222222222,0.363636363636,0.740740740741,0.641975308642,0.275862068966,0.4,0.222222222222,94,85,9,0,94,0,85,0,9,23,88,0.173913043478,1.68507579377,7.65217391304,7.33333333333,5.5,3.63829000359,0.475458352741,0.249505928854,5.32278271304,1.39118184545,0.672924901186,3.27042079462,0.854769071322,0.442687747036,0.749191304359,0.444603920564,2.5,1.68507579377,0.749191304359,2.5,0.259446613992,0.18878248974,46,0.025974025974,0.333144633145,23,23,23,1,0,0.478260869565,0.217391304348,0.304347826087,23,0.156126482213,1.51874725516,6.86956521739,7.18181818182,4.9375,3.48117466886,0.506753274581,0.279031370391,4.88807535053,1.42311054509,0.682443588332,3.01249046708,0.877054186617,0.474408365438,0.564250615387,0.371523710393,1.5,1.51874725516,0.564250615387,1.5,0.204227518513,0.175879396985,35,0.0197628458498,0.318430155703,23,23,23,1,0,0.521739130435,0.173913043478,0.304347826087,23,81,0.160079051383,1.51715132693,7.04347826087,7.36363636364,5.0625,3.57361875249,0.507365625353,0.276972624799,5.06206538172,1.43737658987,0.689210950081,3.04316768602,0.864109342943,0.464841653247,0.562115661868,0.370507313205,1.5,1.51715132693,0.562115661868,1.5,0.217271617272,0.180952380952,38,0.0214568040655,0.323731521004,23,23,23,1,0,0.521739130435,0.173913043478,0.304347826087,-7,-0.0138339920949,-0.167924466838,-0.608695652174,0.030303030303,-0.4375,-0.0646712510973,0.031907272612,0.027466695945,-0.260717331319,0.0461947444178,0.0162860488947,-0.227253108608,0.00934027162073,0.0221539062119,-0.187075642491,-0.0740966073594,-1,-0.167924466838,-0.187075642491,-1,-0.0421749967205,-0.0078301087877,-8,-0.00451722190853,-0.00941311214038,0.0434782608696,-0.0434782608696,0,81,0,7,418,0.920454545455,1,0,0.0795454545455,1,0.920454545455,0.958579881657,0.951469451768,0.920454545455,0.920454545455,2,9,0,10,3,10
403,WLNM_dir_neg_kfold,0.802469135802,0.467059256533,00:00:01,10,90,5,15350,threshold_sweep,0.7,1,0.222222222222,0.363636363636,2,0,7,18,0.222222222222,1,0,0.777777777778,1,0.222222222222,0.363636363636,0.740740740741,0.641975308642,0.275862068966,0.4,0.222222222222,94,85,9,0,94,0,85,0,9,23,88,0.173913043478,1.68507579377,7.65217391304,7.33333333333,5.5,3.63829000359,0.475458352741,0.249505928854,5.32278271304,1.39118184545,0.672924901186,3.27042079462,0.854769071322,0.442687747036,0.749191304359,0.444603920564,2.5,1.68507579377,0.749191304359,2.5,0.259446613992,0.18878248974,46,0.025974025974,0.333144633145,23,23,23,1,0,0.478260869565,0.217391304348,0.304347826087,23,0.156126482213,1.51874725516,6.86956521739,7.18181818182,4.9375,3.48117466886,0.506753274581,0.279031370391,4.88807535053,1.42311054509,0.682443588332,3.01249046708,0.877054186617,0.474408365438,0.564250615387,0.371523710393,1.5,1.51874725516,0.564250615387,1.5,0.204227518513,0.175879396985,35,0.0197628458498,0.318430155703,23,23,23,1,0,0.521739130435,0.173913043478,0.304347826087,23,81,0.160079051383,1.51715132693,7.04347826087,7.36363636364,5.0625,3.57361875249,0.507365625353,0.276972624799,5.06206538172,1.43737658987,0.689210950081,3.04316768602,0.864109342943,0.464841653247,0.562115661868,0.370507313205,1.5,1.51715132693,0.562115661868,1.5,0.217271617272,0.180952380952,38,0.0214568040655,0.323731521004,23,23,23,1,0,0.521739130435,0.173913043478,0.304347826087,-7,-0.0138339920949,-0.167924466838,-0.608695652174,0.030303030303,-0.4375,-0.0646712510973,0.031907272612,0.027466695945,-0.260717331319,0.0461947444178,0.0162860488947,-0.227253108608,0.00934027162073,0.0221539062119,-0.187075642491,-0.0740966073594,-1,-0.167924466838,-0.187075642491,-1,-0.0421749967205,-0.0078301087877,-8,-0.00451722190853,-0.00941311214038,0.0434782608696,-0.0434782608696,0,81,0,7,418,0.920454545455,1,0,0.0795454545455,1,0.920454545455,0.958579881657,0.951469451768,0.920454545455,0.920454545455,2,9,0,10,3,10
404,WLNM_dir_neg_kfold,0.802469135802,0.467059256533,00:00:01,10,90,5,15350,threshold_sweep,0.8,1,0.222222222222,0.363636363636,2,0,7,18,0.222222222222,1,0,0.777777777778,1,0.222222222222,0.363636363636,0.740740740741,0.641975308642,0.275862068966,0.4,0.222222222222,94,85,9,0,94,0,85,0,9,23,88,0.173913043478,1.68507579377,7.65217391304,7.33333333333,5.5,3.63829000359,0.475458352741,0.249505928854,5.32278271304,1.39118184545,0.672924901186,3.27042079462,0.854769071322,0.442687747036,0.749191304359,0.444603920564,2.5,1.68507579377,0.749191304359,2.5,0.259446613992,0.18878248974,46,0.025974025974,0.333144633145,23,23,23,1,0,0.478260869565,0.217391304348,0.304347826087,23,0.156126482213,1.51874725516,6.86956521739,7.18181818182,4.9375,3.48117466886,0.506753274581,0.279031370391,4.88807535053,1.42311054509,0.682443588332,3.01249046708,0.877054186617,0.474408365438,0.564250615387,0.371523710393,1.5,1.51874725516,0.564250615387,1.5,0.204227518513,0.175879396985,35,0.0197628458498,0.318430155703,23,23,23,1,0,0.521739130435,0.173913043478,0.304347826087,23,81,0.160079051383,1.51715132693,7.04347826087,7.36363636364,5.0625,3.57361875249,0.507365625353,0.276972624799,5.06206538172,1.43737658987,0.689210950081,3.04316768602,0.864109342943,0.464841653247,0.562115661868,0.370507313205,1.5,1.51715132693,0.562115661868,1.5,0.217271617272,0.180952380952,38,0.0214568040655,0.323731521004,23,23,23,1,0,0.521739130435,0.173913043478,0.304347826087,-7,-0.0138339920949,-0.167924466838,-0.608695652174,0.030303030303,-0.4375,-0.0646712510973,0.031907272612,0.027466695945,-0.260717331319,0.0461947444178,0.0162860488947,-0.227253108608,0.00934027162073,0.0221539062119,-0.187075642491,-0.0740966073594,-1,-0.167924466838,-0.187075642491,-1,-0.0421749967205,-0.0078301087877,-8,-0.00451722190853,-0.00941311214038,0.0434782608696,-0.0434782608696,0,81,0,7,418,0.920454545455,1,0,0.0795454545455,1,0.920454545455,0.958579881657,0.951469451768,0.920454545455,0.920454545455,2,9,0,10,3,10
405,WLNM_dir_neg_kfold,0.802469135802,0.467059256533,00:00:01,10,90,5,15350,threshold_sweep,0.9,1,0.222222222222,0.363636363636,2,0,7,18,0.222222222222,1,0,0.777777777778,1,0.222222222222,0.363636363636,0.740740740741,0.641975308642,0.275862068966,0.4,0.222222222222,94,85,9,0,94,0,85,0,9,23,88,0.173913043478,1.68507579377,7.65217391304,7.33333333333,5.5,3.63829000359,0.475458352741,0.249505928854,5.32278271304,1.39118184545,0.672924901186,3.27042079462,0.854769071322,0.442687747036,0.749191304359,0.444603920564,2.5,1.68507579377,0.749191304359,2.5,0.259446613992,0.18878248974,46,0.025974025974,0.333144633145,23,23,23,1,0,0.478260869565,0.217391304348,0.304347826087,23,0.156126482213,1.51874725516,6.86956521739,7.18181818182,4.9375,3.48117466886,0.506753274581,0.279031370391,4.88807535053,1.42311054509,0.682443588332,3.01249046708,0.877054186617,0.474408365438,0.564250615387,0.371523710393,1.5,1.51874725516,0.564250615387,1.5,0.204227518513,0.175879396985,35,0.0197628458498,0.318430155703,23,23,23,1,0,0.521739130435,0.173913043478,0.304347826087,23,81,0.160079051383,1.51715132693,7.04347826087,7.36363636364,5.0625,3.57361875249,0.507365625353,0.276972624799,5.06206538172,1.43737658987,0.689210950081,3.04316768602,0.864109342943,0.464841653247,0.562115661868,0.370507313205,1.5,1.51715132693,0.562115661868,1.5,0.217271617272,0.180952380952,38,0.0214568040655,0.323731521004,23,23,23,1,0,0.521739130435,0.173913043478,0.304347826087,-7,-0.0138339920949,-0.167924466838,-0.608695652174,0.030303030303,-0.4375,-0.0646712510973,0.031907272612,0.027466695945,-0.260717331319,0.0461947444178,0.0162860488947,-0.227253108608,0.00934027162073,0.0221539062119,-0.187075642491,-0.0740966073594,-1,-0.167924466838,-0.187075642491,-1,-0.0421749967205,-0.0078301087877,-8,-0.00451722190853,-0.00941311214038,0.0434782608696,-0.0434782608696,0,81,0,7,418,0.920454545455,1,0,0.0795454545455,1,0.920454545455,0.958579881657,0.951469451768,0.920454545455,0.920454545455,2,9,0,10,3,10
406,WLNM_dir_neg_kfold,0.564814814815,0.344690049933,00:00:01,10,90,6,15351,threshold_sweep,0.1,1,0.333333333333,0.5,3,0,6,18,0.333333333333,1,0,0.666666666667,1,0.333333333333,0.5,0.777777777778,0.62962962963,0.4,0.5,0.333333333333,94,85,9,0,94,0,85,0,9,23,88,0.173913043478,1.68507579377,7.65217391304,7.33333333333,5.5,3.63829000359,0.475458352741,0.249505928854,5.32278271304,1.39118184545,0.672924901186,3.27042079462,0.854769071322,0.442687747036,0.749191304359,0.444603920564,2.5,1.68507579377,0.749191304359,2.5,0.259446613992,0.18878248974,46,0.025974025974,0.333144633145,23,23,23,1,0,0.478260869565,0.217391304348,0.304347826087,23,0.156126482213,1.51874725516,6.86956521739,7.18181818182,4.9375,3.48117466886,0.506753274581,0.279031370391,4.88807535053,1.42311054509,0.682443588332,3.01249046708,0.877054186617,0.474408365438,0.564250615387,0.371523710393,1.5,1.51874725516,0.564250615387,1.5,0.204227518513,0.175879396985,35,0.0197628458498,0.318430155703,23,23,23,1,0,0.521739130435,0.173913043478,0.304347826087,23,82,0.162055335968,1.51715132693,7.13043478261,7.45454545455,5.125,3.48117466886,0.488213520633,0.265111346766,5.04368269996,1.41469148901,0.683987274655,3.07225245998,0.861729348532,0.460233297985,0.562115661868,0.370507313205,1.5,1.51715132693,0.562115661868,1.5,0.204365331638,0.179245283019,38,0.0214568040655,0.334691772874,23,23,23,1,0,0.521739130435,0.173913043478,0.304347826087,-6,-0.0118577075099,-0.167924466838,-0.521739130435,0.121212121212,-0.375,-0.157115334728,0.0127551678911,0.0156054179119,-0.279100013085,0.0235096435583,0.0110623734696,-0.198168334643,0.0069602772092,0.0175455509496,-0.187075642491,-0.0740966073594,-1,-0.167924466838,-0.187075642491,-1,-0.055081282354,-0.00953720672121,-8,-0.00451722190853,0.00154713972896,0.0434782608696,-0.0434782608696,0,82,0,6,418,0.931818181818,1,0,0.0681818181818,1,0.931818181818,0.964705882353,0.958452959446,0.931818181818,0.931818181818,3,9,0,10,3,10
407,WLNM_dir_neg_kfold,0.564814814815,0.344690049933,00:00:01,10,90,6,15351,threshold_sweep,0.2,1,0.333333333333,0.5,3,0,6,18,0.333333333333,1,0,0.666666666667,1,0.333333333333,0.5,0.777777777778,0.62962962963,0.4,0.5,0.333333333333,94,85,9,0,94,0,85,0,9,23,88,0.173913043478,1.68507579377,7.65217391304,7.33333333333,5.5,3.63829000359,0.475458352741,0.249505928854,5.32278271304,1.39118184545,0.672924901186,3.27042079462,0.854769071322,0.442687747036,0.749191304359,0.444603920564,2.5,1.68507579377,0.749191304359,2.5,0.259446613992,0.18878248974,46,0.025974025974,0.333144633145,23,23,23,1,0,0.478260869565,0.217391304348,0.304347826087,23,0.156126482213,1.51874725516,6.86956521739,7.18181818182,4.9375,3.48117466886,0.506753274581,0.279031370391,4.88807535053,1.42311054509,0.682443588332,3.01249046708,0.877054186617,0.474408365438,0.564250615387,0.371523710393,1.5,1.51874725516,0.564250615387,1.5,0.204227518513,0.175879396985,35,0.0197628458498,0.318430155703,23,23,23,1,0,0.521739130435,0.173913043478,0.304347826087,23,82,0.162055335968,1.51715132693,7.13043478261,7.45454545455,5.125,3.48117466886,0.488213520633,0.265111346766,5.04368269996,1.41469148901,0.683987274655,3.07225245998,0.861729348532,0.460233297985,0.562115661868,0.370507313205,1.5,1.51715132693,0.562115661868,1.5,0.204365331638,0.179245283019,38,0.0214568040655,0.334691772874,23,23,23,1,0,0.521739130435,0.173913043478,0.304347826087,-6,-0.0118577075099,-0.167924466838,-0.521739130435,0.121212121212,-0.375,-0.157115334728,0.0127551678911,0.0156054179119,-0.279100013085,0.0235096435583,0.0110623734696,-0.198168334643,0.0069602772092,0.0175455509496,-0.187075642491,-0.0740966073594,-1,-0.167924466838,-0.187075642491,-1,-0.055081282354,-0.00953720672121,-8,-0.00451722190853,0.00154713972896,0.0434782608696,-0.0434782608696,0,82,0,6,418,0.931818181818,1,0,0.0681818181818,1,0.931818181818,0.964705882353,0.958452959446,0.931818181818,0.931818181818,3,9,0,10,3,10
408,WLNM_dir_neg_kfold,0.564814814815,0.344690049933,00:00:01,10,90,6,15351,threshold_sweep,0.3,1,0.222222222222,0.363636363636,2,0,7,18,0.222222222222,1,0,0.777777777778,1,0.222222222222,0.363636363636,0.740740740741,0.641975308642,0.275862068966,0.4,0.222222222222,94,85,9,0,94,0,85,0,9,23,88,0.173913043478,1.68507579377,7.65217391304,7.33333333333,5.5,3.63829000359,0.475458352741,0.249505928854,5.32278271304,1.39118184545,0.672924901186,3.27042079462,0.854769071322,0.442687747036,0.749191304359,0.444603920564,2.5,1.68507579377,0.749191304359,2.5,0.259446613992,0.18878248974,46,0.025974025974,0.333144633145,23,23,23,1,0,0.478260869565,0.217391304348,0.304347826087,23,0.156126482213,1.51874725516,6.86956521739,7.18181818182,4.9375,3.48117466886,0.506753274581,0.279031370391,4.88807535053,1.42311054509,0.682443588332,3.01249046708,0.877054186617,0.474408365438,0.564250615387,0.371523710393,1.5,1.51874725516,0.564250615387,1.5,0.204227518513,0.175879396985,35,0.0197628458498,0.318430155703,23,23,23,1,0,0.521739130435,0.173913043478,0.304347826087,23,81,0.160079051383,1.51715132693,7.04347826087,7.36363636364,5.0625,3.57361875249,0.507365625353,0.276972624799,5.06206538172,1.43737658987,0.689210950081,3.04316768602,0.864109342943,0.464841653247,0.562115661868,0.370507313205,1.5,1.51715132693,0.562115661868,1.5,0.217271617272,0.180952380952,38,0.0214568040655,0.323731521004,23,23,23,1,0,0.521739130435,0.173913043478,0.304347826087,-7,-0.0138339920949,-0.167924466838,-0.608695652174,0.030303030303,-0.4375,-0.0646712510973,0.031907272612,0.027466695945,-0.260717331319,0.0461947444178,0.0162860488947,-0.227253108608,0.00934027162073,0.0221539062119,-0.187075642491,-0.0740966073594,-1,-0.167924466838,-0.187075642491,-1,-0.0421749967205,-0.0078301087877,-8,-0.00451722190853,-0.00941311214038,0.0434782608696,-0.0434782608696,0,81,0,7,418,0.920454545455,1,0,0.0795454545455,1,0.920454545455,0.958579881657,0.951469451768,0.920454545455,0.920454545455,2,9,0,10,3,10
409,WLNM_dir_neg_kfold,0.564814814815,0.344690049933,00:00:01,10,90,6,15351,threshold_sweep,0.4,1,0.222222222222,0.363636363636,2,0,7,18,0.222222222222,1,0,0.777777777778,1,0.222222222222,0.363636363636,0.740740740741,0.641975308642,0.275862068966,0.4,0.222222222222,94,85,9,0,94,0,85,0,9,23,88,0.173913043478,1.68507579377,7.65217391304,7.33333333333,5.5,3.63829000359,0.475458352741,0.249505928854,5.32278271304,1.39118184545,0.672924901186,3.27042079462,0.854769071322,0.442687747036,0.749191304359,0.444603920564,2.5,1.68507579377,0.749191304359,2.5,0.259446613992,0.18878248974,46,0.025974025974,0.333144633145,23,23,23,1,0,0.478260869565,0.217391304348,0.304347826087,23,0.156126482213,1.51874725516,6.86956521739,7.18181818182,4.9375,3.48117466886,0.506753274581,0.279031370391,4.88807535053,1.42311054509,0.682443588332,3.01249046708,0.877054186617,0.474408365438,0.564250615387,0.371523710393,1.5,1.51874725516,0.564250615387,1.5,0.204227518513,0.175879396985,35,0.0197628458498,0.318430155703,23,23,23,1,0,0.521739130435,0.173913043478,0.304347826087,23,81,0.160079051383,1.51715132693,7.04347826087,7.36363636364,5.0625,3.57361875249,0.507365625353,0.276972624799,5.06206538172,1.43737658987,0.689210950081,3.04316768602,0.864109342943,0.464841653247,0.562115661868,0.370507313205,1.5,1.51715132693,0.562115661868,1.5,0.217271617272,0.180952380952,38,0.0214568040655,0.323731521004,23,23,23,1,0,0.521739130435,0.173913043478,0.304347826087,-7,-0.0138339920949,-0.167924466838,-0.608695652174,0.030303030303,-0.4375,-0.0646712510973,0.031907272612,0.027466695945,-0.260717331319,0.0461947444178,0.0162860488947,-0.227253108608,0.00934027162073,0.0221539062119,-0.187075642491,-0.0740966073594,-1,-0.167924466838,-0.187075642491,-1,-0.0421749967205,-0.0078301087877,-8,-0.00451722190853,-0.00941311214038,0.0434782608696,-0.0434782608696,0,81,0,7,418,0.920454545455,1,0,0.0795454545455,1,0.920454545455,0.958579881657,0.951469451768,0.920454545455,0.920454545455,2,9,0,10,3,10
410,WLNM_dir_neg_kfold,0.564814814815,0.344690049933,00:00:01,10,90,6,15351,threshold_sweep,0.5,1,0.222222222222,0.363636363636,2,0,7,18,0.222222222222,1,0,0.777777777778,1,0.222222222222,0.363636363636,0.740740740741,0.641975308642,0.275862068966,0.4,0.222222222222,94,85,9,0,94,0,85,0,9,23,88,0.173913043478,1.68507579377,7.65217391304,7.33333333333,5.5,3.63829000359,0.475458352741,0.249505928854,5.32278271304,1.39118184545,0.672924901186,3.27042079462,0.854769071322,0.442687747036,0.749191304359,0.444603920564,2.5,1.68507579377,0.749191304359,2.5,0.259446613992,0.18878248974,46,0.025974025974,0.333144633145,23,23,23,1,0,0.478260869565,0.217391304348,0.304347826087,23,0.156126482213,1.51874725516,6.86956521739,7.18181818182,4.9375,3.48117466886,0.506753274581,0.279031370391,4.88807535053,1.42311054509,0.682443588332,3.01249046708,0.877054186617,0.474408365438,0.564250615387,0.371523710393,1.5,1.51874725516,0.564250615387,1.5,0.204227518513,0.175879396985,35,0.0197628458498,0.318430155703,23,23,23,1,0,0.521739130435,0.173913043478,0.304347826087,23,81,0.160079051383,1.51715132693,7.04347826087,7.36363636364,5.0625,3.57361875249,0.507365625353,0.276972624799,5.06206538172,1.43737658987,0.689210950081,3.04316768602,0.864109342943,0.464841653247,0.562115661868,0.370507313205,1.5,1.51715132693,0.562115661868,1.5,0.217271617272,0.180952380952,38,0.0214568040655,0.323731521004,23,23,23,1,0,0.521739130435,0.173913043478,0.304347826087,-7,-0.0138339920949,-0.167924466838,-0.608695652174,0.030303030303,-0.4375,-0.0646712510973,0.031907272612,0.027466695945,-0.260717331319,0.0461947444178,0.0162860488947,-0.227253108608,0.00934027162073,0.0221539062119,-0.187075642491,-0.0740966073594,-1,-0.167924466838,-0.187075642491,-1,-0.0421749967205,-0.0078301087877,-8,-0.00451722190853,-0.00941311214038,0.0434782608696,-0.0434782608696,0,81,0,7,418,0.920454545455,1,0,0.0795454545455,1,0.920454545455,0.958579881657,0.951469451768,0.920454545455,0.920454545455,2,9,0,10,3,10
411,WLNM_dir_neg_kfold,0.564814814815,0.344690049933,00:00:01,10,90,6,15351,threshold_sweep,0.6,1,0.222222222222,0.363636363636,2,0,7,18,0.222222222222,1,0,0.777777777778,1,0.222222222222,0.363636363636,0.740740740741,0.641975308642,0.275862068966,0.4,0.222222222222,94,85,9,0,94,0,85,0,9,23,88,0.173913043478,1.68507579377,7.65217391304,7.33333333333,5.5,3.63829000359,0.475458352741,0.249505928854,5.32278271304,1.39118184545,0.672924901186,3.27042079462,0.854769071322,0.442687747036,0.749191304359,0.444603920564,2.5,1.68507579377,0.749191304359,2.5,0.259446613992,0.18878248974,46,0.025974025974,0.333144633145,23,23,23,1,0,0.478260869565,0.217391304348,0.304347826087,23,0.156126482213,1.51874725516,6.86956521739,7.18181818182,4.9375,3.48117466886,0.506753274581,0.279031370391,4.88807535053,1.42311054509,0.682443588332,3.01249046708,0.877054186617,0.474408365438,0.564250615387,0.371523710393,1.5,1.51874725516,0.564250615387,1.5,0.204227518513,0.175879396985,35,0.0197628458498,0.318430155703,23,23,23,1,0,0.521739130435,0.173913043478,0.304347826087,23,81,0.160079051383,1.51715132693,7.04347826087,7.36363636364,5.0625,3.57361875249,0.507365625353,0.276972624799,5.06206538172,1.43737658987,0.689210950081,3.04316768602,0.864109342943,0.464841653247,0.562115661868,0.370507313205,1.5,1.51715132693,0.562115661868,1.5,0.217271617272,0.180952380952,38,0.0214568040655,0.323731521004,23,23,23,1,0,0.521739130435,0.173913043478,0.304347826087,-7,-0.0138339920949,-0.167924466838,-0.608695652174,0.030303030303,-0.4375,-0.0646712510973,0.031907272612,0.027466695945,-0.260717331319,0.0461947444178,0.0162860488947,-0.227253108608,0.00934027162073,0.0221539062119,-0.187075642491,-0.0740966073594,-1,-0.167924466838,-0.187075642491,-1,-0.0421749967205,-0.0078301087877,-8,-0.00451722190853,-0.00941311214038,0.0434782608696,-0.0434782608696,0,81,0,7,418,0.920454545455,1,0,0.0795454545455,1,0.920454545455,0.958579881657,0.951469451768,0.920454545455,0.920454545455,2,9,0,10,3,10
412,WLNM_dir_neg_kfold,0.564814814815,0.344690049933,00:00:01,10,90,6,15351,threshold_sweep,0.7,1,0.222222222222,0.363636363636,2,0,7,18,0.222222222222,1,0,0.777777777778,1,0.222222222222,0.363636363636,0.740740740741,0.641975308642,0.275862068966,0.4,0.222222222222,94,85,9,0,94,0,85,0,9,23,88,0.173913043478,1.68507579377,7.65217391304,7.33333333333,5.5,3.63829000359,0.475458352741,0.249505928854,5.32278271304,1.39118184545,0.672924901186,3.27042079462,0.854769071322,0.442687747036,0.749191304359,0.444603920564,2.5,1.68507579377,0.749191304359,2.5,0.259446613992,0.18878248974,46,0.025974025974,0.333144633145,23,23,23,1,0,0.478260869565,0.217391304348,0.304347826087,23,0.156126482213,1.51874725516,6.86956521739,7.18181818182,4.9375,3.48117466886,0.506753274581,0.279031370391,4.88807535053,1.42311054509,0.682443588332,3.01249046708,0.877054186617,0.474408365438,0.564250615387,0.371523710393,1.5,1.51874725516,0.564250615387,1.5,0.204227518513,0.175879396985,35,0.0197628458498,0.318430155703,23,23,23,1,0,0.521739130435,0.173913043478,0.304347826087,23,81,0.160079051383,1.51715132693,7.04347826087,7.36363636364,5.0625,3.57361875249,0.507365625353,0.276972624799,5.06206538172,1.43737658987,0.689210950081,3.04316768602,0.864109342943,0.464841653247,0.562115661868,0.370507313205,1.5,1.51715132693,0.562115661868,1.5,0.217271617272,0.180952380952,38,0.0214568040655,0.323731521004,23,23,23,1,0,0.521739130435,0.173913043478,0.304347826087,-7,-0.0138339920949,-0.167924466838,-0.608695652174,0.030303030303,-0.4375,-0.0646712510973,0.031907272612,0.027466695945,-0.260717331319,0.0461947444178,0.0162860488947,-0.227253108608,0.00934027162073,0.0221539062119,-0.187075642491,-0.0740966073594,-1,-0.167924466838,-0.187075642491,-1,-0.0421749967205,-0.0078301087877,-8,-0.00451722190853,-0.00941311214038,0.0434782608696,-0.0434782608696,0,81,0,7,418,0.920454545455,1,0,0.0795454545455,1,0.920454545455,0.958579881657,0.951469451768,0.920454545455,0.920454545455,2,9,0,10,3,10
413,WLNM_dir_neg_kfold,0.564814814815,0.344690049933,00:00:01,10,90,6,15351,threshold_sweep,0.8,1,0.222222222222,0.363636363636,2,0,7,18,0.222222222222,1,0,0.777777777778,1,0.222222222222,0.363636363636,0.740740740741,0.641975308642,0.275862068966,0.4,0.222222222222,94,85,9,0,94,0,85,0,9,23,88,0.173913043478,1.68507579377,7.65217391304,7.33333333333,5.5,3.63829000359,0.475458352741,0.249505928854,5.32278271304,1.39118184545,0.672924901186,3.27042079462,0.854769071322,0.442687747036,0.749191304359,0.444603920564,2.5,1.68507579377,0.749191304359,2.5,0.259446613992,0.18878248974,46,0.025974025974,0.333144633145,23,23,23,1,0,0.478260869565,0.217391304348,0.304347826087,23,0.156126482213,1.51874725516,6.86956521739,7.18181818182,4.9375,3.48117466886,0.506753274581,0.279031370391,4.88807535053,1.42311054509,0.682443588332,3.01249046708,0.877054186617,0.474408365438,0.564250615387,0.371523710393,1.5,1.51874725516,0.564250615387,1.5,0.204227518513,0.175879396985,35,0.0197628458498,0.318430155703,23,23,23,1,0,0.521739130435,0.173913043478,0.304347826087,23,81,0.160079051383,1.51715132693,7.04347826087,7.36363636364,5.0625,3.57361875249,0.507365625353,0.276972624799,5.06206538172,1.43737658987,0.689210950081,3.04316768602,0.864109342943,0.464841653247,0.562115661868,0.370507313205,1.5,1.51715132693,0.562115661868,1.5,0.217271617272,0.180952380952,38,0.0214568040655,0.323731521004,23,23,23,1,0,0.521739130435,0.173913043478,0.304347826087,-7,-0.0138339920949,-0.167924466838,-0.608695652174,0.030303030303,-0.4375,-0.0646712510973,0.031907272612,0.027466695945,-0.260717331319,0.0461947444178,0.0162860488947,-0.227253108608,0.00934027162073,0.0221539062119,-0.187075642491,-0.0740966073594,-1,-0.167924466838,-0.187075642491,-1,-0.0421749967205,-0.0078301087877,-8,-0.00451722190853,-0.00941311214038,0.0434782608696,-0.0434782608696,0,81,0,7,418,0.920454545455,1,0,0.0795454545455,1,0.920454545455,0.958579881657,0.951469451768,0.920454545455,0.920454545455,2,9,0,10,3,10
414,WLNM_dir_neg_kfold,0.564814814815,0.344690049933,00:00:01,10,90,6,15351,threshold_sweep,0.9,1,0.222222222222,0.363636363636,2,0,7,18,0.222222222222,1,0,0.777777777778,1,0.222222222222,0.363636363636,0.740740740741,0.641975308642,0.275862068966,0.4,0.222222222222,94,85,9,0,94,0,85,0,9,23,88,0.173913043478,1.68507579377,7.65217391304,7.33333333333,5.5,3.63829000359,0.475458352741,0.249505928854,5.32278271304,1.39118184545,0.672924901186,3.27042079462,0.854769071322,0.442687747036,0.749191304359,0.444603920564,2.5,1.68507579377,0.749191304359,2.5,0.259446613992,0.18878248974,46,0.025974025974,0.333144633145,23,23,23,1,0,0.478260869565,0.217391304348,0.304347826087,23,0.156126482213,1.51874725516,6.86956521739,7.18181818182,4.9375,3.48117466886,0.506753274581,0.279031370391,4.88807535053,1.42311054509,0.682443588332,3.01249046708,0.877054186617,0.474408365438,0.564250615387,0.371523710393,1.5,1.51874725516,0.564250615387,1.5,0.204227518513,0.175879396985,35,0.0197628458498,0.318430155703,23,23,23,1,0,0.521739130435,0.173913043478,0.304347826087,23,81,0.160079051383,1.51715132693,7.04347826087,7.36363636364,5.0625,3.57361875249,0.507365625353,0.276972624799,5.06206538172,1.43737658987,0.689210950081,3.04316768602,0.864109342943,0.464841653247,0.562115661868,0.370507313205,1.5,1.51715132693,0.562115661868,1.5,0.217271617272,0.180952380952,38,0.0214568040655,0.323731521004,23,23,23,1,0,0.521739130435,0.173913043478,0.304347826087,-7,-0.0138339920949,-0.167924466838,-0.608695652174,0.030303030303,-0.4375,-0.0646712510973,0.031907272612,0.027466695945,-0.260717331319,0.0461947444178,0.0162860488947,-0.227253108608,0.00934027162073,0.0221539062119,-0.187075642491,-0.0740966073594,-1,-0.167924466838,-0.187075642491,-1,-0.0421749967205,-0.0078301087877,-8,-0.00451722190853,-0.00941311214038,0.0434782608696,-0.0434782608696,0,81,0,7,418,0.920454545455,1,0,0.0795454545455,1,0.920454545455,0.958579881657,0.951469451768,0.920454545455,0.920454545455,2,9,0,10,3,10
415,WLNM_dir_neg_kfold,0.842592592593,0.586616161616,00:00:01,10,90,7,15352,threshold_sweep,0.1,0.75,0.333333333333,0.461538461538,3,1,6,17,0.333333333333,0.944444444444,0.0555555555556,0.666666666667,0.75,0.333333333333,0.461538461538,0.740740740741,0.617283950617,0.322580645161,0.368604890387,0.277777777778,94,85,9,0,94,0,85,0,9,23,88,0.173913043478,1.68507579377,7.65217391304,7.33333333333,5.5,3.63829000359,0.475458352741,0.249505928854,5.32278271304,1.39118184545,0.672924901186,3.27042079462,0.854769071322,0.442687747036,0.749191304359,0.444603920564,2.5,1.68507579377,0.749191304359,2.5,0.259446613992,0.18878248974,46,0.025974025974,0.333144633145,23,23,23,1,0,0.478260869565,0.217391304348,0.304347826087,23,0.156126482213,1.51874725516,6.86956521739,7.18181818182,4.9375,3.48117466886,0.506753274581,0.279031370391,4.88807535053,1.42311054509,0.682443588332,3.01249046708,0.877054186617,0.474408365438,0.564250615387,0.371523710393,1.5,1.51874725516,0.564250615387,1.5,0.204227518513,0.175879396985,35,0.0197628458498,0.318430155703,23,23,23,1,0,0.521739130435,0.173913043478,0.304347826087,23,83,0.164031620553,1.52219791078,7.21739130435,7.54545454545,4.88235294118,3.57969680965,0.495982088084,0.269774751179,5.09669349529,1.41233675171,0.6809848088,3.02623574211,0.838595446608,0.449449973808,0.567204434264,0.372622002859,1.5,1.52219791078,0.567204434264,1.5,0.233192565011,0.2100456621,46,0.025974025974,0.328515726698,23,23,23,1,0,0.521739130435,0.217391304348,0.260869565217,-5,-0.0098814229249,-0.162877882987,-0.434782608696,0.212121212121,-0.617647058824,-0.0585931939374,0.0205237353425,0.0202688223249,-0.226089217749,0.0211549062536,0.00805990761465,-0.244185052519,-0.0161736247147,0.0067622267727,-0.181986870095,-0.0719819177057,-1,-0.162877882987,-0.181986870095,-1,-0.0262540489813,0.0212631723604,0,0,-0.00462890644709,0.0434782608696,0,-0.0434782608696,82,1,6,417,0.931818181818,0.997607655502,0.00239234449761,0.0681818181818,0.987951807229,0.931818181818,0.959064327485,0.951338315457,0.929425837321,0.921348314607,4,9,0,10,3,10
416,WLNM_dir_neg_kfold,0.842592592593,0.586616161616,00:00:01,10,90,7,15352,threshold_sweep,0.2,0.75,0.333333333333,0.461538461538,3,1,6,17,0.333333333333,0.944444444444,0.0555555555556,0.666666666667,0.75,0.333333333333,0.461538461538,0.740740740741,0.617283950617,0.322580645161,0.368604890387,0.277777777778,94,85,9,0,94,0,85,0,9,23,88,0.173913043478,1.68507579377,7.65217391304,7.33333333333,5.5,3.63829000359,0.475458352741,0.249505928854,5.32278271304,1.39118184545,0.672924901186,3.27042079462,0.854769071322,0.442687747036,0.749191304359,0.444603920564,2.5,1.68507579377,0.749191304359,2.5,0.259446613992,0.18878248974,46,0.025974025974,0.333144633145,23,23,23,1,0,0.478260869565,0.217391304348,0.304347826087,23,0.156126482213,1.51874725516,6.86956521739,7.18181818182,4.9375,3.48117466886,0.506753274581,0.279031370391,4.88807535053,1.42311054509,0.682443588332,3.01249046708,0.877054186617,0.474408365438,0.564250615387,0.371523710393,1.5,1.51874725516,0.564250615387,1.5,0.204227518513,0.175879396985,35,0.0197628458498,0.318430155703,23,23,23,1,0,0.521739130435,0.173913043478,0.304347826087,23,83,0.164031620553,1.52219791078,7.21739130435,7.54545454545,4.88235294118,3.57969680965,0.495982088084,0.269774751179,5.09669349529,1.41233675171,0.6809848088,3.02623574211,0.838595446608,0.449449973808,0.567204434264,0.372622002859,1.5,1.52219791078,0.567204434264,1.5,0.233192565011,0.2100456621,46,0.025974025974,0.328515726698,23,23,23,1,0,0.521739130435,0.217391304348,0.260869565217,-5,-0.0098814229249,-0.162877882987,-0.434782608696,0.212121212121,-0.617647058824,-0.0585931939374,0.0205237353425,0.0202688223249,-0.226089217749,0.0211549062536,0.00805990761465,-0.244185052519,-0.0161736247147,0.0067622267727,-0.181986870095,-0.0719819177057,-1,-0.162877882987,-0.181986870095,-1,-0.0262540489813,0.0212631723604,0,0,-0.00462890644709,0.0434782608696,0,-0.0434782608696,82,1,6,417,0.931818181818,0.997607655502,0.00239234449761,0.0681818181818,0.987951807229,0.931818181818,0.959064327485,0.951338315457,0.929425837321,0.921348314607,4,9,0,10,3,10
417,WLNM_dir_neg_kfold,0.842592592593,0.586616161616,00:00:01,10,90,7,15352,threshold_sweep,0.3,0.75,0.333333333333,0.461538461538,3,1,6,17,0.333333333333,0.944444444444,0.0555555555556,0.666666666667,0.75,0.333333333333,0.461538461538,0.740740740741,0.617283950617,0.322580645161,0.368604890387,0.277777777778,94,85,9,0,94,0,85,0,9,23,88,0.173913043478,1.68507579377,7.65217391304,7.33333333333,5.5,3.63829000359,0.475458352741,0.249505928854,5.32278271304,1.39118184545,0.672924901186,3.27042079462,0.854769071322,0.442687747036,0.749191304359,0.444603920564,2.5,1.68507579377,0.749191304359,2.5,0.259446613992,0.18878248974,46,0.025974025974,0.333144633145,23,23,23,1,0,0.478260869565,0.217391304348,0.304347826087,23,0.156126482213,1.51874725516,6.86956521739,7.18181818182,4.9375,3.48117466886,0.506753274581,0.279031370391,4.88807535053,1.42311054509,0.682443588332,3.01249046708,0.877054186617,0.474408365438,0.564250615387,0.371523710393,1.5,1.51874725516,0.564250615387,1.5,0.204227518513,0.175879396985,35,0.0197628458498,0.318430155703,23,23,23,1,0,0.521739130435,0.173913043478,0.304347826087,23,83,0.164031620553,1.52219791078,7.21739130435,7.54545454545,4.88235294118,3.57969680965,0.495982088084,0.269774751179,5.09669349529,1.41233675171,0.6809848088,3.02623574211,0.838595446608,0.449449973808,0.567204434264,0.372622002859,1.5,1.52219791078,0.567204434264,1.5,0.233192565011,0.2100456621,46,0.025974025974,0.328515726698,23,23,23,1,0,0.521739130435,0.217391304348,0.260869565217,-5,-0.0098814229249,-0.162877882987,-0.434782608696,0.212121212121,-0.617647058824,-0.0585931939374,0.0205237353425,0.0202688223249,-0.226089217749,0.0211549062536,0.00805990761465,-0.244185052519,-0.0161736247147,0.0067622267727,-0.181986870095,-0.0719819177057,-1,-0.162877882987,-0.181986870095,-1,-0.0262540489813,0.0212631723604,0,0,-0.00462890644709,0.0434782608696,0,-0.0434782608696,82,1,6,417,0.931818181818,0.997607655502,0.00239234449761,0.0681818181818,0.987951807229,0.931818181818,0.959064327485,0.951338315457,0.929425837321,0.921348314607,4,9,0,10,3,10
418,WLNM_dir_neg_kfold,0.842592592593,0.586616161616,00:00:01,10,90,7,15352,threshold_sweep,0.4,0.75,0.333333333333,0.461538461538,3,1,6,17,0.333333333333,0.944444444444,0.0555555555556,0.666666666667,0.75,0.333333333333,0.461538461538,0.740740740741,0.617283950617,0.322580645161,0.368604890387,0.277777777778,94,85,9,0,94,0,85,0,9,23,88,0.173913043478,1.68507579377,7.65217391304,7.33333333333,5.5,3.63829000359,0.475458352741,0.249505928854,5.32278271304,1.39118184545,0.672924901186,3.27042079462,0.854769071322,0.442687747036,0.749191304359,0.444603920564,2.5,1.68507579377,0.749191304359,2.5,0.259446613992,0.18878248974,46,0.025974025974,0.333144633145,23,23,23,1,0,0.478260869565,0.217391304348,0.304347826087,23,0.156126482213,1.51874725516,6.86956521739,7.18181818182,4.9375,3.48117466886,0.506753274581,0.279031370391,4.88807535053,1.42311054509,0.682443588332,3.01249046708,0.877054186617,0.474408365438,0.564250615387,0.371523710393,1.5,1.51874725516,0.564250615387,1.5,0.204227518513,0.175879396985,35,0.0197628458498,0.318430155703,23,23,23,1,0,0.521739130435,0.173913043478,0.304347826087,23,83,0.164031620553,1.52219791078,7.21739130435,7.54545454545,4.88235294118,3.57969680965,0.495982088084,0.269774751179,5.09669349529,1.41233675171,0.6809848088,3.02623574211,0.838595446608,0.449449973808,0.567204434264,0.372622002859,1.5,1.52219791078,0.567204434264,1.5,0.233192565011,0.2100456621,46,0.025974025974,0.328515726698,23,23,23,1,0,0.521739130435,0.217391304348,0.260869565217,-5,-0.0098814229249,-0.162877882987,-0.434782608696,0.212121212121,-0.617647058824,-0.0585931939374,0.0205237353425,0.0202688223249,-0.226089217749,0.0211549062536,0.00805990761465,-0.244185052519,-0.0161736247147,0.0067622267727,-0.181986870095,-0.0719819177057,-1,-0.162877882987,-0.181986870095,-1,-0.0262540489813,0.0212631723604,0,0,-0.00462890644709,0.0434782608696,0,-0.0434782608696,82,1,6,417,0.931818181818,0.997607655502,0.00239234449761,0.0681818181818,0.987951807229,0.931818181818,0.959064327485,0.951338315457,0.929425837321,0.921348314607,4,9,0,10,3,10
419,WLNM_dir_neg_kfold,0.842592592593,0.586616161616,00:00:01,10,90,7,15352,threshold_sweep,0.5,0.75,0.333333333333,0.461538461538,3,1,6,17,0.333333333333,0.944444444444,0.0555555555556,0.666666666667,0.75,0.333333333333,0.461538461538,0.740740740741,0.617283950617,0.322580645161,0.368604890387,0.277777777778,94,85,9,0,94,0,85,0,9,23,88,0.173913043478,1.68507579377,7.65217391304,7.33333333333,5.5,3.63829000359,0.475458352741,0.249505928854,5.32278271304,1.39118184545,0.672924901186,3.27042079462,0.854769071322,0.442687747036,0.749191304359,0.444603920564,2.5,1.68507579377,0.749191304359,2.5,0.259446613992,0.18878248974,46,0.025974025974,0.333144633145,23,23,23,1,0,0.478260869565,0.217391304348,0.304347826087,23,0.156126482213,1.51874725516,6.86956521739,7.18181818182,4.9375,3.48117466886,0.506753274581,0.279031370391,4.88807535053,1.42311054509,0.682443588332,3.01249046708,0.877054186617,0.474408365438,0.564250615387,0.371523710393,1.5,1.51874725516,0.564250615387,1.5,0.204227518513,0.175879396985,35,0.0197628458498,0.318430155703,23,23,23,1,0,0.521739130435,0.173913043478,0.304347826087,23,83,0.164031620553,1.52219791078,7.21739130435,7.54545454545,4.88235294118,3.57969680965,0.495982088084,0.269774751179,5.09669349529,1.41233675171,0.6809848088,3.02623574211,0.838595446608,0.449449973808,0.567204434264,0.372622002859,1.5,1.52219791078,0.567204434264,1.5,0.233192565011,0.2100456621,46,0.025974025974,0.328515726698,23,23,23,1,0,0.521739130435,0.217391304348,0.260869565217,-5,-0.0098814229249,-0.162877882987,-0.434782608696,0.212121212121,-0.617647058824,-0.0585931939374,0.0205237353425,0.0202688223249,-0.226089217749,0.0211549062536,0.00805990761465,-0.244185052519,-0.0161736247147,0.0067622267727,-0.181986870095,-0.0719819177057,-1,-0.162877882987,-0.181986870095,-1,-0.0262540489813,0.0212631723604,0,0,-0.00462890644709,0.0434782608696,0,-0.0434782608696,82,1,6,417,0.931818181818,0.997607655502,0.00239234449761,0.0681818181818,0.987951807229,0.931818181818,0.959064327485,0.951338315457,0.929425837321,0.921348314607,4,9,0,10,3,10
420,WLNM_dir_neg_kfold,0.842592592593,0.586616161616,00:00:01,10,90,7,15352,threshold_sweep,0.6,0.75,0.333333333333,0.461538461538,3,1,6,17,0.333333333333,0.944444444444,0.0555555555556,0.666666666667,0.75,0.333333333333,0.461538461538,0.740740740741,0.617283950617,0.322580645161,0.368604890387,0.277777777778,94,85,9,0,94,0,85,0,9,23,88,0.173913043478,1.68507579377,7.65217391304,7.33333333333,5.5,3.63829000359,0.475458352741,0.249505928854,5.32278271304,1.39118184545,0.672924901186,3.27042079462,0.854769071322,0.442687747036,0.749191304359,0.444603920564,2.5,1.68507579377,0.749191304359,2.5,0.259446613992,0.18878248974,46,0.025974025974,0.333144633145,23,23,23,1,0,0.478260869565,0.217391304348,0.304347826087,23,0.156126482213,1.51874725516,6.86956521739,7.18181818182,4.9375,3.48117466886,0.506753274581,0.279031370391,4.88807535053,1.42311054509,0.682443588332,3.01249046708,0.877054186617,0.474408365438,0.564250615387,0.371523710393,1.5,1.51874725516,0.564250615387,1.5,0.204227518513,0.175879396985,35,0.0197628458498,0.318430155703,23,23,23,1,0,0.521739130435,0.173913043478,0.304347826087,23,83,0.164031620553,1.52219791078,7.21739130435,7.54545454545,4.88235294118,3.57969680965,0.495982088084,0.269774751179,5.09669349529,1.41233675171,0.6809848088,3.02623574211,0.838595446608,0.449449973808,0.567204434264,0.372622002859,1.5,1.52219791078,0.567204434264,1.5,0.233192565011,0.2100456621,46,0.025974025974,0.328515726698,23,23,23,1,0,0.521739130435,0.217391304348,0.260869565217,-5,-0.0098814229249,-0.162877882987,-0.434782608696,0.212121212121,-0.617647058824,-0.0585931939374,0.0205237353425,0.0202688223249,-0.226089217749,0.0211549062536,0.00805990761465,-0.244185052519,-0.0161736247147,0.0067622267727,-0.181986870095,-0.0719819177057,-1,-0.162877882987,-0.181986870095,-1,-0.0262540489813,0.0212631723604,0,0,-0.00462890644709,0.0434782608696,0,-0.0434782608696,82,1,6,417,0.931818181818,0.997607655502,0.00239234449761,0.0681818181818,0.987951807229,0.931818181818,0.959064327485,0.951338315457,0.929425837321,0.921348314607,4,9,0,10,3,10
421,WLNM_dir_neg_kfold,0.842592592593,0.586616161616,00:00:01,10,90,7,15352,threshold_sweep,0.7,0.75,0.333333333333,0.461538461538,3,1,6,17,0.333333333333,0.944444444444,0.0555555555556,0.666666666667,0.75,0.333333333333,0.461538461538,0.740740740741,0.617283950617,0.322580645161,0.368604890387,0.277777777778,94,85,9,0,94,0,85,0,9,23,88,0.173913043478,1.68507579377,7.65217391304,7.33333333333,5.5,3.63829000359,0.475458352741,0.249505928854,5.32278271304,1.39118184545,0.672924901186,3.27042079462,0.854769071322,0.442687747036,0.749191304359,0.444603920564,2.5,1.68507579377,0.749191304359,2.5,0.259446613992,0.18878248974,46,0.025974025974,0.333144633145,23,23,23,1,0,0.478260869565,0.217391304348,0.304347826087,23,0.156126482213,1.51874725516,6.86956521739,7.18181818182,4.9375,3.48117466886,0.506753274581,0.279031370391,4.88807535053,1.42311054509,0.682443588332,3.01249046708,0.877054186617,0.474408365438,0.564250615387,0.371523710393,1.5,1.51874725516,0.564250615387,1.5,0.204227518513,0.175879396985,35,0.0197628458498,0.318430155703,23,23,23,1,0,0.521739130435,0.173913043478,0.304347826087,23,83,0.164031620553,1.52219791078,7.21739130435,7.54545454545,4.88235294118,3.57969680965,0.495982088084,0.269774751179,5.09669349529,1.41233675171,0.6809848088,3.02623574211,0.838595446608,0.449449973808,0.567204434264,0.372622002859,1.5,1.52219791078,0.567204434264,1.5,0.233192565011,0.2100456621,46,0.025974025974,0.328515726698,23,23,23,1,0,0.521739130435,0.217391304348,0.260869565217,-5,-0.0098814229249,-0.162877882987,-0.434782608696,0.212121212121,-0.617647058824,-0.0585931939374,0.0205237353425,0.0202688223249,-0.226089217749,0.0211549062536,0.00805990761465,-0.244185052519,-0.0161736247147,0.0067622267727,-0.181986870095,-0.0719819177057,-1,-0.162877882987,-0.181986870095,-1,-0.0262540489813,0.0212631723604,0,0,-0.00462890644709,0.0434782608696,0,-0.0434782608696,82,1,6,417,0.931818181818,0.997607655502,0.00239234449761,0.0681818181818,0.987951807229,0.931818181818,0.959064327485,0.951338315457,0.929425837321,0.921348314607,4,9,0,10,3,10
422,WLNM_dir_neg_kfold,0.842592592593,0.586616161616,00:00:01,10,90,7,15352,threshold_sweep,0.8,0.666666666667,0.222222222222,0.333333333333,2,1,7,17,0.222222222222,0.944444444444,0.0555555555556,0.777777777778,0.666666666667,0.222222222222,0.333333333333,0.703703703704,0.62962962963,0.2,0.25,0.166666666667,94,85,9,0,94,0,85,0,9,23,88,0.173913043478,1.68507579377,7.65217391304,7.33333333333,5.5,3.63829000359,0.475458352741,0.249505928854,5.32278271304,1.39118184545,0.672924901186,3.27042079462,0.854769071322,0.442687747036,0.749191304359,0.444603920564,2.5,1.68507579377,0.749191304359,2.5,0.259446613992,0.18878248974,46,0.025974025974,0.333144633145,23,23,23,1,0,0.478260869565,0.217391304348,0.304347826087,23,0.156126482213,1.51874725516,6.86956521739,7.18181818182,4.9375,3.48117466886,0.506753274581,0.279031370391,4.88807535053,1.42311054509,0.682443588332,3.01249046708,0.877054186617,0.474408365438,0.564250615387,0.371523710393,1.5,1.51874725516,0.564250615387,1.5,0.204227518513,0.175879396985,35,0.0197628458498,0.318430155703,23,23,23,1,0,0.521739130435,0.173913043478,0.304347826087,23,82,0.162055335968,1.52219791078,7.13043478261,7.45454545455,4.82352941176,3.67181337199,0.514949436316,0.281548250265,5.1152720265,1.43477142207,0.686108165429,2.99736379562,0.840723991456,0.453870625663,0.567204434264,0.372622002859,1.5,1.52219791078,0.567204434264,1.5,0.24905887763,0.21198156682,46,0.025974025974,0.317720764084,23,23,23,1,0,0.521739130435,0.217391304348,0.260869565217,-6,-0.0118577075099,-0.162877882987,-0.521739130435,0.121212121212,-0.676470588235,0.0335233684049,0.0394910835745,0.0320423214114,-0.207510686539,0.0435895766137,0.0131832642437,-0.273056999,-0.0140450798667,0.0111828786272,-0.181986870095,-0.0719819177057,-1,-0.162877882987,-0.181986870095,-1,-0.0103877363618,0.0231990770802,0,0,-0.0154238690602,0.0434782608696,0,-0.0434782608696,81,1,7,417,0.920454545455,0.997607655502,0.00239234449761,0.0795454545455,0.987804878049,0.920454545455,0.952941176471,0.944303782253,0.918062200957,0.910112359551,3,9,0,10,3,10
423,WLNM_dir_neg_kfold,0.842592592593,0.586616161616,00:00:01,10,90,7,15352,threshold_sweep,0.9,0,0,0,0,1,9,17,0,0.944444444444,0.0555555555556,1,0,0,0,0.62962962963,0.654320987654,-0.0714285714286,-0.138675049056,-0.0555555555556,94,85,9,0,94,0,85,0,9,23,88,0.173913043478,1.68507579377,7.65217391304,7.33333333333,5.5,3.63829000359,0.475458352741,0.249505928854,5.32278271304,1.39118184545,0.672924901186,3.27042079462,0.854769071322,0.442687747036,0.749191304359,0.444603920564,2.5,1.68507579377,0.749191304359,2.5,0.259446613992,0.18878248974,46,0.025974025974,0.333144633145,23,23,23,1,0,0.478260869565,0.217391304348,0.304347826087,23,0.156126482213,1.51874725516,6.86956521739,7.18181818182,4.9375,3.48117466886,0.506753274581,0.279031370391,4.88807535053,1.42311054509,0.682443588332,3.01249046708,0.877054186617,0.474408365438,0.564250615387,0.371523710393,1.5,1.51874725516,0.564250615387,1.5,0.204227518513,0.175879396985,35,0.0197628458498,0.318430155703,23,23,23,1,0,0.521739130435,0.173913043478,0.304347826087,23,80,0.158102766798,1.52384991217,6.95652173913,7.27272727273,4.70588235294,3.58631566919,0.515532877446,0.283695652174,4.94395466677,1.4213869667,0.679347826087,2.96754513204,0.85316922546,0.463043478261,0.569404538341,0.373661824433,1.5,1.52384991217,0.569404538341,1.5,0.237746380604,0.208737864078,43,0.0242800677583,0.312419398783,23,23,23,1,0,0.521739130435,0.217391304348,0.260869565217,-8,-0.0158102766798,-0.161225881606,-0.695652173913,-0.0606060606061,-0.794117647059,-0.0519743344002,0.0400745247041,0.0341897233202,-0.378828046278,0.0302051212406,0.00642292490119,-0.302875662588,-0.00159984586192,0.0203557312253,-0.179786766017,-0.0709420961315,-1,-0.161225881606,-0.179786766017,-1,-0.0217002333885,0.0199553743376,-3,-0.0016939582157,-0.0207252343616,0.0434782608696,0,-0.0434782608696,79,1,9,417,0.897727272727,0.997607655502,0.00239234449761,0.102272727273,0.9875,0.897727272727,0.940476190476,0.93017617416,0.89533492823,0.887640449438,1,9,0,10,3,10
424,WLNM_dir_neg_kfold,0.740740740741,0.34880952381,00:00:01,10,90,8,15353,threshold_sweep,0.1,1,0.222222222222,0.363636363636,2,0,7,18,0.222222222222,1,0,0.777777777778,1,0.222222222222,0.363636363636,0.740740740741,0.641975308642,0.275862068966,0.4,0.222222222222,94,85,9,0,94,0,85,0,9,23,88,0.173913043478,1.68507579377,7.65217391304,7.33333333333,5.5,3.63829000359,0.475458352741,0.249505928854,5.32278271304,1.39118184545,0.672924901186,3.27042079462,0.854769071322,0.442687747036,0.749191304359,0.444603920564,2.5,1.68507579377,0.749191304359,2.5,0.259446613992,0.18878248974,46,0.025974025974,0.333144633145,23,23,23,1,0,0.478260869565,0.217391304348,0.304347826087,23,0.156126482213,1.51874725516,6.86956521739,7.18181818182,4.9375,3.48117466886,0.506753274581,0.279031370391,4.88807535053,1.42311054509,0.682443588332,3.01249046708,0.877054186617,0.474408365438,0.564250615387,0.371523710393,1.5,1.51874725516,0.564250615387,1.5,0.204227518513,0.175879396985,35,0.0197628458498,0.318430155703,23,23,23,1,0,0.521739130435,0.173913043478,0.304347826087,23,81,0.160079051383,1.51715132693,7.04347826087,7.36363636364,5.0625,3.57361875249,0.507365625353,0.276972624799,5.06206538172,1.43737658987,0.689210950081,3.04316768602,0.864109342943,0.464841653247,0.562115661868,0.370507313205,1.5,1.51715132693,0.562115661868,1.5,0.217271617272,0.180952380952,38,0.0214568040655,0.323731521004,23,23,23,1,0,0.521739130435,0.173913043478,0.304347826087,-7,-0.0138339920949,-0.167924466838,-0.608695652174,0.030303030303,-0.4375,-0.0646712510973,0.031907272612,0.027466695945,-0.260717331319,0.0461947444178,0.0162860488947,-0.227253108608,0.00934027162073,0.0221539062119,-0.187075642491,-0.0740966073594,-1,-0.167924466838,-0.187075642491,-1,-0.0421749967205,-0.0078301087877,-8,-0.00451722190853,-0.00941311214038,0.0434782608696,-0.0434782608696,0,81,0,7,418,0.920454545455,1,0,0.0795454545455,1,0.920454545455,0.958579881657,0.951469451768,0.920454545455,0.920454545455,2,9,0,10,3,10
425,WLNM_dir_neg_kfold,0.740740740741,0.34880952381,00:00:01,10,90,8,15353,threshold_sweep,0.2,1,0.222222222222,0.363636363636,2,0,7,18,0.222222222222,1,0,0.777777777778,1,0.222222222222,0.363636363636,0.740740740741,0.641975308642,0.275862068966,0.4,0.222222222222,94,85,9,0,94,0,85,0,9,23,88,0.173913043478,1.68507579377,7.65217391304,7.33333333333,5.5,3.63829000359,0.475458352741,0.249505928854,5.32278271304,1.39118184545,0.672924901186,3.27042079462,0.854769071322,0.442687747036,0.749191304359,0.444603920564,2.5,1.68507579377,0.749191304359,2.5,0.259446613992,0.18878248974,46,0.025974025974,0.333144633145,23,23,23,1,0,0.478260869565,0.217391304348,0.304347826087,23,0.156126482213,1.51874725516,6.86956521739,7.18181818182,4.9375,3.48117466886,0.506753274581,0.279031370391,4.88807535053,1.42311054509,0.682443588332,3.01249046708,0.877054186617,0.474408365438,0.564250615387,0.371523710393,1.5,1.51874725516,0.564250615387,1.5,0.204227518513,0.175879396985,35,0.0197628458498,0.318430155703,23,23,23,1,0,0.521739130435,0.173913043478,0.304347826087,23,81,0.160079051383,1.51715132693,7.04347826087,7.36363636364,5.0625,3.57361875249,0.507365625353,0.276972624799,5.06206538172,1.43737658987,0.689210950081,3.04316768602,0.864109342943,0.464841653247,0.562115661868,0.370507313205,1.5,1.51715132693,0.562115661868,1.5,0.217271617272,0.180952380952,38,0.0214568040655,0.323731521004,23,23,23,1,0,0.521739130435,0.173913043478,0.304347826087,-7,-0.0138339920949,-0.167924466838,-0.608695652174,0.030303030303,-0.4375,-0.0646712510973,0.031907272612,0.027466695945,-0.260717331319,0.0461947444178,0.0162860488947,-0.227253108608,0.00934027162073,0.0221539062119,-0.187075642491,-0.0740966073594,-1,-0.167924466838,-0.187075642491,-1,-0.0421749967205,-0.0078301087877,-8,-0.00451722190853,-0.00941311214038,0.0434782608696,-0.0434782608696,0,81,0,7,418,0.920454545455,1,0,0.0795454545455,1,0.920454545455,0.958579881657,0.951469451768,0.920454545455,0.920454545455,2,9,0,10,3,10
426,WLNM_dir_neg_kfold,0.740740740741,0.34880952381,00:00:01,10,90,8,15353,threshold_sweep,0.3,1,0.222222222222,0.363636363636,2,0,7,18,0.222222222222,1,0,0.777777777778,1,0.222222222222,0.363636363636,0.740740740741,0.641975308642,0.275862068966,0.4,0.222222222222,94,85,9,0,94,0,85,0,9,23,88,0.173913043478,1.68507579377,7.65217391304,7.33333333333,5.5,3.63829000359,0.475458352741,0.249505928854,5.32278271304,1.39118184545,0.672924901186,3.27042079462,0.854769071322,0.442687747036,0.749191304359,0.444603920564,2.5,1.68507579377,0.749191304359,2.5,0.259446613992,0.18878248974,46,0.025974025974,0.333144633145,23,23,23,1,0,0.478260869565,0.217391304348,0.304347826087,23,0.156126482213,1.51874725516,6.86956521739,7.18181818182,4.9375,3.48117466886,0.506753274581,0.279031370391,4.88807535053,1.42311054509,0.682443588332,3.01249046708,0.877054186617,0.474408365438,0.564250615387,0.371523710393,1.5,1.51874725516,0.564250615387,1.5,0.204227518513,0.175879396985,35,0.0197628458498,0.318430155703,23,23,23,1,0,0.521739130435,0.173913043478,0.304347826087,23,81,0.160079051383,1.51715132693,7.04347826087,7.36363636364,5.0625,3.57361875249,0.507365625353,0.276972624799,5.06206538172,1.43737658987,0.689210950081,3.04316768602,0.864109342943,0.464841653247,0.562115661868,0.370507313205,1.5,1.51715132693,0.562115661868,1.5,0.217271617272,0.180952380952,38,0.0214568040655,0.323731521004,23,23,23,1,0,0.521739130435,0.173913043478,0.304347826087,-7,-0.0138339920949,-0.167924466838,-0.608695652174,0.030303030303,-0.4375,-0.0646712510973,0.031907272612,0.027466695945,-0.260717331319,0.0461947444178,0.0162860488947,-0.227253108608,0.00934027162073,0.0221539062119,-0.187075642491,-0.0740966073594,-1,-0.167924466838,-0.187075642491,-1,-0.0421749967205,-0.0078301087877,-8,-0.00451722190853,-0.00941311214038,0.0434782608696,-0.0434782608696,0,81,0,7,418,0.920454545455,1,0,0.0795454545455,1,0.920454545455,0.958579881657,0.951469451768,0.920454545455,0.920454545455,2,9,0,10,3,10
427,WLNM_dir_neg_kfold,0.740740740741,0.34880952381,00:00:01,10,90,8,15353,threshold_sweep,0.4,1,0.222222222222,0.363636363636,2,0,7,18,0.222222222222,1,0,0.777777777778,1,0.222222222222,0.363636363636,0.740740740741,0.641975308642,0.275862068966,0.4,0.222222222222,94,85,9,0,94,0,85,0,9,23,88,0.173913043478,1.68507579377,7.65217391304,7.33333333333,5.5,3.63829000359,0.475458352741,0.249505928854,5.32278271304,1.39118184545,0.672924901186,3.27042079462,0.854769071322,0.442687747036,0.749191304359,0.444603920564,2.5,1.68507579377,0.749191304359,2.5,0.259446613992,0.18878248974,46,0.025974025974,0.333144633145,23,23,23,1,0,0.478260869565,0.217391304348,0.304347826087,23,0.156126482213,1.51874725516,6.86956521739,7.18181818182,4.9375,3.48117466886,0.506753274581,0.279031370391,4.88807535053,1.42311054509,0.682443588332,3.01249046708,0.877054186617,0.474408365438,0.564250615387,0.371523710393,1.5,1.51874725516,0.564250615387,1.5,0.204227518513,0.175879396985,35,0.0197628458498,0.318430155703,23,23,23,1,0,0.521739130435,0.173913043478,0.304347826087,23,81,0.160079051383,1.51715132693,7.04347826087,7.36363636364,5.0625,3.57361875249,0.507365625353,0.276972624799,5.06206538172,1.43737658987,0.689210950081,3.04316768602,0.864109342943,0.464841653247,0.562115661868,0.370507313205,1.5,1.51715132693,0.562115661868,1.5,0.217271617272,0.180952380952,38,0.0214568040655,0.323731521004,23,23,23,1,0,0.521739130435,0.173913043478,0.304347826087,-7,-0.0138339920949,-0.167924466838,-0.608695652174,0.030303030303,-0.4375,-0.0646712510973,0.031907272612,0.027466695945,-0.260717331319,0.0461947444178,0.0162860488947,-0.227253108608,0.00934027162073,0.0221539062119,-0.187075642491,-0.0740966073594,-1,-0.167924466838,-0.187075642491,-1,-0.0421749967205,-0.0078301087877,-8,-0.00451722190853,-0.00941311214038,0.0434782608696,-0.0434782608696,0,81,0,7,418,0.920454545455,1,0,0.0795454545455,1,0.920454545455,0.958579881657,0.951469451768,0.920454545455,0.920454545455,2,9,0,10,3,10
428,WLNM_dir_neg_kfold,0.740740740741,0.34880952381,00:00:01,10,90,8,15353,threshold_sweep,0.5,1,0.222222222222,0.363636363636,2,0,7,18,0.222222222222,1,0,0.777777777778,1,0.222222222222,0.363636363636,0.740740740741,0.641975308642,0.275862068966,0.4,0.222222222222,94,85,9,0,94,0,85,0,9,23,88,0.173913043478,1.68507579377,7.65217391304,7.33333333333,5.5,3.63829000359,0.475458352741,0.249505928854,5.32278271304,1.39118184545,0.672924901186,3.27042079462,0.854769071322,0.442687747036,0.749191304359,0.444603920564,2.5,1.68507579377,0.749191304359,2.5,0.259446613992,0.18878248974,46,0.025974025974,0.333144633145,23,23,23,1,0,0.478260869565,0.217391304348,0.304347826087,23,0.156126482213,1.51874725516,6.86956521739,7.18181818182,4.9375,3.48117466886,0.506753274581,0.279031370391,4.88807535053,1.42311054509,0.682443588332,3.01249046708,0.877054186617,0.474408365438,0.564250615387,0.371523710393,1.5,1.51874725516,0.564250615387,1.5,0.204227518513,0.175879396985,35,0.0197628458498,0.318430155703,23,23,23,1,0,0.521739130435,0.173913043478,0.304347826087,23,81,0.160079051383,1.51715132693,7.04347826087,7.36363636364,5.0625,3.57361875249,0.507365625353,0.276972624799,5.06206538172,1.43737658987,0.689210950081,3.04316768602,0.864109342943,0.464841653247,0.562115661868,0.370507313205,1.5,1.51715132693,0.562115661868,1.5,0.217271617272,0.180952380952,38,0.0214568040655,0.323731521004,23,23,23,1,0,0.521739130435,0.173913043478,0.304347826087,-7,-0.0138339920949,-0.167924466838,-0.608695652174,0.030303030303,-0.4375,-0.0646712510973,0.031907272612,0.027466695945,-0.260717331319,0.0461947444178,0.0162860488947,-0.227253108608,0.00934027162073,0.0221539062119,-0.187075642491,-0.0740966073594,-1,-0.167924466838,-0.187075642491,-1,-0.0421749967205,-0.0078301087877,-8,-0.00451722190853,-0.00941311214038,0.0434782608696,-0.0434782608696,0,81,0,7,418,0.920454545455,1,0,0.0795454545455,1,0.920454545455,0.958579881657,0.951469451768,0.920454545455,0.920454545455,2,9,0,10,3,10
429,WLNM_dir_neg_kfold,0.740740740741,0.34880952381,00:00:01,10,90,8,15353,threshold_sweep,0.6,1,0.222222222222,0.363636363636,2,0,7,18,0.222222222222,1,0,0.777777777778,1,0.222222222222,0.363636363636,0.740740740741,0.641975308642,0.275862068966,0.4,0.222222222222,94,85,9,0,94,0,85,0,9,23,88,0.173913043478,1.68507579377,7.65217391304,7.33333333333,5.5,3.63829000359,0.475458352741,0.249505928854,5.32278271304,1.39118184545,0.672924901186,3.27042079462,0.854769071322,0.442687747036,0.749191304359,0.444603920564,2.5,1.68507579377,0.749191304359,2.5,0.259446613992,0.18878248974,46,0.025974025974,0.333144633145,23,23,23,1,0,0.478260869565,0.217391304348,0.304347826087,23,0.156126482213,1.51874725516,6.86956521739,7.18181818182,4.9375,3.48117466886,0.506753274581,0.279031370391,4.88807535053,1.42311054509,0.682443588332,3.01249046708,0.877054186617,0.474408365438,0.564250615387,0.371523710393,1.5,1.51874725516,0.564250615387,1.5,0.204227518513,0.175879396985,35,0.0197628458498,0.318430155703,23,23,23,1,0,0.521739130435,0.173913043478,0.304347826087,23,81,0.160079051383,1.51715132693,7.04347826087,7.36363636364,5.0625,3.57361875249,0.507365625353,0.276972624799,5.06206538172,1.43737658987,0.689210950081,3.04316768602,0.864109342943,0.464841653247,0.562115661868,0.370507313205,1.5,1.51715132693,0.562115661868,1.5,0.217271617272,0.180952380952,38,0.0214568040655,0.323731521004,23,23,23,1,0,0.521739130435,0.173913043478,0.304347826087,-7,-0.0138339920949,-0.167924466838,-0.608695652174,0.030303030303,-0.4375,-0.0646712510973,0.031907272612,0.027466695945,-0.260717331319,0.0461947444178,0.0162860488947,-0.227253108608,0.00934027162073,0.0221539062119,-0.187075642491,-0.0740966073594,-1,-0.167924466838,-0.187075642491,-1,-0.0421749967205,-0.0078301087877,-8,-0.00451722190853,-0.00941311214038,0.0434782608696,-0.0434782608696,0,81,0,7,418,0.920454545455,1,0,0.0795454545455,1,0.920454545455,0.958579881657,0.951469451768,0.920454545455,0.920454545455,2,9,0,10,3,10
430,WLNM_dir_neg_kfold,0.740740740741,0.34880952381,00:00:01,10,90,8,15353,threshold_sweep,0.7,1,0.222222222222,0.363636363636,2,0,7,18,0.222222222222,1,0,0.777777777778,1,0.222222222222,0.363636363636,0.740740740741,0.641975308642,0.275862068966,0.4,0.222222222222,94,85,9,0,94,0,85,0,9,23,88,0.173913043478,1.68507579377,7.65217391304,7.33333333333,5.5,3.63829000359,0.475458352741,0.249505928854,5.32278271304,1.39118184545,0.672924901186,3.27042079462,0.854769071322,0.442687747036,0.749191304359,0.444603920564,2.5,1.68507579377,0.749191304359,2.5,0.259446613992,0.18878248974,46,0.025974025974,0.333144633145,23,23,23,1,0,0.478260869565,0.217391304348,0.304347826087,23,0.156126482213,1.51874725516,6.86956521739,7.18181818182,4.9375,3.48117466886,0.506753274581,0.279031370391,4.88807535053,1.42311054509,0.682443588332,3.01249046708,0.877054186617,0.474408365438,0.564250615387,0.371523710393,1.5,1.51874725516,0.564250615387,1.5,0.204227518513,0.175879396985,35,0.0197628458498,0.318430155703,23,23,23,1,0,0.521739130435,0.173913043478,0.304347826087,23,81,0.160079051383,1.51715132693,7.04347826087,7.36363636364,5.0625,3.57361875249,0.507365625353,0.276972624799,5.06206538172,1.43737658987,0.689210950081,3.04316768602,0.864109342943,0.464841653247,0.562115661868,0.370507313205,1.5,1.51715132693,0.562115661868,1.5,0.217271617272,0.180952380952,38,0.0214568040655,0.323731521004,23,23,23,1,0,0.521739130435,0.173913043478,0.304347826087,-7,-0.0138339920949,-0.167924466838,-0.608695652174,0.030303030303,-0.4375,-0.0646712510973,0.031907272612,0.027466695945,-0.260717331319,0.0461947444178,0.0162860488947,-0.227253108608,0.00934027162073,0.0221539062119,-0.187075642491,-0.0740966073594,-1,-0.167924466838,-0.187075642491,-1,-0.0421749967205,-0.0078301087877,-8,-0.00451722190853,-0.00941311214038,0.0434782608696,-0.0434782608696,0,81,0,7,418,0.920454545455,1,0,0.0795454545455,1,0.920454545455,0.958579881657,0.951469451768,0.920454545455,0.920454545455,2,9,0,10,3,10
431,WLNM_dir_neg_kfold,0.740740740741,0.34880952381,00:00:01,10,90,8,15353,threshold_sweep,0.8,1,0.222222222222,0.363636363636,2,0,7,18,0.222222222222,1,0,0.777777777778,1,0.222222222222,0.363636363636,0.740740740741,0.641975308642,0.275862068966,0.4,0.222222222222,94,85,9,0,94,0,85,0,9,23,88,0.173913043478,1.68507579377,7.65217391304,7.33333333333,5.5,3.63829000359,0.475458352741,0.249505928854,5.32278271304,1.39118184545,0.672924901186,3.27042079462,0.854769071322,0.442687747036,0.749191304359,0.444603920564,2.5,1.68507579377,0.749191304359,2.5,0.259446613992,0.18878248974,46,0.025974025974,0.333144633145,23,23,23,1,0,0.478260869565,0.217391304348,0.304347826087,23,0.156126482213,1.51874725516,6.86956521739,7.18181818182,4.9375,3.48117466886,0.506753274581,0.279031370391,4.88807535053,1.42311054509,0.682443588332,3.01249046708,0.877054186617,0.474408365438,0.564250615387,0.371523710393,1.5,1.51874725516,0.564250615387,1.5,0.204227518513,0.175879396985,35,0.0197628458498,0.318430155703,23,23,23,1,0,0.521739130435,0.173913043478,0.304347826087,23,81,0.160079051383,1.51715132693,7.04347826087,7.36363636364,5.0625,3.57361875249,0.507365625353,0.276972624799,5.06206538172,1.43737658987,0.689210950081,3.04316768602,0.864109342943,0.464841653247,0.562115661868,0.370507313205,1.5,1.51715132693,0.562115661868,1.5,0.217271617272,0.180952380952,38,0.0214568040655,0.323731521004,23,23,23,1,0,0.521739130435,0.173913043478,0.304347826087,-7,-0.0138339920949,-0.167924466838,-0.608695652174,0.030303030303,-0.4375,-0.0646712510973,0.031907272612,0.027466695945,-0.260717331319,0.0461947444178,0.0162860488947,-0.227253108608,0.00934027162073,0.0221539062119,-0.187075642491,-0.0740966073594,-1,-0.167924466838,-0.187075642491,-1,-0.0421749967205,-0.0078301087877,-8,-0.00451722190853,-0.00941311214038,0.0434782608696,-0.0434782608696,0,81,0,7,418,0.920454545455,1,0,0.0795454545455,1,0.920454545455,0.958579881657,0.951469451768,0.920454545455,0.920454545455,2,9,0,10,3,10
432,WLNM_dir_neg_kfold,0.740740740741,0.34880952381,00:00:01,10,90,8,15353,threshold_sweep,0.9,1,0.222222222222,0.363636363636,2,0,7,18,0.222222222222,1,0,0.777777777778,1,0.222222222222,0.363636363636,0.740740740741,0.641975308642,0.275862068966,0.4,0.222222222222,94,85,9,0,94,0,85,0,9,23,88,0.173913043478,1.68507579377,7.65217391304,7.33333333333,5.5,3.63829000359,0.475458352741,0.249505928854,5.32278271304,1.39118184545,0.672924901186,3.27042079462,0.854769071322,0.442687747036,0.749191304359,0.444603920564,2.5,1.68507579377,0.749191304359,2.5,0.259446613992,0.18878248974,46,0.025974025974,0.333144633145,23,23,23,1,0,0.478260869565,0.217391304348,0.304347826087,23,0.156126482213,1.51874725516,6.86956521739,7.18181818182,4.9375,3.48117466886,0.506753274581,0.279031370391,4.88807535053,1.42311054509,0.682443588332,3.01249046708,0.877054186617,0.474408365438,0.564250615387,0.371523710393,1.5,1.51874725516,0.564250615387,1.5,0.204227518513,0.175879396985,35,0.0197628458498,0.318430155703,23,23,23,1,0,0.521739130435,0.173913043478,0.304347826087,23,81,0.160079051383,1.51715132693,7.04347826087,7.36363636364,5.0625,3.57361875249,0.507365625353,0.276972624799,5.06206538172,1.43737658987,0.689210950081,3.04316768602,0.864109342943,0.464841653247,0.562115661868,0.370507313205,1.5,1.51715132693,0.562115661868,1.5,0.217271617272,0.180952380952,38,0.0214568040655,0.323731521004,23,23,23,1,0,0.521739130435,0.173913043478,0.304347826087,-7,-0.0138339920949,-0.167924466838,-0.608695652174,0.030303030303,-0.4375,-0.0646712510973,0.031907272612,0.027466695945,-0.260717331319,0.0461947444178,0.0162860488947,-0.227253108608,0.00934027162073,0.0221539062119,-0.187075642491,-0.0740966073594,-1,-0.167924466838,-0.187075642491,-1,-0.0421749967205,-0.0078301087877,-8,-0.00451722190853,-0.00941311214038,0.0434782608696,-0.0434782608696,0,81,0,7,418,0.920454545455,1,0,0.0795454545455,1,0.920454545455,0.958579881657,0.951469451768,0.920454545455,0.920454545455,2,9,0,10,3,10
433,WLNM_dir_neg_kfold,0.651234567901,0.308064713065,00:00:01,10,90,9,15354,threshold_sweep,0.1,1,0.222222222222,0.363636363636,2,0,7,18,0.222222222222,1,0,0.777777777778,1,0.222222222222,0.363636363636,0.740740740741,0.641975308642,0.275862068966,0.4,0.222222222222,94,85,9,0,94,0,85,0,9,23,88,0.173913043478,1.68507579377,7.65217391304,7.33333333333,5.5,3.63829000359,0.475458352741,0.249505928854,5.32278271304,1.39118184545,0.672924901186,3.27042079462,0.854769071322,0.442687747036,0.749191304359,0.444603920564,2.5,1.68507579377,0.749191304359,2.5,0.259446613992,0.18878248974,46,0.025974025974,0.333144633145,23,23,23,1,0,0.478260869565,0.217391304348,0.304347826087,23,0.156126482213,1.51874725516,6.86956521739,7.18181818182,4.9375,3.48117466886,0.506753274581,0.279031370391,4.88807535053,1.42311054509,0.682443588332,3.01249046708,0.877054186617,0.474408365438,0.564250615387,0.371523710393,1.5,1.51874725516,0.564250615387,1.5,0.204227518513,0.175879396985,35,0.0197628458498,0.318430155703,23,23,23,1,0,0.521739130435,0.173913043478,0.304347826087,23,81,0.160079051383,1.51715132693,7.04347826087,7.36363636364,5.0625,3.57361875249,0.507365625353,0.276972624799,5.06206538172,1.43737658987,0.689210950081,3.04316768602,0.864109342943,0.464841653247,0.562115661868,0.370507313205,1.5,1.51715132693,0.562115661868,1.5,0.217271617272,0.180952380952,38,0.0214568040655,0.323731521004,23,23,23,1,0,0.521739130435,0.173913043478,0.304347826087,-7,-0.0138339920949,-0.167924466838,-0.608695652174,0.030303030303,-0.4375,-0.0646712510973,0.031907272612,0.027466695945,-0.260717331319,0.0461947444178,0.0162860488947,-0.227253108608,0.00934027162073,0.0221539062119,-0.187075642491,-0.0740966073594,-1,-0.167924466838,-0.187075642491,-1,-0.0421749967205,-0.0078301087877,-8,-0.00451722190853,-0.00941311214038,0.0434782608696,-0.0434782608696,0,81,0,7,418,0.920454545455,1,0,0.0795454545455,1,0.920454545455,0.958579881657,0.951469451768,0.920454545455,0.920454545455,2,9,0,10,3,10
434,WLNM_dir_neg_kfold,0.651234567901,0.308064713065,00:00:01,10,90,9,15354,threshold_sweep,0.2,1,0.222222222222,0.363636363636,2,0,7,18,0.222222222222,1,0,0.777777777778,1,0.222222222222,0.363636363636,0.740740740741,0.641975308642,0.275862068966,0.4,0.222222222222,94,85,9,0,94,0,85,0,9,23,88,0.173913043478,1.68507579377,7.65217391304,7.33333333333,5.5,3.63829000359,0.475458352741,0.249505928854,5.32278271304,1.39118184545,0.672924901186,3.27042079462,0.854769071322,0.442687747036,0.749191304359,0.444603920564,2.5,1.68507579377,0.749191304359,2.5,0.259446613992,0.18878248974,46,0.025974025974,0.333144633145,23,23,23,1,0,0.478260869565,0.217391304348,0.304347826087,23,0.156126482213,1.51874725516,6.86956521739,7.18181818182,4.9375,3.48117466886,0.506753274581,0.279031370391,4.88807535053,1.42311054509,0.682443588332,3.01249046708,0.877054186617,0.474408365438,0.564250615387,0.371523710393,1.5,1.51874725516,0.564250615387,1.5,0.204227518513,0.175879396985,35,0.0197628458498,0.318430155703,23,23,23,1,0,0.521739130435,0.173913043478,0.304347826087,23,81,0.160079051383,1.51715132693,7.04347826087,7.36363636364,5.0625,3.57361875249,0.507365625353,0.276972624799,5.06206538172,1.43737658987,0.689210950081,3.04316768602,0.864109342943,0.464841653247,0.562115661868,0.370507313205,1.5,1.51715132693,0.562115661868,1.5,0.217271617272,0.180952380952,38,0.0214568040655,0.323731521004,23,23,23,1,0,0.521739130435,0.173913043478,0.304347826087,-7,-0.0138339920949,-0.167924466838,-0.608695652174,0.030303030303,-0.4375,-0.0646712510973,0.031907272612,0.027466695945,-0.260717331319,0.0461947444178,0.0162860488947,-0.227253108608,0.00934027162073,0.0221539062119,-0.187075642491,-0.0740966073594,-1,-0.167924466838,-0.187075642491,-1,-0.0421749967205,-0.0078301087877,-8,-0.00451722190853,-0.00941311214038,0.0434782608696,-0.0434782608696,0,81,0,7,418,0.920454545455,1,0,0.0795454545455,1,0.920454545455,0.958579881657,0.951469451768,0.920454545455,0.920454545455,2,9,0,10,3,10
435,WLNM_dir_neg_kfold,0.651234567901,0.308064713065,00:00:01,10,90,9,15354,threshold_sweep,0.3,1,0.222222222222,0.363636363636,2,0,7,18,0.222222222222,1,0,0.777777777778,1,0.222222222222,0.363636363636,0.740740740741,0.641975308642,0.275862068966,0.4,0.222222222222,94,85,9,0,94,0,85,0,9,23,88,0.173913043478,1.68507579377,7.65217391304,7.33333333333,5.5,3.63829000359,0.475458352741,0.249505928854,5.32278271304,1.39118184545,0.672924901186,3.27042079462,0.854769071322,0.442687747036,0.749191304359,0.444603920564,2.5,1.68507579377,0.749191304359,2.5,0.259446613992,0.18878248974,46,0.025974025974,0.333144633145,23,23,23,1,0,0.478260869565,0.217391304348,0.304347826087,23,0.156126482213,1.51874725516,6.86956521739,7.18181818182,4.9375,3.48117466886,0.506753274581,0.279031370391,4.88807535053,1.42311054509,0.682443588332,3.01249046708,0.877054186617,0.474408365438,0.564250615387,0.371523710393,1.5,1.51874725516,0.564250615387,1.5,0.204227518513,0.175879396985,35,0.0197628458498,0.318430155703,23,23,23,1,0,0.521739130435,0.173913043478,0.304347826087,23,81,0.160079051383,1.51715132693,7.04347826087,7.36363636364,5.0625,3.57361875249,0.507365625353,0.276972624799,5.06206538172,1.43737658987,0.689210950081,3.04316768602,0.864109342943,0.464841653247,0.562115661868,0.370507313205,1.5,1.51715132693,0.562115661868,1.5,0.217271617272,0.180952380952,38,0.0214568040655,0.323731521004,23,23,23,1,0,0.521739130435,0.173913043478,0.304347826087,-7,-0.0138339920949,-0.167924466838,-0.608695652174,0.030303030303,-0.4375,-0.0646712510973,0.031907272612,0.027466695945,-0.260717331319,0.0461947444178,0.0162860488947,-0.227253108608,0.00934027162073,0.0221539062119,-0.187075642491,-0.0740966073594,-1,-0.167924466838,-0.187075642491,-1,-0.0421749967205,-0.0078301087877,-8,-0.00451722190853,-0.00941311214038,0.0434782608696,-0.0434782608696,0,81,0,7,418,0.920454545455,1,0,0.0795454545455,1,0.920454545455,0.958579881657,0.951469451768,0.920454545455,0.920454545455,2,9,0,10,3,10
436,WLNM_dir_neg_kfold,0.651234567901,0.308064713065,00:00:01,10,90,9,15354,threshold_sweep,0.4,1,0.222222222222,0.363636363636,2,0,7,18,0.222222222222,1,0,0.777777777778,1,0.222222222222,0.363636363636,0.740740740741,0.641975308642,0.275862068966,0.4,0.222222222222,94,85,9,0,94,0,85,0,9,23,88,0.173913043478,1.68507579377,7.65217391304,7.33333333333,5.5,3.63829000359,0.475458352741,0.249505928854,5.32278271304,1.39118184545,0.672924901186,3.27042079462,0.854769071322,0.442687747036,0.749191304359,0.444603920564,2.5,1.68507579377,0.749191304359,2.5,0.259446613992,0.18878248974,46,0.025974025974,0.333144633145,23,23,23,1,0,0.478260869565,0.217391304348,0.304347826087,23,0.156126482213,1.51874725516,6.86956521739,7.18181818182,4.9375,3.48117466886,0.506753274581,0.279031370391,4.88807535053,1.42311054509,0.682443588332,3.01249046708,0.877054186617,0.474408365438,0.564250615387,0.371523710393,1.5,1.51874725516,0.564250615387,1.5,0.204227518513,0.175879396985,35,0.0197628458498,0.318430155703,23,23,23,1,0,0.521739130435,0.173913043478,0.304347826087,23,81,0.160079051383,1.51715132693,7.04347826087,7.36363636364,5.0625,3.57361875249,0.507365625353,0.276972624799,5.06206538172,1.43737658987,0.689210950081,3.04316768602,0.864109342943,0.464841653247,0.562115661868,0.370507313205,1.5,1.51715132693,0.562115661868,1.5,0.217271617272,0.180952380952,38,0.0214568040655,0.323731521004,23,23,23,1,0,0.521739130435,0.173913043478,0.304347826087,-7,-0.0138339920949,-0.167924466838,-0.608695652174,0.030303030303,-0.4375,-0.0646712510973,0.031907272612,0.027466695945,-0.260717331319,0.0461947444178,0.0162860488947,-0.227253108608,0.00934027162073,0.0221539062119,-0.187075642491,-0.0740966073594,-1,-0.167924466838,-0.187075642491,-1,-0.0421749967205,-0.0078301087877,-8,-0.00451722190853,-0.00941311214038,0.0434782608696,-0.0434782608696,0,81,0,7,418,0.920454545455,1,0,0.0795454545455,1,0.920454545455,0.958579881657,0.951469451768,0.920454545455,0.920454545455,2,9,0,10,3,10
437,WLNM_dir_neg_kfold,0.651234567901,0.308064713065,00:00:01,10,90,9,15354,threshold_sweep,0.5,1,0.222222222222,0.363636363636,2,0,7,18,0.222222222222,1,0,0.777777777778,1,0.222222222222,0.363636363636,0.740740740741,0.641975308642,0.275862068966,0.4,0.222222222222,94,85,9,0,94,0,85,0,9,23,88,0.173913043478,1.68507579377,7.65217391304,7.33333333333,5.5,3.63829000359,0.475458352741,0.249505928854,5.32278271304,1.39118184545,0.672924901186,3.27042079462,0.854769071322,0.442687747036,0.749191304359,0.444603920564,2.5,1.68507579377,0.749191304359,2.5,0.259446613992,0.18878248974,46,0.025974025974,0.333144633145,23,23,23,1,0,0.478260869565,0.217391304348,0.304347826087,23,0.156126482213,1.51874725516,6.86956521739,7.18181818182,4.9375,3.48117466886,0.506753274581,0.279031370391,4.88807535053,1.42311054509,0.682443588332,3.01249046708,0.877054186617,0.474408365438,0.564250615387,0.371523710393,1.5,1.51874725516,0.564250615387,1.5,0.204227518513,0.175879396985,35,0.0197628458498,0.318430155703,23,23,23,1,0,0.521739130435,0.173913043478,0.304347826087,23,81,0.160079051383,1.51715132693,7.04347826087,7.36363636364,5.0625,3.57361875249,0.507365625353,0.276972624799,5.06206538172,1.43737658987,0.689210950081,3.04316768602,0.864109342943,0.464841653247,0.562115661868,0.370507313205,1.5,1.51715132693,0.562115661868,1.5,0.217271617272,0.180952380952,38,0.0214568040655,0.323731521004,23,23,23,1,0,0.521739130435,0.173913043478,0.304347826087,-7,-0.0138339920949,-0.167924466838,-0.608695652174,0.030303030303,-0.4375,-0.0646712510973,0.031907272612,0.027466695945,-0.260717331319,0.0461947444178,0.0162860488947,-0.227253108608,0.00934027162073,0.0221539062119,-0.187075642491,-0.0740966073594,-1,-0.167924466838,-0.187075642491,-1,-0.0421749967205,-0.0078301087877,-8,-0.00451722190853,-0.00941311214038,0.0434782608696,-0.0434782608696,0,81,0,7,418,0.920454545455,1,0,0.0795454545455,1,0.920454545455,0.958579881657,0.951469451768,0.920454545455,0.920454545455,2,9,0,10,3,10
438,WLNM_dir_neg_kfold,0.651234567901,0.308064713065,00:00:01,10,90,9,15354,threshold_sweep,0.6,1,0.222222222222,0.363636363636,2,0,7,18,0.222222222222,1,0,0.777777777778,1,0.222222222222,0.363636363636,0.740740740741,0.641975308642,0.275862068966,0.4,0.222222222222,94,85,9,0,94,0,85,0,9,23,88,0.173913043478,1.68507579377,7.65217391304,7.33333333333,5.5,3.63829000359,0.475458352741,0.249505928854,5.32278271304,1.39118184545,0.672924901186,3.27042079462,0.854769071322,0.442687747036,0.749191304359,0.444603920564,2.5,1.68507579377,0.749191304359,2.5,0.259446613992,0.18878248974,46,0.025974025974,0.333144633145,23,23,23,1,0,0.478260869565,0.217391304348,0.304347826087,23,0.156126482213,1.51874725516,6.86956521739,7.18181818182,4.9375,3.48117466886,0.506753274581,0.279031370391,4.88807535053,1.42311054509,0.682443588332,3.01249046708,0.877054186617,0.474408365438,0.564250615387,0.371523710393,1.5,1.51874725516,0.564250615387,1.5,0.204227518513,0.175879396985,35,0.0197628458498,0.318430155703,23,23,23,1,0,0.521739130435,0.173913043478,0.304347826087,23,81,0.160079051383,1.51715132693,7.04347826087,7.36363636364,5.0625,3.57361875249,0.507365625353,0.276972624799,5.06206538172,1.43737658987,0.689210950081,3.04316768602,0.864109342943,0.464841653247,0.562115661868,0.370507313205,1.5,1.51715132693,0.562115661868,1.5,0.217271617272,0.180952380952,38,0.0214568040655,0.323731521004,23,23,23,1,0,0.521739130435,0.173913043478,0.304347826087,-7,-0.0138339920949,-0.167924466838,-0.608695652174,0.030303030303,-0.4375,-0.0646712510973,0.031907272612,0.027466695945,-0.260717331319,0.0461947444178,0.0162860488947,-0.227253108608,0.00934027162073,0.0221539062119,-0.187075642491,-0.0740966073594,-1,-0.167924466838,-0.187075642491,-1,-0.0421749967205,-0.0078301087877,-8,-0.00451722190853,-0.00941311214038,0.0434782608696,-0.0434782608696,0,81,0,7,418,0.920454545455,1,0,0.0795454545455,1,0.920454545455,0.958579881657,0.951469451768,0.920454545455,0.920454545455,2,9,0,10,3,10
439,WLNM_dir_neg_kfold,0.651234567901,0.308064713065,00:00:01,10,90,9,15354,threshold_sweep,0.7,1,0.222222222222,0.363636363636,2,0,7,18,0.222222222222,1,0,0.777777777778,1,0.222222222222,0.363636363636,0.740740740741,0.641975308642,0.275862068966,0.4,0.222222222222,94,85,9,0,94,0,85,0,9,23,88,0.173913043478,1.68507579377,7.65217391304,7.33333333333,5.5,3.63829000359,0.475458352741,0.249505928854,5.32278271304,1.39118184545,0.672924901186,3.27042079462,0.854769071322,0.442687747036,0.749191304359,0.444603920564,2.5,1.68507579377,0.749191304359,2.5,0.259446613992,0.18878248974,46,0.025974025974,0.333144633145,23,23,23,1,0,0.478260869565,0.217391304348,0.304347826087,23,0.156126482213,1.51874725516,6.86956521739,7.18181818182,4.9375,3.48117466886,0.506753274581,0.279031370391,4.88807535053,1.42311054509,0.682443588332,3.01249046708,0.877054186617,0.474408365438,0.564250615387,0.371523710393,1.5,1.51874725516,0.564250615387,1.5,0.204227518513,0.175879396985,35,0.0197628458498,0.318430155703,23,23,23,1,0,0.521739130435,0.173913043478,0.304347826087,23,81,0.160079051383,1.51715132693,7.04347826087,7.36363636364,5.0625,3.57361875249,0.507365625353,0.276972624799,5.06206538172,1.43737658987,0.689210950081,3.04316768602,0.864109342943,0.464841653247,0.562115661868,0.370507313205,1.5,1.51715132693,0.562115661868,1.5,0.217271617272,0.180952380952,38,0.0214568040655,0.323731521004,23,23,23,1,0,0.521739130435,0.173913043478,0.304347826087,-7,-0.0138339920949,-0.167924466838,-0.608695652174,0.030303030303,-0.4375,-0.0646712510973,0.031907272612,0.027466695945,-0.260717331319,0.0461947444178,0.0162860488947,-0.227253108608,0.00934027162073,0.0221539062119,-0.187075642491,-0.0740966073594,-1,-0.167924466838,-0.187075642491,-1,-0.0421749967205,-0.0078301087877,-8,-0.00451722190853,-0.00941311214038,0.0434782608696,-0.0434782608696,0,81,0,7,418,0.920454545455,1,0,0.0795454545455,1,0.920454545455,0.958579881657,0.951469451768,0.920454545455,0.920454545455,2,9,0,10,3,10
440,WLNM_dir_neg_kfold,0.651234567901,0.308064713065,00:00:01,10,90,9,15354,threshold_sweep,0.8,1,0.222222222222,0.363636363636,2,0,7,18,0.222222222222,1,0,0.777777777778,1,0.222222222222,0.363636363636,0.740740740741,0.641975308642,0.275862068966,0.4,0.222222222222,94,85,9,0,94,0,85,0,9,23,88,0.173913043478,1.68507579377,7.65217391304,7.33333333333,5.5,3.63829000359,0.475458352741,0.249505928854,5.32278271304,1.39118184545,0.672924901186,3.27042079462,0.854769071322,0.442687747036,0.749191304359,0.444603920564,2.5,1.68507579377,0.749191304359,2.5,0.259446613992,0.18878248974,46,0.025974025974,0.333144633145,23,23,23,1,0,0.478260869565,0.217391304348,0.304347826087,23,0.156126482213,1.51874725516,6.86956521739,7.18181818182,4.9375,3.48117466886,0.506753274581,0.279031370391,4.88807535053,1.42311054509,0.682443588332,3.01249046708,0.877054186617,0.474408365438,0.564250615387,0.371523710393,1.5,1.51874725516,0.564250615387,1.5,0.204227518513,0.175879396985,35,0.0197628458498,0.318430155703,23,23,23,1,0,0.521739130435,0.173913043478,0.304347826087,23,81,0.160079051383,1.51715132693,7.04347826087,7.36363636364,5.0625,3.57361875249,0.507365625353,0.276972624799,5.06206538172,1.43737658987,0.689210950081,3.04316768602,0.864109342943,0.464841653247,0.562115661868,0.370507313205,1.5,1.51715132693,0.562115661868,1.5,0.217271617272,0.180952380952,38,0.0214568040655,0.323731521004,23,23,23,1,0,0.521739130435,0.173913043478,0.304347826087,-7,-0.0138339920949,-0.167924466838,-0.608695652174,0.030303030303,-0.4375,-0.0646712510973,0.031907272612,0.027466695945,-0.260717331319,0.0461947444178,0.0162860488947,-0.227253108608,0.00934027162073,0.0221539062119,-0.187075642491,-0.0740966073594,-1,-0.167924466838,-0.187075642491,-1,-0.0421749967205,-0.0078301087877,-8,-0.00451722190853,-0.00941311214038,0.0434782608696,-0.0434782608696,0,81,0,7,418,0.920454545455,1,0,0.0795454545455,1,0.920454545455,0.958579881657,0.951469451768,0.920454545455,0.920454545455,2,9,0,10,3,10
441,WLNM_dir_neg_kfold,0.651234567901,0.308064713065,00:00:01,10,90,9,15354,threshold_sweep,0.9,1,0.222222222222,0.363636363636,2,0,7,18,0.222222222222,1,0,0.777777777778,1,0.222222222222,0.363636363636,0.740740740741,0.641975308642,0.275862068966,0.4,0.222222222222,94,85,9,0,94,0,85,0,9,23,88,0.173913043478,1.68507579377,7.65217391304,7.33333333333,5.5,3.63829000359,0.475458352741,0.249505928854,5.32278271304,1.39118184545,0.672924901186,3.27042079462,0.854769071322,0.442687747036,0.749191304359,0.444603920564,2.5,1.68507579377,0.749191304359,2.5,0.259446613992,0.18878248974,46,0.025974025974,0.333144633145,23,23,23,1,0,0.478260869565,0.217391304348,0.304347826087,23,0.156126482213,1.51874725516,6.86956521739,7.18181818182,4.9375,3.48117466886,0.506753274581,0.279031370391,4.88807535053,1.42311054509,0.682443588332,3.01249046708,0.877054186617,0.474408365438,0.564250615387,0.371523710393,1.5,1.51874725516,0.564250615387,1.5,0.204227518513,0.175879396985,35,0.0197628458498,0.318430155703,23,23,23,1,0,0.521739130435,0.173913043478,0.304347826087,23,81,0.160079051383,1.51715132693,7.04347826087,7.36363636364,5.0625,3.57361875249,0.507365625353,0.276972624799,5.06206538172,1.43737658987,0.689210950081,3.04316768602,0.864109342943,0.464841653247,0.562115661868,0.370507313205,1.5,1.51715132693,0.562115661868,1.5,0.217271617272,0.180952380952,38,0.0214568040655,0.323731521004,23,23,23,1,0,0.521739130435,0.173913043478,0.304347826087,-7,-0.0138339920949,-0.167924466838,-0.608695652174,0.030303030303,-0.4375,-0.0646712510973,0.031907272612,0.027466695945,-0.260717331319,0.0461947444178,0.0162860488947,-0.227253108608,0.00934027162073,0.0221539062119,-0.187075642491,-0.0740966073594,-1,-0.167924466838,-0.187075642491,-1,-0.0421749967205,-0.0078301087877,-8,-0.00451722190853,-0.00941311214038,0.0434782608696,-0.0434782608696,0,81,0,7,418,0.920454545455,1,0,0.0795454545455,1,0.920454545455,0.958579881657,0.951469451768,0.920454545455,0.920454545455,2,9,0,10,3,10
442,WLNM_dir_neg_kfold,0.638888888889,0.410612535613,00:00:01,10,90,10,15355,threshold_sweep,0.1,0.75,0.333333333333,0.461538461538,3,1,6,17,0.333333333333,0.944444444444,0.0555555555556,0.666666666667,0.75,0.333333333333,0.461538461538,0.740740740741,0.617283950617,0.322580645161,0.368604890387,0.277777777778,94,85,9,0,94,0,85,0,9,23,88,0.173913043478,1.68507579377,7.65217391304,7.33333333333,5.5,3.63829000359,0.475458352741,0.249505928854,5.32278271304,1.39118184545,0.672924901186,3.27042079462,0.854769071322,0.442687747036,0.749191304359,0.444603920564,2.5,1.68507579377,0.749191304359,2.5,0.259446613992,0.18878248974,46,0.025974025974,0.333144633145,23,23,23,1,0,0.478260869565,0.217391304348,0.304347826087,23,0.156126482213,1.51874725516,6.86956521739,7.18181818182,4.9375,3.48117466886,0.506753274581,0.279031370391,4.88807535053,1.42311054509,0.682443588332,3.01249046708,0.877054186617,0.474408365438,0.564250615387,0.371523710393,1.5,1.51874725516,0.564250615387,1.5,0.204227518513,0.175879396985,35,0.0197628458498,0.318430155703,23,23,23,1,0,0.521739130435,0.173913043478,0.304347826087,23,83,0.164031620553,1.74851778656,7.21739130435,6.91666666667,5.1875,3.39727861329,0.470707277744,0.254059717129,5.01578535892,1.38991642476,0.675746464117,3.05612842476,0.846878961078,0.453640649555,0.852983893013,0.487832551415,3,1.74851778656,0.852983893013,3,0.193759271032,0.177293934681,38,0.0214568040655,0.287862978772,23,23,23,1,0,0.478260869565,0.217391304348,0.304347826087,-5,-0.0098814229249,0.0634419927898,-0.434782608696,-0.416666666667,-0.3125,-0.241011390301,-0.00475107499709,0.00455378827563,-0.306997354119,-0.00126542069247,0.00282156293157,-0.214292369866,-0.0078901102447,0.0109529025192,0.103792588654,0.0432286308507,0.5,0.0634419927898,0.103792588654,0.5,-0.0656873429601,-0.0114885550589,-8,-0.00451722190853,-0.0452816543726,0,0,0,82,1,6,417,0.931818181818,0.997607655502,0.00239234449761,0.0681818181818,0.987951807229,0.931818181818,0.959064327485,0.951338315457,0.929425837321,0.921348314607,4,9,0,10,3,10
443,WLNM_dir_neg_kfold,0.638888888889,0.410612535613,00:00:01,10,90,10,15355,threshold_sweep,0.2,0.75,0.333333333333,0.461538461538,3,1,6,17,0.333333333333,0.944444444444,0.0555555555556,0.666666666667,0.75,0.333333333333,0.461538461538,0.740740740741,0.617283950617,0.322580645161,0.368604890387,0.277777777778,94,85,9,0,94,0,85,0,9,23,88,0.173913043478,1.68507579377,7.65217391304,7.33333333333,5.5,3.63829000359,0.475458352741,0.249505928854,5.32278271304,1.39118184545,0.672924901186,3.27042079462,0.854769071322,0.442687747036,0.749191304359,0.444603920564,2.5,1.68507579377,0.749191304359,2.5,0.259446613992,0.18878248974,46,0.025974025974,0.333144633145,23,23,23,1,0,0.478260869565,0.217391304348,0.304347826087,23,0.156126482213,1.51874725516,6.86956521739,7.18181818182,4.9375,3.48117466886,0.506753274581,0.279031370391,4.88807535053,1.42311054509,0.682443588332,3.01249046708,0.877054186617,0.474408365438,0.564250615387,0.371523710393,1.5,1.51874725516,0.564250615387,1.5,0.204227518513,0.175879396985,35,0.0197628458498,0.318430155703,23,23,23,1,0,0.521739130435,0.173913043478,0.304347826087,23,83,0.164031620553,1.74851778656,7.21739130435,6.91666666667,5.1875,3.39727861329,0.470707277744,0.254059717129,5.01578535892,1.38991642476,0.675746464117,3.05612842476,0.846878961078,0.453640649555,0.852983893013,0.487832551415,3,1.74851778656,0.852983893013,3,0.193759271032,0.177293934681,38,0.0214568040655,0.287862978772,23,23,23,1,0,0.478260869565,0.217391304348,0.304347826087,-5,-0.0098814229249,0.0634419927898,-0.434782608696,-0.416666666667,-0.3125,-0.241011390301,-0.00475107499709,0.00455378827563,-0.306997354119,-0.00126542069247,0.00282156293157,-0.214292369866,-0.0078901102447,0.0109529025192,0.103792588654,0.0432286308507,0.5,0.0634419927898,0.103792588654,0.5,-0.0656873429601,-0.0114885550589,-8,-0.00451722190853,-0.0452816543726,0,0,0,82,1,6,417,0.931818181818,0.997607655502,0.00239234449761,0.0681818181818,0.987951807229,0.931818181818,0.959064327485,0.951338315457,0.929425837321,0.921348314607,4,9,0,10,3,10
444,WLNM_dir_neg_kfold,0.638888888889,0.410612535613,00:00:01,10,90,10,15355,threshold_sweep,0.3,0.666666666667,0.222222222222,0.333333333333,2,1,7,17,0.222222222222,0.944444444444,0.0555555555556,0.777777777778,0.666666666667,0.222222222222,0.333333333333,0.703703703704,0.62962962963,0.2,0.25,0.166666666667,94,85,9,0,94,0,85,0,9,23,88,0.173913043478,1.68507579377,7.65217391304,7.33333333333,5.5,3.63829000359,0.475458352741,0.249505928854,5.32278271304,1.39118184545,0.672924901186,3.27042079462,0.854769071322,0.442687747036,0.749191304359,0.444603920564,2.5,1.68507579377,0.749191304359,2.5,0.259446613992,0.18878248974,46,0.025974025974,0.333144633145,23,23,23,1,0,0.478260869565,0.217391304348,0.304347826087,23,0.156126482213,1.51874725516,6.86956521739,7.18181818182,4.9375,3.48117466886,0.506753274581,0.279031370391,4.88807535053,1.42311054509,0.682443588332,3.01249046708,0.877054186617,0.474408365438,0.564250615387,0.371523710393,1.5,1.51874725516,0.564250615387,1.5,0.204227518513,0.175879396985,35,0.0197628458498,0.318430155703,23,23,23,1,0,0.521739130435,0.173913043478,0.304347826087,23,82,0.162055335968,1.79199604743,7.13043478261,6.83333333333,5.125,3.49420751616,0.490041297998,0.265641569459,5.03466246008,1.41216142173,0.680805938494,3.02754156126,0.849188486694,0.458112407211,0.940654502419,0.524919964956,3,1.79199604743,0.940654502419,3,0.206160506161,0.17896389325,38,0.0214568040655,0.278729435548,23,23,23,1,0,0.478260869565,0.217391304348,0.304347826087,-6,-0.0118577075099,0.106920253659,-0.521739130435,-0.5,-0.375,-0.144082487424,0.014582945257,0.0161356406054,-0.288120252962,0.0209795762757,0.0078810373084,-0.242879233368,-0.00558058462831,0.0154246601755,0.19146319806,0.0803160443919,0.5,0.106920253659,0.19146319806,0.5,-0.0532861078316,-0.00981859649047,-8,-0.00451722190853,-0.054415197597,0,0,0,81,1,7,417,0.920454545455,0.997607655502,0.00239234449761,0.0795454545455,0.987804878049,0.920454545455,0.952941176471,0.944303782253,0.918062200957,0.910112359551,3,9,0,10,3,10
445,WLNM_dir_neg_kfold,0.638888888889,0.410612535613,00:00:01,10,90,10,15355,threshold_sweep,0.4,0.666666666667,0.222222222222,0.333333333333,2,1,7,17,0.222222222222,0.944444444444,0.0555555555556,0.777777777778,0.666666666667,0.222222222222,0.333333333333,0.703703703704,0.62962962963,0.2,0.25,0.166666666667,94,85,9,0,94,0,85,0,9,23,88,0.173913043478,1.68507579377,7.65217391304,7.33333333333,5.5,3.63829000359,0.475458352741,0.249505928854,5.32278271304,1.39118184545,0.672924901186,3.27042079462,0.854769071322,0.442687747036,0.749191304359,0.444603920564,2.5,1.68507579377,0.749191304359,2.5,0.259446613992,0.18878248974,46,0.025974025974,0.333144633145,23,23,23,1,0,0.478260869565,0.217391304348,0.304347826087,23,0.156126482213,1.51874725516,6.86956521739,7.18181818182,4.9375,3.48117466886,0.506753274581,0.279031370391,4.88807535053,1.42311054509,0.682443588332,3.01249046708,0.877054186617,0.474408365438,0.564250615387,0.371523710393,1.5,1.51874725516,0.564250615387,1.5,0.204227518513,0.175879396985,35,0.0197628458498,0.318430155703,23,23,23,1,0,0.521739130435,0.173913043478,0.304347826087,23,82,0.162055335968,1.79199604743,7.13043478261,6.83333333333,5.125,3.49420751616,0.490041297998,0.265641569459,5.03466246008,1.41216142173,0.680805938494,3.02754156126,0.849188486694,0.458112407211,0.940654502419,0.524919964956,3,1.79199604743,0.940654502419,3,0.206160506161,0.17896389325,38,0.0214568040655,0.278729435548,23,23,23,1,0,0.478260869565,0.217391304348,0.304347826087,-6,-0.0118577075099,0.106920253659,-0.521739130435,-0.5,-0.375,-0.144082487424,0.014582945257,0.0161356406054,-0.288120252962,0.0209795762757,0.0078810373084,-0.242879233368,-0.00558058462831,0.0154246601755,0.19146319806,0.0803160443919,0.5,0.106920253659,0.19146319806,0.5,-0.0532861078316,-0.00981859649047,-8,-0.00451722190853,-0.054415197597,0,0,0,81,1,7,417,0.920454545455,0.997607655502,0.00239234449761,0.0795454545455,0.987804878049,0.920454545455,0.952941176471,0.944303782253,0.918062200957,0.910112359551,3,9,0,10,3,10
446,WLNM_dir_neg_kfold,0.638888888889,0.410612535613,00:00:01,10,90,10,15355,threshold_sweep,0.5,0.666666666667,0.222222222222,0.333333333333,2,1,7,17,0.222222222222,0.944444444444,0.0555555555556,0.777777777778,0.666666666667,0.222222222222,0.333333333333,0.703703703704,0.62962962963,0.2,0.25,0.166666666667,94,85,9,0,94,0,85,0,9,23,88,0.173913043478,1.68507579377,7.65217391304,7.33333333333,5.5,3.63829000359,0.475458352741,0.249505928854,5.32278271304,1.39118184545,0.672924901186,3.27042079462,0.854769071322,0.442687747036,0.749191304359,0.444603920564,2.5,1.68507579377,0.749191304359,2.5,0.259446613992,0.18878248974,46,0.025974025974,0.333144633145,23,23,23,1,0,0.478260869565,0.217391304348,0.304347826087,23,0.156126482213,1.51874725516,6.86956521739,7.18181818182,4.9375,3.48117466886,0.506753274581,0.279031370391,4.88807535053,1.42311054509,0.682443588332,3.01249046708,0.877054186617,0.474408365438,0.564250615387,0.371523710393,1.5,1.51874725516,0.564250615387,1.5,0.204227518513,0.175879396985,35,0.0197628458498,0.318430155703,23,23,23,1,0,0.521739130435,0.173913043478,0.304347826087,23,82,0.162055335968,1.79199604743,7.13043478261,6.83333333333,5.125,3.49420751616,0.490041297998,0.265641569459,5.03466246008,1.41216142173,0.680805938494,3.02754156126,0.849188486694,0.458112407211,0.940654502419,0.524919964956,3,1.79199604743,0.940654502419,3,0.206160506161,0.17896389325,38,0.0214568040655,0.278729435548,23,23,23,1,0,0.478260869565,0.217391304348,0.304347826087,-6,-0.0118577075099,0.106920253659,-0.521739130435,-0.5,-0.375,-0.144082487424,0.014582945257,0.0161356406054,-0.288120252962,0.0209795762757,0.0078810373084,-0.242879233368,-0.00558058462831,0.0154246601755,0.19146319806,0.0803160443919,0.5,0.106920253659,0.19146319806,0.5,-0.0532861078316,-0.00981859649047,-8,-0.00451722190853,-0.054415197597,0,0,0,81,1,7,417,0.920454545455,0.997607655502,0.00239234449761,0.0795454545455,0.987804878049,0.920454545455,0.952941176471,0.944303782253,0.918062200957,0.910112359551,3,9,0,10,3,10
447,WLNM_dir_neg_kfold,0.638888888889,0.410612535613,00:00:01,10,90,10,15355,threshold_sweep,0.6,0.666666666667,0.222222222222,0.333333333333,2,1,7,17,0.222222222222,0.944444444444,0.0555555555556,0.777777777778,0.666666666667,0.222222222222,0.333333333333,0.703703703704,0.62962962963,0.2,0.25,0.166666666667,94,85,9,0,94,0,85,0,9,23,88,0.173913043478,1.68507579377,7.65217391304,7.33333333333,5.5,3.63829000359,0.475458352741,0.249505928854,5.32278271304,1.39118184545,0.672924901186,3.27042079462,0.854769071322,0.442687747036,0.749191304359,0.444603920564,2.5,1.68507579377,0.749191304359,2.5,0.259446613992,0.18878248974,46,0.025974025974,0.333144633145,23,23,23,1,0,0.478260869565,0.217391304348,0.304347826087,23,0.156126482213,1.51874725516,6.86956521739,7.18181818182,4.9375,3.48117466886,0.506753274581,0.279031370391,4.88807535053,1.42311054509,0.682443588332,3.01249046708,0.877054186617,0.474408365438,0.564250615387,0.371523710393,1.5,1.51874725516,0.564250615387,1.5,0.204227518513,0.175879396985,35,0.0197628458498,0.318430155703,23,23,23,1,0,0.521739130435,0.173913043478,0.304347826087,23,82,0.162055335968,1.79199604743,7.13043478261,6.83333333333,5.125,3.49420751616,0.490041297998,0.265641569459,5.03466246008,1.41216142173,0.680805938494,3.02754156126,0.849188486694,0.458112407211,0.940654502419,0.524919964956,3,1.79199604743,0.940654502419,3,0.206160506161,0.17896389325,38,0.0214568040655,0.278729435548,23,23,23,1,0,0.478260869565,0.217391304348,0.304347826087,-6,-0.0118577075099,0.106920253659,-0.521739130435,-0.5,-0.375,-0.144082487424,0.014582945257,0.0161356406054,-0.288120252962,0.0209795762757,0.0078810373084,-0.242879233368,-0.00558058462831,0.0154246601755,0.19146319806,0.0803160443919,0.5,0.106920253659,0.19146319806,0.5,-0.0532861078316,-0.00981859649047,-8,-0.00451722190853,-0.054415197597,0,0,0,81,1,7,417,0.920454545455,0.997607655502,0.00239234449761,0.0795454545455,0.987804878049,0.920454545455,0.952941176471,0.944303782253,0.918062200957,0.910112359551,3,9,0,10,3,10
448,WLNM_dir_neg_kfold,0.638888888889,0.410612535613,00:00:01,10,90,10,15355,threshold_sweep,0.7,0.666666666667,0.222222222222,0.333333333333,2,1,7,17,0.222222222222,0.944444444444,0.0555555555556,0.777777777778,0.666666666667,0.222222222222,0.333333333333,0.703703703704,0.62962962963,0.2,0.25,0.166666666667,94,85,9,0,94,0,85,0,9,23,88,0.173913043478,1.68507579377,7.65217391304,7.33333333333,5.5,3.63829000359,0.475458352741,0.249505928854,5.32278271304,1.39118184545,0.672924901186,3.27042079462,0.854769071322,0.442687747036,0.749191304359,0.444603920564,2.5,1.68507579377,0.749191304359,2.5,0.259446613992,0.18878248974,46,0.025974025974,0.333144633145,23,23,23,1,0,0.478260869565,0.217391304348,0.304347826087,23,0.156126482213,1.51874725516,6.86956521739,7.18181818182,4.9375,3.48117466886,0.506753274581,0.279031370391,4.88807535053,1.42311054509,0.682443588332,3.01249046708,0.877054186617,0.474408365438,0.564250615387,0.371523710393,1.5,1.51874725516,0.564250615387,1.5,0.204227518513,0.175879396985,35,0.0197628458498,0.318430155703,23,23,23,1,0,0.521739130435,0.173913043478,0.304347826087,23,82,0.162055335968,1.79199604743,7.13043478261,6.83333333333,5.125,3.49420751616,0.490041297998,0.265641569459,5.03466246008,1.41216142173,0.680805938494,3.02754156126,0.849188486694,0.458112407211,0.940654502419,0.524919964956,3,1.79199604743,0.940654502419,3,0.206160506161,0.17896389325,38,0.0214568040655,0.278729435548,23,23,23,1,0,0.478260869565,0.217391304348,0.304347826087,-6,-0.0118577075099,0.106920253659,-0.521739130435,-0.5,-0.375,-0.144082487424,0.014582945257,0.0161356406054,-0.288120252962,0.0209795762757,0.0078810373084,-0.242879233368,-0.00558058462831,0.0154246601755,0.19146319806,0.0803160443919,0.5,0.106920253659,0.19146319806,0.5,-0.0532861078316,-0.00981859649047,-8,-0.00451722190853,-0.054415197597,0,0,0,81,1,7,417,0.920454545455,0.997607655502,0.00239234449761,0.0795454545455,0.987804878049,0.920454545455,0.952941176471,0.944303782253,0.918062200957,0.910112359551,3,9,0,10,3,10
449,WLNM_dir_neg_kfold,0.638888888889,0.410612535613,00:00:01,10,90,10,15355,threshold_sweep,0.8,0.666666666667,0.222222222222,0.333333333333,2,1,7,17,0.222222222222,0.944444444444,0.0555555555556,0.777777777778,0.666666666667,0.222222222222,0.333333333333,0.703703703704,0.62962962963,0.2,0.25,0.166666666667,94,85,9,0,94,0,85,0,9,23,88,0.173913043478,1.68507579377,7.65217391304,7.33333333333,5.5,3.63829000359,0.475458352741,0.249505928854,5.32278271304,1.39118184545,0.672924901186,3.27042079462,0.854769071322,0.442687747036,0.749191304359,0.444603920564,2.5,1.68507579377,0.749191304359,2.5,0.259446613992,0.18878248974,46,0.025974025974,0.333144633145,23,23,23,1,0,0.478260869565,0.217391304348,0.304347826087,23,0.156126482213,1.51874725516,6.86956521739,7.18181818182,4.9375,3.48117466886,0.506753274581,0.279031370391,4.88807535053,1.42311054509,0.682443588332,3.01249046708,0.877054186617,0.474408365438,0.564250615387,0.371523710393,1.5,1.51874725516,0.564250615387,1.5,0.204227518513,0.175879396985,35,0.0197628458498,0.318430155703,23,23,23,1,0,0.521739130435,0.173913043478,0.304347826087,23,82,0.162055335968,1.79199604743,7.13043478261,6.83333333333,5.125,3.49420751616,0.490041297998,0.265641569459,5.03466246008,1.41216142173,0.680805938494,3.02754156126,0.849188486694,0.458112407211,0.940654502419,0.524919964956,3,1.79199604743,0.940654502419,3,0.206160506161,0.17896389325,38,0.0214568040655,0.278729435548,23,23,23,1,0,0.478260869565,0.217391304348,0.304347826087,-6,-0.0118577075099,0.106920253659,-0.521739130435,-0.5,-0.375,-0.144082487424,0.014582945257,0.0161356406054,-0.288120252962,0.0209795762757,0.0078810373084,-0.242879233368,-0.00558058462831,0.0154246601755,0.19146319806,0.0803160443919,0.5,0.106920253659,0.19146319806,0.5,-0.0532861078316,-0.00981859649047,-8,-0.00451722190853,-0.054415197597,0,0,0,81,1,7,417,0.920454545455,0.997607655502,0.00239234449761,0.0795454545455,0.987804878049,0.920454545455,0.952941176471,0.944303782253,0.918062200957,0.910112359551,3,9,0,10,3,10
450,WLNM_dir_neg_kfold,0.638888888889,0.410612535613,00:00:01,10,90,10,15355,threshold_sweep,0.9,0.666666666667,0.222222222222,0.333333333333,2,1,7,17,0.222222222222,0.944444444444,0.0555555555556,0.777777777778,0.666666666667,0.222222222222,0.333333333333,0.703703703704,0.62962962963,0.2,0.25,0.166666666667,94,85,9,0,94,0,85,0,9,23,88,0.173913043478,1.68507579377,7.65217391304,7.33333333333,5.5,3.63829000359,0.475458352741,0.249505928854,5.32278271304,1.39118184545,0.672924901186,3.27042079462,0.854769071322,0.442687747036,0.749191304359,0.444603920564,2.5,1.68507579377,0.749191304359,2.5,0.259446613992,0.18878248974,46,0.025974025974,0.333144633145,23,23,23,1,0,0.478260869565,0.217391304348,0.304347826087,23,0.156126482213,1.51874725516,6.86956521739,7.18181818182,4.9375,3.48117466886,0.506753274581,0.279031370391,4.88807535053,1.42311054509,0.682443588332,3.01249046708,0.877054186617,0.474408365438,0.564250615387,0.371523710393,1.5,1.51874725516,0.564250615387,1.5,0.204227518513,0.175879396985,35,0.0197628458498,0.318430155703,23,23,23,1,0,0.521739130435,0.173913043478,0.304347826087,23,82,0.162055335968,1.79199604743,7.13043478261,6.83333333333,5.125,3.49420751616,0.490041297998,0.265641569459,5.03466246008,1.41216142173,0.680805938494,3.02754156126,0.849188486694,0.458112407211,0.940654502419,0.524919964956,3,1.79199604743,0.940654502419,3,0.206160506161,0.17896389325,38,0.0214568040655,0.278729435548,23,23,23,1,0,0.478260869565,0.217391304348,0.304347826087,-6,-0.0118577075099,0.106920253659,-0.521739130435,-0.5,-0.375,-0.144082487424,0.014582945257,0.0161356406054,-0.288120252962,0.0209795762757,0.0078810373084,-0.242879233368,-0.00558058462831,0.0154246601755,0.19146319806,0.0803160443919,0.5,0.106920253659,0.19146319806,0.5,-0.0532861078316,-0.00981859649047,-8,-0.00451722190853,-0.054415197597,0,0,0,81,1,7,417,0.920454545455,0.997607655502,0.00239234449761,0.0795454545455,0.987804878049,0.920454545455,0.952941176471,0.944303782253,0.918062200957,0.910112359551,3,9,0,10,3,10
451,WLNM_dir_neg_kfold,0.570987654321,0.263226279893,00:00:01,10,90,11,15356,threshold_sweep,0.1,1,0.222222222222,0.363636363636,2,0,7,18,0.222222222222,1,0,0.777777777778,1,0.222222222222,0.363636363636,0.740740740741,0.641975308642,0.275862068966,0.4,0.222222222222,94,85,9,0,94,0,85,0,9,23,88,0.173913043478,1.68507579377,7.65217391304,7.33333333333,5.5,3.63829000359,0.475458352741,0.249505928854,5.32278271304,1.39118184545,0.672924901186,3.27042079462,0.854769071322,0.442687747036,0.749191304359,0.444603920564,2.5,1.68507579377,0.749191304359,2.5,0.259446613992,0.18878248974,46,0.025974025974,0.333144633145,23,23,23,1,0,0.478260869565,0.217391304348,0.304347826087,23,0.156126482213,1.51874725516,6.86956521739,7.18181818182,4.9375,3.48117466886,0.506753274581,0.279031370391,4.88807535053,1.42311054509,0.682443588332,3.01249046708,0.877054186617,0.474408365438,0.564250615387,0.371523710393,1.5,1.51874725516,0.564250615387,1.5,0.204227518513,0.175879396985,35,0.0197628458498,0.318430155703,23,23,23,1,0,0.521739130435,0.173913043478,0.304347826087,23,81,0.160079051383,1.51715132693,7.04347826087,7.36363636364,5.0625,3.57361875249,0.507365625353,0.276972624799,5.06206538172,1.43737658987,0.689210950081,3.04316768602,0.864109342943,0.464841653247,0.562115661868,0.370507313205,1.5,1.51715132693,0.562115661868,1.5,0.217271617272,0.180952380952,38,0.0214568040655,0.323731521004,23,23,23,1,0,0.521739130435,0.173913043478,0.304347826087,-7,-0.0138339920949,-0.167924466838,-0.608695652174,0.030303030303,-0.4375,-0.0646712510973,0.031907272612,0.027466695945,-0.260717331319,0.0461947444178,0.0162860488947,-0.227253108608,0.00934027162073,0.0221539062119,-0.187075642491,-0.0740966073594,-1,-0.167924466838,-0.187075642491,-1,-0.0421749967205,-0.0078301087877,-8,-0.00451722190853,-0.00941311214038,0.0434782608696,-0.0434782608696,0,81,0,7,418,0.920454545455,1,0,0.0795454545455,1,0.920454545455,0.958579881657,0.951469451768,0.920454545455,0.920454545455,2,9,0,10,3,10
452,WLNM_dir_neg_kfold,0.570987654321,0.263226279893,00:00:01,10,90,11,15356,threshold_sweep,0.2,1,0.222222222222,0.363636363636,2,0,7,18,0.222222222222,1,0,0.777777777778,1,0.222222222222,0.363636363636,0.740740740741,0.641975308642,0.275862068966,0.4,0.222222222222,94,85,9,0,94,0,85,0,9,23,88,0.173913043478,1.68507579377,7.65217391304,7.33333333333,5.5,3.63829000359,0.475458352741,0.249505928854,5.32278271304,1.39118184545,0.672924901186,3.27042079462,0.854769071322,0.442687747036,0.749191304359,0.444603920564,2.5,1.68507579377,0.749191304359,2.5,0.259446613992,0.18878248974,46,0.025974025974,0.333144633145,23,23,23,1,0,0.478260869565,0.217391304348,0.304347826087,23,0.156126482213,1.51874725516,6.86956521739,7.18181818182,4.9375,3.48117466886,0.506753274581,0.279031370391,4.88807535053,1.42311054509,0.682443588332,3.01249046708,0.877054186617,0.474408365438,0.564250615387,0.371523710393,1.5,1.51874725516,0.564250615387,1.5,0.204227518513,0.175879396985,35,0.0197628458498,0.318430155703,23,23,23,1,0,0.521739130435,0.173913043478,0.304347826087,23,81,0.160079051383,1.51715132693,7.04347826087,7.36363636364,5.0625,3.57361875249,0.507365625353,0.276972624799,5.06206538172,1.43737658987,0.689210950081,3.04316768602,0.864109342943,0.464841653247,0.562115661868,0.370507313205,1.5,1.51715132693,0.562115661868,1.5,0.217271617272,0.180952380952,38,0.0214568040655,0.323731521004,23,23,23,1,0,0.521739130435,0.173913043478,0.304347826087,-7,-0.0138339920949,-0.167924466838,-0.608695652174,0.030303030303,-0.4375,-0.0646712510973,0.031907272612,0.027466695945,-0.260717331319,0.0461947444178,0.0162860488947,-0.227253108608,0.00934027162073,0.0221539062119,-0.187075642491,-0.0740966073594,-1,-0.167924466838,-0.187075642491,-1,-0.0421749967205,-0.0078301087877,-8,-0.00451722190853,-0.00941311214038,0.0434782608696,-0.0434782608696,0,81,0,7,418,0.920454545455,1,0,0.0795454545455,1,0.920454545455,0.958579881657,0.951469451768,0.920454545455,0.920454545455,2,9,0,10,3,10
453,WLNM_dir_neg_kfold,0.570987654321,0.263226279893,00:00:01,10,90,11,15356,threshold_sweep,0.3,1,0.222222222222,0.363636363636,2,0,7,18,0.222222222222,1,0,0.777777777778,1,0.222222222222,0.363636363636,0.740740740741,0.641975308642,0.275862068966,0.4,0.222222222222,94,85,9,0,94,0,85,0,9,23,88,0.173913043478,1.68507579377,7.65217391304,7.33333333333,5.5,3.63829000359,0.475458352741,0.249505928854,5.32278271304,1.39118184545,0.672924901186,3.27042079462,0.854769071322,0.442687747036,0.749191304359,0.444603920564,2.5,1.68507579377,0.749191304359,2.5,0.259446613992,0.18878248974,46,0.025974025974,0.333144633145,23,23,23,1,0,0.478260869565,0.217391304348,0.304347826087,23,0.156126482213,1.51874725516,6.86956521739,7.18181818182,4.9375,3.48117466886,0.506753274581,0.279031370391,4.88807535053,1.42311054509,0.682443588332,3.01249046708,0.877054186617,0.474408365438,0.564250615387,0.371523710393,1.5,1.51874725516,0.564250615387,1.5,0.204227518513,0.175879396985,35,0.0197628458498,0.318430155703,23,23,23,1,0,0.521739130435,0.173913043478,0.304347826087,23,81,0.160079051383,1.51715132693,7.04347826087,7.36363636364,5.0625,3.57361875249,0.507365625353,0.276972624799,5.06206538172,1.43737658987,0.689210950081,3.04316768602,0.864109342943,0.464841653247,0.562115661868,0.370507313205,1.5,1.51715132693,0.562115661868,1.5,0.217271617272,0.180952380952,38,0.0214568040655,0.323731521004,23,23,23,1,0,0.521739130435,0.173913043478,0.304347826087,-7,-0.0138339920949,-0.167924466838,-0.608695652174,0.030303030303,-0.4375,-0.0646712510973,0.031907272612,0.027466695945,-0.260717331319,0.0461947444178,0.0162860488947,-0.227253108608,0.00934027162073,0.0221539062119,-0.187075642491,-0.0740966073594,-1,-0.167924466838,-0.187075642491,-1,-0.0421749967205,-0.0078301087877,-8,-0.00451722190853,-0.00941311214038,0.0434782608696,-0.0434782608696,0,81,0,7,418,0.920454545455,1,0,0.0795454545455,1,0.920454545455,0.958579881657,0.951469451768,0.920454545455,0.920454545455,2,9,0,10,3,10
454,WLNM_dir_neg_kfold,0.570987654321,0.263226279893,00:00:01,10,90,11,15356,threshold_sweep,0.4,1,0.222222222222,0.363636363636,2,0,7,18,0.222222222222,1,0,0.777777777778,1,0.222222222222,0.363636363636,0.740740740741,0.641975308642,0.275862068966,0.4,0.222222222222,94,85,9,0,94,0,85,0,9,23,88,0.173913043478,1.68507579377,7.65217391304,7.33333333333,5.5,3.63829000359,0.475458352741,0.249505928854,5.32278271304,1.39118184545,0.672924901186,3.27042079462,0.854769071322,0.442687747036,0.749191304359,0.444603920564,2.5,1.68507579377,0.749191304359,2.5,0.259446613992,0.18878248974,46,0.025974025974,0.333144633145,23,23,23,1,0,0.478260869565,0.217391304348,0.304347826087,23,0.156126482213,1.51874725516,6.86956521739,7.18181818182,4.9375,3.48117466886,0.506753274581,0.279031370391,4.88807535053,1.42311054509,0.682443588332,3.01249046708,0.877054186617,0.474408365438,0.564250615387,0.371523710393,1.5,1.51874725516,0.564250615387,1.5,0.204227518513,0.175879396985,35,0.0197628458498,0.318430155703,23,23,23,1,0,0.521739130435,0.173913043478,0.304347826087,23,81,0.160079051383,1.51715132693,7.04347826087,7.36363636364,5.0625,3.57361875249,0.507365625353,0.276972624799,5.06206538172,1.43737658987,0.689210950081,3.04316768602,0.864109342943,0.464841653247,0.562115661868,0.370507313205,1.5,1.51715132693,0.562115661868,1.5,0.217271617272,0.180952380952,38,0.0214568040655,0.323731521004,23,23,23,1,0,0.521739130435,0.173913043478,0.304347826087,-7,-0.0138339920949,-0.167924466838,-0.608695652174,0.030303030303,-0.4375,-0.0646712510973,0.031907272612,0.027466695945,-0.260717331319,0.0461947444178,0.0162860488947,-0.227253108608,0.00934027162073,0.0221539062119,-0.187075642491,-0.0740966073594,-1,-0.167924466838,-0.187075642491,-1,-0.0421749967205,-0.0078301087877,-8,-0.00451722190853,-0.00941311214038,0.0434782608696,-0.0434782608696,0,81,0,7,418,0.920454545455,1,0,0.0795454545455,1,0.920454545455,0.958579881657,0.951469451768,0.920454545455,0.920454545455,2,9,0,10,3,10
455,WLNM_dir_neg_kfold,0.570987654321,0.263226279893,00:00:01,10,90,11,15356,threshold_sweep,0.5,1,0.222222222222,0.363636363636,2,0,7,18,0.222222222222,1,0,0.777777777778,1,0.222222222222,0.363636363636,0.740740740741,0.641975308642,0.275862068966,0.4,0.222222222222,94,85,9,0,94,0,85,0,9,23,88,0.173913043478,1.68507579377,7.65217391304,7.33333333333,5.5,3.63829000359,0.475458352741,0.249505928854,5.32278271304,1.39118184545,0.672924901186,3.27042079462,0.854769071322,0.442687747036,0.749191304359,0.444603920564,2.5,1.68507579377,0.749191304359,2.5,0.259446613992,0.18878248974,46,0.025974025974,0.333144633145,23,23,23,1,0,0.478260869565,0.217391304348,0.304347826087,23,0.156126482213,1.51874725516,6.86956521739,7.18181818182,4.9375,3.48117466886,0.506753274581,0.279031370391,4.88807535053,1.42311054509,0.682443588332,3.01249046708,0.877054186617,0.474408365438,0.564250615387,0.371523710393,1.5,1.51874725516,0.564250615387,1.5,0.204227518513,0.175879396985,35,0.0197628458498,0.318430155703,23,23,23,1,0,0.521739130435,0.173913043478,0.304347826087,23,81,0.160079051383,1.51715132693,7.04347826087,7.36363636364,5.0625,3.57361875249,0.507365625353,0.276972624799,5.06206538172,1.43737658987,0.689210950081,3.04316768602,0.864109342943,0.464841653247,0.562115661868,0.370507313205,1.5,1.51715132693,0.562115661868,1.5,0.217271617272,0.180952380952,38,0.0214568040655,0.323731521004,23,23,23,1,0,0.521739130435,0.173913043478,0.304347826087,-7,-0.0138339920949,-0.167924466838,-0.608695652174,0.030303030303,-0.4375,-0.0646712510973,0.031907272612,0.027466695945,-0.260717331319,0.0461947444178,0.0162860488947,-0.227253108608,0.00934027162073,0.0221539062119,-0.187075642491,-0.0740966073594,-1,-0.167924466838,-0.187075642491,-1,-0.0421749967205,-0.0078301087877,-8,-0.00451722190853,-0.00941311214038,0.0434782608696,-0.0434782608696,0,81,0,7,418,0.920454545455,1,0,0.0795454545455,1,0.920454545455,0.958579881657,0.951469451768,0.920454545455,0.920454545455,2,9,0,10,3,10
456,WLNM_dir_neg_kfold,0.570987654321,0.263226279893,00:00:01,10,90,11,15356,threshold_sweep,0.6,1,0.222222222222,0.363636363636,2,0,7,18,0.222222222222,1,0,0.777777777778,1,0.222222222222,0.363636363636,0.740740740741,0.641975308642,0.275862068966,0.4,0.222222222222,94,85,9,0,94,0,85,0,9,23,88,0.173913043478,1.68507579377,7.65217391304,7.33333333333,5.5,3.63829000359,0.475458352741,0.249505928854,5.32278271304,1.39118184545,0.672924901186,3.27042079462,0.854769071322,0.442687747036,0.749191304359,0.444603920564,2.5,1.68507579377,0.749191304359,2.5,0.259446613992,0.18878248974,46,0.025974025974,0.333144633145,23,23,23,1,0,0.478260869565,0.217391304348,0.304347826087,23,0.156126482213,1.51874725516,6.86956521739,7.18181818182,4.9375,3.48117466886,0.506753274581,0.279031370391,4.88807535053,1.42311054509,0.682443588332,3.01249046708,0.877054186617,0.474408365438,0.564250615387,0.371523710393,1.5,1.51874725516,0.564250615387,1.5,0.204227518513,0.175879396985,35,0.0197628458498,0.318430155703,23,23,23,1,0,0.521739130435,0.173913043478,0.304347826087,23,81,0.160079051383,1.51715132693,7.04347826087,7.36363636364,5.0625,3.57361875249,0.507365625353,0.276972624799,5.06206538172,1.43737658987,0.689210950081,3.04316768602,0.864109342943,0.464841653247,0.562115661868,0.370507313205,1.5,1.51715132693,0.562115661868,1.5,0.217271617272,0.180952380952,38,0.0214568040655,0.323731521004,23,23,23,1,0,0.521739130435,0.173913043478,0.304347826087,-7,-0.0138339920949,-0.167924466838,-0.608695652174,0.030303030303,-0.4375,-0.0646712510973,0.031907272612,0.027466695945,-0.260717331319,0.0461947444178,0.0162860488947,-0.227253108608,0.00934027162073,0.0221539062119,-0.187075642491,-0.0740966073594,-1,-0.167924466838,-0.187075642491,-1,-0.0421749967205,-0.0078301087877,-8,-0.00451722190853,-0.00941311214038,0.0434782608696,-0.0434782608696,0,81,0,7,418,0.920454545455,1,0,0.0795454545455,1,0.920454545455,0.958579881657,0.951469451768,0.920454545455,0.920454545455,2,9,0,10,3,10
457,WLNM_dir_neg_kfold,0.570987654321,0.263226279893,00:00:01,10,90,11,15356,threshold_sweep,0.7,1,0.222222222222,0.363636363636,2,0,7,18,0.222222222222,1,0,0.777777777778,1,0.222222222222,0.363636363636,0.740740740741,0.641975308642,0.275862068966,0.4,0.222222222222,94,85,9,0,94,0,85,0,9,23,88,0.173913043478,1.68507579377,7.65217391304,7.33333333333,5.5,3.63829000359,0.475458352741,0.249505928854,5.32278271304,1.39118184545,0.672924901186,3.27042079462,0.854769071322,0.442687747036,0.749191304359,0.444603920564,2.5,1.68507579377,0.749191304359,2.5,0.259446613992,0.18878248974,46,0.025974025974,0.333144633145,23,23,23,1,0,0.478260869565,0.217391304348,0.304347826087,23,0.156126482213,1.51874725516,6.86956521739,7.18181818182,4.9375,3.48117466886,0.506753274581,0.279031370391,4.88807535053,1.42311054509,0.682443588332,3.01249046708,0.877054186617,0.474408365438,0.564250615387,0.371523710393,1.5,1.51874725516,0.564250615387,1.5,0.204227518513,0.175879396985,35,0.0197628458498,0.318430155703,23,23,23,1,0,0.521739130435,0.173913043478,0.304347826087,23,81,0.160079051383,1.51715132693,7.04347826087,7.36363636364,5.0625,3.57361875249,0.507365625353,0.276972624799,5.06206538172,1.43737658987,0.689210950081,3.04316768602,0.864109342943,0.464841653247,0.562115661868,0.370507313205,1.5,1.51715132693,0.562115661868,1.5,0.217271617272,0.180952380952,38,0.0214568040655,0.323731521004,23,23,23,1,0,0.521739130435,0.173913043478,0.304347826087,-7,-0.0138339920949,-0.167924466838,-0.608695652174,0.030303030303,-0.4375,-0.0646712510973,0.031907272612,0.027466695945,-0.260717331319,0.0461947444178,0.0162860488947,-0.227253108608,0.00934027162073,0.0221539062119,-0.187075642491,-0.0740966073594,-1,-0.167924466838,-0.187075642491,-1,-0.0421749967205,-0.0078301087877,-8,-0.00451722190853,-0.00941311214038,0.0434782608696,-0.0434782608696,0,81,0,7,418,0.920454545455,1,0,0.0795454545455,1,0.920454545455,0.958579881657,0.951469451768,0.920454545455,0.920454545455,2,9,0,10,3,10
458,WLNM_dir_neg_kfold,0.570987654321,0.263226279893,00:00:01,10,90,11,15356,threshold_sweep,0.8,1,0.222222222222,0.363636363636,2,0,7,18,0.222222222222,1,0,0.777777777778,1,0.222222222222,0.363636363636,0.740740740741,0.641975308642,0.275862068966,0.4,0.222222222222,94,85,9,0,94,0,85,0,9,23,88,0.173913043478,1.68507579377,7.65217391304,7.33333333333,5.5,3.63829000359,0.475458352741,0.249505928854,5.32278271304,1.39118184545,0.672924901186,3.27042079462,0.854769071322,0.442687747036,0.749191304359,0.444603920564,2.5,1.68507579377,0.749191304359,2.5,0.259446613992,0.18878248974,46,0.025974025974,0.333144633145,23,23,23,1,0,0.478260869565,0.217391304348,0.304347826087,23,0.156126482213,1.51874725516,6.86956521739,7.18181818182,4.9375,3.48117466886,0.506753274581,0.279031370391,4.88807535053,1.42311054509,0.682443588332,3.01249046708,0.877054186617,0.474408365438,0.564250615387,0.371523710393,1.5,1.51874725516,0.564250615387,1.5,0.204227518513,0.175879396985,35,0.0197628458498,0.318430155703,23,23,23,1,0,0.521739130435,0.173913043478,0.304347826087,23,81,0.160079051383,1.51715132693,7.04347826087,7.36363636364,5.0625,3.57361875249,0.507365625353,0.276972624799,5.06206538172,1.43737658987,0.689210950081,3.04316768602,0.864109342943,0.464841653247,0.562115661868,0.370507313205,1.5,1.51715132693,0.562115661868,1.5,0.217271617272,0.180952380952,38,0.0214568040655,0.323731521004,23,23,23,1,0,0.521739130435,0.173913043478,0.304347826087,-7,-0.0138339920949,-0.167924466838,-0.608695652174,0.030303030303,-0.4375,-0.0646712510973,0.031907272612,0.027466695945,-0.260717331319,0.0461947444178,0.0162860488947,-0.227253108608,0.00934027162073,0.0221539062119,-0.187075642491,-0.0740966073594,-1,-0.167924466838,-0.187075642491,-1,-0.0421749967205,-0.0078301087877,-8,-0.00451722190853,-0.00941311214038,0.0434782608696,-0.0434782608696,0,81,0,7,418,0.920454545455,1,0,0.0795454545455,1,0.920454545455,0.958579881657,0.951469451768,0.920454545455,0.920454545455,2,9,0,10,3,10
459,WLNM_dir_neg_kfold,0.570987654321,0.263226279893,00:00:01,10,90,11,15356,threshold_sweep,0.9,1,0.222222222222,0.363636363636,2,0,7,18,0.222222222222,1,0,0.777777777778,1,0.222222222222,0.363636363636,0.740740740741,0.641975308642,0.275862068966,0.4,0.222222222222,94,85,9,0,94,0,85,0,9,23,88,0.173913043478,1.68507579377,7.65217391304,7.33333333333,5.5,3.63829000359,0.475458352741,0.249505928854,5.32278271304,1.39118184545,0.672924901186,3.27042079462,0.854769071322,0.442687747036,0.749191304359,0.444603920564,2.5,1.68507579377,0.749191304359,2.5,0.259446613992,0.18878248974,46,0.025974025974,0.333144633145,23,23,23,1,0,0.478260869565,0.217391304348,0.304347826087,23,0.156126482213,1.51874725516,6.86956521739,7.18181818182,4.9375,3.48117466886,0.506753274581,0.279031370391,4.88807535053,1.42311054509,0.682443588332,3.01249046708,0.877054186617,0.474408365438,0.564250615387,0.371523710393,1.5,1.51874725516,0.564250615387,1.5,0.204227518513,0.175879396985,35,0.0197628458498,0.318430155703,23,23,23,1,0,0.521739130435,0.173913043478,0.304347826087,23,81,0.160079051383,1.51715132693,7.04347826087,7.36363636364,5.0625,3.57361875249,0.507365625353,0.276972624799,5.06206538172,1.43737658987,0.689210950081,3.04316768602,0.864109342943,0.464841653247,0.562115661868,0.370507313205,1.5,1.51715132693,0.562115661868,1.5,0.217271617272,0.180952380952,38,0.0214568040655,0.323731521004,23,23,23,1,0,0.521739130435,0.173913043478,0.304347826087,-7,-0.0138339920949,-0.167924466838,-0.608695652174,0.030303030303,-0.4375,-0.0646712510973,0.031907272612,0.027466695945,-0.260717331319,0.0461947444178,0.0162860488947,-0.227253108608,0.00934027162073,0.0221539062119,-0.187075642491,-0.0740966073594,-1,-0.167924466838,-0.187075642491,-1,-0.0421749967205,-0.0078301087877,-8,-0.00451722190853,-0.00941311214038,0.0434782608696,-0.0434782608696,0,81,0,7,418,0.920454545455,1,0,0.0795454545455,1,0.920454545455,0.958579881657,0.951469451768,0.920454545455,0.920454545455,2,9,0,10,3,10
460,WLNM_dir_neg_kfold,0.651234567901,0.331673789174,00:00:01,10,90,12,15357,threshold_sweep,0.1,1,0.222222222222,0.363636363636,2,0,7,18,0.222222222222,1,0,0.777777777778,1,0.222222222222,0.363636363636,0.740740740741,0.641975308642,0.275862068966,0.4,0.222222222222,94,85,9,0,94,0,85,0,9,23,88,0.173913043478,1.68507579377,7.65217391304,7.33333333333,5.5,3.63829000359,0.475458352741,0.249505928854,5.32278271304,1.39118184545,0.672924901186,3.27042079462,0.854769071322,0.442687747036,0.749191304359,0.444603920564,2.5,1.68507579377,0.749191304359,2.5,0.259446613992,0.18878248974,46,0.025974025974,0.333144633145,23,23,23,1,0,0.478260869565,0.217391304348,0.304347826087,23,0.156126482213,1.51874725516,6.86956521739,7.18181818182,4.9375,3.48117466886,0.506753274581,0.279031370391,4.88807535053,1.42311054509,0.682443588332,3.01249046708,0.877054186617,0.474408365438,0.564250615387,0.371523710393,1.5,1.51874725516,0.564250615387,1.5,0.204227518513,0.175879396985,35,0.0197628458498,0.318430155703,23,23,23,1,0,0.521739130435,0.173913043478,0.304347826087,23,81,0.160079051383,1.51715132693,7.04347826087,7.36363636364,5.0625,3.57361875249,0.507365625353,0.276972624799,5.06206538172,1.43737658987,0.689210950081,3.04316768602,0.864109342943,0.464841653247,0.562115661868,0.370507313205,1.5,1.51715132693,0.562115661868,1.5,0.217271617272,0.180952380952,38,0.0214568040655,0.323731521004,23,23,23,1,0,0.521739130435,0.173913043478,0.304347826087,-7,-0.0138339920949,-0.167924466838,-0.608695652174,0.030303030303,-0.4375,-0.0646712510973,0.031907272612,0.027466695945,-0.260717331319,0.0461947444178,0.0162860488947,-0.227253108608,0.00934027162073,0.0221539062119,-0.187075642491,-0.0740966073594,-1,-0.167924466838,-0.187075642491,-1,-0.0421749967205,-0.0078301087877,-8,-0.00451722190853,-0.00941311214038,0.0434782608696,-0.0434782608696,0,81,0,7,418,0.920454545455,1,0,0.0795454545455,1,0.920454545455,0.958579881657,0.951469451768,0.920454545455,0.920454545455,2,9,0,10,3,10
461,WLNM_dir_neg_kfold,0.651234567901,0.331673789174,00:00:01,10,90,12,15357,threshold_sweep,0.2,1,0.222222222222,0.363636363636,2,0,7,18,0.222222222222,1,0,0.777777777778,1,0.222222222222,0.363636363636,0.740740740741,0.641975308642,0.275862068966,0.4,0.222222222222,94,85,9,0,94,0,85,0,9,23,88,0.173913043478,1.68507579377,7.65217391304,7.33333333333,5.5,3.63829000359,0.475458352741,0.249505928854,5.32278271304,1.39118184545,0.672924901186,3.27042079462,0.854769071322,0.442687747036,0.749191304359,0.444603920564,2.5,1.68507579377,0.749191304359,2.5,0.259446613992,0.18878248974,46,0.025974025974,0.333144633145,23,23,23,1,0,0.478260869565,0.217391304348,0.304347826087,23,0.156126482213,1.51874725516,6.86956521739,7.18181818182,4.9375,3.48117466886,0.506753274581,0.279031370391,4.88807535053,1.42311054509,0.682443588332,3.01249046708,0.877054186617,0.474408365438,0.564250615387,0.371523710393,1.5,1.51874725516,0.564250615387,1.5,0.204227518513,0.175879396985,35,0.0197628458498,0.318430155703,23,23,23,1,0,0.521739130435,0.173913043478,0.304347826087,23,81,0.160079051383,1.51715132693,7.04347826087,7.36363636364,5.0625,3.57361875249,0.507365625353,0.276972624799,5.06206538172,1.43737658987,0.689210950081,3.04316768602,0.864109342943,0.464841653247,0.562115661868,0.370507313205,1.5,1.51715132693,0.562115661868,1.5,0.217271617272,0.180952380952,38,0.0214568040655,0.323731521004,23,23,23,1,0,0.521739130435,0.173913043478,0.304347826087,-7,-0.0138339920949,-0.167924466838,-0.608695652174,0.030303030303,-0.4375,-0.0646712510973,0.031907272612,0.027466695945,-0.260717331319,0.0461947444178,0.0162860488947,-0.227253108608,0.00934027162073,0.0221539062119,-0.187075642491,-0.0740966073594,-1,-0.167924466838,-0.187075642491,-1,-0.0421749967205,-0.0078301087877,-8,-0.00451722190853,-0.00941311214038,0.0434782608696,-0.0434782608696,0,81,0,7,418,0.920454545455,1,0,0.0795454545455,1,0.920454545455,0.958579881657,0.951469451768,0.920454545455,0.920454545455,2,9,0,10,3,10
462,WLNM_dir_neg_kfold,0.651234567901,0.331673789174,00:00:01,10,90,12,15357,threshold_sweep,0.3,1,0.222222222222,0.363636363636,2,0,7,18,0.222222222222,1,0,0.777777777778,1,0.222222222222,0.363636363636,0.740740740741,0.641975308642,0.275862068966,0.4,0.222222222222,94,85,9,0,94,0,85,0,9,23,88,0.173913043478,1.68507579377,7.65217391304,7.33333333333,5.5,3.63829000359,0.475458352741,0.249505928854,5.32278271304,1.39118184545,0.672924901186,3.27042079462,0.854769071322,0.442687747036,0.749191304359,0.444603920564,2.5,1.68507579377,0.749191304359,2.5,0.259446613992,0.18878248974,46,0.025974025974,0.333144633145,23,23,23,1,0,0.478260869565,0.217391304348,0.304347826087,23,0.156126482213,1.51874725516,6.86956521739,7.18181818182,4.9375,3.48117466886,0.506753274581,0.279031370391,4.88807535053,1.42311054509,0.682443588332,3.01249046708,0.877054186617,0.474408365438,0.564250615387,0.371523710393,1.5,1.51874725516,0.564250615387,1.5,0.204227518513,0.175879396985,35,0.0197628458498,0.318430155703,23,23,23,1,0,0.521739130435,0.173913043478,0.304347826087,23,81,0.160079051383,1.51715132693,7.04347826087,7.36363636364,5.0625,3.57361875249,0.507365625353,0.276972624799,5.06206538172,1.43737658987,0.689210950081,3.04316768602,0.864109342943,0.464841653247,0.562115661868,0.370507313205,1.5,1.51715132693,0.562115661868,1.5,0.217271617272,0.180952380952,38,0.0214568040655,0.323731521004,23,23,23,1,0,0.521739130435,0.173913043478,0.304347826087,-7,-0.0138339920949,-0.167924466838,-0.608695652174,0.030303030303,-0.4375,-0.0646712510973,0.031907272612,0.027466695945,-0.260717331319,0.0461947444178,0.0162860488947,-0.227253108608,0.00934027162073,0.0221539062119,-0.187075642491,-0.0740966073594,-1,-0.167924466838,-0.187075642491,-1,-0.0421749967205,-0.0078301087877,-8,-0.00451722190853,-0.00941311214038,0.0434782608696,-0.0434782608696,0,81,0,7,418,0.920454545455,1,0,0.0795454545455,1,0.920454545455,0.958579881657,0.951469451768,0.920454545455,0.920454545455,2,9,0,10,3,10
463,WLNM_dir_neg_kfold,0.651234567901,0.331673789174,00:00:01,10,90,12,15357,threshold_sweep,0.4,1,0.222222222222,0.363636363636,2,0,7,18,0.222222222222,1,0,0.777777777778,1,0.222222222222,0.363636363636,0.740740740741,0.641975308642,0.275862068966,0.4,0.222222222222,94,85,9,0,94,0,85,0,9,23,88,0.173913043478,1.68507579377,7.65217391304,7.33333333333,5.5,3.63829000359,0.475458352741,0.249505928854,5.32278271304,1.39118184545,0.672924901186,3.27042079462,0.854769071322,0.442687747036,0.749191304359,0.444603920564,2.5,1.68507579377,0.749191304359,2.5,0.259446613992,0.18878248974,46,0.025974025974,0.333144633145,23,23,23,1,0,0.478260869565,0.217391304348,0.304347826087,23,0.156126482213,1.51874725516,6.86956521739,7.18181818182,4.9375,3.48117466886,0.506753274581,0.279031370391,4.88807535053,1.42311054509,0.682443588332,3.01249046708,0.877054186617,0.474408365438,0.564250615387,0.371523710393,1.5,1.51874725516,0.564250615387,1.5,0.204227518513,0.175879396985,35,0.0197628458498,0.318430155703,23,23,23,1,0,0.521739130435,0.173913043478,0.304347826087,23,81,0.160079051383,1.51715132693,7.04347826087,7.36363636364,5.0625,3.57361875249,0.507365625353,0.276972624799,5.06206538172,1.43737658987,0.689210950081,3.04316768602,0.864109342943,0.464841653247,0.562115661868,0.370507313205,1.5,1.51715132693,0.562115661868,1.5,0.217271617272,0.180952380952,38,0.0214568040655,0.323731521004,23,23,23,1,0,0.521739130435,0.173913043478,0.304347826087,-7,-0.0138339920949,-0.167924466838,-0.608695652174,0.030303030303,-0.4375,-0.0646712510973,0.031907272612,0.027466695945,-0.260717331319,0.0461947444178,0.0162860488947,-0.227253108608,0.00934027162073,0.0221539062119,-0.187075642491,-0.0740966073594,-1,-0.167924466838,-0.187075642491,-1,-0.0421749967205,-0.0078301087877,-8,-0.00451722190853,-0.00941311214038,0.0434782608696,-0.0434782608696,0,81,0,7,418,0.920454545455,1,0,0.0795454545455,1,0.920454545455,0.958579881657,0.951469451768,0.920454545455,0.920454545455,2,9,0,10,3,10
464,WLNM_dir_neg_kfold,0.651234567901,0.331673789174,00:00:01,10,90,12,15357,threshold_sweep,0.5,1,0.222222222222,0.363636363636,2,0,7,18,0.222222222222,1,0,0.777777777778,1,0.222222222222,0.363636363636,0.740740740741,0.641975308642,0.275862068966,0.4,0.222222222222,94,85,9,0,94,0,85,0,9,23,88,0.173913043478,1.68507579377,7.65217391304,7.33333333333,5.5,3.63829000359,0.475458352741,0.249505928854,5.32278271304,1.39118184545,0.672924901186,3.27042079462,0.854769071322,0.442687747036,0.749191304359,0.444603920564,2.5,1.68507579377,0.749191304359,2.5,0.259446613992,0.18878248974,46,0.025974025974,0.333144633145,23,23,23,1,0,0.478260869565,0.217391304348,0.304347826087,23,0.156126482213,1.51874725516,6.86956521739,7.18181818182,4.9375,3.48117466886,0.506753274581,0.279031370391,4.88807535053,1.42311054509,0.682443588332,3.01249046708,0.877054186617,0.474408365438,0.564250615387,0.371523710393,1.5,1.51874725516,0.564250615387,1.5,0.204227518513,0.175879396985,35,0.0197628458498,0.318430155703,23,23,23,1,0,0.521739130435,0.173913043478,0.304347826087,23,81,0.160079051383,1.51715132693,7.04347826087,7.36363636364,5.0625,3.57361875249,0.507365625353,0.276972624799,5.06206538172,1.43737658987,0.689210950081,3.04316768602,0.864109342943,0.464841653247,0.562115661868,0.370507313205,1.5,1.51715132693,0.562115661868,1.5,0.217271617272,0.180952380952,38,0.0214568040655,0.323731521004,23,23,23,1,0,0.521739130435,0.173913043478,0.304347826087,-7,-0.0138339920949,-0.167924466838,-0.608695652174,0.030303030303,-0.4375,-0.0646712510973,0.031907272612,0.027466695945,-0.260717331319,0.0461947444178,0.0162860488947,-0.227253108608,0.00934027162073,0.0221539062119,-0.187075642491,-0.0740966073594,-1,-0.167924466838,-0.187075642491,-1,-0.0421749967205,-0.0078301087877,-8,-0.00451722190853,-0.00941311214038,0.0434782608696,-0.0434782608696,0,81,0,7,418,0.920454545455,1,0,0.0795454545455,1,0.920454545455,0.958579881657,0.951469451768,0.920454545455,0.920454545455,2,9,0,10,3,10
465,WLNM_dir_neg_kfold,0.651234567901,0.331673789174,00:00:01,10,90,12,15357,threshold_sweep,0.6,1,0.222222222222,0.363636363636,2,0,7,18,0.222222222222,1,0,0.777777777778,1,0.222222222222,0.363636363636,0.740740740741,0.641975308642,0.275862068966,0.4,0.222222222222,94,85,9,0,94,0,85,0,9,23,88,0.173913043478,1.68507579377,7.65217391304,7.33333333333,5.5,3.63829000359,0.475458352741,0.249505928854,5.32278271304,1.39118184545,0.672924901186,3.27042079462,0.854769071322,0.442687747036,0.749191304359,0.444603920564,2.5,1.68507579377,0.749191304359,2.5,0.259446613992,0.18878248974,46,0.025974025974,0.333144633145,23,23,23,1,0,0.478260869565,0.217391304348,0.304347826087,23,0.156126482213,1.51874725516,6.86956521739,7.18181818182,4.9375,3.48117466886,0.506753274581,0.279031370391,4.88807535053,1.42311054509,0.682443588332,3.01249046708,0.877054186617,0.474408365438,0.564250615387,0.371523710393,1.5,1.51874725516,0.564250615387,1.5,0.204227518513,0.175879396985,35,0.0197628458498,0.318430155703,23,23,23,1,0,0.521739130435,0.173913043478,0.304347826087,23,81,0.160079051383,1.51715132693,7.04347826087,7.36363636364,5.0625,3.57361875249,0.507365625353,0.276972624799,5.06206538172,1.43737658987,0.689210950081,3.04316768602,0.864109342943,0.464841653247,0.562115661868,0.370507313205,1.5,1.51715132693,0.562115661868,1.5,0.217271617272,0.180952380952,38,0.0214568040655,0.323731521004,23,23,23,1,0,0.521739130435,0.173913043478,0.304347826087,-7,-0.0138339920949,-0.167924466838,-0.608695652174,0.030303030303,-0.4375,-0.0646712510973,0.031907272612,0.027466695945,-0.260717331319,0.0461947444178,0.0162860488947,-0.227253108608,0.00934027162073,0.0221539062119,-0.187075642491,-0.0740966073594,-1,-0.167924466838,-0.187075642491,-1,-0.0421749967205,-0.0078301087877,-8,-0.00451722190853,-0.00941311214038,0.0434782608696,-0.0434782608696,0,81,0,7,418,0.920454545455,1,0,0.0795454545455,1,0.920454545455,0.958579881657,0.951469451768,0.920454545455,0.920454545455,2,9,0,10,3,10
466,WLNM_dir_neg_kfold,0.651234567901,0.331673789174,00:00:01,10,90,12,15357,threshold_sweep,0.7,1,0.222222222222,0.363636363636,2,0,7,18,0.222222222222,1,0,0.777777777778,1,0.222222222222,0.363636363636,0.740740740741,0.641975308642,0.275862068966,0.4,0.222222222222,94,85,9,0,94,0,85,0,9,23,88,0.173913043478,1.68507579377,7.65217391304,7.33333333333,5.5,3.63829000359,0.475458352741,0.249505928854,5.32278271304,1.39118184545,0.672924901186,3.27042079462,0.854769071322,0.442687747036,0.749191304359,0.444603920564,2.5,1.68507579377,0.749191304359,2.5,0.259446613992,0.18878248974,46,0.025974025974,0.333144633145,23,23,23,1,0,0.478260869565,0.217391304348,0.304347826087,23,0.156126482213,1.51874725516,6.86956521739,7.18181818182,4.9375,3.48117466886,0.506753274581,0.279031370391,4.88807535053,1.42311054509,0.682443588332,3.01249046708,0.877054186617,0.474408365438,0.564250615387,0.371523710393,1.5,1.51874725516,0.564250615387,1.5,0.204227518513,0.175879396985,35,0.0197628458498,0.318430155703,23,23,23,1,0,0.521739130435,0.173913043478,0.304347826087,23,81,0.160079051383,1.51715132693,7.04347826087,7.36363636364,5.0625,3.57361875249,0.507365625353,0.276972624799,5.06206538172,1.43737658987,0.689210950081,3.04316768602,0.864109342943,0.464841653247,0.562115661868,0.370507313205,1.5,1.51715132693,0.562115661868,1.5,0.217271617272,0.180952380952,38,0.0214568040655,0.323731521004,23,23,23,1,0,0.521739130435,0.173913043478,0.304347826087,-7,-0.0138339920949,-0.167924466838,-0.608695652174,0.030303030303,-0.4375,-0.0646712510973,0.031907272612,0.027466695945,-0.260717331319,0.0461947444178,0.0162860488947,-0.227253108608,0.00934027162073,0.0221539062119,-0.187075642491,-0.0740966073594,-1,-0.167924466838,-0.187075642491,-1,-0.0421749967205,-0.0078301087877,-8,-0.00451722190853,-0.00941311214038,0.0434782608696,-0.0434782608696,0,81,0,7,418,0.920454545455,1,0,0.0795454545455,1,0.920454545455,0.958579881657,0.951469451768,0.920454545455,0.920454545455,2,9,0,10,3,10
467,WLNM_dir_neg_kfold,0.651234567901,0.331673789174,00:00:01,10,90,12,15357,threshold_sweep,0.8,1,0.222222222222,0.363636363636,2,0,7,18,0.222222222222,1,0,0.777777777778,1,0.222222222222,0.363636363636,0.740740740741,0.641975308642,0.275862068966,0.4,0.222222222222,94,85,9,0,94,0,85,0,9,23,88,0.173913043478,1.68507579377,7.65217391304,7.33333333333,5.5,3.63829000359,0.475458352741,0.249505928854,5.32278271304,1.39118184545,0.672924901186,3.27042079462,0.854769071322,0.442687747036,0.749191304359,0.444603920564,2.5,1.68507579377,0.749191304359,2.5,0.259446613992,0.18878248974,46,0.025974025974,0.333144633145,23,23,23,1,0,0.478260869565,0.217391304348,0.304347826087,23,0.156126482213,1.51874725516,6.86956521739,7.18181818182,4.9375,3.48117466886,0.506753274581,0.279031370391,4.88807535053,1.42311054509,0.682443588332,3.01249046708,0.877054186617,0.474408365438,0.564250615387,0.371523710393,1.5,1.51874725516,0.564250615387,1.5,0.204227518513,0.175879396985,35,0.0197628458498,0.318430155703,23,23,23,1,0,0.521739130435,0.173913043478,0.304347826087,23,81,0.160079051383,1.51715132693,7.04347826087,7.36363636364,5.0625,3.57361875249,0.507365625353,0.276972624799,5.06206538172,1.43737658987,0.689210950081,3.04316768602,0.864109342943,0.464841653247,0.562115661868,0.370507313205,1.5,1.51715132693,0.562115661868,1.5,0.217271617272,0.180952380952,38,0.0214568040655,0.323731521004,23,23,23,1,0,0.521739130435,0.173913043478,0.304347826087,-7,-0.0138339920949,-0.167924466838,-0.608695652174,0.030303030303,-0.4375,-0.0646712510973,0.031907272612,0.027466695945,-0.260717331319,0.0461947444178,0.0162860488947,-0.227253108608,0.00934027162073,0.0221539062119,-0.187075642491,-0.0740966073594,-1,-0.167924466838,-0.187075642491,-1,-0.0421749967205,-0.0078301087877,-8,-0.00451722190853,-0.00941311214038,0.0434782608696,-0.0434782608696,0,81,0,7,418,0.920454545455,1,0,0.0795454545455,1,0.920454545455,0.958579881657,0.951469451768,0.920454545455,0.920454545455,2,9,0,10,3,10
468,WLNM_dir_neg_kfold,0.651234567901,0.331673789174,00:00:01,10,90,12,15357,threshold_sweep,0.9,1,0.222222222222,0.363636363636,2,0,7,18,0.222222222222,1,0,0.777777777778,1,0.222222222222,0.363636363636,0.740740740741,0.641975308642,0.275862068966,0.4,0.222222222222,94,85,9,0,94,0,85,0,9,23,88,0.173913043478,1.68507579377,7.65217391304,7.33333333333,5.5,3.63829000359,0.475458352741,0.249505928854,5.32278271304,1.39118184545,0.672924901186,3.27042079462,0.854769071322,0.442687747036,0.749191304359,0.444603920564,2.5,1.68507579377,0.749191304359,2.5,0.259446613992,0.18878248974,46,0.025974025974,0.333144633145,23,23,23,1,0,0.478260869565,0.217391304348,0.304347826087,23,0.156126482213,1.51874725516,6.86956521739,7.18181818182,4.9375,3.48117466886,0.506753274581,0.279031370391,4.88807535053,1.42311054509,0.682443588332,3.01249046708,0.877054186617,0.474408365438,0.564250615387,0.371523710393,1.5,1.51874725516,0.564250615387,1.5,0.204227518513,0.175879396985,35,0.0197628458498,0.318430155703,23,23,23,1,0,0.521739130435,0.173913043478,0.304347826087,23,81,0.160079051383,1.51715132693,7.04347826087,7.36363636364,5.0625,3.57361875249,0.507365625353,0.276972624799,5.06206538172,1.43737658987,0.689210950081,3.04316768602,0.864109342943,0.464841653247,0.562115661868,0.370507313205,1.5,1.51715132693,0.562115661868,1.5,0.217271617272,0.180952380952,38,0.0214568040655,0.323731521004,23,23,23,1,0,0.521739130435,0.173913043478,0.304347826087,-7,-0.0138339920949,-0.167924466838,-0.608695652174,0.030303030303,-0.4375,-0.0646712510973,0.031907272612,0.027466695945,-0.260717331319,0.0461947444178,0.0162860488947,-0.227253108608,0.00934027162073,0.0221539062119,-0.187075642491,-0.0740966073594,-1,-0.167924466838,-0.187075642491,-1,-0.0421749967205,-0.0078301087877,-8,-0.00451722190853,-0.00941311214038,0.0434782608696,-0.0434782608696,0,81,0,7,418,0.920454545455,1,0,0.0795454545455,1,0.920454545455,0.958579881657,0.951469451768,0.920454545455,0.920454545455,2,9,0,10,3,10
469,WLNM_dir_neg_kfold,0.820987654321,0.493961352657,00:00:01,10,90,13,15358,threshold_sweep,0.1,1,0.222222222222,0.363636363636,2,0,7,18,0.222222222222,1,0,0.777777777778,1,0.222222222222,0.363636363636,0.740740740741,0.641975308642,0.275862068966,0.4,0.222222222222,94,85,9,0,94,0,85,0,9,23,88,0.173913043478,1.68507579377,7.65217391304,7.33333333333,5.5,3.63829000359,0.475458352741,0.249505928854,5.32278271304,1.39118184545,0.672924901186,3.27042079462,0.854769071322,0.442687747036,0.749191304359,0.444603920564,2.5,1.68507579377,0.749191304359,2.5,0.259446613992,0.18878248974,46,0.025974025974,0.333144633145,23,23,23,1,0,0.478260869565,0.217391304348,0.304347826087,23,0.156126482213,1.51874725516,6.86956521739,7.18181818182,4.9375,3.48117466886,0.506753274581,0.279031370391,4.88807535053,1.42311054509,0.682443588332,3.01249046708,0.877054186617,0.474408365438,0.564250615387,0.371523710393,1.5,1.51874725516,0.564250615387,1.5,0.204227518513,0.175879396985,35,0.0197628458498,0.318430155703,23,23,23,1,0,0.521739130435,0.173913043478,0.304347826087,23,81,0.160079051383,1.51715132693,7.04347826087,7.36363636364,5.0625,3.57361875249,0.507365625353,0.276972624799,5.06206538172,1.43737658987,0.689210950081,3.04316768602,0.864109342943,0.464841653247,0.562115661868,0.370507313205,1.5,1.51715132693,0.562115661868,1.5,0.217271617272,0.180952380952,38,0.0214568040655,0.323731521004,23,23,23,1,0,0.521739130435,0.173913043478,0.304347826087,-7,-0.0138339920949,-0.167924466838,-0.608695652174,0.030303030303,-0.4375,-0.0646712510973,0.031907272612,0.027466695945,-0.260717331319,0.0461947444178,0.0162860488947,-0.227253108608,0.00934027162073,0.0221539062119,-0.187075642491,-0.0740966073594,-1,-0.167924466838,-0.187075642491,-1,-0.0421749967205,-0.0078301087877,-8,-0.00451722190853,-0.00941311214038,0.0434782608696,-0.0434782608696,0,81,0,7,418,0.920454545455,1,0,0.0795454545455,1,0.920454545455,0.958579881657,0.951469451768,0.920454545455,0.920454545455,2,9,0,10,3,10
470,WLNM_dir_neg_kfold,0.820987654321,0.493961352657,00:00:01,10,90,13,15358,threshold_sweep,0.2,1,0.222222222222,0.363636363636,2,0,7,18,0.222222222222,1,0,0.777777777778,1,0.222222222222,0.363636363636,0.740740740741,0.641975308642,0.275862068966,0.4,0.222222222222,94,85,9,0,94,0,85,0,9,23,88,0.173913043478,1.68507579377,7.65217391304,7.33333333333,5.5,3.63829000359,0.475458352741,0.249505928854,5.32278271304,1.39118184545,0.672924901186,3.27042079462,0.854769071322,0.442687747036,0.749191304359,0.444603920564,2.5,1.68507579377,0.749191304359,2.5,0.259446613992,0.18878248974,46,0.025974025974,0.333144633145,23,23,23,1,0,0.478260869565,0.217391304348,0.304347826087,23,0.156126482213,1.51874725516,6.86956521739,7.18181818182,4.9375,3.48117466886,0.506753274581,0.279031370391,4.88807535053,1.42311054509,0.682443588332,3.01249046708,0.877054186617,0.474408365438,0.564250615387,0.371523710393,1.5,1.51874725516,0.564250615387,1.5,0.204227518513,0.175879396985,35,0.0197628458498,0.318430155703,23,23,23,1,0,0.521739130435,0.173913043478,0.304347826087,23,81,0.160079051383,1.51715132693,7.04347826087,7.36363636364,5.0625,3.57361875249,0.507365625353,0.276972624799,5.06206538172,1.43737658987,0.689210950081,3.04316768602,0.864109342943,0.464841653247,0.562115661868,0.370507313205,1.5,1.51715132693,0.562115661868,1.5,0.217271617272,0.180952380952,38,0.0214568040655,0.323731521004,23,23,23,1,0,0.521739130435,0.173913043478,0.304347826087,-7,-0.0138339920949,-0.167924466838,-0.608695652174,0.030303030303,-0.4375,-0.0646712510973,0.031907272612,0.027466695945,-0.260717331319,0.0461947444178,0.0162860488947,-0.227253108608,0.00934027162073,0.0221539062119,-0.187075642491,-0.0740966073594,-1,-0.167924466838,-0.187075642491,-1,-0.0421749967205,-0.0078301087877,-8,-0.00451722190853,-0.00941311214038,0.0434782608696,-0.0434782608696,0,81,0,7,418,0.920454545455,1,0,0.0795454545455,1,0.920454545455,0.958579881657,0.951469451768,0.920454545455,0.920454545455,2,9,0,10,3,10
471,WLNM_dir_neg_kfold,0.820987654321,0.493961352657,00:00:01,10,90,13,15358,threshold_sweep,0.3,1,0.222222222222,0.363636363636,2,0,7,18,0.222222222222,1,0,0.777777777778,1,0.222222222222,0.363636363636,0.740740740741,0.641975308642,0.275862068966,0.4,0.222222222222,94,85,9,0,94,0,85,0,9,23,88,0.173913043478,1.68507579377,7.65217391304,7.33333333333,5.5,3.63829000359,0.475458352741,0.249505928854,5.32278271304,1.39118184545,0.672924901186,3.27042079462,0.854769071322,0.442687747036,0.749191304359,0.444603920564,2.5,1.68507579377,0.749191304359,2.5,0.259446613992,0.18878248974,46,0.025974025974,0.333144633145,23,23,23,1,0,0.478260869565,0.217391304348,0.304347826087,23,0.156126482213,1.51874725516,6.86956521739,7.18181818182,4.9375,3.48117466886,0.506753274581,0.279031370391,4.88807535053,1.42311054509,0.682443588332,3.01249046708,0.877054186617,0.474408365438,0.564250615387,0.371523710393,1.5,1.51874725516,0.564250615387,1.5,0.204227518513,0.175879396985,35,0.0197628458498,0.318430155703,23,23,23,1,0,0.521739130435,0.173913043478,0.304347826087,23,81,0.160079051383,1.51715132693,7.04347826087,7.36363636364,5.0625,3.57361875249,0.507365625353,0.276972624799,5.06206538172,1.43737658987,0.689210950081,3.04316768602,0.864109342943,0.464841653247,0.562115661868,0.370507313205,1.5,1.51715132693,0.562115661868,1.5,0.217271617272,0.180952380952,38,0.0214568040655,0.323731521004,23,23,23,1,0,0.521739130435,0.173913043478,0.304347826087,-7,-0.0138339920949,-0.167924466838,-0.608695652174,0.030303030303,-0.4375,-0.0646712510973,0.031907272612,0.027466695945,-0.260717331319,0.0461947444178,0.0162860488947,-0.227253108608,0.00934027162073,0.0221539062119,-0.187075642491,-0.0740966073594,-1,-0.167924466838,-0.187075642491,-1,-0.0421749967205,-0.0078301087877,-8,-0.00451722190853,-0.00941311214038,0.0434782608696,-0.0434782608696,0,81,0,7,418,0.920454545455,1,0,0.0795454545455,1,0.920454545455,0.958579881657,0.951469451768,0.920454545455,0.920454545455,2,9,0,10,3,10
472,WLNM_dir_neg_kfold,0.820987654321,0.493961352657,00:00:01,10,90,13,15358,threshold_sweep,0.4,1,0.222222222222,0.363636363636,2,0,7,18,0.222222222222,1,0,0.777777777778,1,0.222222222222,0.363636363636,0.740740740741,0.641975308642,0.275862068966,0.4,0.222222222222,94,85,9,0,94,0,85,0,9,23,88,0.173913043478,1.68507579377,7.65217391304,7.33333333333,5.5,3.63829000359,0.475458352741,0.249505928854,5.32278271304,1.39118184545,0.672924901186,3.27042079462,0.854769071322,0.442687747036,0.749191304359,0.444603920564,2.5,1.68507579377,0.749191304359,2.5,0.259446613992,0.18878248974,46,0.025974025974,0.333144633145,23,23,23,1,0,0.478260869565,0.217391304348,0.304347826087,23,0.156126482213,1.51874725516,6.86956521739,7.18181818182,4.9375,3.48117466886,0.506753274581,0.279031370391,4.88807535053,1.42311054509,0.682443588332,3.01249046708,0.877054186617,0.474408365438,0.564250615387,0.371523710393,1.5,1.51874725516,0.564250615387,1.5,0.204227518513,0.175879396985,35,0.0197628458498,0.318430155703,23,23,23,1,0,0.521739130435,0.173913043478,0.304347826087,23,81,0.160079051383,1.51715132693,7.04347826087,7.36363636364,5.0625,3.57361875249,0.507365625353,0.276972624799,5.06206538172,1.43737658987,0.689210950081,3.04316768602,0.864109342943,0.464841653247,0.562115661868,0.370507313205,1.5,1.51715132693,0.562115661868,1.5,0.217271617272,0.180952380952,38,0.0214568040655,0.323731521004,23,23,23,1,0,0.521739130435,0.173913043478,0.304347826087,-7,-0.0138339920949,-0.167924466838,-0.608695652174,0.030303030303,-0.4375,-0.0646712510973,0.031907272612,0.027466695945,-0.260717331319,0.0461947444178,0.0162860488947,-0.227253108608,0.00934027162073,0.0221539062119,-0.187075642491,-0.0740966073594,-1,-0.167924466838,-0.187075642491,-1,-0.0421749967205,-0.0078301087877,-8,-0.00451722190853,-0.00941311214038,0.0434782608696,-0.0434782608696,0,81,0,7,418,0.920454545455,1,0,0.0795454545455,1,0.920454545455,0.958579881657,0.951469451768,0.920454545455,0.920454545455,2,9,0,10,3,10
473,WLNM_dir_neg_kfold,0.820987654321,0.493961352657,00:00:01,10,90,13,15358,threshold_sweep,0.5,1,0.222222222222,0.363636363636,2,0,7,18,0.222222222222,1,0,0.777777777778,1,0.222222222222,0.363636363636,0.740740740741,0.641975308642,0.275862068966,0.4,0.222222222222,94,85,9,0,94,0,85,0,9,23,88,0.173913043478,1.68507579377,7.65217391304,7.33333333333,5.5,3.63829000359,0.475458352741,0.249505928854,5.32278271304,1.39118184545,0.672924901186,3.27042079462,0.854769071322,0.442687747036,0.749191304359,0.444603920564,2.5,1.68507579377,0.749191304359,2.5,0.259446613992,0.18878248974,46,0.025974025974,0.333144633145,23,23,23,1,0,0.478260869565,0.217391304348,0.304347826087,23,0.156126482213,1.51874725516,6.86956521739,7.18181818182,4.9375,3.48117466886,0.506753274581,0.279031370391,4.88807535053,1.42311054509,0.682443588332,3.01249046708,0.877054186617,0.474408365438,0.564250615387,0.371523710393,1.5,1.51874725516,0.564250615387,1.5,0.204227518513,0.175879396985,35,0.0197628458498,0.318430155703,23,23,23,1,0,0.521739130435,0.173913043478,0.304347826087,23,81,0.160079051383,1.51715132693,7.04347826087,7.36363636364,5.0625,3.57361875249,0.507365625353,0.276972624799,5.06206538172,1.43737658987,0.689210950081,3.04316768602,0.864109342943,0.464841653247,0.562115661868,0.370507313205,1.5,1.51715132693,0.562115661868,1.5,0.217271617272,0.180952380952,38,0.0214568040655,0.323731521004,23,23,23,1,0,0.521739130435,0.173913043478,0.304347826087,-7,-0.0138339920949,-0.167924466838,-0.608695652174,0.030303030303,-0.4375,-0.0646712510973,0.031907272612,0.027466695945,-0.260717331319,0.0461947444178,0.0162860488947,-0.227253108608,0.00934027162073,0.0221539062119,-0.187075642491,-0.0740966073594,-1,-0.167924466838,-0.187075642491,-1,-0.0421749967205,-0.0078301087877,-8,-0.00451722190853,-0.00941311214038,0.0434782608696,-0.0434782608696,0,81,0,7,418,0.920454545455,1,0,0.0795454545455,1,0.920454545455,0.958579881657,0.951469451768,0.920454545455,0.920454545455,2,9,0,10,3,10
474,WLNM_dir_neg_kfold,0.820987654321,0.493961352657,00:00:01,10,90,13,15358,threshold_sweep,0.6,1,0.222222222222,0.363636363636,2,0,7,18,0.222222222222,1,0,0.777777777778,1,0.222222222222,0.363636363636,0.740740740741,0.641975308642,0.275862068966,0.4,0.222222222222,94,85,9,0,94,0,85,0,9,23,88,0.173913043478,1.68507579377,7.65217391304,7.33333333333,5.5,3.63829000359,0.475458352741,0.249505928854,5.32278271304,1.39118184545,0.672924901186,3.27042079462,0.854769071322,0.442687747036,0.749191304359,0.444603920564,2.5,1.68507579377,0.749191304359,2.5,0.259446613992,0.18878248974,46,0.025974025974,0.333144633145,23,23,23,1,0,0.478260869565,0.217391304348,0.304347826087,23,0.156126482213,1.51874725516,6.86956521739,7.18181818182,4.9375,3.48117466886,0.506753274581,0.279031370391,4.88807535053,1.42311054509,0.682443588332,3.01249046708,0.877054186617,0.474408365438,0.564250615387,0.371523710393,1.5,1.51874725516,0.564250615387,1.5,0.204227518513,0.175879396985,35,0.0197628458498,0.318430155703,23,23,23,1,0,0.521739130435,0.173913043478,0.304347826087,23,81,0.160079051383,1.51715132693,7.04347826087,7.36363636364,5.0625,3.57361875249,0.507365625353,0.276972624799,5.06206538172,1.43737658987,0.689210950081,3.04316768602,0.864109342943,0.464841653247,0.562115661868,0.370507313205,1.5,1.51715132693,0.562115661868,1.5,0.217271617272,0.180952380952,38,0.0214568040655,0.323731521004,23,23,23,1,0,0.521739130435,0.173913043478,0.304347826087,-7,-0.0138339920949,-0.167924466838,-0.608695652174,0.030303030303,-0.4375,-0.0646712510973,0.031907272612,0.027466695945,-0.260717331319,0.0461947444178,0.0162860488947,-0.227253108608,0.00934027162073,0.0221539062119,-0.187075642491,-0.0740966073594,-1,-0.167924466838,-0.187075642491,-1,-0.0421749967205,-0.0078301087877,-8,-0.00451722190853,-0.00941311214038,0.0434782608696,-0.0434782608696,0,81,0,7,418,0.920454545455,1,0,0.0795454545455,1,0.920454545455,0.958579881657,0.951469451768,0.920454545455,0.920454545455,2,9,0,10,3,10
475,WLNM_dir_neg_kfold,0.820987654321,0.493961352657,00:00:01,10,90,13,15358,threshold_sweep,0.7,1,0.222222222222,0.363636363636,2,0,7,18,0.222222222222,1,0,0.777777777778,1,0.222222222222,0.363636363636,0.740740740741,0.641975308642,0.275862068966,0.4,0.222222222222,94,85,9,0,94,0,85,0,9,23,88,0.173913043478,1.68507579377,7.65217391304,7.33333333333,5.5,3.63829000359,0.475458352741,0.249505928854,5.32278271304,1.39118184545,0.672924901186,3.27042079462,0.854769071322,0.442687747036,0.749191304359,0.444603920564,2.5,1.68507579377,0.749191304359,2.5,0.259446613992,0.18878248974,46,0.025974025974,0.333144633145,23,23,23,1,0,0.478260869565,0.217391304348,0.304347826087,23,0.156126482213,1.51874725516,6.86956521739,7.18181818182,4.9375,3.48117466886,0.506753274581,0.279031370391,4.88807535053,1.42311054509,0.682443588332,3.01249046708,0.877054186617,0.474408365438,0.564250615387,0.371523710393,1.5,1.51874725516,0.564250615387,1.5,0.204227518513,0.175879396985,35,0.0197628458498,0.318430155703,23,23,23,1,0,0.521739130435,0.173913043478,0.304347826087,23,81,0.160079051383,1.51715132693,7.04347826087,7.36363636364,5.0625,3.57361875249,0.507365625353,0.276972624799,5.06206538172,1.43737658987,0.689210950081,3.04316768602,0.864109342943,0.464841653247,0.562115661868,0.370507313205,1.5,1.51715132693,0.562115661868,1.5,0.217271617272,0.180952380952,38,0.0214568040655,0.323731521004,23,23,23,1,0,0.521739130435,0.173913043478,0.304347826087,-7,-0.0138339920949,-0.167924466838,-0.608695652174,0.030303030303,-0.4375,-0.0646712510973,0.031907272612,0.027466695945,-0.260717331319,0.0461947444178,0.0162860488947,-0.227253108608,0.00934027162073,0.0221539062119,-0.187075642491,-0.0740966073594,-1,-0.167924466838,-0.187075642491,-1,-0.0421749967205,-0.0078301087877,-8,-0.00451722190853,-0.00941311214038,0.0434782608696,-0.0434782608696,0,81,0,7,418,0.920454545455,1,0,0.0795454545455,1,0.920454545455,0.958579881657,0.951469451768,0.920454545455,0.920454545455,2,9,0,10,3,10
476,WLNM_dir_neg_kfold,0.820987654321,0.493961352657,00:00:01,10,90,13,15358,threshold_sweep,0.8,1,0.222222222222,0.363636363636,2,0,7,18,0.222222222222,1,0,0.777777777778,1,0.222222222222,0.363636363636,0.740740740741,0.641975308642,0.275862068966,0.4,0.222222222222,94,85,9,0,94,0,85,0,9,23,88,0.173913043478,1.68507579377,7.65217391304,7.33333333333,5.5,3.63829000359,0.475458352741,0.249505928854,5.32278271304,1.39118184545,0.672924901186,3.27042079462,0.854769071322,0.442687747036,0.749191304359,0.444603920564,2.5,1.68507579377,0.749191304359,2.5,0.259446613992,0.18878248974,46,0.025974025974,0.333144633145,23,23,23,1,0,0.478260869565,0.217391304348,0.304347826087,23,0.156126482213,1.51874725516,6.86956521739,7.18181818182,4.9375,3.48117466886,0.506753274581,0.279031370391,4.88807535053,1.42311054509,0.682443588332,3.01249046708,0.877054186617,0.474408365438,0.564250615387,0.371523710393,1.5,1.51874725516,0.564250615387,1.5,0.204227518513,0.175879396985,35,0.0197628458498,0.318430155703,23,23,23,1,0,0.521739130435,0.173913043478,0.304347826087,23,81,0.160079051383,1.51715132693,7.04347826087,7.36363636364,5.0625,3.57361875249,0.507365625353,0.276972624799,5.06206538172,1.43737658987,0.689210950081,3.04316768602,0.864109342943,0.464841653247,0.562115661868,0.370507313205,1.5,1.51715132693,0.562115661868,1.5,0.217271617272,0.180952380952,38,0.0214568040655,0.323731521004,23,23,23,1,0,0.521739130435,0.173913043478,0.304347826087,-7,-0.0138339920949,-0.167924466838,-0.608695652174,0.030303030303,-0.4375,-0.0646712510973,0.031907272612,0.027466695945,-0.260717331319,0.0461947444178,0.0162860488947,-0.227253108608,0.00934027162073,0.0221539062119,-0.187075642491,-0.0740966073594,-1,-0.167924466838,-0.187075642491,-1,-0.0421749967205,-0.0078301087877,-8,-0.00451722190853,-0.00941311214038,0.0434782608696,-0.0434782608696,0,81,0,7,418,0.920454545455,1,0,0.0795454545455,1,0.920454545455,0.958579881657,0.951469451768,0.920454545455,0.920454545455,2,9,0,10,3,10
477,WLNM_dir_neg_kfold,0.820987654321,0.493961352657,00:00:01,10,90,13,15358,threshold_sweep,0.9,1,0.222222222222,0.363636363636,2,0,7,18,0.222222222222,1,0,0.777777777778,1,0.222222222222,0.363636363636,0.740740740741,0.641975308642,0.275862068966,0.4,0.222222222222,94,85,9,0,94,0,85,0,9,23,88,0.173913043478,1.68507579377,7.65217391304,7.33333333333,5.5,3.63829000359,0.475458352741,0.249505928854,5.32278271304,1.39118184545,0.672924901186,3.27042079462,0.854769071322,0.442687747036,0.749191304359,0.444603920564,2.5,1.68507579377,0.749191304359,2.5,0.259446613992,0.18878248974,46,0.025974025974,0.333144633145,23,23,23,1,0,0.478260869565,0.217391304348,0.304347826087,23,0.156126482213,1.51874725516,6.86956521739,7.18181818182,4.9375,3.48117466886,0.506753274581,0.279031370391,4.88807535053,1.42311054509,0.682443588332,3.01249046708,0.877054186617,0.474408365438,0.564250615387,0.371523710393,1.5,1.51874725516,0.564250615387,1.5,0.204227518513,0.175879396985,35,0.0197628458498,0.318430155703,23,23,23,1,0,0.521739130435,0.173913043478,0.304347826087,23,81,0.160079051383,1.51715132693,7.04347826087,7.36363636364,5.0625,3.57361875249,0.507365625353,0.276972624799,5.06206538172,1.43737658987,0.689210950081,3.04316768602,0.864109342943,0.464841653247,0.562115661868,0.370507313205,1.5,1.51715132693,0.562115661868,1.5,0.217271617272,0.180952380952,38,0.0214568040655,0.323731521004,23,23,23,1,0,0.521739130435,0.173913043478,0.304347826087,-7,-0.0138339920949,-0.167924466838,-0.608695652174,0.030303030303,-0.4375,-0.0646712510973,0.031907272612,0.027466695945,-0.260717331319,0.0461947444178,0.0162860488947,-0.227253108608,0.00934027162073,0.0221539062119,-0.187075642491,-0.0740966073594,-1,-0.167924466838,-0.187075642491,-1,-0.0421749967205,-0.0078301087877,-8,-0.00451722190853,-0.00941311214038,0.0434782608696,-0.0434782608696,0,81,0,7,418,0.920454545455,1,0,0.0795454545455,1,0.920454545455,0.958579881657,0.951469451768,0.920454545455,0.920454545455,2,9,0,10,3,10
478,WLNM_dir_neg_kfold,0.70987654321,0.345006105006,00:00:01,10,90,14,15359,threshold_sweep,0.1,1,0.222222222222,0.363636363636,2,0,7,18,0.222222222222,1,0,0.777777777778,1,0.222222222222,0.363636363636,0.740740740741,0.641975308642,0.275862068966,0.4,0.222222222222,94,85,9,0,94,0,85,0,9,23,88,0.173913043478,1.68507579377,7.65217391304,7.33333333333,5.5,3.63829000359,0.475458352741,0.249505928854,5.32278271304,1.39118184545,0.672924901186,3.27042079462,0.854769071322,0.442687747036,0.749191304359,0.444603920564,2.5,1.68507579377,0.749191304359,2.5,0.259446613992,0.18878248974,46,0.025974025974,0.333144633145,23,23,23,1,0,0.478260869565,0.217391304348,0.304347826087,23,0.156126482213,1.51874725516,6.86956521739,7.18181818182,4.9375,3.48117466886,0.506753274581,0.279031370391,4.88807535053,1.42311054509,0.682443588332,3.01249046708,0.877054186617,0.474408365438,0.564250615387,0.371523710393,1.5,1.51874725516,0.564250615387,1.5,0.204227518513,0.175879396985,35,0.0197628458498,0.318430155703,23,23,23,1,0,0.521739130435,0.173913043478,0.304347826087,23,81,0.160079051383,1.51715132693,7.04347826087,7.36363636364,5.0625,3.57361875249,0.507365625353,0.276972624799,5.06206538172,1.43737658987,0.689210950081,3.04316768602,0.864109342943,0.464841653247,0.562115661868,0.370507313205,1.5,1.51715132693,0.562115661868,1.5,0.217271617272,0.180952380952,38,0.0214568040655,0.323731521004,23,23,23,1,0,0.521739130435,0.173913043478,0.304347826087,-7,-0.0138339920949,-0.167924466838,-0.608695652174,0.030303030303,-0.4375,-0.0646712510973,0.031907272612,0.027466695945,-0.260717331319,0.0461947444178,0.0162860488947,-0.227253108608,0.00934027162073,0.0221539062119,-0.187075642491,-0.0740966073594,-1,-0.167924466838,-0.187075642491,-1,-0.0421749967205,-0.0078301087877,-8,-0.00451722190853,-0.00941311214038,0.0434782608696,-0.0434782608696,0,81,0,7,418,0.920454545455,1,0,0.0795454545455,1,0.920454545455,0.958579881657,0.951469451768,0.920454545455,0.920454545455,2,9,0,10,3,10
479,WLNM_dir_neg_kfold,0.70987654321,0.345006105006,00:00:01,10,90,14,15359,threshold_sweep,0.2,1,0.222222222222,0.363636363636,2,0,7,18,0.222222222222,1,0,0.777777777778,1,0.222222222222,0.363636363636,0.740740740741,0.641975308642,0.275862068966,0.4,0.222222222222,94,85,9,0,94,0,85,0,9,23,88,0.173913043478,1.68507579377,7.65217391304,7.33333333333,5.5,3.63829000359,0.475458352741,0.249505928854,5.32278271304,1.39118184545,0.672924901186,3.27042079462,0.854769071322,0.442687747036,0.749191304359,0.444603920564,2.5,1.68507579377,0.749191304359,2.5,0.259446613992,0.18878248974,46,0.025974025974,0.333144633145,23,23,23,1,0,0.478260869565,0.217391304348,0.304347826087,23,0.156126482213,1.51874725516,6.86956521739,7.18181818182,4.9375,3.48117466886,0.506753274581,0.279031370391,4.88807535053,1.42311054509,0.682443588332,3.01249046708,0.877054186617,0.474408365438,0.564250615387,0.371523710393,1.5,1.51874725516,0.564250615387,1.5,0.204227518513,0.175879396985,35,0.0197628458498,0.318430155703,23,23,23,1,0,0.521739130435,0.173913043478,0.304347826087,23,81,0.160079051383,1.51715132693,7.04347826087,7.36363636364,5.0625,3.57361875249,0.507365625353,0.276972624799,5.06206538172,1.43737658987,0.689210950081,3.04316768602,0.864109342943,0.464841653247,0.562115661868,0.370507313205,1.5,1.51715132693,0.562115661868,1.5,0.217271617272,0.180952380952,38,0.0214568040655,0.323731521004,23,23,23,1,0,0.521739130435,0.173913043478,0.304347826087,-7,-0.0138339920949,-0.167924466838,-0.608695652174,0.030303030303,-0.4375,-0.0646712510973,0.031907272612,0.027466695945,-0.260717331319,0.0461947444178,0.0162860488947,-0.227253108608,0.00934027162073,0.0221539062119,-0.187075642491,-0.0740966073594,-1,-0.167924466838,-0.187075642491,-1,-0.0421749967205,-0.0078301087877,-8,-0.00451722190853,-0.00941311214038,0.0434782608696,-0.0434782608696,0,81,0,7,418,0.920454545455,1,0,0.0795454545455,1,0.920454545455,0.958579881657,0.951469451768,0.920454545455,0.920454545455,2,9,0,10,3,10
480,WLNM_dir_neg_kfold,0.70987654321,0.345006105006,00:00:01,10,90,14,15359,threshold_sweep,0.3,1,0.222222222222,0.363636363636,2,0,7,18,0.222222222222,1,0,0.777777777778,1,0.222222222222,0.363636363636,0.740740740741,0.641975308642,0.275862068966,0.4,0.222222222222,94,85,9,0,94,0,85,0,9,23,88,0.173913043478,1.68507579377,7.65217391304,7.33333333333,5.5,3.63829000359,0.475458352741,0.249505928854,5.32278271304,1.39118184545,0.672924901186,3.27042079462,0.854769071322,0.442687747036,0.749191304359,0.444603920564,2.5,1.68507579377,0.749191304359,2.5,0.259446613992,0.18878248974,46,0.025974025974,0.333144633145,23,23,23,1,0,0.478260869565,0.217391304348,0.304347826087,23,0.156126482213,1.51874725516,6.86956521739,7.18181818182,4.9375,3.48117466886,0.506753274581,0.279031370391,4.88807535053,1.42311054509,0.682443588332,3.01249046708,0.877054186617,0.474408365438,0.564250615387,0.371523710393,1.5,1.51874725516,0.564250615387,1.5,0.204227518513,0.175879396985,35,0.0197628458498,0.318430155703,23,23,23,1,0,0.521739130435,0.173913043478,0.304347826087,23,81,0.160079051383,1.51715132693,7.04347826087,7.36363636364,5.0625,3.57361875249,0.507365625353,0.276972624799,5.06206538172,1.43737658987,0.689210950081,3.04316768602,0.864109342943,0.464841653247,0.562115661868,0.370507313205,1.5,1.51715132693,0.562115661868,1.5,0.217271617272,0.180952380952,38,0.0214568040655,0.323731521004,23,23,23,1,0,0.521739130435,0.173913043478,0.304347826087,-7,-0.0138339920949,-0.167924466838,-0.608695652174,0.030303030303,-0.4375,-0.0646712510973,0.031907272612,0.027466695945,-0.260717331319,0.0461947444178,0.0162860488947,-0.227253108608,0.00934027162073,0.0221539062119,-0.187075642491,-0.0740966073594,-1,-0.167924466838,-0.187075642491,-1,-0.0421749967205,-0.0078301087877,-8,-0.00451722190853,-0.00941311214038,0.0434782608696,-0.0434782608696,0,81,0,7,418,0.920454545455,1,0,0.0795454545455,1,0.920454545455,0.958579881657,0.951469451768,0.920454545455,0.920454545455,2,9,0,10,3,10
481,WLNM_dir_neg_kfold,0.70987654321,0.345006105006,00:00:01,10,90,14,15359,threshold_sweep,0.4,1,0.222222222222,0.363636363636,2,0,7,18,0.222222222222,1,0,0.777777777778,1,0.222222222222,0.363636363636,0.740740740741,0.641975308642,0.275862068966,0.4,0.222222222222,94,85,9,0,94,0,85,0,9,23,88,0.173913043478,1.68507579377,7.65217391304,7.33333333333,5.5,3.63829000359,0.475458352741,0.249505928854,5.32278271304,1.39118184545,0.672924901186,3.27042079462,0.854769071322,0.442687747036,0.749191304359,0.444603920564,2.5,1.68507579377,0.749191304359,2.5,0.259446613992,0.18878248974,46,0.025974025974,0.333144633145,23,23,23,1,0,0.478260869565,0.217391304348,0.304347826087,23,0.156126482213,1.51874725516,6.86956521739,7.18181818182,4.9375,3.48117466886,0.506753274581,0.279031370391,4.88807535053,1.42311054509,0.682443588332,3.01249046708,0.877054186617,0.474408365438,0.564250615387,0.371523710393,1.5,1.51874725516,0.564250615387,1.5,0.204227518513,0.175879396985,35,0.0197628458498,0.318430155703,23,23,23,1,0,0.521739130435,0.173913043478,0.304347826087,23,81,0.160079051383,1.51715132693,7.04347826087,7.36363636364,5.0625,3.57361875249,0.507365625353,0.276972624799,5.06206538172,1.43737658987,0.689210950081,3.04316768602,0.864109342943,0.464841653247,0.562115661868,0.370507313205,1.5,1.51715132693,0.562115661868,1.5,0.217271617272,0.180952380952,38,0.0214568040655,0.323731521004,23,23,23,1,0,0.521739130435,0.173913043478,0.304347826087,-7,-0.0138339920949,-0.167924466838,-0.608695652174,0.030303030303,-0.4375,-0.0646712510973,0.031907272612,0.027466695945,-0.260717331319,0.0461947444178,0.0162860488947,-0.227253108608,0.00934027162073,0.0221539062119,-0.187075642491,-0.0740966073594,-1,-0.167924466838,-0.187075642491,-1,-0.0421749967205,-0.0078301087877,-8,-0.00451722190853,-0.00941311214038,0.0434782608696,-0.0434782608696,0,81,0,7,418,0.920454545455,1,0,0.0795454545455,1,0.920454545455,0.958579881657,0.951469451768,0.920454545455,0.920454545455,2,9,0,10,3,10
482,WLNM_dir_neg_kfold,0.70987654321,0.345006105006,00:00:01,10,90,14,15359,threshold_sweep,0.5,1,0.222222222222,0.363636363636,2,0,7,18,0.222222222222,1,0,0.777777777778,1,0.222222222222,0.363636363636,0.740740740741,0.641975308642,0.275862068966,0.4,0.222222222222,94,85,9,0,94,0,85,0,9,23,88,0.173913043478,1.68507579377,7.65217391304,7.33333333333,5.5,3.63829000359,0.475458352741,0.249505928854,5.32278271304,1.39118184545,0.672924901186,3.27042079462,0.854769071322,0.442687747036,0.749191304359,0.444603920564,2.5,1.68507579377,0.749191304359,2.5,0.259446613992,0.18878248974,46,0.025974025974,0.333144633145,23,23,23,1,0,0.478260869565,0.217391304348,0.304347826087,23,0.156126482213,1.51874725516,6.86956521739,7.18181818182,4.9375,3.48117466886,0.506753274581,0.279031370391,4.88807535053,1.42311054509,0.682443588332,3.01249046708,0.877054186617,0.474408365438,0.564250615387,0.371523710393,1.5,1.51874725516,0.564250615387,1.5,0.204227518513,0.175879396985,35,0.0197628458498,0.318430155703,23,23,23,1,0,0.521739130435,0.173913043478,0.304347826087,23,81,0.160079051383,1.51715132693,7.04347826087,7.36363636364,5.0625,3.57361875249,0.507365625353,0.276972624799,5.06206538172,1.43737658987,0.689210950081,3.04316768602,0.864109342943,0.464841653247,0.562115661868,0.370507313205,1.5,1.51715132693,0.562115661868,1.5,0.217271617272,0.180952380952,38,0.0214568040655,0.323731521004,23,23,23,1,0,0.521739130435,0.173913043478,0.304347826087,-7,-0.0138339920949,-0.167924466838,-0.608695652174,0.030303030303,-0.4375,-0.0646712510973,0.031907272612,0.027466695945,-0.260717331319,0.0461947444178,0.0162860488947,-0.227253108608,0.00934027162073,0.0221539062119,-0.187075642491,-0.0740966073594,-1,-0.167924466838,-0.187075642491,-1,-0.0421749967205,-0.0078301087877,-8,-0.00451722190853,-0.00941311214038,0.0434782608696,-0.0434782608696,0,81,0,7,418,0.920454545455,1,0,0.0795454545455,1,0.920454545455,0.958579881657,0.951469451768,0.920454545455,0.920454545455,2,9,0,10,3,10
483,WLNM_dir_neg_kfold,0.70987654321,0.345006105006,00:00:01,10,90,14,15359,threshold_sweep,0.6,1,0.222222222222,0.363636363636,2,0,7,18,0.222222222222,1,0,0.777777777778,1,0.222222222222,0.363636363636,0.740740740741,0.641975308642,0.275862068966,0.4,0.222222222222,94,85,9,0,94,0,85,0,9,23,88,0.173913043478,1.68507579377,7.65217391304,7.33333333333,5.5,3.63829000359,0.475458352741,0.249505928854,5.32278271304,1.39118184545,0.672924901186,3.27042079462,0.854769071322,0.442687747036,0.749191304359,0.444603920564,2.5,1.68507579377,0.749191304359,2.5,0.259446613992,0.18878248974,46,0.025974025974,0.333144633145,23,23,23,1,0,0.478260869565,0.217391304348,0.304347826087,23,0.156126482213,1.51874725516,6.86956521739,7.18181818182,4.9375,3.48117466886,0.506753274581,0.279031370391,4.88807535053,1.42311054509,0.682443588332,3.01249046708,0.877054186617,0.474408365438,0.564250615387,0.371523710393,1.5,1.51874725516,0.564250615387,1.5,0.204227518513,0.175879396985,35,0.0197628458498,0.318430155703,23,23,23,1,0,0.521739130435,0.173913043478,0.304347826087,23,81,0.160079051383,1.51715132693,7.04347826087,7.36363636364,5.0625,3.57361875249,0.507365625353,0.276972624799,5.06206538172,1.43737658987,0.689210950081,3.04316768602,0.864109342943,0.464841653247,0.562115661868,0.370507313205,1.5,1.51715132693,0.562115661868,1.5,0.217271617272,0.180952380952,38,0.0214568040655,0.323731521004,23,23,23,1,0,0.521739130435,0.173913043478,0.304347826087,-7,-0.0138339920949,-0.167924466838,-0.608695652174,0.030303030303,-0.4375,-0.0646712510973,0.031907272612,0.027466695945,-0.260717331319,0.0461947444178,0.0162860488947,-0.227253108608,0.00934027162073,0.0221539062119,-0.187075642491,-0.0740966073594,-1,-0.167924466838,-0.187075642491,-1,-0.0421749967205,-0.0078301087877,-8,-0.00451722190853,-0.00941311214038,0.0434782608696,-0.0434782608696,0,81,0,7,418,0.920454545455,1,0,0.0795454545455,1,0.920454545455,0.958579881657,0.951469451768,0.920454545455,0.920454545455,2,9,0,10,3,10
484,WLNM_dir_neg_kfold,0.70987654321,0.345006105006,00:00:01,10,90,14,15359,threshold_sweep,0.7,1,0.222222222222,0.363636363636,2,0,7,18,0.222222222222,1,0,0.777777777778,1,0.222222222222,0.363636363636,0.740740740741,0.641975308642,0.275862068966,0.4,0.222222222222,94,85,9,0,94,0,85,0,9,23,88,0.173913043478,1.68507579377,7.65217391304,7.33333333333,5.5,3.63829000359,0.475458352741,0.249505928854,5.32278271304,1.39118184545,0.672924901186,3.27042079462,0.854769071322,0.442687747036,0.749191304359,0.444603920564,2.5,1.68507579377,0.749191304359,2.5,0.259446613992,0.18878248974,46,0.025974025974,0.333144633145,23,23,23,1,0,0.478260869565,0.217391304348,0.304347826087,23,0.156126482213,1.51874725516,6.86956521739,7.18181818182,4.9375,3.48117466886,0.506753274581,0.279031370391,4.88807535053,1.42311054509,0.682443588332,3.01249046708,0.877054186617,0.474408365438,0.564250615387,0.371523710393,1.5,1.51874725516,0.564250615387,1.5,0.204227518513,0.175879396985,35,0.0197628458498,0.318430155703,23,23,23,1,0,0.521739130435,0.173913043478,0.304347826087,23,81,0.160079051383,1.51715132693,7.04347826087,7.36363636364,5.0625,3.57361875249,0.507365625353,0.276972624799,5.06206538172,1.43737658987,0.689210950081,3.04316768602,0.864109342943,0.464841653247,0.562115661868,0.370507313205,1.5,1.51715132693,0.562115661868,1.5,0.217271617272,0.180952380952,38,0.0214568040655,0.323731521004,23,23,23,1,0,0.521739130435,0.173913043478,0.304347826087,-7,-0.0138339920949,-0.167924466838,-0.608695652174,0.030303030303,-0.4375,-0.0646712510973,0.031907272612,0.027466695945,-0.260717331319,0.0461947444178,0.0162860488947,-0.227253108608,0.00934027162073,0.0221539062119,-0.187075642491,-0.0740966073594,-1,-0.167924466838,-0.187075642491,-1,-0.0421749967205,-0.0078301087877,-8,-0.00451722190853,-0.00941311214038,0.0434782608696,-0.0434782608696,0,81,0,7,418,0.920454545455,1,0,0.0795454545455,1,0.920454545455,0.958579881657,0.951469451768,0.920454545455,0.920454545455,2,9,0,10,3,10
485,WLNM_dir_neg_kfold,0.70987654321,0.345006105006,00:00:01,10,90,14,15359,threshold_sweep,0.8,1,0.222222222222,0.363636363636,2,0,7,18,0.222222222222,1,0,0.777777777778,1,0.222222222222,0.363636363636,0.740740740741,0.641975308642,0.275862068966,0.4,0.222222222222,94,85,9,0,94,0,85,0,9,23,88,0.173913043478,1.68507579377,7.65217391304,7.33333333333,5.5,3.63829000359,0.475458352741,0.249505928854,5.32278271304,1.39118184545,0.672924901186,3.27042079462,0.854769071322,0.442687747036,0.749191304359,0.444603920564,2.5,1.68507579377,0.749191304359,2.5,0.259446613992,0.18878248974,46,0.025974025974,0.333144633145,23,23,23,1,0,0.478260869565,0.217391304348,0.304347826087,23,0.156126482213,1.51874725516,6.86956521739,7.18181818182,4.9375,3.48117466886,0.506753274581,0.279031370391,4.88807535053,1.42311054509,0.682443588332,3.01249046708,0.877054186617,0.474408365438,0.564250615387,0.371523710393,1.5,1.51874725516,0.564250615387,1.5,0.204227518513,0.175879396985,35,0.0197628458498,0.318430155703,23,23,23,1,0,0.521739130435,0.173913043478,0.304347826087,23,81,0.160079051383,1.51715132693,7.04347826087,7.36363636364,5.0625,3.57361875249,0.507365625353,0.276972624799,5.06206538172,1.43737658987,0.689210950081,3.04316768602,0.864109342943,0.464841653247,0.562115661868,0.370507313205,1.5,1.51715132693,0.562115661868,1.5,0.217271617272,0.180952380952,38,0.0214568040655,0.323731521004,23,23,23,1,0,0.521739130435,0.173913043478,0.304347826087,-7,-0.0138339920949,-0.167924466838,-0.608695652174,0.030303030303,-0.4375,-0.0646712510973,0.031907272612,0.027466695945,-0.260717331319,0.0461947444178,0.0162860488947,-0.227253108608,0.00934027162073,0.0221539062119,-0.187075642491,-0.0740966073594,-1,-0.167924466838,-0.187075642491,-1,-0.0421749967205,-0.0078301087877,-8,-0.00451722190853,-0.00941311214038,0.0434782608696,-0.0434782608696,0,81,0,7,418,0.920454545455,1,0,0.0795454545455,1,0.920454545455,0.958579881657,0.951469451768,0.920454545455,0.920454545455,2,9,0,10,3,10
486,WLNM_dir_neg_kfold,0.70987654321,0.345006105006,00:00:01,10,90,14,15359,threshold_sweep,0.9,1,0.222222222222,0.363636363636,2,0,7,18,0.222222222222,1,0,0.777777777778,1,0.222222222222,0.363636363636,0.740740740741,0.641975308642,0.275862068966,0.4,0.222222222222,94,85,9,0,94,0,85,0,9,23,88,0.173913043478,1.68507579377,7.65217391304,7.33333333333,5.5,3.63829000359,0.475458352741,0.249505928854,5.32278271304,1.39118184545,0.672924901186,3.27042079462,0.854769071322,0.442687747036,0.749191304359,0.444603920564,2.5,1.68507579377,0.749191304359,2.5,0.259446613992,0.18878248974,46,0.025974025974,0.333144633145,23,23,23,1,0,0.478260869565,0.217391304348,0.304347826087,23,0.156126482213,1.51874725516,6.86956521739,7.18181818182,4.9375,3.48117466886,0.506753274581,0.279031370391,4.88807535053,1.42311054509,0.682443588332,3.01249046708,0.877054186617,0.474408365438,0.564250615387,0.371523710393,1.5,1.51874725516,0.564250615387,1.5,0.204227518513,0.175879396985,35,0.0197628458498,0.318430155703,23,23,23,1,0,0.521739130435,0.173913043478,0.304347826087,23,81,0.160079051383,1.51715132693,7.04347826087,7.36363636364,5.0625,3.57361875249,0.507365625353,0.276972624799,5.06206538172,1.43737658987,0.689210950081,3.04316768602,0.864109342943,0.464841653247,0.562115661868,0.370507313205,1.5,1.51715132693,0.562115661868,1.5,0.217271617272,0.180952380952,38,0.0214568040655,0.323731521004,23,23,23,1,0,0.521739130435,0.173913043478,0.304347826087,-7,-0.0138339920949,-0.167924466838,-0.608695652174,0.030303030303,-0.4375,-0.0646712510973,0.031907272612,0.027466695945,-0.260717331319,0.0461947444178,0.0162860488947,-0.227253108608,0.00934027162073,0.0221539062119,-0.187075642491,-0.0740966073594,-1,-0.167924466838,-0.187075642491,-1,-0.0421749967205,-0.0078301087877,-8,-0.00451722190853,-0.00941311214038,0.0434782608696,-0.0434782608696,0,81,0,7,418,0.920454545455,1,0,0.0795454545455,1,0.920454545455,0.958579881657,0.951469451768,0.920454545455,0.920454545455,2,9,0,10,3,10
487,WLNM_dir_neg_kfold,0.904320987654,0.679693763027,00:00:01,10,90,15,15360,threshold_sweep,0.1,1,0.222222222222,0.363636363636,2,0,7,18,0.222222222222,1,0,0.777777777778,1,0.222222222222,0.363636363636,0.740740740741,0.641975308642,0.275862068966,0.4,0.222222222222,94,85,9,0,94,0,85,0,9,23,88,0.173913043478,1.68507579377,7.65217391304,7.33333333333,5.5,3.63829000359,0.475458352741,0.249505928854,5.32278271304,1.39118184545,0.672924901186,3.27042079462,0.854769071322,0.442687747036,0.749191304359,0.444603920564,2.5,1.68507579377,0.749191304359,2.5,0.259446613992,0.18878248974,46,0.025974025974,0.333144633145,23,23,23,1,0,0.478260869565,0.217391304348,0.304347826087,23,0.156126482213,1.51874725516,6.86956521739,7.18181818182,4.9375,3.48117466886,0.506753274581,0.279031370391,4.88807535053,1.42311054509,0.682443588332,3.01249046708,0.877054186617,0.474408365438,0.564250615387,0.371523710393,1.5,1.51874725516,0.564250615387,1.5,0.204227518513,0.175879396985,35,0.0197628458498,0.318430155703,23,23,23,1,0,0.521739130435,0.173913043478,0.304347826087,23,81,0.160079051383,1.51715132693,7.04347826087,7.36363636364,5.0625,3.57361875249,0.507365625353,0.276972624799,5.06206538172,1.43737658987,0.689210950081,3.04316768602,0.864109342943,0.464841653247,0.562115661868,0.370507313205,1.5,1.51715132693,0.562115661868,1.5,0.217271617272,0.180952380952,38,0.0214568040655,0.323731521004,23,23,23,1,0,0.521739130435,0.173913043478,0.304347826087,-7,-0.0138339920949,-0.167924466838,-0.608695652174,0.030303030303,-0.4375,-0.0646712510973,0.031907272612,0.027466695945,-0.260717331319,0.0461947444178,0.0162860488947,-0.227253108608,0.00934027162073,0.0221539062119,-0.187075642491,-0.0740966073594,-1,-0.167924466838,-0.187075642491,-1,-0.0421749967205,-0.0078301087877,-8,-0.00451722190853,-0.00941311214038,0.0434782608696,-0.0434782608696,0,81,0,7,418,0.920454545455,1,0,0.0795454545455,1,0.920454545455,0.958579881657,0.951469451768,0.920454545455,0.920454545455,2,9,0,10,3,10
488,WLNM_dir_neg_kfold,0.904320987654,0.679693763027,00:00:01,10,90,15,15360,threshold_sweep,0.2,1,0.222222222222,0.363636363636,2,0,7,18,0.222222222222,1,0,0.777777777778,1,0.222222222222,0.363636363636,0.740740740741,0.641975308642,0.275862068966,0.4,0.222222222222,94,85,9,0,94,0,85,0,9,23,88,0.173913043478,1.68507579377,7.65217391304,7.33333333333,5.5,3.63829000359,0.475458352741,0.249505928854,5.32278271304,1.39118184545,0.672924901186,3.27042079462,0.854769071322,0.442687747036,0.749191304359,0.444603920564,2.5,1.68507579377,0.749191304359,2.5,0.259446613992,0.18878248974,46,0.025974025974,0.333144633145,23,23,23,1,0,0.478260869565,0.217391304348,0.304347826087,23,0.156126482213,1.51874725516,6.86956521739,7.18181818182,4.9375,3.48117466886,0.506753274581,0.279031370391,4.88807535053,1.42311054509,0.682443588332,3.01249046708,0.877054186617,0.474408365438,0.564250615387,0.371523710393,1.5,1.51874725516,0.564250615387,1.5,0.204227518513,0.175879396985,35,0.0197628458498,0.318430155703,23,23,23,1,0,0.521739130435,0.173913043478,0.304347826087,23,81,0.160079051383,1.51715132693,7.04347826087,7.36363636364,5.0625,3.57361875249,0.507365625353,0.276972624799,5.06206538172,1.43737658987,0.689210950081,3.04316768602,0.864109342943,0.464841653247,0.562115661868,0.370507313205,1.5,1.51715132693,0.562115661868,1.5,0.217271617272,0.180952380952,38,0.0214568040655,0.323731521004,23,23,23,1,0,0.521739130435,0.173913043478,0.304347826087,-7,-0.0138339920949,-0.167924466838,-0.608695652174,0.030303030303,-0.4375,-0.0646712510973,0.031907272612,0.027466695945,-0.260717331319,0.0461947444178,0.0162860488947,-0.227253108608,0.00934027162073,0.0221539062119,-0.187075642491,-0.0740966073594,-1,-0.167924466838,-0.187075642491,-1,-0.0421749967205,-0.0078301087877,-8,-0.00451722190853,-0.00941311214038,0.0434782608696,-0.0434782608696,0,81,0,7,418,0.920454545455,1,0,0.0795454545455,1,0.920454545455,0.958579881657,0.951469451768,0.920454545455,0.920454545455,2,9,0,10,3,10
489,WLNM_dir_neg_kfold,0.904320987654,0.679693763027,00:00:01,10,90,15,15360,threshold_sweep,0.3,1,0.222222222222,0.363636363636,2,0,7,18,0.222222222222,1,0,0.777777777778,1,0.222222222222,0.363636363636,0.740740740741,0.641975308642,0.275862068966,0.4,0.222222222222,94,85,9,0,94,0,85,0,9,23,88,0.173913043478,1.68507579377,7.65217391304,7.33333333333,5.5,3.63829000359,0.475458352741,0.249505928854,5.32278271304,1.39118184545,0.672924901186,3.27042079462,0.854769071322,0.442687747036,0.749191304359,0.444603920564,2.5,1.68507579377,0.749191304359,2.5,0.259446613992,0.18878248974,46,0.025974025974,0.333144633145,23,23,23,1,0,0.478260869565,0.217391304348,0.304347826087,23,0.156126482213,1.51874725516,6.86956521739,7.18181818182,4.9375,3.48117466886,0.506753274581,0.279031370391,4.88807535053,1.42311054509,0.682443588332,3.01249046708,0.877054186617,0.474408365438,0.564250615387,0.371523710393,1.5,1.51874725516,0.564250615387,1.5,0.204227518513,0.175879396985,35,0.0197628458498,0.318430155703,23,23,23,1,0,0.521739130435,0.173913043478,0.304347826087,23,81,0.160079051383,1.51715132693,7.04347826087,7.36363636364,5.0625,3.57361875249,0.507365625353,0.276972624799,5.06206538172,1.43737658987,0.689210950081,3.04316768602,0.864109342943,0.464841653247,0.562115661868,0.370507313205,1.5,1.51715132693,0.562115661868,1.5,0.217271617272,0.180952380952,38,0.0214568040655,0.323731521004,23,23,23,1,0,0.521739130435,0.173913043478,0.304347826087,-7,-0.0138339920949,-0.167924466838,-0.608695652174,0.030303030303,-0.4375,-0.0646712510973,0.031907272612,0.027466695945,-0.260717331319,0.0461947444178,0.0162860488947,-0.227253108608,0.00934027162073,0.0221539062119,-0.187075642491,-0.0740966073594,-1,-0.167924466838,-0.187075642491,-1,-0.0421749967205,-0.0078301087877,-8,-0.00451722190853,-0.00941311214038,0.0434782608696,-0.0434782608696,0,81,0,7,418,0.920454545455,1,0,0.0795454545455,1,0.920454545455,0.958579881657,0.951469451768,0.920454545455,0.920454545455,2,9,0,10,3,10
490,WLNM_dir_neg_kfold,0.904320987654,0.679693763027,00:00:01,10,90,15,15360,threshold_sweep,0.4,1,0.222222222222,0.363636363636,2,0,7,18,0.222222222222,1,0,0.777777777778,1,0.222222222222,0.363636363636,0.740740740741,0.641975308642,0.275862068966,0.4,0.222222222222,94,85,9,0,94,0,85,0,9,23,88,0.173913043478,1.68507579377,7.65217391304,7.33333333333,5.5,3.63829000359,0.475458352741,0.249505928854,5.32278271304,1.39118184545,0.672924901186,3.27042079462,0.854769071322,0.442687747036,0.749191304359,0.444603920564,2.5,1.68507579377,0.749191304359,2.5,0.259446613992,0.18878248974,46,0.025974025974,0.333144633145,23,23,23,1,0,0.478260869565,0.217391304348,0.304347826087,23,0.156126482213,1.51874725516,6.86956521739,7.18181818182,4.9375,3.48117466886,0.506753274581,0.279031370391,4.88807535053,1.42311054509,0.682443588332,3.01249046708,0.877054186617,0.474408365438,0.564250615387,0.371523710393,1.5,1.51874725516,0.564250615387,1.5,0.204227518513,0.175879396985,35,0.0197628458498,0.318430155703,23,23,23,1,0,0.521739130435,0.173913043478,0.304347826087,23,81,0.160079051383,1.51715132693,7.04347826087,7.36363636364,5.0625,3.57361875249,0.507365625353,0.276972624799,5.06206538172,1.43737658987,0.689210950081,3.04316768602,0.864109342943,0.464841653247,0.562115661868,0.370507313205,1.5,1.51715132693,0.562115661868,1.5,0.217271617272,0.180952380952,38,0.0214568040655,0.323731521004,23,23,23,1,0,0.521739130435,0.173913043478,0.304347826087,-7,-0.0138339920949,-0.167924466838,-0.608695652174,0.030303030303,-0.4375,-0.0646712510973,0.031907272612,0.027466695945,-0.260717331319,0.0461947444178,0.0162860488947,-0.227253108608,0.00934027162073,0.0221539062119,-0.187075642491,-0.0740966073594,-1,-0.167924466838,-0.187075642491,-1,-0.0421749967205,-0.0078301087877,-8,-0.00451722190853,-0.00941311214038,0.0434782608696,-0.0434782608696,0,81,0,7,418,0.920454545455,1,0,0.0795454545455,1,0.920454545455,0.958579881657,0.951469451768,0.920454545455,0.920454545455,2,9,0,10,3,10
491,WLNM_dir_neg_kfold,0.904320987654,0.679693763027,00:00:01,10,90,15,15360,threshold_sweep,0.5,1,0.222222222222,0.363636363636,2,0,7,18,0.222222222222,1,0,0.777777777778,1,0.222222222222,0.363636363636,0.740740740741,0.641975308642,0.275862068966,0.4,0.222222222222,94,85,9,0,94,0,85,0,9,23,88,0.173913043478,1.68507579377,7.65217391304,7.33333333333,5.5,3.63829000359,0.475458352741,0.249505928854,5.32278271304,1.39118184545,0.672924901186,3.27042079462,0.854769071322,0.442687747036,0.749191304359,0.444603920564,2.5,1.68507579377,0.749191304359,2.5,0.259446613992,0.18878248974,46,0.025974025974,0.333144633145,23,23,23,1,0,0.478260869565,0.217391304348,0.304347826087,23,0.156126482213,1.51874725516,6.86956521739,7.18181818182,4.9375,3.48117466886,0.506753274581,0.279031370391,4.88807535053,1.42311054509,0.682443588332,3.01249046708,0.877054186617,0.474408365438,0.564250615387,0.371523710393,1.5,1.51874725516,0.564250615387,1.5,0.204227518513,0.175879396985,35,0.0197628458498,0.318430155703,23,23,23,1,0,0.521739130435,0.173913043478,0.304347826087,23,81,0.160079051383,1.51715132693,7.04347826087,7.36363636364,5.0625,3.57361875249,0.507365625353,0.276972624799,5.06206538172,1.43737658987,0.689210950081,3.04316768602,0.864109342943,0.464841653247,0.562115661868,0.370507313205,1.5,1.51715132693,0.562115661868,1.5,0.217271617272,0.180952380952,38,0.0214568040655,0.323731521004,23,23,23,1,0,0.521739130435,0.173913043478,0.304347826087,-7,-0.0138339920949,-0.167924466838,-0.608695652174,0.030303030303,-0.4375,-0.0646712510973,0.031907272612,0.027466695945,-0.260717331319,0.0461947444178,0.0162860488947,-0.227253108608,0.00934027162073,0.0221539062119,-0.187075642491,-0.0740966073594,-1,-0.167924466838,-0.187075642491,-1,-0.0421749967205,-0.0078301087877,-8,-0.00451722190853,-0.00941311214038,0.0434782608696,-0.0434782608696,0,81,0,7,418,0.920454545455,1,0,0.0795454545455,1,0.920454545455,0.958579881657,0.951469451768,0.920454545455,0.920454545455,2,9,0,10,3,10
492,WLNM_dir_neg_kfold,0.904320987654,0.679693763027,00:00:01,10,90,15,15360,threshold_sweep,0.6,1,0.222222222222,0.363636363636,2,0,7,18,0.222222222222,1,0,0.777777777778,1,0.222222222222,0.363636363636,0.740740740741,0.641975308642,0.275862068966,0.4,0.222222222222,94,85,9,0,94,0,85,0,9,23,88,0.173913043478,1.68507579377,7.65217391304,7.33333333333,5.5,3.63829000359,0.475458352741,0.249505928854,5.32278271304,1.39118184545,0.672924901186,3.27042079462,0.854769071322,0.442687747036,0.749191304359,0.444603920564,2.5,1.68507579377,0.749191304359,2.5,0.259446613992,0.18878248974,46,0.025974025974,0.333144633145,23,23,23,1,0,0.478260869565,0.217391304348,0.304347826087,23,0.156126482213,1.51874725516,6.86956521739,7.18181818182,4.9375,3.48117466886,0.506753274581,0.279031370391,4.88807535053,1.42311054509,0.682443588332,3.01249046708,0.877054186617,0.474408365438,0.564250615387,0.371523710393,1.5,1.51874725516,0.564250615387,1.5,0.204227518513,0.175879396985,35,0.0197628458498,0.318430155703,23,23,23,1,0,0.521739130435,0.173913043478,0.304347826087,23,81,0.160079051383,1.51715132693,7.04347826087,7.36363636364,5.0625,3.57361875249,0.507365625353,0.276972624799,5.06206538172,1.43737658987,0.689210950081,3.04316768602,0.864109342943,0.464841653247,0.562115661868,0.370507313205,1.5,1.51715132693,0.562115661868,1.5,0.217271617272,0.180952380952,38,0.0214568040655,0.323731521004,23,23,23,1,0,0.521739130435,0.173913043478,0.304347826087,-7,-0.0138339920949,-0.167924466838,-0.608695652174,0.030303030303,-0.4375,-0.0646712510973,0.031907272612,0.027466695945,-0.260717331319,0.0461947444178,0.0162860488947,-0.227253108608,0.00934027162073,0.0221539062119,-0.187075642491,-0.0740966073594,-1,-0.167924466838,-0.187075642491,-1,-0.0421749967205,-0.0078301087877,-8,-0.00451722190853,-0.00941311214038,0.0434782608696,-0.0434782608696,0,81,0,7,418,0.920454545455,1,0,0.0795454545455,1,0.920454545455,0.958579881657,0.951469451768,0.920454545455,0.920454545455,2,9,0,10,3,10
493,WLNM_dir_neg_kfold,0.904320987654,0.679693763027,00:00:01,10,90,15,15360,threshold_sweep,0.7,1,0.222222222222,0.363636363636,2,0,7,18,0.222222222222,1,0,0.777777777778,1,0.222222222222,0.363636363636,0.740740740741,0.641975308642,0.275862068966,0.4,0.222222222222,94,85,9,0,94,0,85,0,9,23,88,0.173913043478,1.68507579377,7.65217391304,7.33333333333,5.5,3.63829000359,0.475458352741,0.249505928854,5.32278271304,1.39118184545,0.672924901186,3.27042079462,0.854769071322,0.442687747036,0.749191304359,0.444603920564,2.5,1.68507579377,0.749191304359,2.5,0.259446613992,0.18878248974,46,0.025974025974,0.333144633145,23,23,23,1,0,0.478260869565,0.217391304348,0.304347826087,23,0.156126482213,1.51874725516,6.86956521739,7.18181818182,4.9375,3.48117466886,0.506753274581,0.279031370391,4.88807535053,1.42311054509,0.682443588332,3.01249046708,0.877054186617,0.474408365438,0.564250615387,0.371523710393,1.5,1.51874725516,0.564250615387,1.5,0.204227518513,0.175879396985,35,0.0197628458498,0.318430155703,23,23,23,1,0,0.521739130435,0.173913043478,0.304347826087,23,81,0.160079051383,1.51715132693,7.04347826087,7.36363636364,5.0625,3.57361875249,0.507365625353,0.276972624799,5.06206538172,1.43737658987,0.689210950081,3.04316768602,0.864109342943,0.464841653247,0.562115661868,0.370507313205,1.5,1.51715132693,0.562115661868,1.5,0.217271617272,0.180952380952,38,0.0214568040655,0.323731521004,23,23,23,1,0,0.521739130435,0.173913043478,0.304347826087,-7,-0.0138339920949,-0.167924466838,-0.608695652174,0.030303030303,-0.4375,-0.0646712510973,0.031907272612,0.027466695945,-0.260717331319,0.0461947444178,0.0162860488947,-0.227253108608,0.00934027162073,0.0221539062119,-0.187075642491,-0.0740966073594,-1,-0.167924466838,-0.187075642491,-1,-0.0421749967205,-0.0078301087877,-8,-0.00451722190853,-0.00941311214038,0.0434782608696,-0.0434782608696,0,81,0,7,418,0.920454545455,1,0,0.0795454545455,1,0.920454545455,0.958579881657,0.951469451768,0.920454545455,0.920454545455,2,9,0,10,3,10
494,WLNM_dir_neg_kfold,0.904320987654,0.679693763027,00:00:01,10,90,15,15360,threshold_sweep,0.8,1,0.222222222222,0.363636363636,2,0,7,18,0.222222222222,1,0,0.777777777778,1,0.222222222222,0.363636363636,0.740740740741,0.641975308642,0.275862068966,0.4,0.222222222222,94,85,9,0,94,0,85,0,9,23,88,0.173913043478,1.68507579377,7.65217391304,7.33333333333,5.5,3.63829000359,0.475458352741,0.249505928854,5.32278271304,1.39118184545,0.672924901186,3.27042079462,0.854769071322,0.442687747036,0.749191304359,0.444603920564,2.5,1.68507579377,0.749191304359,2.5,0.259446613992,0.18878248974,46,0.025974025974,0.333144633145,23,23,23,1,0,0.478260869565,0.217391304348,0.304347826087,23,0.156126482213,1.51874725516,6.86956521739,7.18181818182,4.9375,3.48117466886,0.506753274581,0.279031370391,4.88807535053,1.42311054509,0.682443588332,3.01249046708,0.877054186617,0.474408365438,0.564250615387,0.371523710393,1.5,1.51874725516,0.564250615387,1.5,0.204227518513,0.175879396985,35,0.0197628458498,0.318430155703,23,23,23,1,0,0.521739130435,0.173913043478,0.304347826087,23,81,0.160079051383,1.51715132693,7.04347826087,7.36363636364,5.0625,3.57361875249,0.507365625353,0.276972624799,5.06206538172,1.43737658987,0.689210950081,3.04316768602,0.864109342943,0.464841653247,0.562115661868,0.370507313205,1.5,1.51715132693,0.562115661868,1.5,0.217271617272,0.180952380952,38,0.0214568040655,0.323731521004,23,23,23,1,0,0.521739130435,0.173913043478,0.304347826087,-7,-0.0138339920949,-0.167924466838,-0.608695652174,0.030303030303,-0.4375,-0.0646712510973,0.031907272612,0.027466695945,-0.260717331319,0.0461947444178,0.0162860488947,-0.227253108608,0.00934027162073,0.0221539062119,-0.187075642491,-0.0740966073594,-1,-0.167924466838,-0.187075642491,-1,-0.0421749967205,-0.0078301087877,-8,-0.00451722190853,-0.00941311214038,0.0434782608696,-0.0434782608696,0,81,0,7,418,0.920454545455,1,0,0.0795454545455,1,0.920454545455,0.958579881657,0.951469451768,0.920454545455,0.920454545455,2,9,0,10,3,10
495,WLNM_dir_neg_kfold,0.904320987654,0.679693763027,00:00:01,10,90,15,15360,threshold_sweep,0.9,1,0.222222222222,0.363636363636,2,0,7,18,0.222222222222,1,0,0.777777777778,1,0.222222222222,0.363636363636,0.740740740741,0.641975308642,0.275862068966,0.4,0.222222222222,94,85,9,0,94,0,85,0,9,23,88,0.173913043478,1.68507579377,7.65217391304,7.33333333333,5.5,3.63829000359,0.475458352741,0.249505928854,5.32278271304,1.39118184545,0.672924901186,3.27042079462,0.854769071322,0.442687747036,0.749191304359,0.444603920564,2.5,1.68507579377,0.749191304359,2.5,0.259446613992,0.18878248974,46,0.025974025974,0.333144633145,23,23,23,1,0,0.478260869565,0.217391304348,0.304347826087,23,0.156126482213,1.51874725516,6.86956521739,7.18181818182,4.9375,3.48117466886,0.506753274581,0.279031370391,4.88807535053,1.42311054509,0.682443588332,3.01249046708,0.877054186617,0.474408365438,0.564250615387,0.371523710393,1.5,1.51874725516,0.564250615387,1.5,0.204227518513,0.175879396985,35,0.0197628458498,0.318430155703,23,23,23,1,0,0.521739130435,0.173913043478,0.304347826087,23,81,0.160079051383,1.51715132693,7.04347826087,7.36363636364,5.0625,3.57361875249,0.507365625353,0.276972624799,5.06206538172,1.43737658987,0.689210950081,3.04316768602,0.864109342943,0.464841653247,0.562115661868,0.370507313205,1.5,1.51715132693,0.562115661868,1.5,0.217271617272,0.180952380952,38,0.0214568040655,0.323731521004,23,23,23,1,0,0.521739130435,0.173913043478,0.304347826087,-7,-0.0138339920949,-0.167924466838,-0.608695652174,0.030303030303,-0.4375,-0.0646712510973,0.031907272612,0.027466695945,-0.260717331319,0.0461947444178,0.0162860488947,-0.227253108608,0.00934027162073,0.0221539062119,-0.187075642491,-0.0740966073594,-1,-0.167924466838,-0.187075642491,-1,-0.0421749967205,-0.0078301087877,-8,-0.00451722190853,-0.00941311214038,0.0434782608696,-0.0434782608696,0,81,0,7,418,0.920454545455,1,0,0.0795454545455,1,0.920454545455,0.958579881657,0.951469451768,0.920454545455,0.920454545455,2,9,0,10,3,10
496,WLNM_dir_neg_kfold,0.808641975309,0.508518518519,00:00:01,10,90,16,15361,threshold_sweep,0.1,0.75,0.333333333333,0.461538461538,3,1,6,17,0.333333333333,0.944444444444,0.0555555555556,0.666666666667,0.75,0.333333333333,0.461538461538,0.740740740741,0.617283950617,0.322580645161,0.368604890387,0.277777777778,94,85,9,0,94,0,85,0,9,23,88,0.173913043478,1.68507579377,7.65217391304,7.33333333333,5.5,3.63829000359,0.475458352741,0.249505928854,5.32278271304,1.39118184545,0.672924901186,3.27042079462,0.854769071322,0.442687747036,0.749191304359,0.444603920564,2.5,1.68507579377,0.749191304359,2.5,0.259446613992,0.18878248974,46,0.025974025974,0.333144633145,23,23,23,1,0,0.478260869565,0.217391304348,0.304347826087,23,0.156126482213,1.51874725516,6.86956521739,7.18181818182,4.9375,3.48117466886,0.506753274581,0.279031370391,4.88807535053,1.42311054509,0.682443588332,3.01249046708,0.877054186617,0.474408365438,0.564250615387,0.371523710393,1.5,1.51874725516,0.564250615387,1.5,0.204227518513,0.175879396985,35,0.0197628458498,0.318430155703,23,23,23,1,0,0.521739130435,0.173913043478,0.304347826087,23,83,0.164031620553,1.74851778656,7.21739130435,6.91666666667,5.1875,3.39727861329,0.470707277744,0.254059717129,5.01578535892,1.38991642476,0.675746464117,3.05612842476,0.846878961078,0.453640649555,0.852983893013,0.487832551415,3,1.74851778656,0.852983893013,3,0.193759271032,0.177293934681,38,0.0214568040655,0.287862978772,23,23,23,1,0,0.478260869565,0.217391304348,0.304347826087,-5,-0.0098814229249,0.0634419927898,-0.434782608696,-0.416666666667,-0.3125,-0.241011390301,-0.00475107499709,0.00455378827563,-0.306997354119,-0.00126542069247,0.00282156293157,-0.214292369866,-0.0078901102447,0.0109529025192,0.103792588654,0.0432286308507,0.5,0.0634419927898,0.103792588654,0.5,-0.0656873429601,-0.0114885550589,-8,-0.00451722190853,-0.0452816543726,0,0,0,82,1,6,417,0.931818181818,0.997607655502,0.00239234449761,0.0681818181818,0.987951807229,0.931818181818,0.959064327485,0.951338315457,0.929425837321,0.921348314607,4,9,0,10,3,10
497,WLNM_dir_neg_kfold,0.808641975309,0.508518518519,00:00:01,10,90,16,15361,threshold_sweep,0.2,0.75,0.333333333333,0.461538461538,3,1,6,17,0.333333333333,0.944444444444,0.0555555555556,0.666666666667,0.75,0.333333333333,0.461538461538,0.740740740741,0.617283950617,0.322580645161,0.368604890387,0.277777777778,94,85,9,0,94,0,85,0,9,23,88,0.173913043478,1.68507579377,7.65217391304,7.33333333333,5.5,3.63829000359,0.475458352741,0.249505928854,5.32278271304,1.39118184545,0.672924901186,3.27042079462,0.854769071322,0.442687747036,0.749191304359,0.444603920564,2.5,1.68507579377,0.749191304359,2.5,0.259446613992,0.18878248974,46,0.025974025974,0.333144633145,23,23,23,1,0,0.478260869565,0.217391304348,0.304347826087,23,0.156126482213,1.51874725516,6.86956521739,7.18181818182,4.9375,3.48117466886,0.506753274581,0.279031370391,4.88807535053,1.42311054509,0.682443588332,3.01249046708,0.877054186617,0.474408365438,0.564250615387,0.371523710393,1.5,1.51874725516,0.564250615387,1.5,0.204227518513,0.175879396985,35,0.0197628458498,0.318430155703,23,23,23,1,0,0.521739130435,0.173913043478,0.304347826087,23,83,0.164031620553,1.74851778656,7.21739130435,6.91666666667,5.1875,3.39727861329,0.470707277744,0.254059717129,5.01578535892,1.38991642476,0.675746464117,3.05612842476,0.846878961078,0.453640649555,0.852983893013,0.487832551415,3,1.74851778656,0.852983893013,3,0.193759271032,0.177293934681,38,0.0214568040655,0.287862978772,23,23,23,1,0,0.478260869565,0.217391304348,0.304347826087,-5,-0.0098814229249,0.0634419927898,-0.434782608696,-0.416666666667,-0.3125,-0.241011390301,-0.00475107499709,0.00455378827563,-0.306997354119,-0.00126542069247,0.00282156293157,-0.214292369866,-0.0078901102447,0.0109529025192,0.103792588654,0.0432286308507,0.5,0.0634419927898,0.103792588654,0.5,-0.0656873429601,-0.0114885550589,-8,-0.00451722190853,-0.0452816543726,0,0,0,82,1,6,417,0.931818181818,0.997607655502,0.00239234449761,0.0681818181818,0.987951807229,0.931818181818,0.959064327485,0.951338315457,0.929425837321,0.921348314607,4,9,0,10,3,10
498,WLNM_dir_neg_kfold,0.808641975309,0.508518518519,00:00:01,10,90,16,15361,threshold_sweep,0.3,0.75,0.333333333333,0.461538461538,3,1,6,17,0.333333333333,0.944444444444,0.0555555555556,0.666666666667,0.75,0.333333333333,0.461538461538,0.740740740741,0.617283950617,0.322580645161,0.368604890387,0.277777777778,94,85,9,0,94,0,85,0,9,23,88,0.173913043478,1.68507579377,7.65217391304,7.33333333333,5.5,3.63829000359,0.475458352741,0.249505928854,5.32278271304,1.39118184545,0.672924901186,3.27042079462,0.854769071322,0.442687747036,0.749191304359,0.444603920564,2.5,1.68507579377,0.749191304359,2.5,0.259446613992,0.18878248974,46,0.025974025974,0.333144633145,23,23,23,1,0,0.478260869565,0.217391304348,0.304347826087,23,0.156126482213,1.51874725516,6.86956521739,7.18181818182,4.9375,3.48117466886,0.506753274581,0.279031370391,4.88807535053,1.42311054509,0.682443588332,3.01249046708,0.877054186617,0.474408365438,0.564250615387,0.371523710393,1.5,1.51874725516,0.564250615387,1.5,0.204227518513,0.175879396985,35,0.0197628458498,0.318430155703,23,23,23,1,0,0.521739130435,0.173913043478,0.304347826087,23,83,0.164031620553,1.74851778656,7.21739130435,6.91666666667,5.1875,3.39727861329,0.470707277744,0.254059717129,5.01578535892,1.38991642476,0.675746464117,3.05612842476,0.846878961078,0.453640649555,0.852983893013,0.487832551415,3,1.74851778656,0.852983893013,3,0.193759271032,0.177293934681,38,0.0214568040655,0.287862978772,23,23,23,1,0,0.478260869565,0.217391304348,0.304347826087,-5,-0.0098814229249,0.0634419927898,-0.434782608696,-0.416666666667,-0.3125,-0.241011390301,-0.00475107499709,0.00455378827563,-0.306997354119,-0.00126542069247,0.00282156293157,-0.214292369866,-0.0078901102447,0.0109529025192,0.103792588654,0.0432286308507,0.5,0.0634419927898,0.103792588654,0.5,-0.0656873429601,-0.0114885550589,-8,-0.00451722190853,-0.0452816543726,0,0,0,82,1,6,417,0.931818181818,0.997607655502,0.00239234449761,0.0681818181818,0.987951807229,0.931818181818,0.959064327485,0.951338315457,0.929425837321,0.921348314607,4,9,0,10,3,10
499,WLNM_dir_neg_kfold,0.808641975309,0.508518518519,00:00:01,10,90,16,15361,threshold_sweep,0.4,0.75,0.333333333333,0.461538461538,3,1,6,17,0.333333333333,0.944444444444,0.0555555555556,0.666666666667,0.75,0.333333333333,0.461538461538,0.740740740741,0.617283950617,0.322580645161,0.368604890387,0.277777777778,94,85,9,0,94,0,85,0,9,23,88,0.173913043478,1.68507579377,7.65217391304,7.33333333333,5.5,3.63829000359,0.475458352741,0.249505928854,5.32278271304,1.39118184545,0.672924901186,3.27042079462,0.854769071322,0.442687747036,0.749191304359,0.444603920564,2.5,1.68507579377,0.749191304359,2.5,0.259446613992,0.18878248974,46,0.025974025974,0.333144633145,23,23,23,1,0,0.478260869565,0.217391304348,0.304347826087,23,0.156126482213,1.51874725516,6.86956521739,7.18181818182,4.9375,3.48117466886,0.506753274581,0.279031370391,4.88807535053,1.42311054509,0.682443588332,3.01249046708,0.877054186617,0.474408365438,0.564250615387,0.371523710393,1.5,1.51874725516,0.564250615387,1.5,0.204227518513,0.175879396985,35,0.0197628458498,0.318430155703,23,23,23,1,0,0.521739130435,0.173913043478,0.304347826087,23,83,0.164031620553,1.74851778656,7.21739130435,6.91666666667,5.1875,3.39727861329,0.470707277744,0.254059717129,5.01578535892,1.38991642476,0.675746464117,3.05612842476,0.846878961078,0.453640649555,0.852983893013,0.487832551415,3,1.74851778656,0.852983893013,3,0.193759271032,0.177293934681,38,0.0214568040655,0.287862978772,23,23,23,1,0,0.478260869565,0.217391304348,0.304347826087,-5,-0.0098814229249,0.0634419927898,-0.434782608696,-0.416666666667,-0.3125,-0.241011390301,-0.00475107499709,0.00455378827563,-0.306997354119,-0.00126542069247,0.00282156293157,-0.214292369866,-0.0078901102447,0.0109529025192,0.103792588654,0.0432286308507,0.5,0.0634419927898,0.103792588654,0.5,-0.0656873429601,-0.0114885550589,-8,-0.00451722190853,-0.0452816543726,0,0,0,82,1,6,417,0.931818181818,0.997607655502,0.00239234449761,0.0681818181818,0.987951807229,0.931818181818,0.959064327485,0.951338315457,0.929425837321,0.921348314607,4,9,0,10,3,10
500,WLNM_dir_neg_kfold,0.808641975309,0.508518518519,00:00:01,10,90,16,15361,threshold_sweep,0.5,0.75,0.333333333333,0.461538461538,3,1,6,17,0.333333333333,0.944444444444,0.0555555555556,0.666666666667,0.75,0.333333333333,0.461538461538,0.740740740741,0.617283950617,0.322580645161,0.368604890387,0.277777777778,94,85,9,0,94,0,85,0,9,23,88,0.173913043478,1.68507579377,7.65217391304,7.33333333333,5.5,3.63829000359,0.475458352741,0.249505928854,5.32278271304,1.39118184545,0.672924901186,3.27042079462,0.854769071322,0.442687747036,0.749191304359,0.444603920564,2.5,1.68507579377,0.749191304359,2.5,0.259446613992,0.18878248974,46,0.025974025974,0.333144633145,23,23,23,1,0,0.478260869565,0.217391304348,0.304347826087,23,0.156126482213,1.51874725516,6.86956521739,7.18181818182,4.9375,3.48117466886,0.506753274581,0.279031370391,4.88807535053,1.42311054509,0.682443588332,3.01249046708,0.877054186617,0.474408365438,0.564250615387,0.371523710393,1.5,1.51874725516,0.564250615387,1.5,0.204227518513,0.175879396985,35,0.0197628458498,0.318430155703,23,23,23,1,0,0.521739130435,0.173913043478,0.304347826087,23,83,0.164031620553,1.74851778656,7.21739130435,6.91666666667,5.1875,3.39727861329,0.470707277744,0.254059717129,5.01578535892,1.38991642476,0.675746464117,3.05612842476,0.846878961078,0.453640649555,0.852983893013,0.487832551415,3,1.74851778656,0.852983893013,3,0.193759271032,0.177293934681,38,0.0214568040655,0.287862978772,23,23,23,1,0,0.478260869565,0.217391304348,0.304347826087,-5,-0.0098814229249,0.0634419927898,-0.434782608696,-0.416666666667,-0.3125,-0.241011390301,-0.00475107499709,0.00455378827563,-0.306997354119,-0.00126542069247,0.00282156293157,-0.214292369866,-0.0078901102447,0.0109529025192,0.103792588654,0.0432286308507,0.5,0.0634419927898,0.103792588654,0.5,-0.0656873429601,-0.0114885550589,-8,-0.00451722190853,-0.0452816543726,0,0,0,82,1,6,417,0.931818181818,0.997607655502,0.00239234449761,0.0681818181818,0.987951807229,0.931818181818,0.959064327485,0.951338315457,0.929425837321,0.921348314607,4,9,0,10,3,10
501,WLNM_dir_neg_kfold,0.808641975309,0.508518518519,00:00:01,10,90,16,15361,threshold_sweep,0.6,0.75,0.333333333333,0.461538461538,3,1,6,17,0.333333333333,0.944444444444,0.0555555555556,0.666666666667,0.75,0.333333333333,0.461538461538,0.740740740741,0.617283950617,0.322580645161,0.368604890387,0.277777777778,94,85,9,0,94,0,85,0,9,23,88,0.173913043478,1.68507579377,7.65217391304,7.33333333333,5.5,3.63829000359,0.475458352741,0.249505928854,5.32278271304,1.39118184545,0.672924901186,3.27042079462,0.854769071322,0.442687747036,0.749191304359,0.444603920564,2.5,1.68507579377,0.749191304359,2.5,0.259446613992,0.18878248974,46,0.025974025974,0.333144633145,23,23,23,1,0,0.478260869565,0.217391304348,0.304347826087,23,0.156126482213,1.51874725516,6.86956521739,7.18181818182,4.9375,3.48117466886,0.506753274581,0.279031370391,4.88807535053,1.42311054509,0.682443588332,3.01249046708,0.877054186617,0.474408365438,0.564250615387,0.371523710393,1.5,1.51874725516,0.564250615387,1.5,0.204227518513,0.175879396985,35,0.0197628458498,0.318430155703,23,23,23,1,0,0.521739130435,0.173913043478,0.304347826087,23,83,0.164031620553,1.74851778656,7.21739130435,6.91666666667,5.1875,3.39727861329,0.470707277744,0.254059717129,5.01578535892,1.38991642476,0.675746464117,3.05612842476,0.846878961078,0.453640649555,0.852983893013,0.487832551415,3,1.74851778656,0.852983893013,3,0.193759271032,0.177293934681,38,0.0214568040655,0.287862978772,23,23,23,1,0,0.478260869565,0.217391304348,0.304347826087,-5,-0.0098814229249,0.0634419927898,-0.434782608696,-0.416666666667,-0.3125,-0.241011390301,-0.00475107499709,0.00455378827563,-0.306997354119,-0.00126542069247,0.00282156293157,-0.214292369866,-0.0078901102447,0.0109529025192,0.103792588654,0.0432286308507,0.5,0.0634419927898,0.103792588654,0.5,-0.0656873429601,-0.0114885550589,-8,-0.00451722190853,-0.0452816543726,0,0,0,82,1,6,417,0.931818181818,0.997607655502,0.00239234449761,0.0681818181818,0.987951807229,0.931818181818,0.959064327485,0.951338315457,0.929425837321,0.921348314607,4,9,0,10,3,10
502,WLNM_dir_neg_kfold,0.808641975309,0.508518518519,00:00:01,10,90,16,15361,threshold_sweep,0.7,0.75,0.333333333333,0.461538461538,3,1,6,17,0.333333333333,0.944444444444,0.0555555555556,0.666666666667,0.75,0.333333333333,0.461538461538,0.740740740741,0.617283950617,0.322580645161,0.368604890387,0.277777777778,94,85,9,0,94,0,85,0,9,23,88,0.173913043478,1.68507579377,7.65217391304,7.33333333333,5.5,3.63829000359,0.475458352741,0.249505928854,5.32278271304,1.39118184545,0.672924901186,3.27042079462,0.854769071322,0.442687747036,0.749191304359,0.444603920564,2.5,1.68507579377,0.749191304359,2.5,0.259446613992,0.18878248974,46,0.025974025974,0.333144633145,23,23,23,1,0,0.478260869565,0.217391304348,0.304347826087,23,0.156126482213,1.51874725516,6.86956521739,7.18181818182,4.9375,3.48117466886,0.506753274581,0.279031370391,4.88807535053,1.42311054509,0.682443588332,3.01249046708,0.877054186617,0.474408365438,0.564250615387,0.371523710393,1.5,1.51874725516,0.564250615387,1.5,0.204227518513,0.175879396985,35,0.0197628458498,0.318430155703,23,23,23,1,0,0.521739130435,0.173913043478,0.304347826087,23,83,0.164031620553,1.74851778656,7.21739130435,6.91666666667,5.1875,3.39727861329,0.470707277744,0.254059717129,5.01578535892,1.38991642476,0.675746464117,3.05612842476,0.846878961078,0.453640649555,0.852983893013,0.487832551415,3,1.74851778656,0.852983893013,3,0.193759271032,0.177293934681,38,0.0214568040655,0.287862978772,23,23,23,1,0,0.478260869565,0.217391304348,0.304347826087,-5,-0.0098814229249,0.0634419927898,-0.434782608696,-0.416666666667,-0.3125,-0.241011390301,-0.00475107499709,0.00455378827563,-0.306997354119,-0.00126542069247,0.00282156293157,-0.214292369866,-0.0078901102447,0.0109529025192,0.103792588654,0.0432286308507,0.5,0.0634419927898,0.103792588654,0.5,-0.0656873429601,-0.0114885550589,-8,-0.00451722190853,-0.0452816543726,0,0,0,82,1,6,417,0.931818181818,0.997607655502,0.00239234449761,0.0681818181818,0.987951807229,0.931818181818,0.959064327485,0.951338315457,0.929425837321,0.921348314607,4,9,0,10,3,10
503,WLNM_dir_neg_kfold,0.808641975309,0.508518518519,00:00:01,10,90,16,15361,threshold_sweep,0.8,0.666666666667,0.222222222222,0.333333333333,2,1,7,17,0.222222222222,0.944444444444,0.0555555555556,0.777777777778,0.666666666667,0.222222222222,0.333333333333,0.703703703704,0.62962962963,0.2,0.25,0.166666666667,94,85,9,0,94,0,85,0,9,23,88,0.173913043478,1.68507579377,7.65217391304,7.33333333333,5.5,3.63829000359,0.475458352741,0.249505928854,5.32278271304,1.39118184545,0.672924901186,3.27042079462,0.854769071322,0.442687747036,0.749191304359,0.444603920564,2.5,1.68507579377,0.749191304359,2.5,0.259446613992,0.18878248974,46,0.025974025974,0.333144633145,23,23,23,1,0,0.478260869565,0.217391304348,0.304347826087,23,0.156126482213,1.51874725516,6.86956521739,7.18181818182,4.9375,3.48117466886,0.506753274581,0.279031370391,4.88807535053,1.42311054509,0.682443588332,3.01249046708,0.877054186617,0.474408365438,0.564250615387,0.371523710393,1.5,1.51874725516,0.564250615387,1.5,0.204227518513,0.175879396985,35,0.0197628458498,0.318430155703,23,23,23,1,0,0.521739130435,0.173913043478,0.304347826087,23,82,0.162055335968,1.79199604743,7.13043478261,6.83333333333,5.125,3.49420751616,0.490041297998,0.265641569459,5.03466246008,1.41216142173,0.680805938494,3.02754156126,0.849188486694,0.458112407211,0.940654502419,0.524919964956,3,1.79199604743,0.940654502419,3,0.206160506161,0.17896389325,38,0.0214568040655,0.278729435548,23,23,23,1,0,0.478260869565,0.217391304348,0.304347826087,-6,-0.0118577075099,0.106920253659,-0.521739130435,-0.5,-0.375,-0.144082487424,0.014582945257,0.0161356406054,-0.288120252962,0.0209795762757,0.0078810373084,-0.242879233368,-0.00558058462831,0.0154246601755,0.19146319806,0.0803160443919,0.5,0.106920253659,0.19146319806,0.5,-0.0532861078316,-0.00981859649047,-8,-0.00451722190853,-0.054415197597,0,0,0,81,1,7,417,0.920454545455,0.997607655502,0.00239234449761,0.0795454545455,0.987804878049,0.920454545455,0.952941176471,0.944303782253,0.918062200957,0.910112359551,3,9,0,10,3,10
504,WLNM_dir_neg_kfold,0.808641975309,0.508518518519,00:00:01,10,90,16,15361,threshold_sweep,0.9,0.666666666667,0.222222222222,0.333333333333,2,1,7,17,0.222222222222,0.944444444444,0.0555555555556,0.777777777778,0.666666666667,0.222222222222,0.333333333333,0.703703703704,0.62962962963,0.2,0.25,0.166666666667,94,85,9,0,94,0,85,0,9,23,88,0.173913043478,1.68507579377,7.65217391304,7.33333333333,5.5,3.63829000359,0.475458352741,0.249505928854,5.32278271304,1.39118184545,0.672924901186,3.27042079462,0.854769071322,0.442687747036,0.749191304359,0.444603920564,2.5,1.68507579377,0.749191304359,2.5,0.259446613992,0.18878248974,46,0.025974025974,0.333144633145,23,23,23,1,0,0.478260869565,0.217391304348,0.304347826087,23,0.156126482213,1.51874725516,6.86956521739,7.18181818182,4.9375,3.48117466886,0.506753274581,0.279031370391,4.88807535053,1.42311054509,0.682443588332,3.01249046708,0.877054186617,0.474408365438,0.564250615387,0.371523710393,1.5,1.51874725516,0.564250615387,1.5,0.204227518513,0.175879396985,35,0.0197628458498,0.318430155703,23,23,23,1,0,0.521739130435,0.173913043478,0.304347826087,23,82,0.162055335968,1.79199604743,7.13043478261,6.83333333333,5.125,3.49420751616,0.490041297998,0.265641569459,5.03466246008,1.41216142173,0.680805938494,3.02754156126,0.849188486694,0.458112407211,0.940654502419,0.524919964956,3,1.79199604743,0.940654502419,3,0.206160506161,0.17896389325,38,0.0214568040655,0.278729435548,23,23,23,1,0,0.478260869565,0.217391304348,0.304347826087,-6,-0.0118577075099,0.106920253659,-0.521739130435,-0.5,-0.375,-0.144082487424,0.014582945257,0.0161356406054,-0.288120252962,0.0209795762757,0.0078810373084,-0.242879233368,-0.00558058462831,0.0154246601755,0.19146319806,0.0803160443919,0.5,0.106920253659,0.19146319806,0.5,-0.0532861078316,-0.00981859649047,-8,-0.00451722190853,-0.054415197597,0,0,0,81,1,7,417,0.920454545455,0.997607655502,0.00239234449761,0.0795454545455,0.987804878049,0.920454545455,0.952941176471,0.944303782253,0.918062200957,0.910112359551,3,9,0,10,3,10
505,WLNM_dir_neg_kfold,0.716049382716,0.407566137566,00:00:01,10,90,17,15362,threshold_sweep,0.1,1,0.222222222222,0.363636363636,2,0,7,18,0.222222222222,1,0,0.777777777778,1,0.222222222222,0.363636363636,0.740740740741,0.641975308642,0.275862068966,0.4,0.222222222222,94,85,9,0,94,0,85,0,9,23,88,0.173913043478,1.68507579377,7.65217391304,7.33333333333,5.5,3.63829000359,0.475458352741,0.249505928854,5.32278271304,1.39118184545,0.672924901186,3.27042079462,0.854769071322,0.442687747036,0.749191304359,0.444603920564,2.5,1.68507579377,0.749191304359,2.5,0.259446613992,0.18878248974,46,0.025974025974,0.333144633145,23,23,23,1,0,0.478260869565,0.217391304348,0.304347826087,23,0.156126482213,1.51874725516,6.86956521739,7.18181818182,4.9375,3.48117466886,0.506753274581,0.279031370391,4.88807535053,1.42311054509,0.682443588332,3.01249046708,0.877054186617,0.474408365438,0.564250615387,0.371523710393,1.5,1.51874725516,0.564250615387,1.5,0.204227518513,0.175879396985,35,0.0197628458498,0.318430155703,23,23,23,1,0,0.521739130435,0.173913043478,0.304347826087,23,81,0.160079051383,1.51715132693,7.04347826087,7.36363636364,5.0625,3.57361875249,0.507365625353,0.276972624799,5.06206538172,1.43737658987,0.689210950081,3.04316768602,0.864109342943,0.464841653247,0.562115661868,0.370507313205,1.5,1.51715132693,0.562115661868,1.5,0.217271617272,0.180952380952,38,0.0214568040655,0.323731521004,23,23,23,1,0,0.521739130435,0.173913043478,0.304347826087,-7,-0.0138339920949,-0.167924466838,-0.608695652174,0.030303030303,-0.4375,-0.0646712510973,0.031907272612,0.027466695945,-0.260717331319,0.0461947444178,0.0162860488947,-0.227253108608,0.00934027162073,0.0221539062119,-0.187075642491,-0.0740966073594,-1,-0.167924466838,-0.187075642491,-1,-0.0421749967205,-0.0078301087877,-8,-0.00451722190853,-0.00941311214038,0.0434782608696,-0.0434782608696,0,81,0,7,418,0.920454545455,1,0,0.0795454545455,1,0.920454545455,0.958579881657,0.951469451768,0.920454545455,0.920454545455,2,9,0,10,3,10
506,WLNM_dir_neg_kfold,0.716049382716,0.407566137566,00:00:01,10,90,17,15362,threshold_sweep,0.2,1,0.222222222222,0.363636363636,2,0,7,18,0.222222222222,1,0,0.777777777778,1,0.222222222222,0.363636363636,0.740740740741,0.641975308642,0.275862068966,0.4,0.222222222222,94,85,9,0,94,0,85,0,9,23,88,0.173913043478,1.68507579377,7.65217391304,7.33333333333,5.5,3.63829000359,0.475458352741,0.249505928854,5.32278271304,1.39118184545,0.672924901186,3.27042079462,0.854769071322,0.442687747036,0.749191304359,0.444603920564,2.5,1.68507579377,0.749191304359,2.5,0.259446613992,0.18878248974,46,0.025974025974,0.333144633145,23,23,23,1,0,0.478260869565,0.217391304348,0.304347826087,23,0.156126482213,1.51874725516,6.86956521739,7.18181818182,4.9375,3.48117466886,0.506753274581,0.279031370391,4.88807535053,1.42311054509,0.682443588332,3.01249046708,0.877054186617,0.474408365438,0.564250615387,0.371523710393,1.5,1.51874725516,0.564250615387,1.5,0.204227518513,0.175879396985,35,0.0197628458498,0.318430155703,23,23,23,1,0,0.521739130435,0.173913043478,0.304347826087,23,81,0.160079051383,1.51715132693,7.04347826087,7.36363636364,5.0625,3.57361875249,0.507365625353,0.276972624799,5.06206538172,1.43737658987,0.689210950081,3.04316768602,0.864109342943,0.464841653247,0.562115661868,0.370507313205,1.5,1.51715132693,0.562115661868,1.5,0.217271617272,0.180952380952,38,0.0214568040655,0.323731521004,23,23,23,1,0,0.521739130435,0.173913043478,0.304347826087,-7,-0.0138339920949,-0.167924466838,-0.608695652174,0.030303030303,-0.4375,-0.0646712510973,0.031907272612,0.027466695945,-0.260717331319,0.0461947444178,0.0162860488947,-0.227253108608,0.00934027162073,0.0221539062119,-0.187075642491,-0.0740966073594,-1,-0.167924466838,-0.187075642491,-1,-0.0421749967205,-0.0078301087877,-8,-0.00451722190853,-0.00941311214038,0.0434782608696,-0.0434782608696,0,81,0,7,418,0.920454545455,1,0,0.0795454545455,1,0.920454545455,0.958579881657,0.951469451768,0.920454545455,0.920454545455,2,9,0,10,3,10
507,WLNM_dir_neg_kfold,0.716049382716,0.407566137566,00:00:01,10,90,17,15362,threshold_sweep,0.3,1,0.222222222222,0.363636363636,2,0,7,18,0.222222222222,1,0,0.777777777778,1,0.222222222222,0.363636363636,0.740740740741,0.641975308642,0.275862068966,0.4,0.222222222222,94,85,9,0,94,0,85,0,9,23,88,0.173913043478,1.68507579377,7.65217391304,7.33333333333,5.5,3.63829000359,0.475458352741,0.249505928854,5.32278271304,1.39118184545,0.672924901186,3.27042079462,0.854769071322,0.442687747036,0.749191304359,0.444603920564,2.5,1.68507579377,0.749191304359,2.5,0.259446613992,0.18878248974,46,0.025974025974,0.333144633145,23,23,23,1,0,0.478260869565,0.217391304348,0.304347826087,23,0.156126482213,1.51874725516,6.86956521739,7.18181818182,4.9375,3.48117466886,0.506753274581,0.279031370391,4.88807535053,1.42311054509,0.682443588332,3.01249046708,0.877054186617,0.474408365438,0.564250615387,0.371523710393,1.5,1.51874725516,0.564250615387,1.5,0.204227518513,0.175879396985,35,0.0197628458498,0.318430155703,23,23,23,1,0,0.521739130435,0.173913043478,0.304347826087,23,81,0.160079051383,1.51715132693,7.04347826087,7.36363636364,5.0625,3.57361875249,0.507365625353,0.276972624799,5.06206538172,1.43737658987,0.689210950081,3.04316768602,0.864109342943,0.464841653247,0.562115661868,0.370507313205,1.5,1.51715132693,0.562115661868,1.5,0.217271617272,0.180952380952,38,0.0214568040655,0.323731521004,23,23,23,1,0,0.521739130435,0.173913043478,0.304347826087,-7,-0.0138339920949,-0.167924466838,-0.608695652174,0.030303030303,-0.4375,-0.0646712510973,0.031907272612,0.027466695945,-0.260717331319,0.0461947444178,0.0162860488947,-0.227253108608,0.00934027162073,0.0221539062119,-0.187075642491,-0.0740966073594,-1,-0.167924466838,-0.187075642491,-1,-0.0421749967205,-0.0078301087877,-8,-0.00451722190853,-0.00941311214038,0.0434782608696,-0.0434782608696,0,81,0,7,418,0.920454545455,1,0,0.0795454545455,1,0.920454545455,0.958579881657,0.951469451768,0.920454545455,0.920454545455,2,9,0,10,3,10
508,WLNM_dir_neg_kfold,0.716049382716,0.407566137566,00:00:01,10,90,17,15362,threshold_sweep,0.4,1,0.222222222222,0.363636363636,2,0,7,18,0.222222222222,1,0,0.777777777778,1,0.222222222222,0.363636363636,0.740740740741,0.641975308642,0.275862068966,0.4,0.222222222222,94,85,9,0,94,0,85,0,9,23,88,0.173913043478,1.68507579377,7.65217391304,7.33333333333,5.5,3.63829000359,0.475458352741,0.249505928854,5.32278271304,1.39118184545,0.672924901186,3.27042079462,0.854769071322,0.442687747036,0.749191304359,0.444603920564,2.5,1.68507579377,0.749191304359,2.5,0.259446613992,0.18878248974,46,0.025974025974,0.333144633145,23,23,23,1,0,0.478260869565,0.217391304348,0.304347826087,23,0.156126482213,1.51874725516,6.86956521739,7.18181818182,4.9375,3.48117466886,0.506753274581,0.279031370391,4.88807535053,1.42311054509,0.682443588332,3.01249046708,0.877054186617,0.474408365438,0.564250615387,0.371523710393,1.5,1.51874725516,0.564250615387,1.5,0.204227518513,0.175879396985,35,0.0197628458498,0.318430155703,23,23,23,1,0,0.521739130435,0.173913043478,0.304347826087,23,81,0.160079051383,1.51715132693,7.04347826087,7.36363636364,5.0625,3.57361875249,0.507365625353,0.276972624799,5.06206538172,1.43737658987,0.689210950081,3.04316768602,0.864109342943,0.464841653247,0.562115661868,0.370507313205,1.5,1.51715132693,0.562115661868,1.5,0.217271617272,0.180952380952,38,0.0214568040655,0.323731521004,23,23,23,1,0,0.521739130435,0.173913043478,0.304347826087,-7,-0.0138339920949,-0.167924466838,-0.608695652174,0.030303030303,-0.4375,-0.0646712510973,0.031907272612,0.027466695945,-0.260717331319,0.0461947444178,0.0162860488947,-0.227253108608,0.00934027162073,0.0221539062119,-0.187075642491,-0.0740966073594,-1,-0.167924466838,-0.187075642491,-1,-0.0421749967205,-0.0078301087877,-8,-0.00451722190853,-0.00941311214038,0.0434782608696,-0.0434782608696,0,81,0,7,418,0.920454545455,1,0,0.0795454545455,1,0.920454545455,0.958579881657,0.951469451768,0.920454545455,0.920454545455,2,9,0,10,3,10
509,WLNM_dir_neg_kfold,0.716049382716,0.407566137566,00:00:01,10,90,17,15362,threshold_sweep,0.5,1,0.222222222222,0.363636363636,2,0,7,18,0.222222222222,1,0,0.777777777778,1,0.222222222222,0.363636363636,0.740740740741,0.641975308642,0.275862068966,0.4,0.222222222222,94,85,9,0,94,0,85,0,9,23,88,0.173913043478,1.68507579377,7.65217391304,7.33333333333,5.5,3.63829000359,0.475458352741,0.249505928854,5.32278271304,1.39118184545,0.672924901186,3.27042079462,0.854769071322,0.442687747036,0.749191304359,0.444603920564,2.5,1.68507579377,0.749191304359,2.5,0.259446613992,0.18878248974,46,0.025974025974,0.333144633145,23,23,23,1,0,0.478260869565,0.217391304348,0.304347826087,23,0.156126482213,1.51874725516,6.86956521739,7.18181818182,4.9375,3.48117466886,0.506753274581,0.279031370391,4.88807535053,1.42311054509,0.682443588332,3.01249046708,0.877054186617,0.474408365438,0.564250615387,0.371523710393,1.5,1.51874725516,0.564250615387,1.5,0.204227518513,0.175879396985,35,0.0197628458498,0.318430155703,23,23,23,1,0,0.521739130435,0.173913043478,0.304347826087,23,81,0.160079051383,1.51715132693,7.04347826087,7.36363636364,5.0625,3.57361875249,0.507365625353,0.276972624799,5.06206538172,1.43737658987,0.689210950081,3.04316768602,0.864109342943,0.464841653247,0.562115661868,0.370507313205,1.5,1.51715132693,0.562115661868,1.5,0.217271617272,0.180952380952,38,0.0214568040655,0.323731521004,23,23,23,1,0,0.521739130435,0.173913043478,0.304347826087,-7,-0.0138339920949,-0.167924466838,-0.608695652174,0.030303030303,-0.4375,-0.0646712510973,0.031907272612,0.027466695945,-0.260717331319,0.0461947444178,0.0162860488947,-0.227253108608,0.00934027162073,0.0221539062119,-0.187075642491,-0.0740966073594,-1,-0.167924466838,-0.187075642491,-1,-0.0421749967205,-0.0078301087877,-8,-0.00451722190853,-0.00941311214038,0.0434782608696,-0.0434782608696,0,81,0,7,418,0.920454545455,1,0,0.0795454545455,1,0.920454545455,0.958579881657,0.951469451768,0.920454545455,0.920454545455,2,9,0,10,3,10
510,WLNM_dir_neg_kfold,0.716049382716,0.407566137566,00:00:01,10,90,17,15362,threshold_sweep,0.6,1,0.222222222222,0.363636363636,2,0,7,18,0.222222222222,1,0,0.777777777778,1,0.222222222222,0.363636363636,0.740740740741,0.641975308642,0.275862068966,0.4,0.222222222222,94,85,9,0,94,0,85,0,9,23,88,0.173913043478,1.68507579377,7.65217391304,7.33333333333,5.5,3.63829000359,0.475458352741,0.249505928854,5.32278271304,1.39118184545,0.672924901186,3.27042079462,0.854769071322,0.442687747036,0.749191304359,0.444603920564,2.5,1.68507579377,0.749191304359,2.5,0.259446613992,0.18878248974,46,0.025974025974,0.333144633145,23,23,23,1,0,0.478260869565,0.217391304348,0.304347826087,23,0.156126482213,1.51874725516,6.86956521739,7.18181818182,4.9375,3.48117466886,0.506753274581,0.279031370391,4.88807535053,1.42311054509,0.682443588332,3.01249046708,0.877054186617,0.474408365438,0.564250615387,0.371523710393,1.5,1.51874725516,0.564250615387,1.5,0.204227518513,0.175879396985,35,0.0197628458498,0.318430155703,23,23,23,1,0,0.521739130435,0.173913043478,0.304347826087,23,81,0.160079051383,1.51715132693,7.04347826087,7.36363636364,5.0625,3.57361875249,0.507365625353,0.276972624799,5.06206538172,1.43737658987,0.689210950081,3.04316768602,0.864109342943,0.464841653247,0.562115661868,0.370507313205,1.5,1.51715132693,0.562115661868,1.5,0.217271617272,0.180952380952,38,0.0214568040655,0.323731521004,23,23,23,1,0,0.521739130435,0.173913043478,0.304347826087,-7,-0.0138339920949,-0.167924466838,-0.608695652174,0.030303030303,-0.4375,-0.0646712510973,0.031907272612,0.027466695945,-0.260717331319,0.0461947444178,0.0162860488947,-0.227253108608,0.00934027162073,0.0221539062119,-0.187075642491,-0.0740966073594,-1,-0.167924466838,-0.187075642491,-1,-0.0421749967205,-0.0078301087877,-8,-0.00451722190853,-0.00941311214038,0.0434782608696,-0.0434782608696,0,81,0,7,418,0.920454545455,1,0,0.0795454545455,1,0.920454545455,0.958579881657,0.951469451768,0.920454545455,0.920454545455,2,9,0,10,3,10
511,WLNM_dir_neg_kfold,0.716049382716,0.407566137566,00:00:01,10,90,17,15362,threshold_sweep,0.7,1,0.222222222222,0.363636363636,2,0,7,18,0.222222222222,1,0,0.777777777778,1,0.222222222222,0.363636363636,0.740740740741,0.641975308642,0.275862068966,0.4,0.222222222222,94,85,9,0,94,0,85,0,9,23,88,0.173913043478,1.68507579377,7.65217391304,7.33333333333,5.5,3.63829000359,0.475458352741,0.249505928854,5.32278271304,1.39118184545,0.672924901186,3.27042079462,0.854769071322,0.442687747036,0.749191304359,0.444603920564,2.5,1.68507579377,0.749191304359,2.5,0.259446613992,0.18878248974,46,0.025974025974,0.333144633145,23,23,23,1,0,0.478260869565,0.217391304348,0.304347826087,23,0.156126482213,1.51874725516,6.86956521739,7.18181818182,4.9375,3.48117466886,0.506753274581,0.279031370391,4.88807535053,1.42311054509,0.682443588332,3.01249046708,0.877054186617,0.474408365438,0.564250615387,0.371523710393,1.5,1.51874725516,0.564250615387,1.5,0.204227518513,0.175879396985,35,0.0197628458498,0.318430155703,23,23,23,1,0,0.521739130435,0.173913043478,0.304347826087,23,81,0.160079051383,1.51715132693,7.04347826087,7.36363636364,5.0625,3.57361875249,0.507365625353,0.276972624799,5.06206538172,1.43737658987,0.689210950081,3.04316768602,0.864109342943,0.464841653247,0.562115661868,0.370507313205,1.5,1.51715132693,0.562115661868,1.5,0.217271617272,0.180952380952,38,0.0214568040655,0.323731521004,23,23,23,1,0,0.521739130435,0.173913043478,0.304347826087,-7,-0.0138339920949,-0.167924466838,-0.608695652174,0.030303030303,-0.4375,-0.0646712510973,0.031907272612,0.027466695945,-0.260717331319,0.0461947444178,0.0162860488947,-0.227253108608,0.00934027162073,0.0221539062119,-0.187075642491,-0.0740966073594,-1,-0.167924466838,-0.187075642491,-1,-0.0421749967205,-0.0078301087877,-8,-0.00451722190853,-0.00941311214038,0.0434782608696,-0.0434782608696,0,81,0,7,418,0.920454545455,1,0,0.0795454545455,1,0.920454545455,0.958579881657,0.951469451768,0.920454545455,0.920454545455,2,9,0,10,3,10
512,WLNM_dir_neg_kfold,0.716049382716,0.407566137566,00:00:01,10,90,17,15362,threshold_sweep,0.8,1,0.222222222222,0.363636363636,2,0,7,18,0.222222222222,1,0,0.777777777778,1,0.222222222222,0.363636363636,0.740740740741,0.641975308642,0.275862068966,0.4,0.222222222222,94,85,9,0,94,0,85,0,9,23,88,0.173913043478,1.68507579377,7.65217391304,7.33333333333,5.5,3.63829000359,0.475458352741,0.249505928854,5.32278271304,1.39118184545,0.672924901186,3.27042079462,0.854769071322,0.442687747036,0.749191304359,0.444603920564,2.5,1.68507579377,0.749191304359,2.5,0.259446613992,0.18878248974,46,0.025974025974,0.333144633145,23,23,23,1,0,0.478260869565,0.217391304348,0.304347826087,23,0.156126482213,1.51874725516,6.86956521739,7.18181818182,4.9375,3.48117466886,0.506753274581,0.279031370391,4.88807535053,1.42311054509,0.682443588332,3.01249046708,0.877054186617,0.474408365438,0.564250615387,0.371523710393,1.5,1.51874725516,0.564250615387,1.5,0.204227518513,0.175879396985,35,0.0197628458498,0.318430155703,23,23,23,1,0,0.521739130435,0.173913043478,0.304347826087,23,81,0.160079051383,1.51715132693,7.04347826087,7.36363636364,5.0625,3.57361875249,0.507365625353,0.276972624799,5.06206538172,1.43737658987,0.689210950081,3.04316768602,0.864109342943,0.464841653247,0.562115661868,0.370507313205,1.5,1.51715132693,0.562115661868,1.5,0.217271617272,0.180952380952,38,0.0214568040655,0.323731521004,23,23,23,1,0,0.521739130435,0.173913043478,0.304347826087,-7,-0.0138339920949,-0.167924466838,-0.608695652174,0.030303030303,-0.4375,-0.0646712510973,0.031907272612,0.027466695945,-0.260717331319,0.0461947444178,0.0162860488947,-0.227253108608,0.00934027162073,0.0221539062119,-0.187075642491,-0.0740966073594,-1,-0.167924466838,-0.187075642491,-1,-0.0421749967205,-0.0078301087877,-8,-0.00451722190853,-0.00941311214038,0.0434782608696,-0.0434782608696,0,81,0,7,418,0.920454545455,1,0,0.0795454545455,1,0.920454545455,0.958579881657,0.951469451768,0.920454545455,0.920454545455,2,9,0,10,3,10
513,WLNM_dir_neg_kfold,0.716049382716,0.407566137566,00:00:01,10,90,17,15362,threshold_sweep,0.9,1,0.222222222222,0.363636363636,2,0,7,18,0.222222222222,1,0,0.777777777778,1,0.222222222222,0.363636363636,0.740740740741,0.641975308642,0.275862068966,0.4,0.222222222222,94,85,9,0,94,0,85,0,9,23,88,0.173913043478,1.68507579377,7.65217391304,7.33333333333,5.5,3.63829000359,0.475458352741,0.249505928854,5.32278271304,1.39118184545,0.672924901186,3.27042079462,0.854769071322,0.442687747036,0.749191304359,0.444603920564,2.5,1.68507579377,0.749191304359,2.5,0.259446613992,0.18878248974,46,0.025974025974,0.333144633145,23,23,23,1,0,0.478260869565,0.217391304348,0.304347826087,23,0.156126482213,1.51874725516,6.86956521739,7.18181818182,4.9375,3.48117466886,0.506753274581,0.279031370391,4.88807535053,1.42311054509,0.682443588332,3.01249046708,0.877054186617,0.474408365438,0.564250615387,0.371523710393,1.5,1.51874725516,0.564250615387,1.5,0.204227518513,0.175879396985,35,0.0197628458498,0.318430155703,23,23,23,1,0,0.521739130435,0.173913043478,0.304347826087,23,81,0.160079051383,1.51715132693,7.04347826087,7.36363636364,5.0625,3.57361875249,0.507365625353,0.276972624799,5.06206538172,1.43737658987,0.689210950081,3.04316768602,0.864109342943,0.464841653247,0.562115661868,0.370507313205,1.5,1.51715132693,0.562115661868,1.5,0.217271617272,0.180952380952,38,0.0214568040655,0.323731521004,23,23,23,1,0,0.521739130435,0.173913043478,0.304347826087,-7,-0.0138339920949,-0.167924466838,-0.608695652174,0.030303030303,-0.4375,-0.0646712510973,0.031907272612,0.027466695945,-0.260717331319,0.0461947444178,0.0162860488947,-0.227253108608,0.00934027162073,0.0221539062119,-0.187075642491,-0.0740966073594,-1,-0.167924466838,-0.187075642491,-1,-0.0421749967205,-0.0078301087877,-8,-0.00451722190853,-0.00941311214038,0.0434782608696,-0.0434782608696,0,81,0,7,418,0.920454545455,1,0,0.0795454545455,1,0.920454545455,0.958579881657,0.951469451768,0.920454545455,0.920454545455,2,9,0,10,3,10
514,WLNM_dir_neg_kfold,0.824074074074,0.453784925276,00:00:01,10,90,18,15363,threshold_sweep,0.1,1,0.222222222222,0.363636363636,2,0,7,18,0.222222222222,1,0,0.777777777778,1,0.222222222222,0.363636363636,0.740740740741,0.641975308642,0.275862068966,0.4,0.222222222222,94,85,9,0,94,0,85,0,9,23,88,0.173913043478,1.68507579377,7.65217391304,7.33333333333,5.5,3.63829000359,0.475458352741,0.249505928854,5.32278271304,1.39118184545,0.672924901186,3.27042079462,0.854769071322,0.442687747036,0.749191304359,0.444603920564,2.5,1.68507579377,0.749191304359,2.5,0.259446613992,0.18878248974,46,0.025974025974,0.333144633145,23,23,23,1,0,0.478260869565,0.217391304348,0.304347826087,23,0.156126482213,1.51874725516,6.86956521739,7.18181818182,4.9375,3.48117466886,0.506753274581,0.279031370391,4.88807535053,1.42311054509,0.682443588332,3.01249046708,0.877054186617,0.474408365438,0.564250615387,0.371523710393,1.5,1.51874725516,0.564250615387,1.5,0.204227518513,0.175879396985,35,0.0197628458498,0.318430155703,23,23,23,1,0,0.521739130435,0.173913043478,0.304347826087,23,81,0.160079051383,1.51715132693,7.04347826087,7.36363636364,5.0625,3.57361875249,0.507365625353,0.276972624799,5.06206538172,1.43737658987,0.689210950081,3.04316768602,0.864109342943,0.464841653247,0.562115661868,0.370507313205,1.5,1.51715132693,0.562115661868,1.5,0.217271617272,0.180952380952,38,0.0214568040655,0.323731521004,23,23,23,1,0,0.521739130435,0.173913043478,0.304347826087,-7,-0.0138339920949,-0.167924466838,-0.608695652174,0.030303030303,-0.4375,-0.0646712510973,0.031907272612,0.027466695945,-0.260717331319,0.0461947444178,0.0162860488947,-0.227253108608,0.00934027162073,0.0221539062119,-0.187075642491,-0.0740966073594,-1,-0.167924466838,-0.187075642491,-1,-0.0421749967205,-0.0078301087877,-8,-0.00451722190853,-0.00941311214038,0.0434782608696,-0.0434782608696,0,81,0,7,418,0.920454545455,1,0,0.0795454545455,1,0.920454545455,0.958579881657,0.951469451768,0.920454545455,0.920454545455,2,9,0,10,3,10
515,WLNM_dir_neg_kfold,0.824074074074,0.453784925276,00:00:01,10,90,18,15363,threshold_sweep,0.2,1,0.222222222222,0.363636363636,2,0,7,18,0.222222222222,1,0,0.777777777778,1,0.222222222222,0.363636363636,0.740740740741,0.641975308642,0.275862068966,0.4,0.222222222222,94,85,9,0,94,0,85,0,9,23,88,0.173913043478,1.68507579377,7.65217391304,7.33333333333,5.5,3.63829000359,0.475458352741,0.249505928854,5.32278271304,1.39118184545,0.672924901186,3.27042079462,0.854769071322,0.442687747036,0.749191304359,0.444603920564,2.5,1.68507579377,0.749191304359,2.5,0.259446613992,0.18878248974,46,0.025974025974,0.333144633145,23,23,23,1,0,0.478260869565,0.217391304348,0.304347826087,23,0.156126482213,1.51874725516,6.86956521739,7.18181818182,4.9375,3.48117466886,0.506753274581,0.279031370391,4.88807535053,1.42311054509,0.682443588332,3.01249046708,0.877054186617,0.474408365438,0.564250615387,0.371523710393,1.5,1.51874725516,0.564250615387,1.5,0.204227518513,0.175879396985,35,0.0197628458498,0.318430155703,23,23,23,1,0,0.521739130435,0.173913043478,0.304347826087,23,81,0.160079051383,1.51715132693,7.04347826087,7.36363636364,5.0625,3.57361875249,0.507365625353,0.276972624799,5.06206538172,1.43737658987,0.689210950081,3.04316768602,0.864109342943,0.464841653247,0.562115661868,0.370507313205,1.5,1.51715132693,0.562115661868,1.5,0.217271617272,0.180952380952,38,0.0214568040655,0.323731521004,23,23,23,1,0,0.521739130435,0.173913043478,0.304347826087,-7,-0.0138339920949,-0.167924466838,-0.608695652174,0.030303030303,-0.4375,-0.0646712510973,0.031907272612,0.027466695945,-0.260717331319,0.0461947444178,0.0162860488947,-0.227253108608,0.00934027162073,0.0221539062119,-0.187075642491,-0.0740966073594,-1,-0.167924466838,-0.187075642491,-1,-0.0421749967205,-0.0078301087877,-8,-0.00451722190853,-0.00941311214038,0.0434782608696,-0.0434782608696,0,81,0,7,418,0.920454545455,1,0,0.0795454545455,1,0.920454545455,0.958579881657,0.951469451768,0.920454545455,0.920454545455,2,9,0,10,3,10
516,WLNM_dir_neg_kfold,0.824074074074,0.453784925276,00:00:01,10,90,18,15363,threshold_sweep,0.3,0,0,0,0,0,9,18,0,1,0,1,0,0,0,0.666666666667,0.666666666667,0,0,0,94,85,9,0,94,0,85,0,9,23,88,0.173913043478,1.68507579377,7.65217391304,7.33333333333,5.5,3.63829000359,0.475458352741,0.249505928854,5.32278271304,1.39118184545,0.672924901186,3.27042079462,0.854769071322,0.442687747036,0.749191304359,0.444603920564,2.5,1.68507579377,0.749191304359,2.5,0.259446613992,0.18878248974,46,0.025974025974,0.333144633145,23,23,23,1,0,0.478260869565,0.217391304348,0.304347826087,23,0.156126482213,1.51874725516,6.86956521739,7.18181818182,4.9375,3.48117466886,0.506753274581,0.279031370391,4.88807535053,1.42311054509,0.682443588332,3.01249046708,0.877054186617,0.474408365438,0.564250615387,0.371523710393,1.5,1.51874725516,0.564250615387,1.5,0.204227518513,0.175879396985,35,0.0197628458498,0.318430155703,23,23,23,1,0,0.521739130435,0.173913043478,0.304347826087,23,79,0.156126482213,1.51874725516,6.86956521739,7.18181818182,4.9375,3.48117466886,0.506753274581,0.279031370391,4.88807535053,1.42311054509,0.682443588332,3.01249046708,0.877054186617,0.474408365438,0.564250615387,0.371523710393,1.5,1.51874725516,0.564250615387,1.5,0.204227518513,0.175879396985,35,0.0197628458498,0.318430155703,23,23,23,1,0,0.521739130435,0.173913043478,0.304347826087,-9,-0.0177865612648,-0.166328538611,-0.782608695652,-0.151515151515,-0.5625,-0.157115334728,0.0312949218392,0.029525441537,-0.434707362519,0.031928699635,0.00951868714665,-0.257930327548,0.022285115295,0.031720618402,-0.184940688972,-0.0730802101709,-1,-0.166328538611,-0.184940688972,-1,-0.0552190954788,-0.0129030927552,-11,-0.00621118012422,-0.0147144774418,0.0434782608696,-0.0434782608696,0,79,0,9,418,0.897727272727,1,0,0.102272727273,1,0.897727272727,0.946107784431,0.937446329455,0.897727272727,0.897727272727,0,9,0,10,3,10
517,WLNM_dir_neg_kfold,0.824074074074,0.453784925276,00:00:01,10,90,18,15363,threshold_sweep,0.4,0,0,0,0,0,9,18,0,1,0,1,0,0,0,0.666666666667,0.666666666667,0,0,0,94,85,9,0,94,0,85,0,9,23,88,0.173913043478,1.68507579377,7.65217391304,7.33333333333,5.5,3.63829000359,0.475458352741,0.249505928854,5.32278271304,1.39118184545,0.672924901186,3.27042079462,0.854769071322,0.442687747036,0.749191304359,0.444603920564,2.5,1.68507579377,0.749191304359,2.5,0.259446613992,0.18878248974,46,0.025974025974,0.333144633145,23,23,23,1,0,0.478260869565,0.217391304348,0.304347826087,23,0.156126482213,1.51874725516,6.86956521739,7.18181818182,4.9375,3.48117466886,0.506753274581,0.279031370391,4.88807535053,1.42311054509,0.682443588332,3.01249046708,0.877054186617,0.474408365438,0.564250615387,0.371523710393,1.5,1.51874725516,0.564250615387,1.5,0.204227518513,0.175879396985,35,0.0197628458498,0.318430155703,23,23,23,1,0,0.521739130435,0.173913043478,0.304347826087,23,79,0.156126482213,1.51874725516,6.86956521739,7.18181818182,4.9375,3.48117466886,0.506753274581,0.279031370391,4.88807535053,1.42311054509,0.682443588332,3.01249046708,0.877054186617,0.474408365438,0.564250615387,0.371523710393,1.5,1.51874725516,0.564250615387,1.5,0.204227518513,0.175879396985,35,0.0197628458498,0.318430155703,23,23,23,1,0,0.521739130435,0.173913043478,0.304347826087,-9,-0.0177865612648,-0.166328538611,-0.782608695652,-0.151515151515,-0.5625,-0.157115334728,0.0312949218392,0.029525441537,-0.434707362519,0.031928699635,0.00951868714665,-0.257930327548,0.022285115295,0.031720618402,-0.184940688972,-0.0730802101709,-1,-0.166328538611,-0.184940688972,-1,-0.0552190954788,-0.0129030927552,-11,-0.00621118012422,-0.0147144774418,0.0434782608696,-0.0434782608696,0,79,0,9,418,0.897727272727,1,0,0.102272727273,1,0.897727272727,0.946107784431,0.937446329455,0.897727272727,0.897727272727,0,9,0,10,3,10
518,WLNM_dir_neg_kfold,0.824074074074,0.453784925276,00:00:01,10,90,18,15363,threshold_sweep,0.5,0,0,0,0,0,9,18,0,1,0,1,0,0,0,0.666666666667,0.666666666667,0,0,0,94,85,9,0,94,0,85,0,9,23,88,0.173913043478,1.68507579377,7.65217391304,7.33333333333,5.5,3.63829000359,0.475458352741,0.249505928854,5.32278271304,1.39118184545,0.672924901186,3.27042079462,0.854769071322,0.442687747036,0.749191304359,0.444603920564,2.5,1.68507579377,0.749191304359,2.5,0.259446613992,0.18878248974,46,0.025974025974,0.333144633145,23,23,23,1,0,0.478260869565,0.217391304348,0.304347826087,23,0.156126482213,1.51874725516,6.86956521739,7.18181818182,4.9375,3.48117466886,0.506753274581,0.279031370391,4.88807535053,1.42311054509,0.682443588332,3.01249046708,0.877054186617,0.474408365438,0.564250615387,0.371523710393,1.5,1.51874725516,0.564250615387,1.5,0.204227518513,0.175879396985,35,0.0197628458498,0.318430155703,23,23,23,1,0,0.521739130435,0.173913043478,0.304347826087,23,79,0.156126482213,1.51874725516,6.86956521739,7.18181818182,4.9375,3.48117466886,0.506753274581,0.279031370391,4.88807535053,1.42311054509,0.682443588332,3.01249046708,0.877054186617,0.474408365438,0.564250615387,0.371523710393,1.5,1.51874725516,0.564250615387,1.5,0.204227518513,0.175879396985,35,0.0197628458498,0.318430155703,23,23,23,1,0,0.521739130435,0.173913043478,0.304347826087,-9,-0.0177865612648,-0.166328538611,-0.782608695652,-0.151515151515,-0.5625,-0.157115334728,0.0312949218392,0.029525441537,-0.434707362519,0.031928699635,0.00951868714665,-0.257930327548,0.022285115295,0.031720618402,-0.184940688972,-0.0730802101709,-1,-0.166328538611,-0.184940688972,-1,-0.0552190954788,-0.0129030927552,-11,-0.00621118012422,-0.0147144774418,0.0434782608696,-0.0434782608696,0,79,0,9,418,0.897727272727,1,0,0.102272727273,1,0.897727272727,0.946107784431,0.937446329455,0.897727272727,0.897727272727,0,9,0,10,3,10
519,WLNM_dir_neg_kfold,0.824074074074,0.453784925276,00:00:01,10,90,18,15363,threshold_sweep,0.6,0,0,0,0,0,9,18,0,1,0,1,0,0,0,0.666666666667,0.666666666667,0,0,0,94,85,9,0,94,0,85,0,9,23,88,0.173913043478,1.68507579377,7.65217391304,7.33333333333,5.5,3.63829000359,0.475458352741,0.249505928854,5.32278271304,1.39118184545,0.672924901186,3.27042079462,0.854769071322,0.442687747036,0.749191304359,0.444603920564,2.5,1.68507579377,0.749191304359,2.5,0.259446613992,0.18878248974,46,0.025974025974,0.333144633145,23,23,23,1,0,0.478260869565,0.217391304348,0.304347826087,23,0.156126482213,1.51874725516,6.86956521739,7.18181818182,4.9375,3.48117466886,0.506753274581,0.279031370391,4.88807535053,1.42311054509,0.682443588332,3.01249046708,0.877054186617,0.474408365438,0.564250615387,0.371523710393,1.5,1.51874725516,0.564250615387,1.5,0.204227518513,0.175879396985,35,0.0197628458498,0.318430155703,23,23,23,1,0,0.521739130435,0.173913043478,0.304347826087,23,79,0.156126482213,1.51874725516,6.86956521739,7.18181818182,4.9375,3.48117466886,0.506753274581,0.279031370391,4.88807535053,1.42311054509,0.682443588332,3.01249046708,0.877054186617,0.474408365438,0.564250615387,0.371523710393,1.5,1.51874725516,0.564250615387,1.5,0.204227518513,0.175879396985,35,0.0197628458498,0.318430155703,23,23,23,1,0,0.521739130435,0.173913043478,0.304347826087,-9,-0.0177865612648,-0.166328538611,-0.782608695652,-0.151515151515,-0.5625,-0.157115334728,0.0312949218392,0.029525441537,-0.434707362519,0.031928699635,0.00951868714665,-0.257930327548,0.022285115295,0.031720618402,-0.184940688972,-0.0730802101709,-1,-0.166328538611,-0.184940688972,-1,-0.0552190954788,-0.0129030927552,-11,-0.00621118012422,-0.0147144774418,0.0434782608696,-0.0434782608696,0,79,0,9,418,0.897727272727,1,0,0.102272727273,1,0.897727272727,0.946107784431,0.937446329455,0.897727272727,0.897727272727,0,9,0,10,3,10
520,WLNM_dir_neg_kfold,0.824074074074,0.453784925276,00:00:01,10,90,18,15363,threshold_sweep,0.7,0,0,0,0,0,9,18,0,1,0,1,0,0,0,0.666666666667,0.666666666667,0,0,0,94,85,9,0,94,0,85,0,9,23,88,0.173913043478,1.68507579377,7.65217391304,7.33333333333,5.5,3.63829000359,0.475458352741,0.249505928854,5.32278271304,1.39118184545,0.672924901186,3.27042079462,0.854769071322,0.442687747036,0.749191304359,0.444603920564,2.5,1.68507579377,0.749191304359,2.5,0.259446613992,0.18878248974,46,0.025974025974,0.333144633145,23,23,23,1,0,0.478260869565,0.217391304348,0.304347826087,23,0.156126482213,1.51874725516,6.86956521739,7.18181818182,4.9375,3.48117466886,0.506753274581,0.279031370391,4.88807535053,1.42311054509,0.682443588332,3.01249046708,0.877054186617,0.474408365438,0.564250615387,0.371523710393,1.5,1.51874725516,0.564250615387,1.5,0.204227518513,0.175879396985,35,0.0197628458498,0.318430155703,23,23,23,1,0,0.521739130435,0.173913043478,0.304347826087,23,79,0.156126482213,1.51874725516,6.86956521739,7.18181818182,4.9375,3.48117466886,0.506753274581,0.279031370391,4.88807535053,1.42311054509,0.682443588332,3.01249046708,0.877054186617,0.474408365438,0.564250615387,0.371523710393,1.5,1.51874725516,0.564250615387,1.5,0.204227518513,0.175879396985,35,0.0197628458498,0.318430155703,23,23,23,1,0,0.521739130435,0.173913043478,0.304347826087,-9,-0.0177865612648,-0.166328538611,-0.782608695652,-0.151515151515,-0.5625,-0.157115334728,0.0312949218392,0.029525441537,-0.434707362519,0.031928699635,0.00951868714665,-0.257930327548,0.022285115295,0.031720618402,-0.184940688972,-0.0730802101709,-1,-0.166328538611,-0.184940688972,-1,-0.0552190954788,-0.0129030927552,-11,-0.00621118012422,-0.0147144774418,0.0434782608696,-0.0434782608696,0,79,0,9,418,0.897727272727,1,0,0.102272727273,1,0.897727272727,0.946107784431,0.937446329455,0.897727272727,0.897727272727,0,9,0,10,3,10
521,WLNM_dir_neg_kfold,0.824074074074,0.453784925276,00:00:01,10,90,18,15363,threshold_sweep,0.8,0,0,0,0,0,9,18,0,1,0,1,0,0,0,0.666666666667,0.666666666667,0,0,0,94,85,9,0,94,0,85,0,9,23,88,0.173913043478,1.68507579377,7.65217391304,7.33333333333,5.5,3.63829000359,0.475458352741,0.249505928854,5.32278271304,1.39118184545,0.672924901186,3.27042079462,0.854769071322,0.442687747036,0.749191304359,0.444603920564,2.5,1.68507579377,0.749191304359,2.5,0.259446613992,0.18878248974,46,0.025974025974,0.333144633145,23,23,23,1,0,0.478260869565,0.217391304348,0.304347826087,23,0.156126482213,1.51874725516,6.86956521739,7.18181818182,4.9375,3.48117466886,0.506753274581,0.279031370391,4.88807535053,1.42311054509,0.682443588332,3.01249046708,0.877054186617,0.474408365438,0.564250615387,0.371523710393,1.5,1.51874725516,0.564250615387,1.5,0.204227518513,0.175879396985,35,0.0197628458498,0.318430155703,23,23,23,1,0,0.521739130435,0.173913043478,0.304347826087,23,79,0.156126482213,1.51874725516,6.86956521739,7.18181818182,4.9375,3.48117466886,0.506753274581,0.279031370391,4.88807535053,1.42311054509,0.682443588332,3.01249046708,0.877054186617,0.474408365438,0.564250615387,0.371523710393,1.5,1.51874725516,0.564250615387,1.5,0.204227518513,0.175879396985,35,0.0197628458498,0.318430155703,23,23,23,1,0,0.521739130435,0.173913043478,0.304347826087,-9,-0.0177865612648,-0.166328538611,-0.782608695652,-0.151515151515,-0.5625,-0.157115334728,0.0312949218392,0.029525441537,-0.434707362519,0.031928699635,0.00951868714665,-0.257930327548,0.022285115295,0.031720618402,-0.184940688972,-0.0730802101709,-1,-0.166328538611,-0.184940688972,-1,-0.0552190954788,-0.0129030927552,-11,-0.00621118012422,-0.0147144774418,0.0434782608696,-0.0434782608696,0,79,0,9,418,0.897727272727,1,0,0.102272727273,1,0.897727272727,0.946107784431,0.937446329455,0.897727272727,0.897727272727,0,9,0,10,3,10
522,WLNM_dir_neg_kfold,0.824074074074,0.453784925276,00:00:01,10,90,18,15363,threshold_sweep,0.9,0,0,0,0,0,9,18,0,1,0,1,0,0,0,0.666666666667,0.666666666667,0,0,0,94,85,9,0,94,0,85,0,9,23,88,0.173913043478,1.68507579377,7.65217391304,7.33333333333,5.5,3.63829000359,0.475458352741,0.249505928854,5.32278271304,1.39118184545,0.672924901186,3.27042079462,0.854769071322,0.442687747036,0.749191304359,0.444603920564,2.5,1.68507579377,0.749191304359,2.5,0.259446613992,0.18878248974,46,0.025974025974,0.333144633145,23,23,23,1,0,0.478260869565,0.217391304348,0.304347826087,23,0.156126482213,1.51874725516,6.86956521739,7.18181818182,4.9375,3.48117466886,0.506753274581,0.279031370391,4.88807535053,1.42311054509,0.682443588332,3.01249046708,0.877054186617,0.474408365438,0.564250615387,0.371523710393,1.5,1.51874725516,0.564250615387,1.5,0.204227518513,0.175879396985,35,0.0197628458498,0.318430155703,23,23,23,1,0,0.521739130435,0.173913043478,0.304347826087,23,79,0.156126482213,1.51874725516,6.86956521739,7.18181818182,4.9375,3.48117466886,0.506753274581,0.279031370391,4.88807535053,1.42311054509,0.682443588332,3.01249046708,0.877054186617,0.474408365438,0.564250615387,0.371523710393,1.5,1.51874725516,0.564250615387,1.5,0.204227518513,0.175879396985,35,0.0197628458498,0.318430155703,23,23,23,1,0,0.521739130435,0.173913043478,0.304347826087,-9,-0.0177865612648,-0.166328538611,-0.782608695652,-0.151515151515,-0.5625,-0.157115334728,0.0312949218392,0.029525441537,-0.434707362519,0.031928699635,0.00951868714665,-0.257930327548,0.022285115295,0.031720618402,-0.184940688972,-0.0730802101709,-1,-0.166328538611,-0.184940688972,-1,-0.0552190954788,-0.0129030927552,-11,-0.00621118012422,-0.0147144774418,0.0434782608696,-0.0434782608696,0,79,0,9,418,0.897727272727,1,0,0.102272727273,1,0.897727272727,0.946107784431,0.937446329455,0.897727272727,0.897727272727,0,9,0,10,3,10
523,WLNM_dir_neg_kfold,0.703703703704,0.436504362511,00:00:01,10,90,19,15364,threshold_sweep,0.1,0,0,0,0,1,9,17,0,0.944444444444,0.0555555555556,1,0,0,0,0.62962962963,0.654320987654,-0.0714285714286,-0.138675049056,-0.0555555555556,94,85,9,0,94,0,85,0,9,23,88,0.173913043478,1.68507579377,7.65217391304,7.33333333333,5.5,3.63829000359,0.475458352741,0.249505928854,5.32278271304,1.39118184545,0.672924901186,3.27042079462,0.854769071322,0.442687747036,0.749191304359,0.444603920564,2.5,1.68507579377,0.749191304359,2.5,0.259446613992,0.18878248974,46,0.025974025974,0.333144633145,23,23,23,1,0,0.478260869565,0.217391304348,0.304347826087,23,0.156126482213,1.51874725516,6.86956521739,7.18181818182,4.9375,3.48117466886,0.506753274581,0.279031370391,4.88807535053,1.42311054509,0.682443588332,3.01249046708,0.877054186617,0.474408365438,0.564250615387,0.371523710393,1.5,1.51874725516,0.564250615387,1.5,0.204227518513,0.175879396985,35,0.0197628458498,0.318430155703,23,23,23,1,0,0.521739130435,0.173913043478,0.304347826087,23,80,0.158102766798,1.78746706192,6.95652173913,6.66666666667,5,3.39087359178,0.487438078818,0.267391304348,4.86050469898,1.39739510096,0.673913043478,2.99802306404,0.86193163091,0.467391304348,0.937966839223,0.524746362718,3,1.78746706192,0.937966839223,3,0.196291010577,0.174129353234,35,0.0197628458498,0.27431163113,23,23,23,1,0,0.478260869565,0.217391304348,0.304347826087,-8,-0.0158102766798,0.102391268152,-0.695652173913,-0.666666666667,-0.5,-0.247416411809,0.0119797260766,0.0178853754941,-0.462278014059,0.00621325550354,0.00098814229249,-0.272397730589,0.00716255958793,0.0247035573123,0.188775534864,0.0801424421539,0.5,0.102391268152,0.188775534864,0.5,-0.0631556034153,-0.0146531365063,-11,-0.00621118012422,-0.0588330020148,0,0,0,79,1,9,417,0.897727272727,0.997607655502,0.00239234449761,0.102272727273,0.9875,0.897727272727,0.940476190476,0.93017617416,0.89533492823,0.887640449438,1,9,0,10,3,10
524,WLNM_dir_neg_kfold,0.703703703704,0.436504362511,00:00:01,10,90,19,15364,threshold_sweep,0.2,0,0,0,0,1,9,17,0,0.944444444444,0.0555555555556,1,0,0,0,0.62962962963,0.654320987654,-0.0714285714286,-0.138675049056,-0.0555555555556,94,85,9,0,94,0,85,0,9,23,88,0.173913043478,1.68507579377,7.65217391304,7.33333333333,5.5,3.63829000359,0.475458352741,0.249505928854,5.32278271304,1.39118184545,0.672924901186,3.27042079462,0.854769071322,0.442687747036,0.749191304359,0.444603920564,2.5,1.68507579377,0.749191304359,2.5,0.259446613992,0.18878248974,46,0.025974025974,0.333144633145,23,23,23,1,0,0.478260869565,0.217391304348,0.304347826087,23,0.156126482213,1.51874725516,6.86956521739,7.18181818182,4.9375,3.48117466886,0.506753274581,0.279031370391,4.88807535053,1.42311054509,0.682443588332,3.01249046708,0.877054186617,0.474408365438,0.564250615387,0.371523710393,1.5,1.51874725516,0.564250615387,1.5,0.204227518513,0.175879396985,35,0.0197628458498,0.318430155703,23,23,23,1,0,0.521739130435,0.173913043478,0.304347826087,23,80,0.158102766798,1.78746706192,6.95652173913,6.66666666667,5,3.39087359178,0.487438078818,0.267391304348,4.86050469898,1.39739510096,0.673913043478,2.99802306404,0.86193163091,0.467391304348,0.937966839223,0.524746362718,3,1.78746706192,0.937966839223,3,0.196291010577,0.174129353234,35,0.0197628458498,0.27431163113,23,23,23,1,0,0.478260869565,0.217391304348,0.304347826087,-8,-0.0158102766798,0.102391268152,-0.695652173913,-0.666666666667,-0.5,-0.247416411809,0.0119797260766,0.0178853754941,-0.462278014059,0.00621325550354,0.00098814229249,-0.272397730589,0.00716255958793,0.0247035573123,0.188775534864,0.0801424421539,0.5,0.102391268152,0.188775534864,0.5,-0.0631556034153,-0.0146531365063,-11,-0.00621118012422,-0.0588330020148,0,0,0,79,1,9,417,0.897727272727,0.997607655502,0.00239234449761,0.102272727273,0.9875,0.897727272727,0.940476190476,0.93017617416,0.89533492823,0.887640449438,1,9,0,10,3,10
525,WLNM_dir_neg_kfold,0.703703703704,0.436504362511,00:00:01,10,90,19,15364,threshold_sweep,0.3,0,0,0,0,1,9,17,0,0.944444444444,0.0555555555556,1,0,0,0,0.62962962963,0.654320987654,-0.0714285714286,-0.138675049056,-0.0555555555556,94,85,9,0,94,0,85,0,9,23,88,0.173913043478,1.68507579377,7.65217391304,7.33333333333,5.5,3.63829000359,0.475458352741,0.249505928854,5.32278271304,1.39118184545,0.672924901186,3.27042079462,0.854769071322,0.442687747036,0.749191304359,0.444603920564,2.5,1.68507579377,0.749191304359,2.5,0.259446613992,0.18878248974,46,0.025974025974,0.333144633145,23,23,23,1,0,0.478260869565,0.217391304348,0.304347826087,23,0.156126482213,1.51874725516,6.86956521739,7.18181818182,4.9375,3.48117466886,0.506753274581,0.279031370391,4.88807535053,1.42311054509,0.682443588332,3.01249046708,0.877054186617,0.474408365438,0.564250615387,0.371523710393,1.5,1.51874725516,0.564250615387,1.5,0.204227518513,0.175879396985,35,0.0197628458498,0.318430155703,23,23,23,1,0,0.521739130435,0.173913043478,0.304347826087,23,80,0.158102766798,1.78746706192,6.95652173913,6.66666666667,5,3.39087359178,0.487438078818,0.267391304348,4.86050469898,1.39739510096,0.673913043478,2.99802306404,0.86193163091,0.467391304348,0.937966839223,0.524746362718,3,1.78746706192,0.937966839223,3,0.196291010577,0.174129353234,35,0.0197628458498,0.27431163113,23,23,23,1,0,0.478260869565,0.217391304348,0.304347826087,-8,-0.0158102766798,0.102391268152,-0.695652173913,-0.666666666667,-0.5,-0.247416411809,0.0119797260766,0.0178853754941,-0.462278014059,0.00621325550354,0.00098814229249,-0.272397730589,0.00716255958793,0.0247035573123,0.188775534864,0.0801424421539,0.5,0.102391268152,0.188775534864,0.5,-0.0631556034153,-0.0146531365063,-11,-0.00621118012422,-0.0588330020148,0,0,0,79,1,9,417,0.897727272727,0.997607655502,0.00239234449761,0.102272727273,0.9875,0.897727272727,0.940476190476,0.93017617416,0.89533492823,0.887640449438,1,9,0,10,3,10
526,WLNM_dir_neg_kfold,0.703703703704,0.436504362511,00:00:01,10,90,19,15364,threshold_sweep,0.4,0,0,0,0,1,9,17,0,0.944444444444,0.0555555555556,1,0,0,0,0.62962962963,0.654320987654,-0.0714285714286,-0.138675049056,-0.0555555555556,94,85,9,0,94,0,85,0,9,23,88,0.173913043478,1.68507579377,7.65217391304,7.33333333333,5.5,3.63829000359,0.475458352741,0.249505928854,5.32278271304,1.39118184545,0.672924901186,3.27042079462,0.854769071322,0.442687747036,0.749191304359,0.444603920564,2.5,1.68507579377,0.749191304359,2.5,0.259446613992,0.18878248974,46,0.025974025974,0.333144633145,23,23,23,1,0,0.478260869565,0.217391304348,0.304347826087,23,0.156126482213,1.51874725516,6.86956521739,7.18181818182,4.9375,3.48117466886,0.506753274581,0.279031370391,4.88807535053,1.42311054509,0.682443588332,3.01249046708,0.877054186617,0.474408365438,0.564250615387,0.371523710393,1.5,1.51874725516,0.564250615387,1.5,0.204227518513,0.175879396985,35,0.0197628458498,0.318430155703,23,23,23,1,0,0.521739130435,0.173913043478,0.304347826087,23,80,0.158102766798,1.78746706192,6.95652173913,6.66666666667,5,3.39087359178,0.487438078818,0.267391304348,4.86050469898,1.39739510096,0.673913043478,2.99802306404,0.86193163091,0.467391304348,0.937966839223,0.524746362718,3,1.78746706192,0.937966839223,3,0.196291010577,0.174129353234,35,0.0197628458498,0.27431163113,23,23,23,1,0,0.478260869565,0.217391304348,0.304347826087,-8,-0.0158102766798,0.102391268152,-0.695652173913,-0.666666666667,-0.5,-0.247416411809,0.0119797260766,0.0178853754941,-0.462278014059,0.00621325550354,0.00098814229249,-0.272397730589,0.00716255958793,0.0247035573123,0.188775534864,0.0801424421539,0.5,0.102391268152,0.188775534864,0.5,-0.0631556034153,-0.0146531365063,-11,-0.00621118012422,-0.0588330020148,0,0,0,79,1,9,417,0.897727272727,0.997607655502,0.00239234449761,0.102272727273,0.9875,0.897727272727,0.940476190476,0.93017617416,0.89533492823,0.887640449438,1,9,0,10,3,10
527,WLNM_dir_neg_kfold,0.703703703704,0.436504362511,00:00:01,10,90,19,15364,threshold_sweep,0.5,0,0,0,0,1,9,17,0,0.944444444444,0.0555555555556,1,0,0,0,0.62962962963,0.654320987654,-0.0714285714286,-0.138675049056,-0.0555555555556,94,85,9,0,94,0,85,0,9,23,88,0.173913043478,1.68507579377,7.65217391304,7.33333333333,5.5,3.63829000359,0.475458352741,0.249505928854,5.32278271304,1.39118184545,0.672924901186,3.27042079462,0.854769071322,0.442687747036,0.749191304359,0.444603920564,2.5,1.68507579377,0.749191304359,2.5,0.259446613992,0.18878248974,46,0.025974025974,0.333144633145,23,23,23,1,0,0.478260869565,0.217391304348,0.304347826087,23,0.156126482213,1.51874725516,6.86956521739,7.18181818182,4.9375,3.48117466886,0.506753274581,0.279031370391,4.88807535053,1.42311054509,0.682443588332,3.01249046708,0.877054186617,0.474408365438,0.564250615387,0.371523710393,1.5,1.51874725516,0.564250615387,1.5,0.204227518513,0.175879396985,35,0.0197628458498,0.318430155703,23,23,23,1,0,0.521739130435,0.173913043478,0.304347826087,23,80,0.158102766798,1.78746706192,6.95652173913,6.66666666667,5,3.39087359178,0.487438078818,0.267391304348,4.86050469898,1.39739510096,0.673913043478,2.99802306404,0.86193163091,0.467391304348,0.937966839223,0.524746362718,3,1.78746706192,0.937966839223,3,0.196291010577,0.174129353234,35,0.0197628458498,0.27431163113,23,23,23,1,0,0.478260869565,0.217391304348,0.304347826087,-8,-0.0158102766798,0.102391268152,-0.695652173913,-0.666666666667,-0.5,-0.247416411809,0.0119797260766,0.0178853754941,-0.462278014059,0.00621325550354,0.00098814229249,-0.272397730589,0.00716255958793,0.0247035573123,0.188775534864,0.0801424421539,0.5,0.102391268152,0.188775534864,0.5,-0.0631556034153,-0.0146531365063,-11,-0.00621118012422,-0.0588330020148,0,0,0,79,1,9,417,0.897727272727,0.997607655502,0.00239234449761,0.102272727273,0.9875,0.897727272727,0.940476190476,0.93017617416,0.89533492823,0.887640449438,1,9,0,10,3,10
528,WLNM_dir_neg_kfold,0.703703703704,0.436504362511,00:00:01,10,90,19,15364,threshold_sweep,0.6,0,0,0,0,1,9,17,0,0.944444444444,0.0555555555556,1,0,0,0,0.62962962963,0.654320987654,-0.0714285714286,-0.138675049056,-0.0555555555556,94,85,9,0,94,0,85,0,9,23,88,0.173913043478,1.68507579377,7.65217391304,7.33333333333,5.5,3.63829000359,0.475458352741,0.249505928854,5.32278271304,1.39118184545,0.672924901186,3.27042079462,0.854769071322,0.442687747036,0.749191304359,0.444603920564,2.5,1.68507579377,0.749191304359,2.5,0.259446613992,0.18878248974,46,0.025974025974,0.333144633145,23,23,23,1,0,0.478260869565,0.217391304348,0.304347826087,23,0.156126482213,1.51874725516,6.86956521739,7.18181818182,4.9375,3.48117466886,0.506753274581,0.279031370391,4.88807535053,1.42311054509,0.682443588332,3.01249046708,0.877054186617,0.474408365438,0.564250615387,0.371523710393,1.5,1.51874725516,0.564250615387,1.5,0.204227518513,0.175879396985,35,0.0197628458498,0.318430155703,23,23,23,1,0,0.521739130435,0.173913043478,0.304347826087,23,80,0.158102766798,1.78746706192,6.95652173913,6.66666666667,5,3.39087359178,0.487438078818,0.267391304348,4.86050469898,1.39739510096,0.673913043478,2.99802306404,0.86193163091,0.467391304348,0.937966839223,0.524746362718,3,1.78746706192,0.937966839223,3,0.196291010577,0.174129353234,35,0.0197628458498,0.27431163113,23,23,23,1,0,0.478260869565,0.217391304348,0.304347826087,-8,-0.0158102766798,0.102391268152,-0.695652173913,-0.666666666667,-0.5,-0.247416411809,0.0119797260766,0.0178853754941,-0.462278014059,0.00621325550354,0.00098814229249,-0.272397730589,0.00716255958793,0.0247035573123,0.188775534864,0.0801424421539,0.5,0.102391268152,0.188775534864,0.5,-0.0631556034153,-0.0146531365063,-11,-0.00621118012422,-0.0588330020148,0,0,0,79,1,9,417,0.897727272727,0.997607655502,0.00239234449761,0.102272727273,0.9875,0.897727272727,0.940476190476,0.93017617416,0.89533492823,0.887640449438,1,9,0,10,3,10
529,WLNM_dir_neg_kfold,0.703703703704,0.436504362511,00:00:01,10,90,19,15364,threshold_sweep,0.7,0,0,0,0,1,9,17,0,0.944444444444,0.0555555555556,1,0,0,0,0.62962962963,0.654320987654,-0.0714285714286,-0.138675049056,-0.0555555555556,94,85,9,0,94,0,85,0,9,23,88,0.173913043478,1.68507579377,7.65217391304,7.33333333333,5.5,3.63829000359,0.475458352741,0.249505928854,5.32278271304,1.39118184545,0.672924901186,3.27042079462,0.854769071322,0.442687747036,0.749191304359,0.444603920564,2.5,1.68507579377,0.749191304359,2.5,0.259446613992,0.18878248974,46,0.025974025974,0.333144633145,23,23,23,1,0,0.478260869565,0.217391304348,0.304347826087,23,0.156126482213,1.51874725516,6.86956521739,7.18181818182,4.9375,3.48117466886,0.506753274581,0.279031370391,4.88807535053,1.42311054509,0.682443588332,3.01249046708,0.877054186617,0.474408365438,0.564250615387,0.371523710393,1.5,1.51874725516,0.564250615387,1.5,0.204227518513,0.175879396985,35,0.0197628458498,0.318430155703,23,23,23,1,0,0.521739130435,0.173913043478,0.304347826087,23,80,0.158102766798,1.78746706192,6.95652173913,6.66666666667,5,3.39087359178,0.487438078818,0.267391304348,4.86050469898,1.39739510096,0.673913043478,2.99802306404,0.86193163091,0.467391304348,0.937966839223,0.524746362718,3,1.78746706192,0.937966839223,3,0.196291010577,0.174129353234,35,0.0197628458498,0.27431163113,23,23,23,1,0,0.478260869565,0.217391304348,0.304347826087,-8,-0.0158102766798,0.102391268152,-0.695652173913,-0.666666666667,-0.5,-0.247416411809,0.0119797260766,0.0178853754941,-0.462278014059,0.00621325550354,0.00098814229249,-0.272397730589,0.00716255958793,0.0247035573123,0.188775534864,0.0801424421539,0.5,0.102391268152,0.188775534864,0.5,-0.0631556034153,-0.0146531365063,-11,-0.00621118012422,-0.0588330020148,0,0,0,79,1,9,417,0.897727272727,0.997607655502,0.00239234449761,0.102272727273,0.9875,0.897727272727,0.940476190476,0.93017617416,0.89533492823,0.887640449438,1,9,0,10,3,10
530,WLNM_dir_neg_kfold,0.703703703704,0.436504362511,00:00:01,10,90,19,15364,threshold_sweep,0.8,0,0,0,0,1,9,17,0,0.944444444444,0.0555555555556,1,0,0,0,0.62962962963,0.654320987654,-0.0714285714286,-0.138675049056,-0.0555555555556,94,85,9,0,94,0,85,0,9,23,88,0.173913043478,1.68507579377,7.65217391304,7.33333333333,5.5,3.63829000359,0.475458352741,0.249505928854,5.32278271304,1.39118184545,0.672924901186,3.27042079462,0.854769071322,0.442687747036,0.749191304359,0.444603920564,2.5,1.68507579377,0.749191304359,2.5,0.259446613992,0.18878248974,46,0.025974025974,0.333144633145,23,23,23,1,0,0.478260869565,0.217391304348,0.304347826087,23,0.156126482213,1.51874725516,6.86956521739,7.18181818182,4.9375,3.48117466886,0.506753274581,0.279031370391,4.88807535053,1.42311054509,0.682443588332,3.01249046708,0.877054186617,0.474408365438,0.564250615387,0.371523710393,1.5,1.51874725516,0.564250615387,1.5,0.204227518513,0.175879396985,35,0.0197628458498,0.318430155703,23,23,23,1,0,0.521739130435,0.173913043478,0.304347826087,23,80,0.158102766798,1.78746706192,6.95652173913,6.66666666667,5,3.39087359178,0.487438078818,0.267391304348,4.86050469898,1.39739510096,0.673913043478,2.99802306404,0.86193163091,0.467391304348,0.937966839223,0.524746362718,3,1.78746706192,0.937966839223,3,0.196291010577,0.174129353234,35,0.0197628458498,0.27431163113,23,23,23,1,0,0.478260869565,0.217391304348,0.304347826087,-8,-0.0158102766798,0.102391268152,-0.695652173913,-0.666666666667,-0.5,-0.247416411809,0.0119797260766,0.0178853754941,-0.462278014059,0.00621325550354,0.00098814229249,-0.272397730589,0.00716255958793,0.0247035573123,0.188775534864,0.0801424421539,0.5,0.102391268152,0.188775534864,0.5,-0.0631556034153,-0.0146531365063,-11,-0.00621118012422,-0.0588330020148,0,0,0,79,1,9,417,0.897727272727,0.997607655502,0.00239234449761,0.102272727273,0.9875,0.897727272727,0.940476190476,0.93017617416,0.89533492823,0.887640449438,1,9,0,10,3,10
531,WLNM_dir_neg_kfold,0.703703703704,0.436504362511,00:00:01,10,90,19,15364,threshold_sweep,0.9,0,0,0,0,1,9,17,0,0.944444444444,0.0555555555556,1,0,0,0,0.62962962963,0.654320987654,-0.0714285714286,-0.138675049056,-0.0555555555556,94,85,9,0,94,0,85,0,9,23,88,0.173913043478,1.68507579377,7.65217391304,7.33333333333,5.5,3.63829000359,0.475458352741,0.249505928854,5.32278271304,1.39118184545,0.672924901186,3.27042079462,0.854769071322,0.442687747036,0.749191304359,0.444603920564,2.5,1.68507579377,0.749191304359,2.5,0.259446613992,0.18878248974,46,0.025974025974,0.333144633145,23,23,23,1,0,0.478260869565,0.217391304348,0.304347826087,23,0.156126482213,1.51874725516,6.86956521739,7.18181818182,4.9375,3.48117466886,0.506753274581,0.279031370391,4.88807535053,1.42311054509,0.682443588332,3.01249046708,0.877054186617,0.474408365438,0.564250615387,0.371523710393,1.5,1.51874725516,0.564250615387,1.5,0.204227518513,0.175879396985,35,0.0197628458498,0.318430155703,23,23,23,1,0,0.521739130435,0.173913043478,0.304347826087,23,80,0.158102766798,1.78746706192,6.95652173913,6.66666666667,5,3.39087359178,0.487438078818,0.267391304348,4.86050469898,1.39739510096,0.673913043478,2.99802306404,0.86193163091,0.467391304348,0.937966839223,0.524746362718,3,1.78746706192,0.937966839223,3,0.196291010577,0.174129353234,35,0.0197628458498,0.27431163113,23,23,23,1,0,0.478260869565,0.217391304348,0.304347826087,-8,-0.0158102766798,0.102391268152,-0.695652173913,-0.666666666667,-0.5,-0.247416411809,0.0119797260766,0.0178853754941,-0.462278014059,0.00621325550354,0.00098814229249,-0.272397730589,0.00716255958793,0.0247035573123,0.188775534864,0.0801424421539,0.5,0.102391268152,0.188775534864,0.5,-0.0631556034153,-0.0146531365063,-11,-0.00621118012422,-0.0588330020148,0,0,0,79,1,9,417,0.897727272727,0.997607655502,0.00239234449761,0.102272727273,0.9875,0.897727272727,0.940476190476,0.93017617416,0.89533492823,0.887640449438,1,9,0,10,3,10
532,WLNM_dir_neg_kfold,0.833333333333,0.508994708995,00:00:01,10,90,20,15365,threshold_sweep,0.1,1,0.222222222222,0.363636363636,2,0,7,18,0.222222222222,1,0,0.777777777778,1,0.222222222222,0.363636363636,0.740740740741,0.641975308642,0.275862068966,0.4,0.222222222222,94,85,9,0,94,0,85,0,9,23,88,0.173913043478,1.68507579377,7.65217391304,7.33333333333,5.5,3.63829000359,0.475458352741,0.249505928854,5.32278271304,1.39118184545,0.672924901186,3.27042079462,0.854769071322,0.442687747036,0.749191304359,0.444603920564,2.5,1.68507579377,0.749191304359,2.5,0.259446613992,0.18878248974,46,0.025974025974,0.333144633145,23,23,23,1,0,0.478260869565,0.217391304348,0.304347826087,23,0.156126482213,1.51874725516,6.86956521739,7.18181818182,4.9375,3.48117466886,0.506753274581,0.279031370391,4.88807535053,1.42311054509,0.682443588332,3.01249046708,0.877054186617,0.474408365438,0.564250615387,0.371523710393,1.5,1.51874725516,0.564250615387,1.5,0.204227518513,0.175879396985,35,0.0197628458498,0.318430155703,23,23,23,1,0,0.521739130435,0.173913043478,0.304347826087,23,81,0.160079051383,1.51715132693,7.04347826087,7.36363636364,5.0625,3.57361875249,0.507365625353,0.276972624799,5.06206538172,1.43737658987,0.689210950081,3.04316768602,0.864109342943,0.464841653247,0.562115661868,0.370507313205,1.5,1.51715132693,0.562115661868,1.5,0.217271617272,0.180952380952,38,0.0214568040655,0.323731521004,23,23,23,1,0,0.521739130435,0.173913043478,0.304347826087,-7,-0.0138339920949,-0.167924466838,-0.608695652174,0.030303030303,-0.4375,-0.0646712510973,0.031907272612,0.027466695945,-0.260717331319,0.0461947444178,0.0162860488947,-0.227253108608,0.00934027162073,0.0221539062119,-0.187075642491,-0.0740966073594,-1,-0.167924466838,-0.187075642491,-1,-0.0421749967205,-0.0078301087877,-8,-0.00451722190853,-0.00941311214038,0.0434782608696,-0.0434782608696,0,81,0,7,418,0.920454545455,1,0,0.0795454545455,1,0.920454545455,0.958579881657,0.951469451768,0.920454545455,0.920454545455,2,9,0,10,3,10
533,WLNM_dir_neg_kfold,0.833333333333,0.508994708995,00:00:01,10,90,20,15365,threshold_sweep,0.2,1,0.222222222222,0.363636363636,2,0,7,18,0.222222222222,1,0,0.777777777778,1,0.222222222222,0.363636363636,0.740740740741,0.641975308642,0.275862068966,0.4,0.222222222222,94,85,9,0,94,0,85,0,9,23,88,0.173913043478,1.68507579377,7.65217391304,7.33333333333,5.5,3.63829000359,0.475458352741,0.249505928854,5.32278271304,1.39118184545,0.672924901186,3.27042079462,0.854769071322,0.442687747036,0.749191304359,0.444603920564,2.5,1.68507579377,0.749191304359,2.5,0.259446613992,0.18878248974,46,0.025974025974,0.333144633145,23,23,23,1,0,0.478260869565,0.217391304348,0.304347826087,23,0.156126482213,1.51874725516,6.86956521739,7.18181818182,4.9375,3.48117466886,0.506753274581,0.279031370391,4.88807535053,1.42311054509,0.682443588332,3.01249046708,0.877054186617,0.474408365438,0.564250615387,0.371523710393,1.5,1.51874725516,0.564250615387,1.5,0.204227518513,0.175879396985,35,0.0197628458498,0.318430155703,23,23,23,1,0,0.521739130435,0.173913043478,0.304347826087,23,81,0.160079051383,1.51715132693,7.04347826087,7.36363636364,5.0625,3.57361875249,0.507365625353,0.276972624799,5.06206538172,1.43737658987,0.689210950081,3.04316768602,0.864109342943,0.464841653247,0.562115661868,0.370507313205,1.5,1.51715132693,0.562115661868,1.5,0.217271617272,0.180952380952,38,0.0214568040655,0.323731521004,23,23,23,1,0,0.521739130435,0.173913043478,0.304347826087,-7,-0.0138339920949,-0.167924466838,-0.608695652174,0.030303030303,-0.4375,-0.0646712510973,0.031907272612,0.027466695945,-0.260717331319,0.0461947444178,0.0162860488947,-0.227253108608,0.00934027162073,0.0221539062119,-0.187075642491,-0.0740966073594,-1,-0.167924466838,-0.187075642491,-1,-0.0421749967205,-0.0078301087877,-8,-0.00451722190853,-0.00941311214038,0.0434782608696,-0.0434782608696,0,81,0,7,418,0.920454545455,1,0,0.0795454545455,1,0.920454545455,0.958579881657,0.951469451768,0.920454545455,0.920454545455,2,9,0,10,3,10
534,WLNM_dir_neg_kfold,0.833333333333,0.508994708995,00:00:01,10,90,20,15365,threshold_sweep,0.3,1,0.222222222222,0.363636363636,2,0,7,18,0.222222222222,1,0,0.777777777778,1,0.222222222222,0.363636363636,0.740740740741,0.641975308642,0.275862068966,0.4,0.222222222222,94,85,9,0,94,0,85,0,9,23,88,0.173913043478,1.68507579377,7.65217391304,7.33333333333,5.5,3.63829000359,0.475458352741,0.249505928854,5.32278271304,1.39118184545,0.672924901186,3.27042079462,0.854769071322,0.442687747036,0.749191304359,0.444603920564,2.5,1.68507579377,0.749191304359,2.5,0.259446613992,0.18878248974,46,0.025974025974,0.333144633145,23,23,23,1,0,0.478260869565,0.217391304348,0.304347826087,23,0.156126482213,1.51874725516,6.86956521739,7.18181818182,4.9375,3.48117466886,0.506753274581,0.279031370391,4.88807535053,1.42311054509,0.682443588332,3.01249046708,0.877054186617,0.474408365438,0.564250615387,0.371523710393,1.5,1.51874725516,0.564250615387,1.5,0.204227518513,0.175879396985,35,0.0197628458498,0.318430155703,23,23,23,1,0,0.521739130435,0.173913043478,0.304347826087,23,81,0.160079051383,1.51715132693,7.04347826087,7.36363636364,5.0625,3.57361875249,0.507365625353,0.276972624799,5.06206538172,1.43737658987,0.689210950081,3.04316768602,0.864109342943,0.464841653247,0.562115661868,0.370507313205,1.5,1.51715132693,0.562115661868,1.5,0.217271617272,0.180952380952,38,0.0214568040655,0.323731521004,23,23,23,1,0,0.521739130435,0.173913043478,0.304347826087,-7,-0.0138339920949,-0.167924466838,-0.608695652174,0.030303030303,-0.4375,-0.0646712510973,0.031907272612,0.027466695945,-0.260717331319,0.0461947444178,0.0162860488947,-0.227253108608,0.00934027162073,0.0221539062119,-0.187075642491,-0.0740966073594,-1,-0.167924466838,-0.187075642491,-1,-0.0421749967205,-0.0078301087877,-8,-0.00451722190853,-0.00941311214038,0.0434782608696,-0.0434782608696,0,81,0,7,418,0.920454545455,1,0,0.0795454545455,1,0.920454545455,0.958579881657,0.951469451768,0.920454545455,0.920454545455,2,9,0,10,3,10
535,WLNM_dir_neg_kfold,0.833333333333,0.508994708995,00:00:01,10,90,20,15365,threshold_sweep,0.4,1,0.222222222222,0.363636363636,2,0,7,18,0.222222222222,1,0,0.777777777778,1,0.222222222222,0.363636363636,0.740740740741,0.641975308642,0.275862068966,0.4,0.222222222222,94,85,9,0,94,0,85,0,9,23,88,0.173913043478,1.68507579377,7.65217391304,7.33333333333,5.5,3.63829000359,0.475458352741,0.249505928854,5.32278271304,1.39118184545,0.672924901186,3.27042079462,0.854769071322,0.442687747036,0.749191304359,0.444603920564,2.5,1.68507579377,0.749191304359,2.5,0.259446613992,0.18878248974,46,0.025974025974,0.333144633145,23,23,23,1,0,0.478260869565,0.217391304348,0.304347826087,23,0.156126482213,1.51874725516,6.86956521739,7.18181818182,4.9375,3.48117466886,0.506753274581,0.279031370391,4.88807535053,1.42311054509,0.682443588332,3.01249046708,0.877054186617,0.474408365438,0.564250615387,0.371523710393,1.5,1.51874725516,0.564250615387,1.5,0.204227518513,0.175879396985,35,0.0197628458498,0.318430155703,23,23,23,1,0,0.521739130435,0.173913043478,0.304347826087,23,81,0.160079051383,1.51715132693,7.04347826087,7.36363636364,5.0625,3.57361875249,0.507365625353,0.276972624799,5.06206538172,1.43737658987,0.689210950081,3.04316768602,0.864109342943,0.464841653247,0.562115661868,0.370507313205,1.5,1.51715132693,0.562115661868,1.5,0.217271617272,0.180952380952,38,0.0214568040655,0.323731521004,23,23,23,1,0,0.521739130435,0.173913043478,0.304347826087,-7,-0.0138339920949,-0.167924466838,-0.608695652174,0.030303030303,-0.4375,-0.0646712510973,0.031907272612,0.027466695945,-0.260717331319,0.0461947444178,0.0162860488947,-0.227253108608,0.00934027162073,0.0221539062119,-0.187075642491,-0.0740966073594,-1,-0.167924466838,-0.187075642491,-1,-0.0421749967205,-0.0078301087877,-8,-0.00451722190853,-0.00941311214038,0.0434782608696,-0.0434782608696,0,81,0,7,418,0.920454545455,1,0,0.0795454545455,1,0.920454545455,0.958579881657,0.951469451768,0.920454545455,0.920454545455,2,9,0,10,3,10
536,WLNM_dir_neg_kfold,0.833333333333,0.508994708995,00:00:01,10,90,20,15365,threshold_sweep,0.5,1,0.222222222222,0.363636363636,2,0,7,18,0.222222222222,1,0,0.777777777778,1,0.222222222222,0.363636363636,0.740740740741,0.641975308642,0.275862068966,0.4,0.222222222222,94,85,9,0,94,0,85,0,9,23,88,0.173913043478,1.68507579377,7.65217391304,7.33333333333,5.5,3.63829000359,0.475458352741,0.249505928854,5.32278271304,1.39118184545,0.672924901186,3.27042079462,0.854769071322,0.442687747036,0.749191304359,0.444603920564,2.5,1.68507579377,0.749191304359,2.5,0.259446613992,0.18878248974,46,0.025974025974,0.333144633145,23,23,23,1,0,0.478260869565,0.217391304348,0.304347826087,23,0.156126482213,1.51874725516,6.86956521739,7.18181818182,4.9375,3.48117466886,0.506753274581,0.279031370391,4.88807535053,1.42311054509,0.682443588332,3.01249046708,0.877054186617,0.474408365438,0.564250615387,0.371523710393,1.5,1.51874725516,0.564250615387,1.5,0.204227518513,0.175879396985,35,0.0197628458498,0.318430155703,23,23,23,1,0,0.521739130435,0.173913043478,0.304347826087,23,81,0.160079051383,1.51715132693,7.04347826087,7.36363636364,5.0625,3.57361875249,0.507365625353,0.276972624799,5.06206538172,1.43737658987,0.689210950081,3.04316768602,0.864109342943,0.464841653247,0.562115661868,0.370507313205,1.5,1.51715132693,0.562115661868,1.5,0.217271617272,0.180952380952,38,0.0214568040655,0.323731521004,23,23,23,1,0,0.521739130435,0.173913043478,0.304347826087,-7,-0.0138339920949,-0.167924466838,-0.608695652174,0.030303030303,-0.4375,-0.0646712510973,0.031907272612,0.027466695945,-0.260717331319,0.0461947444178,0.0162860488947,-0.227253108608,0.00934027162073,0.0221539062119,-0.187075642491,-0.0740966073594,-1,-0.167924466838,-0.187075642491,-1,-0.0421749967205,-0.0078301087877,-8,-0.00451722190853,-0.00941311214038,0.0434782608696,-0.0434782608696,0,81,0,7,418,0.920454545455,1,0,0.0795454545455,1,0.920454545455,0.958579881657,0.951469451768,0.920454545455,0.920454545455,2,9,0,10,3,10
537,WLNM_dir_neg_kfold,0.833333333333,0.508994708995,00:00:01,10,90,20,15365,threshold_sweep,0.6,1,0.222222222222,0.363636363636,2,0,7,18,0.222222222222,1,0,0.777777777778,1,0.222222222222,0.363636363636,0.740740740741,0.641975308642,0.275862068966,0.4,0.222222222222,94,85,9,0,94,0,85,0,9,23,88,0.173913043478,1.68507579377,7.65217391304,7.33333333333,5.5,3.63829000359,0.475458352741,0.249505928854,5.32278271304,1.39118184545,0.672924901186,3.27042079462,0.854769071322,0.442687747036,0.749191304359,0.444603920564,2.5,1.68507579377,0.749191304359,2.5,0.259446613992,0.18878248974,46,0.025974025974,0.333144633145,23,23,23,1,0,0.478260869565,0.217391304348,0.304347826087,23,0.156126482213,1.51874725516,6.86956521739,7.18181818182,4.9375,3.48117466886,0.506753274581,0.279031370391,4.88807535053,1.42311054509,0.682443588332,3.01249046708,0.877054186617,0.474408365438,0.564250615387,0.371523710393,1.5,1.51874725516,0.564250615387,1.5,0.204227518513,0.175879396985,35,0.0197628458498,0.318430155703,23,23,23,1,0,0.521739130435,0.173913043478,0.304347826087,23,81,0.160079051383,1.51715132693,7.04347826087,7.36363636364,5.0625,3.57361875249,0.507365625353,0.276972624799,5.06206538172,1.43737658987,0.689210950081,3.04316768602,0.864109342943,0.464841653247,0.562115661868,0.370507313205,1.5,1.51715132693,0.562115661868,1.5,0.217271617272,0.180952380952,38,0.0214568040655,0.323731521004,23,23,23,1,0,0.521739130435,0.173913043478,0.304347826087,-7,-0.0138339920949,-0.167924466838,-0.608695652174,0.030303030303,-0.4375,-0.0646712510973,0.031907272612,0.027466695945,-0.260717331319,0.0461947444178,0.0162860488947,-0.227253108608,0.00934027162073,0.0221539062119,-0.187075642491,-0.0740966073594,-1,-0.167924466838,-0.187075642491,-1,-0.0421749967205,-0.0078301087877,-8,-0.00451722190853,-0.00941311214038,0.0434782608696,-0.0434782608696,0,81,0,7,418,0.920454545455,1,0,0.0795454545455,1,0.920454545455,0.958579881657,0.951469451768,0.920454545455,0.920454545455,2,9,0,10,3,10
538,WLNM_dir_neg_kfold,0.833333333333,0.508994708995,00:00:01,10,90,20,15365,threshold_sweep,0.7,1,0.222222222222,0.363636363636,2,0,7,18,0.222222222222,1,0,0.777777777778,1,0.222222222222,0.363636363636,0.740740740741,0.641975308642,0.275862068966,0.4,0.222222222222,94,85,9,0,94,0,85,0,9,23,88,0.173913043478,1.68507579377,7.65217391304,7.33333333333,5.5,3.63829000359,0.475458352741,0.249505928854,5.32278271304,1.39118184545,0.672924901186,3.27042079462,0.854769071322,0.442687747036,0.749191304359,0.444603920564,2.5,1.68507579377,0.749191304359,2.5,0.259446613992,0.18878248974,46,0.025974025974,0.333144633145,23,23,23,1,0,0.478260869565,0.217391304348,0.304347826087,23,0.156126482213,1.51874725516,6.86956521739,7.18181818182,4.9375,3.48117466886,0.506753274581,0.279031370391,4.88807535053,1.42311054509,0.682443588332,3.01249046708,0.877054186617,0.474408365438,0.564250615387,0.371523710393,1.5,1.51874725516,0.564250615387,1.5,0.204227518513,0.175879396985,35,0.0197628458498,0.318430155703,23,23,23,1,0,0.521739130435,0.173913043478,0.304347826087,23,81,0.160079051383,1.51715132693,7.04347826087,7.36363636364,5.0625,3.57361875249,0.507365625353,0.276972624799,5.06206538172,1.43737658987,0.689210950081,3.04316768602,0.864109342943,0.464841653247,0.562115661868,0.370507313205,1.5,1.51715132693,0.562115661868,1.5,0.217271617272,0.180952380952,38,0.0214568040655,0.323731521004,23,23,23,1,0,0.521739130435,0.173913043478,0.304347826087,-7,-0.0138339920949,-0.167924466838,-0.608695652174,0.030303030303,-0.4375,-0.0646712510973,0.031907272612,0.027466695945,-0.260717331319,0.0461947444178,0.0162860488947,-0.227253108608,0.00934027162073,0.0221539062119,-0.187075642491,-0.0740966073594,-1,-0.167924466838,-0.187075642491,-1,-0.0421749967205,-0.0078301087877,-8,-0.00451722190853,-0.00941311214038,0.0434782608696,-0.0434782608696,0,81,0,7,418,0.920454545455,1,0,0.0795454545455,1,0.920454545455,0.958579881657,0.951469451768,0.920454545455,0.920454545455,2,9,0,10,3,10
539,WLNM_dir_neg_kfold,0.833333333333,0.508994708995,00:00:01,10,90,20,15365,threshold_sweep,0.8,1,0.222222222222,0.363636363636,2,0,7,18,0.222222222222,1,0,0.777777777778,1,0.222222222222,0.363636363636,0.740740740741,0.641975308642,0.275862068966,0.4,0.222222222222,94,85,9,0,94,0,85,0,9,23,88,0.173913043478,1.68507579377,7.65217391304,7.33333333333,5.5,3.63829000359,0.475458352741,0.249505928854,5.32278271304,1.39118184545,0.672924901186,3.27042079462,0.854769071322,0.442687747036,0.749191304359,0.444603920564,2.5,1.68507579377,0.749191304359,2.5,0.259446613992,0.18878248974,46,0.025974025974,0.333144633145,23,23,23,1,0,0.478260869565,0.217391304348,0.304347826087,23,0.156126482213,1.51874725516,6.86956521739,7.18181818182,4.9375,3.48117466886,0.506753274581,0.279031370391,4.88807535053,1.42311054509,0.682443588332,3.01249046708,0.877054186617,0.474408365438,0.564250615387,0.371523710393,1.5,1.51874725516,0.564250615387,1.5,0.204227518513,0.175879396985,35,0.0197628458498,0.318430155703,23,23,23,1,0,0.521739130435,0.173913043478,0.304347826087,23,81,0.160079051383,1.51715132693,7.04347826087,7.36363636364,5.0625,3.57361875249,0.507365625353,0.276972624799,5.06206538172,1.43737658987,0.689210950081,3.04316768602,0.864109342943,0.464841653247,0.562115661868,0.370507313205,1.5,1.51715132693,0.562115661868,1.5,0.217271617272,0.180952380952,38,0.0214568040655,0.323731521004,23,23,23,1,0,0.521739130435,0.173913043478,0.304347826087,-7,-0.0138339920949,-0.167924466838,-0.608695652174,0.030303030303,-0.4375,-0.0646712510973,0.031907272612,0.027466695945,-0.260717331319,0.0461947444178,0.0162860488947,-0.227253108608,0.00934027162073,0.0221539062119,-0.187075642491,-0.0740966073594,-1,-0.167924466838,-0.187075642491,-1,-0.0421749967205,-0.0078301087877,-8,-0.00451722190853,-0.00941311214038,0.0434782608696,-0.0434782608696,0,81,0,7,418,0.920454545455,1,0,0.0795454545455,1,0.920454545455,0.958579881657,0.951469451768,0.920454545455,0.920454545455,2,9,0,10,3,10
540,WLNM_dir_neg_kfold,0.833333333333,0.508994708995,00:00:01,10,90,20,15365,threshold_sweep,0.9,1,0.222222222222,0.363636363636,2,0,7,18,0.222222222222,1,0,0.777777777778,1,0.222222222222,0.363636363636,0.740740740741,0.641975308642,0.275862068966,0.4,0.222222222222,94,85,9,0,94,0,85,0,9,23,88,0.173913043478,1.68507579377,7.65217391304,7.33333333333,5.5,3.63829000359,0.475458352741,0.249505928854,5.32278271304,1.39118184545,0.672924901186,3.27042079462,0.854769071322,0.442687747036,0.749191304359,0.444603920564,2.5,1.68507579377,0.749191304359,2.5,0.259446613992,0.18878248974,46,0.025974025974,0.333144633145,23,23,23,1,0,0.478260869565,0.217391304348,0.304347826087,23,0.156126482213,1.51874725516,6.86956521739,7.18181818182,4.9375,3.48117466886,0.506753274581,0.279031370391,4.88807535053,1.42311054509,0.682443588332,3.01249046708,0.877054186617,0.474408365438,0.564250615387,0.371523710393,1.5,1.51874725516,0.564250615387,1.5,0.204227518513,0.175879396985,35,0.0197628458498,0.318430155703,23,23,23,1,0,0.521739130435,0.173913043478,0.304347826087,23,81,0.160079051383,1.51715132693,7.04347826087,7.36363636364,5.0625,3.57361875249,0.507365625353,0.276972624799,5.06206538172,1.43737658987,0.689210950081,3.04316768602,0.864109342943,0.464841653247,0.562115661868,0.370507313205,1.5,1.51715132693,0.562115661868,1.5,0.217271617272,0.180952380952,38,0.0214568040655,0.323731521004,23,23,23,1,0,0.521739130435,0.173913043478,0.304347826087,-7,-0.0138339920949,-0.167924466838,-0.608695652174,0.030303030303,-0.4375,-0.0646712510973,0.031907272612,0.027466695945,-0.260717331319,0.0461947444178,0.0162860488947,-0.227253108608,0.00934027162073,0.0221539062119,-0.187075642491,-0.0740966073594,-1,-0.167924466838,-0.187075642491,-1,-0.0421749967205,-0.0078301087877,-8,-0.00451722190853,-0.00941311214038,0.0434782608696,-0.0434782608696,0,81,0,7,418,0.920454545455,1,0,0.0795454545455,1,0.920454545455,0.958579881657,0.951469451768,0.920454545455,0.920454545455,2,9,0,10,3,10
541,WLNM_dir_neg_kfold,0.759259259259,0.520833333333,00:00:02,10,90,1,16346,threshold_sweep,0.1,1,0.222222222222,0.363636363636,2,0,7,18,0.222222222222,1,0,0.777777777778,1,0.222222222222,0.363636363636,0.740740740741,0.641975308642,0.275862068966,0.4,0.222222222222,94,85,9,0,94,0,85,0,9,23,88,0.173913043478,1.68507579377,7.65217391304,7.33333333333,5.5,3.63829000359,0.475458352741,0.249505928854,5.32278271304,1.39118184545,0.672924901186,3.27042079462,0.854769071322,0.442687747036,0.749191304359,0.444603920564,2.5,1.68507579377,0.749191304359,2.5,0.259446613992,0.18878248974,46,0.025974025974,0.333144633145,23,23,23,1,0,0.478260869565,0.217391304348,0.304347826087,23,0.156126482213,1.6921230943,6.86956521739,6.58333333333,4.9375,3.42854790129,0.499092416011,0.269675288938,4.85073646664,1.41223973079,0.680242157402,3.10170168773,0.903027073644,0.479911942763,0.80170513135,0.473786531282,3,1.6921230943,0.80170513135,3,0.183552954982,0.156829679595,31,0.0175042348955,0.290695920241,23,23,23,1,0,0.478260869565,0.217391304348,0.304347826087,23,81,0.160079051383,1.67433653303,7.04347826087,6.75,5.0625,3.37744202386,0.479513373757,0.257112184648,4.89776911384,1.39072456319,0.676328502415,3.14598684066,0.893304905371,0.469135802469,0.742819366386,0.443649978204,2.5,1.67433653303,0.742819366386,2.5,0.263521327158,0.156097560976,32,0.0180688876341,0.308271021907,23,23,23,1,0,0.478260869565,0.217391304348,0.304347826087,-7,-0.0138339920949,-0.0107392607393,-0.608695652174,-0.583333333333,-0.4375,-0.260847979731,0.00405502101586,0.00760625579466,-0.425013599203,-0.000457282265317,0.00340360122969,-0.124433953969,0.0385358340491,0.0264480554336,-0.00637193797274,-0.000953942360206,0,-0.0107392607393,-0.00637193797274,0,0.00407471316562,-0.0326849287645,-14,-0.00790513833992,-0.0248736112372,0,0,0,81,0,7,418,0.920454545455,1,0,0.0795454545455,1,0.920454545455,0.958579881657,0.951469451768,0.920454545455,0.920454545455,2,9,0,10,4,10
542,WLNM_dir_neg_kfold,0.759259259259,0.520833333333,00:00:02,10,90,1,16346,threshold_sweep,0.2,1,0.222222222222,0.363636363636,2,0,7,18,0.222222222222,1,0,0.777777777778,1,0.222222222222,0.363636363636,0.740740740741,0.641975308642,0.275862068966,0.4,0.222222222222,94,85,9,0,94,0,85,0,9,23,88,0.173913043478,1.68507579377,7.65217391304,7.33333333333,5.5,3.63829000359,0.475458352741,0.249505928854,5.32278271304,1.39118184545,0.672924901186,3.27042079462,0.854769071322,0.442687747036,0.749191304359,0.444603920564,2.5,1.68507579377,0.749191304359,2.5,0.259446613992,0.18878248974,46,0.025974025974,0.333144633145,23,23,23,1,0,0.478260869565,0.217391304348,0.304347826087,23,0.156126482213,1.6921230943,6.86956521739,6.58333333333,4.9375,3.42854790129,0.499092416011,0.269675288938,4.85073646664,1.41223973079,0.680242157402,3.10170168773,0.903027073644,0.479911942763,0.80170513135,0.473786531282,3,1.6921230943,0.80170513135,3,0.183552954982,0.156829679595,31,0.0175042348955,0.290695920241,23,23,23,1,0,0.478260869565,0.217391304348,0.304347826087,23,81,0.160079051383,1.67433653303,7.04347826087,6.75,5.0625,3.37744202386,0.479513373757,0.257112184648,4.89776911384,1.39072456319,0.676328502415,3.14598684066,0.893304905371,0.469135802469,0.742819366386,0.443649978204,2.5,1.67433653303,0.742819366386,2.5,0.263521327158,0.156097560976,32,0.0180688876341,0.308271021907,23,23,23,1,0,0.478260869565,0.217391304348,0.304347826087,-7,-0.0138339920949,-0.0107392607393,-0.608695652174,-0.583333333333,-0.4375,-0.260847979731,0.00405502101586,0.00760625579466,-0.425013599203,-0.000457282265317,0.00340360122969,-0.124433953969,0.0385358340491,0.0264480554336,-0.00637193797274,-0.000953942360206,0,-0.0107392607393,-0.00637193797274,0,0.00407471316562,-0.0326849287645,-14,-0.00790513833992,-0.0248736112372,0,0,0,81,0,7,418,0.920454545455,1,0,0.0795454545455,1,0.920454545455,0.958579881657,0.951469451768,0.920454545455,0.920454545455,2,9,0,10,4,10
543,WLNM_dir_neg_kfold,0.759259259259,0.520833333333,00:00:02,10,90,1,16346,threshold_sweep,0.3,1,0.222222222222,0.363636363636,2,0,7,18,0.222222222222,1,0,0.777777777778,1,0.222222222222,0.363636363636,0.740740740741,0.641975308642,0.275862068966,0.4,0.222222222222,94,85,9,0,94,0,85,0,9,23,88,0.173913043478,1.68507579377,7.65217391304,7.33333333333,5.5,3.63829000359,0.475458352741,0.249505928854,5.32278271304,1.39118184545,0.672924901186,3.27042079462,0.854769071322,0.442687747036,0.749191304359,0.444603920564,2.5,1.68507579377,0.749191304359,2.5,0.259446613992,0.18878248974,46,0.025974025974,0.333144633145,23,23,23,1,0,0.478260869565,0.217391304348,0.304347826087,23,0.156126482213,1.6921230943,6.86956521739,6.58333333333,4.9375,3.42854790129,0.499092416011,0.269675288938,4.85073646664,1.41223973079,0.680242157402,3.10170168773,0.903027073644,0.479911942763,0.80170513135,0.473786531282,3,1.6921230943,0.80170513135,3,0.183552954982,0.156829679595,31,0.0175042348955,0.290695920241,23,23,23,1,0,0.478260869565,0.217391304348,0.304347826087,23,81,0.160079051383,1.67433653303,7.04347826087,6.75,5.0625,3.37744202386,0.479513373757,0.257112184648,4.89776911384,1.39072456319,0.676328502415,3.14598684066,0.893304905371,0.469135802469,0.742819366386,0.443649978204,2.5,1.67433653303,0.742819366386,2.5,0.263521327158,0.156097560976,32,0.0180688876341,0.308271021907,23,23,23,1,0,0.478260869565,0.217391304348,0.304347826087,-7,-0.0138339920949,-0.0107392607393,-0.608695652174,-0.583333333333,-0.4375,-0.260847979731,0.00405502101586,0.00760625579466,-0.425013599203,-0.000457282265317,0.00340360122969,-0.124433953969,0.0385358340491,0.0264480554336,-0.00637193797274,-0.000953942360206,0,-0.0107392607393,-0.00637193797274,0,0.00407471316562,-0.0326849287645,-14,-0.00790513833992,-0.0248736112372,0,0,0,81,0,7,418,0.920454545455,1,0,0.0795454545455,1,0.920454545455,0.958579881657,0.951469451768,0.920454545455,0.920454545455,2,9,0,10,4,10
544,WLNM_dir_neg_kfold,0.759259259259,0.520833333333,00:00:02,10,90,1,16346,threshold_sweep,0.4,1,0.222222222222,0.363636363636,2,0,7,18,0.222222222222,1,0,0.777777777778,1,0.222222222222,0.363636363636,0.740740740741,0.641975308642,0.275862068966,0.4,0.222222222222,94,85,9,0,94,0,85,0,9,23,88,0.173913043478,1.68507579377,7.65217391304,7.33333333333,5.5,3.63829000359,0.475458352741,0.249505928854,5.32278271304,1.39118184545,0.672924901186,3.27042079462,0.854769071322,0.442687747036,0.749191304359,0.444603920564,2.5,1.68507579377,0.749191304359,2.5,0.259446613992,0.18878248974,46,0.025974025974,0.333144633145,23,23,23,1,0,0.478260869565,0.217391304348,0.304347826087,23,0.156126482213,1.6921230943,6.86956521739,6.58333333333,4.9375,3.42854790129,0.499092416011,0.269675288938,4.85073646664,1.41223973079,0.680242157402,3.10170168773,0.903027073644,0.479911942763,0.80170513135,0.473786531282,3,1.6921230943,0.80170513135,3,0.183552954982,0.156829679595,31,0.0175042348955,0.290695920241,23,23,23,1,0,0.478260869565,0.217391304348,0.304347826087,23,81,0.160079051383,1.67433653303,7.04347826087,6.75,5.0625,3.37744202386,0.479513373757,0.257112184648,4.89776911384,1.39072456319,0.676328502415,3.14598684066,0.893304905371,0.469135802469,0.742819366386,0.443649978204,2.5,1.67433653303,0.742819366386,2.5,0.263521327158,0.156097560976,32,0.0180688876341,0.308271021907,23,23,23,1,0,0.478260869565,0.217391304348,0.304347826087,-7,-0.0138339920949,-0.0107392607393,-0.608695652174,-0.583333333333,-0.4375,-0.260847979731,0.00405502101586,0.00760625579466,-0.425013599203,-0.000457282265317,0.00340360122969,-0.124433953969,0.0385358340491,0.0264480554336,-0.00637193797274,-0.000953942360206,0,-0.0107392607393,-0.00637193797274,0,0.00407471316562,-0.0326849287645,-14,-0.00790513833992,-0.0248736112372,0,0,0,81,0,7,418,0.920454545455,1,0,0.0795454545455,1,0.920454545455,0.958579881657,0.951469451768,0.920454545455,0.920454545455,2,9,0,10,4,10
545,WLNM_dir_neg_kfold,0.759259259259,0.520833333333,00:00:02,10,90,1,16346,threshold_sweep,0.5,1,0.111111111111,0.2,1,0,8,18,0.111111111111,1,0,0.888888888889,1,0.111111111111,0.2,0.703703703704,0.654320987654,0.142857142857,0.277350098113,0.111111111111,94,85,9,0,94,0,85,0,9,23,88,0.173913043478,1.68507579377,7.65217391304,7.33333333333,5.5,3.63829000359,0.475458352741,0.249505928854,5.32278271304,1.39118184545,0.672924901186,3.27042079462,0.854769071322,0.442687747036,0.749191304359,0.444603920564,2.5,1.68507579377,0.749191304359,2.5,0.259446613992,0.18878248974,46,0.025974025974,0.333144633145,23,23,23,1,0,0.478260869565,0.217391304348,0.304347826087,23,0.156126482213,1.6921230943,6.86956521739,6.58333333333,4.9375,3.42854790129,0.499092416011,0.269675288938,4.85073646664,1.41223973079,0.680242157402,3.10170168773,0.903027073644,0.479911942763,0.80170513135,0.473786531282,3,1.6921230943,0.80170513135,3,0.183552954982,0.156829679595,31,0.0175042348955,0.290695920241,23,23,23,1,0,0.478260869565,0.217391304348,0.304347826087,23,80,0.158102766798,1.69607566347,6.95652173913,6.66666666667,5,3.45724878624,0.496979513022,0.266847826087,4.91629540145,1.41343492792,0.68152173913,3.11695605034,0.896124864473,0.473913043478,0.803514081606,0.473748959975,3,1.69607566347,0.803514081606,3,0.180378351807,0.152960526316,31,0.0175042348955,0.291742096288,23,23,23,1,0,0.478260869565,0.217391304348,0.304347826087,-8,-0.0158102766798,0.0109998696955,-0.695652173913,-0.666666666667,-0.5,-0.181041217346,0.0215211602806,0.0173418972332,-0.406487311595,0.022253082462,0.00859683794466,-0.153464744283,0.0413557931509,0.0312252964427,0.0543227772475,0.0291450394106,0.5,0.0109998696955,0.0543227772475,0.5,-0.0790682621851,-0.0358219634243,-15,-0.00846979107849,-0.0414025368571,0,0,0,80,0,8,418,0.909090909091,1,0,0.0909090909091,1,0.909090909091,0.952380952381,0.944467458064,0.909090909091,0.909090909091,1,9,0,10,4,10
546,WLNM_dir_neg_kfold,0.759259259259,0.520833333333,00:00:02,10,90,1,16346,threshold_sweep,0.6,1,0.111111111111,0.2,1,0,8,18,0.111111111111,1,0,0.888888888889,1,0.111111111111,0.2,0.703703703704,0.654320987654,0.142857142857,0.277350098113,0.111111111111,94,85,9,0,94,0,85,0,9,23,88,0.173913043478,1.68507579377,7.65217391304,7.33333333333,5.5,3.63829000359,0.475458352741,0.249505928854,5.32278271304,1.39118184545,0.672924901186,3.27042079462,0.854769071322,0.442687747036,0.749191304359,0.444603920564,2.5,1.68507579377,0.749191304359,2.5,0.259446613992,0.18878248974,46,0.025974025974,0.333144633145,23,23,23,1,0,0.478260869565,0.217391304348,0.304347826087,23,0.156126482213,1.6921230943,6.86956521739,6.58333333333,4.9375,3.42854790129,0.499092416011,0.269675288938,4.85073646664,1.41223973079,0.680242157402,3.10170168773,0.903027073644,0.479911942763,0.80170513135,0.473786531282,3,1.6921230943,0.80170513135,3,0.183552954982,0.156829679595,31,0.0175042348955,0.290695920241,23,23,23,1,0,0.478260869565,0.217391304348,0.304347826087,23,80,0.158102766798,1.69607566347,6.95652173913,6.66666666667,5,3.45724878624,0.496979513022,0.266847826087,4.91629540145,1.41343492792,0.68152173913,3.11695605034,0.896124864473,0.473913043478,0.803514081606,0.473748959975,3,1.69607566347,0.803514081606,3,0.180378351807,0.152960526316,31,0.0175042348955,0.291742096288,23,23,23,1,0,0.478260869565,0.217391304348,0.304347826087,-8,-0.0158102766798,0.0109998696955,-0.695652173913,-0.666666666667,-0.5,-0.181041217346,0.0215211602806,0.0173418972332,-0.406487311595,0.022253082462,0.00859683794466,-0.153464744283,0.0413557931509,0.0312252964427,0.0543227772475,0.0291450394106,0.5,0.0109998696955,0.0543227772475,0.5,-0.0790682621851,-0.0358219634243,-15,-0.00846979107849,-0.0414025368571,0,0,0,80,0,8,418,0.909090909091,1,0,0.0909090909091,1,0.909090909091,0.952380952381,0.944467458064,0.909090909091,0.909090909091,1,9,0,10,4,10
547,WLNM_dir_neg_kfold,0.759259259259,0.520833333333,00:00:02,10,90,1,16346,threshold_sweep,0.7,1,0.111111111111,0.2,1,0,8,18,0.111111111111,1,0,0.888888888889,1,0.111111111111,0.2,0.703703703704,0.654320987654,0.142857142857,0.277350098113,0.111111111111,94,85,9,0,94,0,85,0,9,23,88,0.173913043478,1.68507579377,7.65217391304,7.33333333333,5.5,3.63829000359,0.475458352741,0.249505928854,5.32278271304,1.39118184545,0.672924901186,3.27042079462,0.854769071322,0.442687747036,0.749191304359,0.444603920564,2.5,1.68507579377,0.749191304359,2.5,0.259446613992,0.18878248974,46,0.025974025974,0.333144633145,23,23,23,1,0,0.478260869565,0.217391304348,0.304347826087,23,0.156126482213,1.6921230943,6.86956521739,6.58333333333,4.9375,3.42854790129,0.499092416011,0.269675288938,4.85073646664,1.41223973079,0.680242157402,3.10170168773,0.903027073644,0.479911942763,0.80170513135,0.473786531282,3,1.6921230943,0.80170513135,3,0.183552954982,0.156829679595,31,0.0175042348955,0.290695920241,23,23,23,1,0,0.478260869565,0.217391304348,0.304347826087,23,80,0.158102766798,1.69607566347,6.95652173913,6.66666666667,5,3.45724878624,0.496979513022,0.266847826087,4.91629540145,1.41343492792,0.68152173913,3.11695605034,0.896124864473,0.473913043478,0.803514081606,0.473748959975,3,1.69607566347,0.803514081606,3,0.180378351807,0.152960526316,31,0.0175042348955,0.291742096288,23,23,23,1,0,0.478260869565,0.217391304348,0.304347826087,-8,-0.0158102766798,0.0109998696955,-0.695652173913,-0.666666666667,-0.5,-0.181041217346,0.0215211602806,0.0173418972332,-0.406487311595,0.022253082462,0.00859683794466,-0.153464744283,0.0413557931509,0.0312252964427,0.0543227772475,0.0291450394106,0.5,0.0109998696955,0.0543227772475,0.5,-0.0790682621851,-0.0358219634243,-15,-0.00846979107849,-0.0414025368571,0,0,0,80,0,8,418,0.909090909091,1,0,0.0909090909091,1,0.909090909091,0.952380952381,0.944467458064,0.909090909091,0.909090909091,1,9,0,10,4,10
548,WLNM_dir_neg_kfold,0.759259259259,0.520833333333,00:00:02,10,90,1,16346,threshold_sweep,0.8,1,0.111111111111,0.2,1,0,8,18,0.111111111111,1,0,0.888888888889,1,0.111111111111,0.2,0.703703703704,0.654320987654,0.142857142857,0.277350098113,0.111111111111,94,85,9,0,94,0,85,0,9,23,88,0.173913043478,1.68507579377,7.65217391304,7.33333333333,5.5,3.63829000359,0.475458352741,0.249505928854,5.32278271304,1.39118184545,0.672924901186,3.27042079462,0.854769071322,0.442687747036,0.749191304359,0.444603920564,2.5,1.68507579377,0.749191304359,2.5,0.259446613992,0.18878248974,46,0.025974025974,0.333144633145,23,23,23,1,0,0.478260869565,0.217391304348,0.304347826087,23,0.156126482213,1.6921230943,6.86956521739,6.58333333333,4.9375,3.42854790129,0.499092416011,0.269675288938,4.85073646664,1.41223973079,0.680242157402,3.10170168773,0.903027073644,0.479911942763,0.80170513135,0.473786531282,3,1.6921230943,0.80170513135,3,0.183552954982,0.156829679595,31,0.0175042348955,0.290695920241,23,23,23,1,0,0.478260869565,0.217391304348,0.304347826087,23,80,0.158102766798,1.69607566347,6.95652173913,6.66666666667,5,3.45724878624,0.496979513022,0.266847826087,4.91629540145,1.41343492792,0.68152173913,3.11695605034,0.896124864473,0.473913043478,0.803514081606,0.473748959975,3,1.69607566347,0.803514081606,3,0.180378351807,0.152960526316,31,0.0175042348955,0.291742096288,23,23,23,1,0,0.478260869565,0.217391304348,0.304347826087,-8,-0.0158102766798,0.0109998696955,-0.695652173913,-0.666666666667,-0.5,-0.181041217346,0.0215211602806,0.0173418972332,-0.406487311595,0.022253082462,0.00859683794466,-0.153464744283,0.0413557931509,0.0312252964427,0.0543227772475,0.0291450394106,0.5,0.0109998696955,0.0543227772475,0.5,-0.0790682621851,-0.0358219634243,-15,-0.00846979107849,-0.0414025368571,0,0,0,80,0,8,418,0.909090909091,1,0,0.0909090909091,1,0.909090909091,0.952380952381,0.944467458064,0.909090909091,0.909090909091,1,9,0,10,4,10
549,WLNM_dir_neg_kfold,0.759259259259,0.520833333333,00:00:02,10,90,1,16346,threshold_sweep,0.9,1,0.111111111111,0.2,1,0,8,18,0.111111111111,1,0,0.888888888889,1,0.111111111111,0.2,0.703703703704,0.654320987654,0.142857142857,0.277350098113,0.111111111111,94,85,9,0,94,0,85,0,9,23,88,0.173913043478,1.68507579377,7.65217391304,7.33333333333,5.5,3.63829000359,0.475458352741,0.249505928854,5.32278271304,1.39118184545,0.672924901186,3.27042079462,0.854769071322,0.442687747036,0.749191304359,0.444603920564,2.5,1.68507579377,0.749191304359,2.5,0.259446613992,0.18878248974,46,0.025974025974,0.333144633145,23,23,23,1,0,0.478260869565,0.217391304348,0.304347826087,23,0.156126482213,1.6921230943,6.86956521739,6.58333333333,4.9375,3.42854790129,0.499092416011,0.269675288938,4.85073646664,1.41223973079,0.680242157402,3.10170168773,0.903027073644,0.479911942763,0.80170513135,0.473786531282,3,1.6921230943,0.80170513135,3,0.183552954982,0.156829679595,31,0.0175042348955,0.290695920241,23,23,23,1,0,0.478260869565,0.217391304348,0.304347826087,23,80,0.158102766798,1.69607566347,6.95652173913,6.66666666667,5,3.45724878624,0.496979513022,0.266847826087,4.91629540145,1.41343492792,0.68152173913,3.11695605034,0.896124864473,0.473913043478,0.803514081606,0.473748959975,3,1.69607566347,0.803514081606,3,0.180378351807,0.152960526316,31,0.0175042348955,0.291742096288,23,23,23,1,0,0.478260869565,0.217391304348,0.304347826087,-8,-0.0158102766798,0.0109998696955,-0.695652173913,-0.666666666667,-0.5,-0.181041217346,0.0215211602806,0.0173418972332,-0.406487311595,0.022253082462,0.00859683794466,-0.153464744283,0.0413557931509,0.0312252964427,0.0543227772475,0.0291450394106,0.5,0.0109998696955,0.0543227772475,0.5,-0.0790682621851,-0.0358219634243,-15,-0.00846979107849,-0.0414025368571,0,0,0,80,0,8,418,0.909090909091,1,0,0.0909090909091,1,0.909090909091,0.952380952381,0.944467458064,0.909090909091,0.909090909091,1,9,0,10,4,10
550,WLNM_dir_neg_kfold,0.913580246914,0.634343434343,00:00:02,10,90,2,16347,threshold_sweep,0.1,1,0.222222222222,0.363636363636,2,0,7,18,0.222222222222,1,0,0.777777777778,1,0.222222222222,0.363636363636,0.740740740741,0.641975308642,0.275862068966,0.4,0.222222222222,94,85,9,0,94,0,85,0,9,23,88,0.173913043478,1.68507579377,7.65217391304,7.33333333333,5.5,3.63829000359,0.475458352741,0.249505928854,5.32278271304,1.39118184545,0.672924901186,3.27042079462,0.854769071322,0.442687747036,0.749191304359,0.444603920564,2.5,1.68507579377,0.749191304359,2.5,0.259446613992,0.18878248974,46,0.025974025974,0.333144633145,23,23,23,1,0,0.478260869565,0.217391304348,0.304347826087,23,0.156126482213,1.6921230943,6.86956521739,6.58333333333,4.9375,3.42854790129,0.499092416011,0.269675288938,4.85073646664,1.41223973079,0.680242157402,3.10170168773,0.903027073644,0.479911942763,0.80170513135,0.473786531282,3,1.6921230943,0.80170513135,3,0.183552954982,0.156829679595,31,0.0175042348955,0.290695920241,23,23,23,1,0,0.478260869565,0.217391304348,0.304347826087,23,81,0.160079051383,1.67433653303,7.04347826087,6.75,5.0625,3.37744202386,0.479513373757,0.257112184648,4.89776911384,1.39072456319,0.676328502415,3.14598684066,0.893304905371,0.469135802469,0.742819366386,0.443649978204,2.5,1.67433653303,0.742819366386,2.5,0.263521327158,0.156097560976,32,0.0180688876341,0.308271021907,23,23,23,1,0,0.478260869565,0.217391304348,0.304347826087,-7,-0.0138339920949,-0.0107392607393,-0.608695652174,-0.583333333333,-0.4375,-0.260847979731,0.00405502101586,0.00760625579466,-0.425013599203,-0.000457282265317,0.00340360122969,-0.124433953969,0.0385358340491,0.0264480554336,-0.00637193797274,-0.000953942360206,0,-0.0107392607393,-0.00637193797274,0,0.00407471316562,-0.0326849287645,-14,-0.00790513833992,-0.0248736112372,0,0,0,81,0,7,418,0.920454545455,1,0,0.0795454545455,1,0.920454545455,0.958579881657,0.951469451768,0.920454545455,0.920454545455,2,9,0,10,4,10
551,WLNM_dir_neg_kfold,0.913580246914,0.634343434343,00:00:02,10,90,2,16347,threshold_sweep,0.2,1,0.222222222222,0.363636363636,2,0,7,18,0.222222222222,1,0,0.777777777778,1,0.222222222222,0.363636363636,0.740740740741,0.641975308642,0.275862068966,0.4,0.222222222222,94,85,9,0,94,0,85,0,9,23,88,0.173913043478,1.68507579377,7.65217391304,7.33333333333,5.5,3.63829000359,0.475458352741,0.249505928854,5.32278271304,1.39118184545,0.672924901186,3.27042079462,0.854769071322,0.442687747036,0.749191304359,0.444603920564,2.5,1.68507579377,0.749191304359,2.5,0.259446613992,0.18878248974,46,0.025974025974,0.333144633145,23,23,23,1,0,0.478260869565,0.217391304348,0.304347826087,23,0.156126482213,1.6921230943,6.86956521739,6.58333333333,4.9375,3.42854790129,0.499092416011,0.269675288938,4.85073646664,1.41223973079,0.680242157402,3.10170168773,0.903027073644,0.479911942763,0.80170513135,0.473786531282,3,1.6921230943,0.80170513135,3,0.183552954982,0.156829679595,31,0.0175042348955,0.290695920241,23,23,23,1,0,0.478260869565,0.217391304348,0.304347826087,23,81,0.160079051383,1.67433653303,7.04347826087,6.75,5.0625,3.37744202386,0.479513373757,0.257112184648,4.89776911384,1.39072456319,0.676328502415,3.14598684066,0.893304905371,0.469135802469,0.742819366386,0.443649978204,2.5,1.67433653303,0.742819366386,2.5,0.263521327158,0.156097560976,32,0.0180688876341,0.308271021907,23,23,23,1,0,0.478260869565,0.217391304348,0.304347826087,-7,-0.0138339920949,-0.0107392607393,-0.608695652174,-0.583333333333,-0.4375,-0.260847979731,0.00405502101586,0.00760625579466,-0.425013599203,-0.000457282265317,0.00340360122969,-0.124433953969,0.0385358340491,0.0264480554336,-0.00637193797274,-0.000953942360206,0,-0.0107392607393,-0.00637193797274,0,0.00407471316562,-0.0326849287645,-14,-0.00790513833992,-0.0248736112372,0,0,0,81,0,7,418,0.920454545455,1,0,0.0795454545455,1,0.920454545455,0.958579881657,0.951469451768,0.920454545455,0.920454545455,2,9,0,10,4,10
552,WLNM_dir_neg_kfold,0.913580246914,0.634343434343,00:00:02,10,90,2,16347,threshold_sweep,0.3,1,0.222222222222,0.363636363636,2,0,7,18,0.222222222222,1,0,0.777777777778,1,0.222222222222,0.363636363636,0.740740740741,0.641975308642,0.275862068966,0.4,0.222222222222,94,85,9,0,94,0,85,0,9,23,88,0.173913043478,1.68507579377,7.65217391304,7.33333333333,5.5,3.63829000359,0.475458352741,0.249505928854,5.32278271304,1.39118184545,0.672924901186,3.27042079462,0.854769071322,0.442687747036,0.749191304359,0.444603920564,2.5,1.68507579377,0.749191304359,2.5,0.259446613992,0.18878248974,46,0.025974025974,0.333144633145,23,23,23,1,0,0.478260869565,0.217391304348,0.304347826087,23,0.156126482213,1.6921230943,6.86956521739,6.58333333333,4.9375,3.42854790129,0.499092416011,0.269675288938,4.85073646664,1.41223973079,0.680242157402,3.10170168773,0.903027073644,0.479911942763,0.80170513135,0.473786531282,3,1.6921230943,0.80170513135,3,0.183552954982,0.156829679595,31,0.0175042348955,0.290695920241,23,23,23,1,0,0.478260869565,0.217391304348,0.304347826087,23,81,0.160079051383,1.67433653303,7.04347826087,6.75,5.0625,3.37744202386,0.479513373757,0.257112184648,4.89776911384,1.39072456319,0.676328502415,3.14598684066,0.893304905371,0.469135802469,0.742819366386,0.443649978204,2.5,1.67433653303,0.742819366386,2.5,0.263521327158,0.156097560976,32,0.0180688876341,0.308271021907,23,23,23,1,0,0.478260869565,0.217391304348,0.304347826087,-7,-0.0138339920949,-0.0107392607393,-0.608695652174,-0.583333333333,-0.4375,-0.260847979731,0.00405502101586,0.00760625579466,-0.425013599203,-0.000457282265317,0.00340360122969,-0.124433953969,0.0385358340491,0.0264480554336,-0.00637193797274,-0.000953942360206,0,-0.0107392607393,-0.00637193797274,0,0.00407471316562,-0.0326849287645,-14,-0.00790513833992,-0.0248736112372,0,0,0,81,0,7,418,0.920454545455,1,0,0.0795454545455,1,0.920454545455,0.958579881657,0.951469451768,0.920454545455,0.920454545455,2,9,0,10,4,10
553,WLNM_dir_neg_kfold,0.913580246914,0.634343434343,00:00:02,10,90,2,16347,threshold_sweep,0.4,1,0.222222222222,0.363636363636,2,0,7,18,0.222222222222,1,0,0.777777777778,1,0.222222222222,0.363636363636,0.740740740741,0.641975308642,0.275862068966,0.4,0.222222222222,94,85,9,0,94,0,85,0,9,23,88,0.173913043478,1.68507579377,7.65217391304,7.33333333333,5.5,3.63829000359,0.475458352741,0.249505928854,5.32278271304,1.39118184545,0.672924901186,3.27042079462,0.854769071322,0.442687747036,0.749191304359,0.444603920564,2.5,1.68507579377,0.749191304359,2.5,0.259446613992,0.18878248974,46,0.025974025974,0.333144633145,23,23,23,1,0,0.478260869565,0.217391304348,0.304347826087,23,0.156126482213,1.6921230943,6.86956521739,6.58333333333,4.9375,3.42854790129,0.499092416011,0.269675288938,4.85073646664,1.41223973079,0.680242157402,3.10170168773,0.903027073644,0.479911942763,0.80170513135,0.473786531282,3,1.6921230943,0.80170513135,3,0.183552954982,0.156829679595,31,0.0175042348955,0.290695920241,23,23,23,1,0,0.478260869565,0.217391304348,0.304347826087,23,81,0.160079051383,1.67433653303,7.04347826087,6.75,5.0625,3.37744202386,0.479513373757,0.257112184648,4.89776911384,1.39072456319,0.676328502415,3.14598684066,0.893304905371,0.469135802469,0.742819366386,0.443649978204,2.5,1.67433653303,0.742819366386,2.5,0.263521327158,0.156097560976,32,0.0180688876341,0.308271021907,23,23,23,1,0,0.478260869565,0.217391304348,0.304347826087,-7,-0.0138339920949,-0.0107392607393,-0.608695652174,-0.583333333333,-0.4375,-0.260847979731,0.00405502101586,0.00760625579466,-0.425013599203,-0.000457282265317,0.00340360122969,-0.124433953969,0.0385358340491,0.0264480554336,-0.00637193797274,-0.000953942360206,0,-0.0107392607393,-0.00637193797274,0,0.00407471316562,-0.0326849287645,-14,-0.00790513833992,-0.0248736112372,0,0,0,81,0,7,418,0.920454545455,1,0,0.0795454545455,1,0.920454545455,0.958579881657,0.951469451768,0.920454545455,0.920454545455,2,9,0,10,4,10
554,WLNM_dir_neg_kfold,0.913580246914,0.634343434343,00:00:02,10,90,2,16347,threshold_sweep,0.5,1,0.222222222222,0.363636363636,2,0,7,18,0.222222222222,1,0,0.777777777778,1,0.222222222222,0.363636363636,0.740740740741,0.641975308642,0.275862068966,0.4,0.222222222222,94,85,9,0,94,0,85,0,9,23,88,0.173913043478,1.68507579377,7.65217391304,7.33333333333,5.5,3.63829000359,0.475458352741,0.249505928854,5.32278271304,1.39118184545,0.672924901186,3.27042079462,0.854769071322,0.442687747036,0.749191304359,0.444603920564,2.5,1.68507579377,0.749191304359,2.5,0.259446613992,0.18878248974,46,0.025974025974,0.333144633145,23,23,23,1,0,0.478260869565,0.217391304348,0.304347826087,23,0.156126482213,1.6921230943,6.86956521739,6.58333333333,4.9375,3.42854790129,0.499092416011,0.269675288938,4.85073646664,1.41223973079,0.680242157402,3.10170168773,0.903027073644,0.479911942763,0.80170513135,0.473786531282,3,1.6921230943,0.80170513135,3,0.183552954982,0.156829679595,31,0.0175042348955,0.290695920241,23,23,23,1,0,0.478260869565,0.217391304348,0.304347826087,23,81,0.160079051383,1.67433653303,7.04347826087,6.75,5.0625,3.37744202386,0.479513373757,0.257112184648,4.89776911384,1.39072456319,0.676328502415,3.14598684066,0.893304905371,0.469135802469,0.742819366386,0.443649978204,2.5,1.67433653303,0.742819366386,2.5,0.263521327158,0.156097560976,32,0.0180688876341,0.308271021907,23,23,23,1,0,0.478260869565,0.217391304348,0.304347826087,-7,-0.0138339920949,-0.0107392607393,-0.608695652174,-0.583333333333,-0.4375,-0.260847979731,0.00405502101586,0.00760625579466,-0.425013599203,-0.000457282265317,0.00340360122969,-0.124433953969,0.0385358340491,0.0264480554336,-0.00637193797274,-0.000953942360206,0,-0.0107392607393,-0.00637193797274,0,0.00407471316562,-0.0326849287645,-14,-0.00790513833992,-0.0248736112372,0,0,0,81,0,7,418,0.920454545455,1,0,0.0795454545455,1,0.920454545455,0.958579881657,0.951469451768,0.920454545455,0.920454545455,2,9,0,10,4,10
555,WLNM_dir_neg_kfold,0.913580246914,0.634343434343,00:00:02,10,90,2,16347,threshold_sweep,0.6,1,0.222222222222,0.363636363636,2,0,7,18,0.222222222222,1,0,0.777777777778,1,0.222222222222,0.363636363636,0.740740740741,0.641975308642,0.275862068966,0.4,0.222222222222,94,85,9,0,94,0,85,0,9,23,88,0.173913043478,1.68507579377,7.65217391304,7.33333333333,5.5,3.63829000359,0.475458352741,0.249505928854,5.32278271304,1.39118184545,0.672924901186,3.27042079462,0.854769071322,0.442687747036,0.749191304359,0.444603920564,2.5,1.68507579377,0.749191304359,2.5,0.259446613992,0.18878248974,46,0.025974025974,0.333144633145,23,23,23,1,0,0.478260869565,0.217391304348,0.304347826087,23,0.156126482213,1.6921230943,6.86956521739,6.58333333333,4.9375,3.42854790129,0.499092416011,0.269675288938,4.85073646664,1.41223973079,0.680242157402,3.10170168773,0.903027073644,0.479911942763,0.80170513135,0.473786531282,3,1.6921230943,0.80170513135,3,0.183552954982,0.156829679595,31,0.0175042348955,0.290695920241,23,23,23,1,0,0.478260869565,0.217391304348,0.304347826087,23,81,0.160079051383,1.67433653303,7.04347826087,6.75,5.0625,3.37744202386,0.479513373757,0.257112184648,4.89776911384,1.39072456319,0.676328502415,3.14598684066,0.893304905371,0.469135802469,0.742819366386,0.443649978204,2.5,1.67433653303,0.742819366386,2.5,0.263521327158,0.156097560976,32,0.0180688876341,0.308271021907,23,23,23,1,0,0.478260869565,0.217391304348,0.304347826087,-7,-0.0138339920949,-0.0107392607393,-0.608695652174,-0.583333333333,-0.4375,-0.260847979731,0.00405502101586,0.00760625579466,-0.425013599203,-0.000457282265317,0.00340360122969,-0.124433953969,0.0385358340491,0.0264480554336,-0.00637193797274,-0.000953942360206,0,-0.0107392607393,-0.00637193797274,0,0.00407471316562,-0.0326849287645,-14,-0.00790513833992,-0.0248736112372,0,0,0,81,0,7,418,0.920454545455,1,0,0.0795454545455,1,0.920454545455,0.958579881657,0.951469451768,0.920454545455,0.920454545455,2,9,0,10,4,10
556,WLNM_dir_neg_kfold,0.913580246914,0.634343434343,00:00:02,10,90,2,16347,threshold_sweep,0.7,1,0.222222222222,0.363636363636,2,0,7,18,0.222222222222,1,0,0.777777777778,1,0.222222222222,0.363636363636,0.740740740741,0.641975308642,0.275862068966,0.4,0.222222222222,94,85,9,0,94,0,85,0,9,23,88,0.173913043478,1.68507579377,7.65217391304,7.33333333333,5.5,3.63829000359,0.475458352741,0.249505928854,5.32278271304,1.39118184545,0.672924901186,3.27042079462,0.854769071322,0.442687747036,0.749191304359,0.444603920564,2.5,1.68507579377,0.749191304359,2.5,0.259446613992,0.18878248974,46,0.025974025974,0.333144633145,23,23,23,1,0,0.478260869565,0.217391304348,0.304347826087,23,0.156126482213,1.6921230943,6.86956521739,6.58333333333,4.9375,3.42854790129,0.499092416011,0.269675288938,4.85073646664,1.41223973079,0.680242157402,3.10170168773,0.903027073644,0.479911942763,0.80170513135,0.473786531282,3,1.6921230943,0.80170513135,3,0.183552954982,0.156829679595,31,0.0175042348955,0.290695920241,23,23,23,1,0,0.478260869565,0.217391304348,0.304347826087,23,81,0.160079051383,1.67433653303,7.04347826087,6.75,5.0625,3.37744202386,0.479513373757,0.257112184648,4.89776911384,1.39072456319,0.676328502415,3.14598684066,0.893304905371,0.469135802469,0.742819366386,0.443649978204,2.5,1.67433653303,0.742819366386,2.5,0.263521327158,0.156097560976,32,0.0180688876341,0.308271021907,23,23,23,1,0,0.478260869565,0.217391304348,0.304347826087,-7,-0.0138339920949,-0.0107392607393,-0.608695652174,-0.583333333333,-0.4375,-0.260847979731,0.00405502101586,0.00760625579466,-0.425013599203,-0.000457282265317,0.00340360122969,-0.124433953969,0.0385358340491,0.0264480554336,-0.00637193797274,-0.000953942360206,0,-0.0107392607393,-0.00637193797274,0,0.00407471316562,-0.0326849287645,-14,-0.00790513833992,-0.0248736112372,0,0,0,81,0,7,418,0.920454545455,1,0,0.0795454545455,1,0.920454545455,0.958579881657,0.951469451768,0.920454545455,0.920454545455,2,9,0,10,4,10
557,WLNM_dir_neg_kfold,0.913580246914,0.634343434343,00:00:02,10,90,2,16347,threshold_sweep,0.8,1,0.222222222222,0.363636363636,2,0,7,18,0.222222222222,1,0,0.777777777778,1,0.222222222222,0.363636363636,0.740740740741,0.641975308642,0.275862068966,0.4,0.222222222222,94,85,9,0,94,0,85,0,9,23,88,0.173913043478,1.68507579377,7.65217391304,7.33333333333,5.5,3.63829000359,0.475458352741,0.249505928854,5.32278271304,1.39118184545,0.672924901186,3.27042079462,0.854769071322,0.442687747036,0.749191304359,0.444603920564,2.5,1.68507579377,0.749191304359,2.5,0.259446613992,0.18878248974,46,0.025974025974,0.333144633145,23,23,23,1,0,0.478260869565,0.217391304348,0.304347826087,23,0.156126482213,1.6921230943,6.86956521739,6.58333333333,4.9375,3.42854790129,0.499092416011,0.269675288938,4.85073646664,1.41223973079,0.680242157402,3.10170168773,0.903027073644,0.479911942763,0.80170513135,0.473786531282,3,1.6921230943,0.80170513135,3,0.183552954982,0.156829679595,31,0.0175042348955,0.290695920241,23,23,23,1,0,0.478260869565,0.217391304348,0.304347826087,23,81,0.160079051383,1.67433653303,7.04347826087,6.75,5.0625,3.37744202386,0.479513373757,0.257112184648,4.89776911384,1.39072456319,0.676328502415,3.14598684066,0.893304905371,0.469135802469,0.742819366386,0.443649978204,2.5,1.67433653303,0.742819366386,2.5,0.263521327158,0.156097560976,32,0.0180688876341,0.308271021907,23,23,23,1,0,0.478260869565,0.217391304348,0.304347826087,-7,-0.0138339920949,-0.0107392607393,-0.608695652174,-0.583333333333,-0.4375,-0.260847979731,0.00405502101586,0.00760625579466,-0.425013599203,-0.000457282265317,0.00340360122969,-0.124433953969,0.0385358340491,0.0264480554336,-0.00637193797274,-0.000953942360206,0,-0.0107392607393,-0.00637193797274,0,0.00407471316562,-0.0326849287645,-14,-0.00790513833992,-0.0248736112372,0,0,0,81,0,7,418,0.920454545455,1,0,0.0795454545455,1,0.920454545455,0.958579881657,0.951469451768,0.920454545455,0.920454545455,2,9,0,10,4,10
558,WLNM_dir_neg_kfold,0.913580246914,0.634343434343,00:00:02,10,90,2,16347,threshold_sweep,0.9,1,0.222222222222,0.363636363636,2,0,7,18,0.222222222222,1,0,0.777777777778,1,0.222222222222,0.363636363636,0.740740740741,0.641975308642,0.275862068966,0.4,0.222222222222,94,85,9,0,94,0,85,0,9,23,88,0.173913043478,1.68507579377,7.65217391304,7.33333333333,5.5,3.63829000359,0.475458352741,0.249505928854,5.32278271304,1.39118184545,0.672924901186,3.27042079462,0.854769071322,0.442687747036,0.749191304359,0.444603920564,2.5,1.68507579377,0.749191304359,2.5,0.259446613992,0.18878248974,46,0.025974025974,0.333144633145,23,23,23,1,0,0.478260869565,0.217391304348,0.304347826087,23,0.156126482213,1.6921230943,6.86956521739,6.58333333333,4.9375,3.42854790129,0.499092416011,0.269675288938,4.85073646664,1.41223973079,0.680242157402,3.10170168773,0.903027073644,0.479911942763,0.80170513135,0.473786531282,3,1.6921230943,0.80170513135,3,0.183552954982,0.156829679595,31,0.0175042348955,0.290695920241,23,23,23,1,0,0.478260869565,0.217391304348,0.304347826087,23,81,0.160079051383,1.67433653303,7.04347826087,6.75,5.0625,3.37744202386,0.479513373757,0.257112184648,4.89776911384,1.39072456319,0.676328502415,3.14598684066,0.893304905371,0.469135802469,0.742819366386,0.443649978204,2.5,1.67433653303,0.742819366386,2.5,0.263521327158,0.156097560976,32,0.0180688876341,0.308271021907,23,23,23,1,0,0.478260869565,0.217391304348,0.304347826087,-7,-0.0138339920949,-0.0107392607393,-0.608695652174,-0.583333333333,-0.4375,-0.260847979731,0.00405502101586,0.00760625579466,-0.425013599203,-0.000457282265317,0.00340360122969,-0.124433953969,0.0385358340491,0.0264480554336,-0.00637193797274,-0.000953942360206,0,-0.0107392607393,-0.00637193797274,0,0.00407471316562,-0.0326849287645,-14,-0.00790513833992,-0.0248736112372,0,0,0,81,0,7,418,0.920454545455,1,0,0.0795454545455,1,0.920454545455,0.958579881657,0.951469451768,0.920454545455,0.920454545455,2,9,0,10,4,10
559,WLNM_dir_neg_kfold,0.635802469136,0.349155295647,00:00:02,10,90,3,16348,threshold_sweep,0.1,0.666666666667,0.222222222222,0.333333333333,2,1,7,17,0.222222222222,0.944444444444,0.0555555555556,0.777777777778,0.666666666667,0.222222222222,0.333333333333,0.703703703704,0.62962962963,0.2,0.25,0.166666666667,94,85,9,0,94,0,85,0,9,23,88,0.173913043478,1.68507579377,7.65217391304,7.33333333333,5.5,3.63829000359,0.475458352741,0.249505928854,5.32278271304,1.39118184545,0.672924901186,3.27042079462,0.854769071322,0.442687747036,0.749191304359,0.444603920564,2.5,1.68507579377,0.749191304359,2.5,0.259446613992,0.18878248974,46,0.025974025974,0.333144633145,23,23,23,1,0,0.478260869565,0.217391304348,0.304347826087,23,0.156126482213,1.6921230943,6.86956521739,6.58333333333,4.9375,3.42854790129,0.499092416011,0.269675288938,4.85073646664,1.41223973079,0.680242157402,3.10170168773,0.903027073644,0.479911942763,0.80170513135,0.473786531282,3,1.6921230943,0.80170513135,3,0.183552954982,0.156829679595,31,0.0175042348955,0.290695920241,23,23,23,1,0,0.478260869565,0.217391304348,0.304347826087,23,82,0.162055335968,1,7.13043478261,6.30769230769,5.125,3.37510064262,0.473337285246,0.254506892895,4.86944169804,1.36581901286,0.667020148462,3.18841777456,0.894312302621,0.468716861082,0,0,0,NaN,NaN,NaN,0.263521327158,0.156097560976,32,0.0180688876341,0.290098790099,23,23,0,1,2,0.434782608696,0.260869565217,0.304347826087,-6,-0.0118577075099,-0.685075793771,-0.521739130435,-1.02564102564,-0.375,-0.263189360965,-0.00212106749568,0.00500096404126,-0.453341015006,-0.0253628325902,-0.00590475272342,-0.0820030200633,0.0395432312985,0.0260291140461,-0.749191304359,-0.444603920564,-2.5,NaN,NaN,NaN,0.00407471316562,-0.0326849287645,-14,-0.00790513833992,-0.0430458430458,-0.0434782608696,0.0434782608696,0,81,1,7,417,0.920454545455,0.997607655502,0.00239234449761,0.0795454545455,0.987804878049,0.920454545455,0.952941176471,0.944303782253,0.918062200957,0.910112359551,3,9,0,10,4,10
560,WLNM_dir_neg_kfold,0.635802469136,0.349155295647,00:00:02,10,90,3,16348,threshold_sweep,0.2,1,0.111111111111,0.2,1,0,8,18,0.111111111111,1,0,0.888888888889,1,0.111111111111,0.2,0.703703703704,0.654320987654,0.142857142857,0.277350098113,0.111111111111,94,85,9,0,94,0,85,0,9,23,88,0.173913043478,1.68507579377,7.65217391304,7.33333333333,5.5,3.63829000359,0.475458352741,0.249505928854,5.32278271304,1.39118184545,0.672924901186,3.27042079462,0.854769071322,0.442687747036,0.749191304359,0.444603920564,2.5,1.68507579377,0.749191304359,2.5,0.259446613992,0.18878248974,46,0.025974025974,0.333144633145,23,23,23,1,0,0.478260869565,0.217391304348,0.304347826087,23,0.156126482213,1.6921230943,6.86956521739,6.58333333333,4.9375,3.42854790129,0.499092416011,0.269675288938,4.85073646664,1.41223973079,0.680242157402,3.10170168773,0.903027073644,0.479911942763,0.80170513135,0.473786531282,3,1.6921230943,0.80170513135,3,0.183552954982,0.156829679595,31,0.0175042348955,0.290695920241,23,23,23,1,0,0.478260869565,0.217391304348,0.304347826087,23,80,0.158102766798,1.69607566347,6.95652173913,6.66666666667,5,3.45724878624,0.496979513022,0.266847826087,4.91629540145,1.41343492792,0.68152173913,3.11695605034,0.896124864473,0.473913043478,0.803514081606,0.473748959975,3,1.69607566347,0.803514081606,3,0.180378351807,0.152960526316,31,0.0175042348955,0.291742096288,23,23,23,1,0,0.478260869565,0.217391304348,0.304347826087,-8,-0.0158102766798,0.0109998696955,-0.695652173913,-0.666666666667,-0.5,-0.181041217346,0.0215211602806,0.0173418972332,-0.406487311595,0.022253082462,0.00859683794466,-0.153464744283,0.0413557931509,0.0312252964427,0.0543227772475,0.0291450394106,0.5,0.0109998696955,0.0543227772475,0.5,-0.0790682621851,-0.0358219634243,-15,-0.00846979107849,-0.0414025368571,0,0,0,80,0,8,418,0.909090909091,1,0,0.0909090909091,1,0.909090909091,0.952380952381,0.944467458064,0.909090909091,0.909090909091,1,9,0,10,4,10
561,WLNM_dir_neg_kfold,0.635802469136,0.349155295647,00:00:02,10,90,3,16348,threshold_sweep,0.3,1,0.111111111111,0.2,1,0,8,18,0.111111111111,1,0,0.888888888889,1,0.111111111111,0.2,0.703703703704,0.654320987654,0.142857142857,0.277350098113,0.111111111111,94,85,9,0,94,0,85,0,9,23,88,0.173913043478,1.68507579377,7.65217391304,7.33333333333,5.5,3.63829000359,0.475458352741,0.249505928854,5.32278271304,1.39118184545,0.672924901186,3.27042079462,0.854769071322,0.442687747036,0.749191304359,0.444603920564,2.5,1.68507579377,0.749191304359,2.5,0.259446613992,0.18878248974,46,0.025974025974,0.333144633145,23,23,23,1,0,0.478260869565,0.217391304348,0.304347826087,23,0.156126482213,1.6921230943,6.86956521739,6.58333333333,4.9375,3.42854790129,0.499092416011,0.269675288938,4.85073646664,1.41223973079,0.680242157402,3.10170168773,0.903027073644,0.479911942763,0.80170513135,0.473786531282,3,1.6921230943,0.80170513135,3,0.183552954982,0.156829679595,31,0.0175042348955,0.290695920241,23,23,23,1,0,0.478260869565,0.217391304348,0.304347826087,23,80,0.158102766798,1.69607566347,6.95652173913,6.66666666667,5,3.45724878624,0.496979513022,0.266847826087,4.91629540145,1.41343492792,0.68152173913,3.11695605034,0.896124864473,0.473913043478,0.803514081606,0.473748959975,3,1.69607566347,0.803514081606,3,0.180378351807,0.152960526316,31,0.0175042348955,0.291742096288,23,23,23,1,0,0.478260869565,0.217391304348,0.304347826087,-8,-0.0158102766798,0.0109998696955,-0.695652173913,-0.666666666667,-0.5,-0.181041217346,0.0215211602806,0.0173418972332,-0.406487311595,0.022253082462,0.00859683794466,-0.153464744283,0.0413557931509,0.0312252964427,0.0543227772475,0.0291450394106,0.5,0.0109998696955,0.0543227772475,0.5,-0.0790682621851,-0.0358219634243,-15,-0.00846979107849,-0.0414025368571,0,0,0,80,0,8,418,0.909090909091,1,0,0.0909090909091,1,0.909090909091,0.952380952381,0.944467458064,0.909090909091,0.909090909091,1,9,0,10,4,10
562,WLNM_dir_neg_kfold,0.635802469136,0.349155295647,00:00:02,10,90,3,16348,threshold_sweep,0.4,1,0.111111111111,0.2,1,0,8,18,0.111111111111,1,0,0.888888888889,1,0.111111111111,0.2,0.703703703704,0.654320987654,0.142857142857,0.277350098113,0.111111111111,94,85,9,0,94,0,85,0,9,23,88,0.173913043478,1.68507579377,7.65217391304,7.33333333333,5.5,3.63829000359,0.475458352741,0.249505928854,5.32278271304,1.39118184545,0.672924901186,3.27042079462,0.854769071322,0.442687747036,0.749191304359,0.444603920564,2.5,1.68507579377,0.749191304359,2.5,0.259446613992,0.18878248974,46,0.025974025974,0.333144633145,23,23,23,1,0,0.478260869565,0.217391304348,0.304347826087,23,0.156126482213,1.6921230943,6.86956521739,6.58333333333,4.9375,3.42854790129,0.499092416011,0.269675288938,4.85073646664,1.41223973079,0.680242157402,3.10170168773,0.903027073644,0.479911942763,0.80170513135,0.473786531282,3,1.6921230943,0.80170513135,3,0.183552954982,0.156829679595,31,0.0175042348955,0.290695920241,23,23,23,1,0,0.478260869565,0.217391304348,0.304347826087,23,80,0.158102766798,1.69607566347,6.95652173913,6.66666666667,5,3.45724878624,0.496979513022,0.266847826087,4.91629540145,1.41343492792,0.68152173913,3.11695605034,0.896124864473,0.473913043478,0.803514081606,0.473748959975,3,1.69607566347,0.803514081606,3,0.180378351807,0.152960526316,31,0.0175042348955,0.291742096288,23,23,23,1,0,0.478260869565,0.217391304348,0.304347826087,-8,-0.0158102766798,0.0109998696955,-0.695652173913,-0.666666666667,-0.5,-0.181041217346,0.0215211602806,0.0173418972332,-0.406487311595,0.022253082462,0.00859683794466,-0.153464744283,0.0413557931509,0.0312252964427,0.0543227772475,0.0291450394106,0.5,0.0109998696955,0.0543227772475,0.5,-0.0790682621851,-0.0358219634243,-15,-0.00846979107849,-0.0414025368571,0,0,0,80,0,8,418,0.909090909091,1,0,0.0909090909091,1,0.909090909091,0.952380952381,0.944467458064,0.909090909091,0.909090909091,1,9,0,10,4,10
563,WLNM_dir_neg_kfold,0.635802469136,0.349155295647,00:00:02,10,90,3,16348,threshold_sweep,0.5,1,0.111111111111,0.2,1,0,8,18,0.111111111111,1,0,0.888888888889,1,0.111111111111,0.2,0.703703703704,0.654320987654,0.142857142857,0.277350098113,0.111111111111,94,85,9,0,94,0,85,0,9,23,88,0.173913043478,1.68507579377,7.65217391304,7.33333333333,5.5,3.63829000359,0.475458352741,0.249505928854,5.32278271304,1.39118184545,0.672924901186,3.27042079462,0.854769071322,0.442687747036,0.749191304359,0.444603920564,2.5,1.68507579377,0.749191304359,2.5,0.259446613992,0.18878248974,46,0.025974025974,0.333144633145,23,23,23,1,0,0.478260869565,0.217391304348,0.304347826087,23,0.156126482213,1.6921230943,6.86956521739,6.58333333333,4.9375,3.42854790129,0.499092416011,0.269675288938,4.85073646664,1.41223973079,0.680242157402,3.10170168773,0.903027073644,0.479911942763,0.80170513135,0.473786531282,3,1.6921230943,0.80170513135,3,0.183552954982,0.156829679595,31,0.0175042348955,0.290695920241,23,23,23,1,0,0.478260869565,0.217391304348,0.304347826087,23,80,0.158102766798,1.69607566347,6.95652173913,6.66666666667,5,3.45724878624,0.496979513022,0.266847826087,4.91629540145,1.41343492792,0.68152173913,3.11695605034,0.896124864473,0.473913043478,0.803514081606,0.473748959975,3,1.69607566347,0.803514081606,3,0.180378351807,0.152960526316,31,0.0175042348955,0.291742096288,23,23,23,1,0,0.478260869565,0.217391304348,0.304347826087,-8,-0.0158102766798,0.0109998696955,-0.695652173913,-0.666666666667,-0.5,-0.181041217346,0.0215211602806,0.0173418972332,-0.406487311595,0.022253082462,0.00859683794466,-0.153464744283,0.0413557931509,0.0312252964427,0.0543227772475,0.0291450394106,0.5,0.0109998696955,0.0543227772475,0.5,-0.0790682621851,-0.0358219634243,-15,-0.00846979107849,-0.0414025368571,0,0,0,80,0,8,418,0.909090909091,1,0,0.0909090909091,1,0.909090909091,0.952380952381,0.944467458064,0.909090909091,0.909090909091,1,9,0,10,4,10
564,WLNM_dir_neg_kfold,0.635802469136,0.349155295647,00:00:02,10,90,3,16348,threshold_sweep,0.6,1,0.111111111111,0.2,1,0,8,18,0.111111111111,1,0,0.888888888889,1,0.111111111111,0.2,0.703703703704,0.654320987654,0.142857142857,0.277350098113,0.111111111111,94,85,9,0,94,0,85,0,9,23,88,0.173913043478,1.68507579377,7.65217391304,7.33333333333,5.5,3.63829000359,0.475458352741,0.249505928854,5.32278271304,1.39118184545,0.672924901186,3.27042079462,0.854769071322,0.442687747036,0.749191304359,0.444603920564,2.5,1.68507579377,0.749191304359,2.5,0.259446613992,0.18878248974,46,0.025974025974,0.333144633145,23,23,23,1,0,0.478260869565,0.217391304348,0.304347826087,23,0.156126482213,1.6921230943,6.86956521739,6.58333333333,4.9375,3.42854790129,0.499092416011,0.269675288938,4.85073646664,1.41223973079,0.680242157402,3.10170168773,0.903027073644,0.479911942763,0.80170513135,0.473786531282,3,1.6921230943,0.80170513135,3,0.183552954982,0.156829679595,31,0.0175042348955,0.290695920241,23,23,23,1,0,0.478260869565,0.217391304348,0.304347826087,23,80,0.158102766798,1.69607566347,6.95652173913,6.66666666667,5,3.45724878624,0.496979513022,0.266847826087,4.91629540145,1.41343492792,0.68152173913,3.11695605034,0.896124864473,0.473913043478,0.803514081606,0.473748959975,3,1.69607566347,0.803514081606,3,0.180378351807,0.152960526316,31,0.0175042348955,0.291742096288,23,23,23,1,0,0.478260869565,0.217391304348,0.304347826087,-8,-0.0158102766798,0.0109998696955,-0.695652173913,-0.666666666667,-0.5,-0.181041217346,0.0215211602806,0.0173418972332,-0.406487311595,0.022253082462,0.00859683794466,-0.153464744283,0.0413557931509,0.0312252964427,0.0543227772475,0.0291450394106,0.5,0.0109998696955,0.0543227772475,0.5,-0.0790682621851,-0.0358219634243,-15,-0.00846979107849,-0.0414025368571,0,0,0,80,0,8,418,0.909090909091,1,0,0.0909090909091,1,0.909090909091,0.952380952381,0.944467458064,0.909090909091,0.909090909091,1,9,0,10,4,10
565,WLNM_dir_neg_kfold,0.635802469136,0.349155295647,00:00:02,10,90,3,16348,threshold_sweep,0.7,1,0.111111111111,0.2,1,0,8,18,0.111111111111,1,0,0.888888888889,1,0.111111111111,0.2,0.703703703704,0.654320987654,0.142857142857,0.277350098113,0.111111111111,94,85,9,0,94,0,85,0,9,23,88,0.173913043478,1.68507579377,7.65217391304,7.33333333333,5.5,3.63829000359,0.475458352741,0.249505928854,5.32278271304,1.39118184545,0.672924901186,3.27042079462,0.854769071322,0.442687747036,0.749191304359,0.444603920564,2.5,1.68507579377,0.749191304359,2.5,0.259446613992,0.18878248974,46,0.025974025974,0.333144633145,23,23,23,1,0,0.478260869565,0.217391304348,0.304347826087,23,0.156126482213,1.6921230943,6.86956521739,6.58333333333,4.9375,3.42854790129,0.499092416011,0.269675288938,4.85073646664,1.41223973079,0.680242157402,3.10170168773,0.903027073644,0.479911942763,0.80170513135,0.473786531282,3,1.6921230943,0.80170513135,3,0.183552954982,0.156829679595,31,0.0175042348955,0.290695920241,23,23,23,1,0,0.478260869565,0.217391304348,0.304347826087,23,80,0.158102766798,1.69607566347,6.95652173913,6.66666666667,5,3.45724878624,0.496979513022,0.266847826087,4.91629540145,1.41343492792,0.68152173913,3.11695605034,0.896124864473,0.473913043478,0.803514081606,0.473748959975,3,1.69607566347,0.803514081606,3,0.180378351807,0.152960526316,31,0.0175042348955,0.291742096288,23,23,23,1,0,0.478260869565,0.217391304348,0.304347826087,-8,-0.0158102766798,0.0109998696955,-0.695652173913,-0.666666666667,-0.5,-0.181041217346,0.0215211602806,0.0173418972332,-0.406487311595,0.022253082462,0.00859683794466,-0.153464744283,0.0413557931509,0.0312252964427,0.0543227772475,0.0291450394106,0.5,0.0109998696955,0.0543227772475,0.5,-0.0790682621851,-0.0358219634243,-15,-0.00846979107849,-0.0414025368571,0,0,0,80,0,8,418,0.909090909091,1,0,0.0909090909091,1,0.909090909091,0.952380952381,0.944467458064,0.909090909091,0.909090909091,1,9,0,10,4,10
566,WLNM_dir_neg_kfold,0.635802469136,0.349155295647,00:00:02,10,90,3,16348,threshold_sweep,0.8,1,0.111111111111,0.2,1,0,8,18,0.111111111111,1,0,0.888888888889,1,0.111111111111,0.2,0.703703703704,0.654320987654,0.142857142857,0.277350098113,0.111111111111,94,85,9,0,94,0,85,0,9,23,88,0.173913043478,1.68507579377,7.65217391304,7.33333333333,5.5,3.63829000359,0.475458352741,0.249505928854,5.32278271304,1.39118184545,0.672924901186,3.27042079462,0.854769071322,0.442687747036,0.749191304359,0.444603920564,2.5,1.68507579377,0.749191304359,2.5,0.259446613992,0.18878248974,46,0.025974025974,0.333144633145,23,23,23,1,0,0.478260869565,0.217391304348,0.304347826087,23,0.156126482213,1.6921230943,6.86956521739,6.58333333333,4.9375,3.42854790129,0.499092416011,0.269675288938,4.85073646664,1.41223973079,0.680242157402,3.10170168773,0.903027073644,0.479911942763,0.80170513135,0.473786531282,3,1.6921230943,0.80170513135,3,0.183552954982,0.156829679595,31,0.0175042348955,0.290695920241,23,23,23,1,0,0.478260869565,0.217391304348,0.304347826087,23,80,0.158102766798,1.69607566347,6.95652173913,6.66666666667,5,3.45724878624,0.496979513022,0.266847826087,4.91629540145,1.41343492792,0.68152173913,3.11695605034,0.896124864473,0.473913043478,0.803514081606,0.473748959975,3,1.69607566347,0.803514081606,3,0.180378351807,0.152960526316,31,0.0175042348955,0.291742096288,23,23,23,1,0,0.478260869565,0.217391304348,0.304347826087,-8,-0.0158102766798,0.0109998696955,-0.695652173913,-0.666666666667,-0.5,-0.181041217346,0.0215211602806,0.0173418972332,-0.406487311595,0.022253082462,0.00859683794466,-0.153464744283,0.0413557931509,0.0312252964427,0.0543227772475,0.0291450394106,0.5,0.0109998696955,0.0543227772475,0.5,-0.0790682621851,-0.0358219634243,-15,-0.00846979107849,-0.0414025368571,0,0,0,80,0,8,418,0.909090909091,1,0,0.0909090909091,1,0.909090909091,0.952380952381,0.944467458064,0.909090909091,0.909090909091,1,9,0,10,4,10
567,WLNM_dir_neg_kfold,0.635802469136,0.349155295647,00:00:02,10,90,3,16348,threshold_sweep,0.9,1,0.111111111111,0.2,1,0,8,18,0.111111111111,1,0,0.888888888889,1,0.111111111111,0.2,0.703703703704,0.654320987654,0.142857142857,0.277350098113,0.111111111111,94,85,9,0,94,0,85,0,9,23,88,0.173913043478,1.68507579377,7.65217391304,7.33333333333,5.5,3.63829000359,0.475458352741,0.249505928854,5.32278271304,1.39118184545,0.672924901186,3.27042079462,0.854769071322,0.442687747036,0.749191304359,0.444603920564,2.5,1.68507579377,0.749191304359,2.5,0.259446613992,0.18878248974,46,0.025974025974,0.333144633145,23,23,23,1,0,0.478260869565,0.217391304348,0.304347826087,23,0.156126482213,1.6921230943,6.86956521739,6.58333333333,4.9375,3.42854790129,0.499092416011,0.269675288938,4.85073646664,1.41223973079,0.680242157402,3.10170168773,0.903027073644,0.479911942763,0.80170513135,0.473786531282,3,1.6921230943,0.80170513135,3,0.183552954982,0.156829679595,31,0.0175042348955,0.290695920241,23,23,23,1,0,0.478260869565,0.217391304348,0.304347826087,23,80,0.158102766798,1.69607566347,6.95652173913,6.66666666667,5,3.45724878624,0.496979513022,0.266847826087,4.91629540145,1.41343492792,0.68152173913,3.11695605034,0.896124864473,0.473913043478,0.803514081606,0.473748959975,3,1.69607566347,0.803514081606,3,0.180378351807,0.152960526316,31,0.0175042348955,0.291742096288,23,23,23,1,0,0.478260869565,0.217391304348,0.304347826087,-8,-0.0158102766798,0.0109998696955,-0.695652173913,-0.666666666667,-0.5,-0.181041217346,0.0215211602806,0.0173418972332,-0.406487311595,0.022253082462,0.00859683794466,-0.153464744283,0.0413557931509,0.0312252964427,0.0543227772475,0.0291450394106,0.5,0.0109998696955,0.0543227772475,0.5,-0.0790682621851,-0.0358219634243,-15,-0.00846979107849,-0.0414025368571,0,0,0,80,0,8,418,0.909090909091,1,0,0.0909090909091,1,0.909090909091,0.952380952381,0.944467458064,0.909090909091,0.909090909091,1,9,0,10,4,10
568,WLNM_dir_neg_kfold,0.635802469136,0.397817460317,00:00:02,10,90,4,16349,threshold_sweep,0.1,1,0.111111111111,0.2,1,0,8,18,0.111111111111,1,0,0.888888888889,1,0.111111111111,0.2,0.703703703704,0.654320987654,0.142857142857,0.277350098113,0.111111111111,94,85,9,0,94,0,85,0,9,23,88,0.173913043478,1.68507579377,7.65217391304,7.33333333333,5.5,3.63829000359,0.475458352741,0.249505928854,5.32278271304,1.39118184545,0.672924901186,3.27042079462,0.854769071322,0.442687747036,0.749191304359,0.444603920564,2.5,1.68507579377,0.749191304359,2.5,0.259446613992,0.18878248974,46,0.025974025974,0.333144633145,23,23,23,1,0,0.478260869565,0.217391304348,0.304347826087,23,0.156126482213,1.6921230943,6.86956521739,6.58333333333,4.9375,3.42854790129,0.499092416011,0.269675288938,4.85073646664,1.41223973079,0.680242157402,3.10170168773,0.903027073644,0.479911942763,0.80170513135,0.473786531282,3,1.6921230943,0.80170513135,3,0.183552954982,0.156829679595,31,0.0175042348955,0.290695920241,23,23,23,1,0,0.478260869565,0.217391304348,0.304347826087,23,80,0.158102766798,1.69607566347,6.95652173913,6.66666666667,5,3.45724878624,0.496979513022,0.266847826087,4.91629540145,1.41343492792,0.68152173913,3.11695605034,0.896124864473,0.473913043478,0.803514081606,0.473748959975,3,1.69607566347,0.803514081606,3,0.180378351807,0.152960526316,31,0.0175042348955,0.291742096288,23,23,23,1,0,0.478260869565,0.217391304348,0.304347826087,-8,-0.0158102766798,0.0109998696955,-0.695652173913,-0.666666666667,-0.5,-0.181041217346,0.0215211602806,0.0173418972332,-0.406487311595,0.022253082462,0.00859683794466,-0.153464744283,0.0413557931509,0.0312252964427,0.0543227772475,0.0291450394106,0.5,0.0109998696955,0.0543227772475,0.5,-0.0790682621851,-0.0358219634243,-15,-0.00846979107849,-0.0414025368571,0,0,0,80,0,8,418,0.909090909091,1,0,0.0909090909091,1,0.909090909091,0.952380952381,0.944467458064,0.909090909091,0.909090909091,1,9,0,10,4,10
569,WLNM_dir_neg_kfold,0.635802469136,0.397817460317,00:00:02,10,90,4,16349,threshold_sweep,0.2,1,0.111111111111,0.2,1,0,8,18,0.111111111111,1,0,0.888888888889,1,0.111111111111,0.2,0.703703703704,0.654320987654,0.142857142857,0.277350098113,0.111111111111,94,85,9,0,94,0,85,0,9,23,88,0.173913043478,1.68507579377,7.65217391304,7.33333333333,5.5,3.63829000359,0.475458352741,0.249505928854,5.32278271304,1.39118184545,0.672924901186,3.27042079462,0.854769071322,0.442687747036,0.749191304359,0.444603920564,2.5,1.68507579377,0.749191304359,2.5,0.259446613992,0.18878248974,46,0.025974025974,0.333144633145,23,23,23,1,0,0.478260869565,0.217391304348,0.304347826087,23,0.156126482213,1.6921230943,6.86956521739,6.58333333333,4.9375,3.42854790129,0.499092416011,0.269675288938,4.85073646664,1.41223973079,0.680242157402,3.10170168773,0.903027073644,0.479911942763,0.80170513135,0.473786531282,3,1.6921230943,0.80170513135,3,0.183552954982,0.156829679595,31,0.0175042348955,0.290695920241,23,23,23,1,0,0.478260869565,0.217391304348,0.304347826087,23,80,0.158102766798,1.69607566347,6.95652173913,6.66666666667,5,3.45724878624,0.496979513022,0.266847826087,4.91629540145,1.41343492792,0.68152173913,3.11695605034,0.896124864473,0.473913043478,0.803514081606,0.473748959975,3,1.69607566347,0.803514081606,3,0.180378351807,0.152960526316,31,0.0175042348955,0.291742096288,23,23,23,1,0,0.478260869565,0.217391304348,0.304347826087,-8,-0.0158102766798,0.0109998696955,-0.695652173913,-0.666666666667,-0.5,-0.181041217346,0.0215211602806,0.0173418972332,-0.406487311595,0.022253082462,0.00859683794466,-0.153464744283,0.0413557931509,0.0312252964427,0.0543227772475,0.0291450394106,0.5,0.0109998696955,0.0543227772475,0.5,-0.0790682621851,-0.0358219634243,-15,-0.00846979107849,-0.0414025368571,0,0,0,80,0,8,418,0.909090909091,1,0,0.0909090909091,1,0.909090909091,0.952380952381,0.944467458064,0.909090909091,0.909090909091,1,9,0,10,4,10
570,WLNM_dir_neg_kfold,0.635802469136,0.397817460317,00:00:02,10,90,4,16349,threshold_sweep,0.3,1,0.111111111111,0.2,1,0,8,18,0.111111111111,1,0,0.888888888889,1,0.111111111111,0.2,0.703703703704,0.654320987654,0.142857142857,0.277350098113,0.111111111111,94,85,9,0,94,0,85,0,9,23,88,0.173913043478,1.68507579377,7.65217391304,7.33333333333,5.5,3.63829000359,0.475458352741,0.249505928854,5.32278271304,1.39118184545,0.672924901186,3.27042079462,0.854769071322,0.442687747036,0.749191304359,0.444603920564,2.5,1.68507579377,0.749191304359,2.5,0.259446613992,0.18878248974,46,0.025974025974,0.333144633145,23,23,23,1,0,0.478260869565,0.217391304348,0.304347826087,23,0.156126482213,1.6921230943,6.86956521739,6.58333333333,4.9375,3.42854790129,0.499092416011,0.269675288938,4.85073646664,1.41223973079,0.680242157402,3.10170168773,0.903027073644,0.479911942763,0.80170513135,0.473786531282,3,1.6921230943,0.80170513135,3,0.183552954982,0.156829679595,31,0.0175042348955,0.290695920241,23,23,23,1,0,0.478260869565,0.217391304348,0.304347826087,23,80,0.158102766798,1.69607566347,6.95652173913,6.66666666667,5,3.45724878624,0.496979513022,0.266847826087,4.91629540145,1.41343492792,0.68152173913,3.11695605034,0.896124864473,0.473913043478,0.803514081606,0.473748959975,3,1.69607566347,0.803514081606,3,0.180378351807,0.152960526316,31,0.0175042348955,0.291742096288,23,23,23,1,0,0.478260869565,0.217391304348,0.304347826087,-8,-0.0158102766798,0.0109998696955,-0.695652173913,-0.666666666667,-0.5,-0.181041217346,0.0215211602806,0.0173418972332,-0.406487311595,0.022253082462,0.00859683794466,-0.153464744283,0.0413557931509,0.0312252964427,0.0543227772475,0.0291450394106,0.5,0.0109998696955,0.0543227772475,0.5,-0.0790682621851,-0.0358219634243,-15,-0.00846979107849,-0.0414025368571,0,0,0,80,0,8,418,0.909090909091,1,0,0.0909090909091,1,0.909090909091,0.952380952381,0.944467458064,0.909090909091,0.909090909091,1,9,0,10,4,10
571,WLNM_dir_neg_kfold,0.635802469136,0.397817460317,00:00:02,10,90,4,16349,threshold_sweep,0.4,1,0.111111111111,0.2,1,0,8,18,0.111111111111,1,0,0.888888888889,1,0.111111111111,0.2,0.703703703704,0.654320987654,0.142857142857,0.277350098113,0.111111111111,94,85,9,0,94,0,85,0,9,23,88,0.173913043478,1.68507579377,7.65217391304,7.33333333333,5.5,3.63829000359,0.475458352741,0.249505928854,5.32278271304,1.39118184545,0.672924901186,3.27042079462,0.854769071322,0.442687747036,0.749191304359,0.444603920564,2.5,1.68507579377,0.749191304359,2.5,0.259446613992,0.18878248974,46,0.025974025974,0.333144633145,23,23,23,1,0,0.478260869565,0.217391304348,0.304347826087,23,0.156126482213,1.6921230943,6.86956521739,6.58333333333,4.9375,3.42854790129,0.499092416011,0.269675288938,4.85073646664,1.41223973079,0.680242157402,3.10170168773,0.903027073644,0.479911942763,0.80170513135,0.473786531282,3,1.6921230943,0.80170513135,3,0.183552954982,0.156829679595,31,0.0175042348955,0.290695920241,23,23,23,1,0,0.478260869565,0.217391304348,0.304347826087,23,80,0.158102766798,1.69607566347,6.95652173913,6.66666666667,5,3.45724878624,0.496979513022,0.266847826087,4.91629540145,1.41343492792,0.68152173913,3.11695605034,0.896124864473,0.473913043478,0.803514081606,0.473748959975,3,1.69607566347,0.803514081606,3,0.180378351807,0.152960526316,31,0.0175042348955,0.291742096288,23,23,23,1,0,0.478260869565,0.217391304348,0.304347826087,-8,-0.0158102766798,0.0109998696955,-0.695652173913,-0.666666666667,-0.5,-0.181041217346,0.0215211602806,0.0173418972332,-0.406487311595,0.022253082462,0.00859683794466,-0.153464744283,0.0413557931509,0.0312252964427,0.0543227772475,0.0291450394106,0.5,0.0109998696955,0.0543227772475,0.5,-0.0790682621851,-0.0358219634243,-15,-0.00846979107849,-0.0414025368571,0,0,0,80,0,8,418,0.909090909091,1,0,0.0909090909091,1,0.909090909091,0.952380952381,0.944467458064,0.909090909091,0.909090909091,1,9,0,10,4,10
572,WLNM_dir_neg_kfold,0.635802469136,0.397817460317,00:00:02,10,90,4,16349,threshold_sweep,0.5,1,0.111111111111,0.2,1,0,8,18,0.111111111111,1,0,0.888888888889,1,0.111111111111,0.2,0.703703703704,0.654320987654,0.142857142857,0.277350098113,0.111111111111,94,85,9,0,94,0,85,0,9,23,88,0.173913043478,1.68507579377,7.65217391304,7.33333333333,5.5,3.63829000359,0.475458352741,0.249505928854,5.32278271304,1.39118184545,0.672924901186,3.27042079462,0.854769071322,0.442687747036,0.749191304359,0.444603920564,2.5,1.68507579377,0.749191304359,2.5,0.259446613992,0.18878248974,46,0.025974025974,0.333144633145,23,23,23,1,0,0.478260869565,0.217391304348,0.304347826087,23,0.156126482213,1.6921230943,6.86956521739,6.58333333333,4.9375,3.42854790129,0.499092416011,0.269675288938,4.85073646664,1.41223973079,0.680242157402,3.10170168773,0.903027073644,0.479911942763,0.80170513135,0.473786531282,3,1.6921230943,0.80170513135,3,0.183552954982,0.156829679595,31,0.0175042348955,0.290695920241,23,23,23,1,0,0.478260869565,0.217391304348,0.304347826087,23,80,0.158102766798,1.69607566347,6.95652173913,6.66666666667,5,3.45724878624,0.496979513022,0.266847826087,4.91629540145,1.41343492792,0.68152173913,3.11695605034,0.896124864473,0.473913043478,0.803514081606,0.473748959975,3,1.69607566347,0.803514081606,3,0.180378351807,0.152960526316,31,0.0175042348955,0.291742096288,23,23,23,1,0,0.478260869565,0.217391304348,0.304347826087,-8,-0.0158102766798,0.0109998696955,-0.695652173913,-0.666666666667,-0.5,-0.181041217346,0.0215211602806,0.0173418972332,-0.406487311595,0.022253082462,0.00859683794466,-0.153464744283,0.0413557931509,0.0312252964427,0.0543227772475,0.0291450394106,0.5,0.0109998696955,0.0543227772475,0.5,-0.0790682621851,-0.0358219634243,-15,-0.00846979107849,-0.0414025368571,0,0,0,80,0,8,418,0.909090909091,1,0,0.0909090909091,1,0.909090909091,0.952380952381,0.944467458064,0.909090909091,0.909090909091,1,9,0,10,4,10
573,WLNM_dir_neg_kfold,0.635802469136,0.397817460317,00:00:02,10,90,4,16349,threshold_sweep,0.6,1,0.111111111111,0.2,1,0,8,18,0.111111111111,1,0,0.888888888889,1,0.111111111111,0.2,0.703703703704,0.654320987654,0.142857142857,0.277350098113,0.111111111111,94,85,9,0,94,0,85,0,9,23,88,0.173913043478,1.68507579377,7.65217391304,7.33333333333,5.5,3.63829000359,0.475458352741,0.249505928854,5.32278271304,1.39118184545,0.672924901186,3.27042079462,0.854769071322,0.442687747036,0.749191304359,0.444603920564,2.5,1.68507579377,0.749191304359,2.5,0.259446613992,0.18878248974,46,0.025974025974,0.333144633145,23,23,23,1,0,0.478260869565,0.217391304348,0.304347826087,23,0.156126482213,1.6921230943,6.86956521739,6.58333333333,4.9375,3.42854790129,0.499092416011,0.269675288938,4.85073646664,1.41223973079,0.680242157402,3.10170168773,0.903027073644,0.479911942763,0.80170513135,0.473786531282,3,1.6921230943,0.80170513135,3,0.183552954982,0.156829679595,31,0.0175042348955,0.290695920241,23,23,23,1,0,0.478260869565,0.217391304348,0.304347826087,23,80,0.158102766798,1.69607566347,6.95652173913,6.66666666667,5,3.45724878624,0.496979513022,0.266847826087,4.91629540145,1.41343492792,0.68152173913,3.11695605034,0.896124864473,0.473913043478,0.803514081606,0.473748959975,3,1.69607566347,0.803514081606,3,0.180378351807,0.152960526316,31,0.0175042348955,0.291742096288,23,23,23,1,0,0.478260869565,0.217391304348,0.304347826087,-8,-0.0158102766798,0.0109998696955,-0.695652173913,-0.666666666667,-0.5,-0.181041217346,0.0215211602806,0.0173418972332,-0.406487311595,0.022253082462,0.00859683794466,-0.153464744283,0.0413557931509,0.0312252964427,0.0543227772475,0.0291450394106,0.5,0.0109998696955,0.0543227772475,0.5,-0.0790682621851,-0.0358219634243,-15,-0.00846979107849,-0.0414025368571,0,0,0,80,0,8,418,0.909090909091,1,0,0.0909090909091,1,0.909090909091,0.952380952381,0.944467458064,0.909090909091,0.909090909091,1,9,0,10,4,10
574,WLNM_dir_neg_kfold,0.635802469136,0.397817460317,00:00:02,10,90,4,16349,threshold_sweep,0.7,1,0.111111111111,0.2,1,0,8,18,0.111111111111,1,0,0.888888888889,1,0.111111111111,0.2,0.703703703704,0.654320987654,0.142857142857,0.277350098113,0.111111111111,94,85,9,0,94,0,85,0,9,23,88,0.173913043478,1.68507579377,7.65217391304,7.33333333333,5.5,3.63829000359,0.475458352741,0.249505928854,5.32278271304,1.39118184545,0.672924901186,3.27042079462,0.854769071322,0.442687747036,0.749191304359,0.444603920564,2.5,1.68507579377,0.749191304359,2.5,0.259446613992,0.18878248974,46,0.025974025974,0.333144633145,23,23,23,1,0,0.478260869565,0.217391304348,0.304347826087,23,0.156126482213,1.6921230943,6.86956521739,6.58333333333,4.9375,3.42854790129,0.499092416011,0.269675288938,4.85073646664,1.41223973079,0.680242157402,3.10170168773,0.903027073644,0.479911942763,0.80170513135,0.473786531282,3,1.6921230943,0.80170513135,3,0.183552954982,0.156829679595,31,0.0175042348955,0.290695920241,23,23,23,1,0,0.478260869565,0.217391304348,0.304347826087,23,80,0.158102766798,1.69607566347,6.95652173913,6.66666666667,5,3.45724878624,0.496979513022,0.266847826087,4.91629540145,1.41343492792,0.68152173913,3.11695605034,0.896124864473,0.473913043478,0.803514081606,0.473748959975,3,1.69607566347,0.803514081606,3,0.180378351807,0.152960526316,31,0.0175042348955,0.291742096288,23,23,23,1,0,0.478260869565,0.217391304348,0.304347826087,-8,-0.0158102766798,0.0109998696955,-0.695652173913,-0.666666666667,-0.5,-0.181041217346,0.0215211602806,0.0173418972332,-0.406487311595,0.022253082462,0.00859683794466,-0.153464744283,0.0413557931509,0.0312252964427,0.0543227772475,0.0291450394106,0.5,0.0109998696955,0.0543227772475,0.5,-0.0790682621851,-0.0358219634243,-15,-0.00846979107849,-0.0414025368571,0,0,0,80,0,8,418,0.909090909091,1,0,0.0909090909091,1,0.909090909091,0.952380952381,0.944467458064,0.909090909091,0.909090909091,1,9,0,10,4,10
575,WLNM_dir_neg_kfold,0.635802469136,0.397817460317,00:00:02,10,90,4,16349,threshold_sweep,0.8,1,0.111111111111,0.2,1,0,8,18,0.111111111111,1,0,0.888888888889,1,0.111111111111,0.2,0.703703703704,0.654320987654,0.142857142857,0.277350098113,0.111111111111,94,85,9,0,94,0,85,0,9,23,88,0.173913043478,1.68507579377,7.65217391304,7.33333333333,5.5,3.63829000359,0.475458352741,0.249505928854,5.32278271304,1.39118184545,0.672924901186,3.27042079462,0.854769071322,0.442687747036,0.749191304359,0.444603920564,2.5,1.68507579377,0.749191304359,2.5,0.259446613992,0.18878248974,46,0.025974025974,0.333144633145,23,23,23,1,0,0.478260869565,0.217391304348,0.304347826087,23,0.156126482213,1.6921230943,6.86956521739,6.58333333333,4.9375,3.42854790129,0.499092416011,0.269675288938,4.85073646664,1.41223973079,0.680242157402,3.10170168773,0.903027073644,0.479911942763,0.80170513135,0.473786531282,3,1.6921230943,0.80170513135,3,0.183552954982,0.156829679595,31,0.0175042348955,0.290695920241,23,23,23,1,0,0.478260869565,0.217391304348,0.304347826087,23,80,0.158102766798,1.69607566347,6.95652173913,6.66666666667,5,3.45724878624,0.496979513022,0.266847826087,4.91629540145,1.41343492792,0.68152173913,3.11695605034,0.896124864473,0.473913043478,0.803514081606,0.473748959975,3,1.69607566347,0.803514081606,3,0.180378351807,0.152960526316,31,0.0175042348955,0.291742096288,23,23,23,1,0,0.478260869565,0.217391304348,0.304347826087,-8,-0.0158102766798,0.0109998696955,-0.695652173913,-0.666666666667,-0.5,-0.181041217346,0.0215211602806,0.0173418972332,-0.406487311595,0.022253082462,0.00859683794466,-0.153464744283,0.0413557931509,0.0312252964427,0.0543227772475,0.0291450394106,0.5,0.0109998696955,0.0543227772475,0.5,-0.0790682621851,-0.0358219634243,-15,-0.00846979107849,-0.0414025368571,0,0,0,80,0,8,418,0.909090909091,1,0,0.0909090909091,1,0.909090909091,0.952380952381,0.944467458064,0.909090909091,0.909090909091,1,9,0,10,4,10
576,WLNM_dir_neg_kfold,0.635802469136,0.397817460317,00:00:02,10,90,4,16349,threshold_sweep,0.9,1,0.111111111111,0.2,1,0,8,18,0.111111111111,1,0,0.888888888889,1,0.111111111111,0.2,0.703703703704,0.654320987654,0.142857142857,0.277350098113,0.111111111111,94,85,9,0,94,0,85,0,9,23,88,0.173913043478,1.68507579377,7.65217391304,7.33333333333,5.5,3.63829000359,0.475458352741,0.249505928854,5.32278271304,1.39118184545,0.672924901186,3.27042079462,0.854769071322,0.442687747036,0.749191304359,0.444603920564,2.5,1.68507579377,0.749191304359,2.5,0.259446613992,0.18878248974,46,0.025974025974,0.333144633145,23,23,23,1,0,0.478260869565,0.217391304348,0.304347826087,23,0.156126482213,1.6921230943,6.86956521739,6.58333333333,4.9375,3.42854790129,0.499092416011,0.269675288938,4.85073646664,1.41223973079,0.680242157402,3.10170168773,0.903027073644,0.479911942763,0.80170513135,0.473786531282,3,1.6921230943,0.80170513135,3,0.183552954982,0.156829679595,31,0.0175042348955,0.290695920241,23,23,23,1,0,0.478260869565,0.217391304348,0.304347826087,23,80,0.158102766798,1.69607566347,6.95652173913,6.66666666667,5,3.45724878624,0.496979513022,0.266847826087,4.91629540145,1.41343492792,0.68152173913,3.11695605034,0.896124864473,0.473913043478,0.803514081606,0.473748959975,3,1.69607566347,0.803514081606,3,0.180378351807,0.152960526316,31,0.0175042348955,0.291742096288,23,23,23,1,0,0.478260869565,0.217391304348,0.304347826087,-8,-0.0158102766798,0.0109998696955,-0.695652173913,-0.666666666667,-0.5,-0.181041217346,0.0215211602806,0.0173418972332,-0.406487311595,0.022253082462,0.00859683794466,-0.153464744283,0.0413557931509,0.0312252964427,0.0543227772475,0.0291450394106,0.5,0.0109998696955,0.0543227772475,0.5,-0.0790682621851,-0.0358219634243,-15,-0.00846979107849,-0.0414025368571,0,0,0,80,0,8,418,0.909090909091,1,0,0.0909090909091,1,0.909090909091,0.952380952381,0.944467458064,0.909090909091,0.909090909091,1,9,0,10,4,10
577,WLNM_dir_neg_kfold,0.759259259259,0.461904761905,00:00:02,10,90,5,16350,threshold_sweep,0.1,1,0.222222222222,0.363636363636,2,0,7,18,0.222222222222,1,0,0.777777777778,1,0.222222222222,0.363636363636,0.740740740741,0.641975308642,0.275862068966,0.4,0.222222222222,94,85,9,0,94,0,85,0,9,23,88,0.173913043478,1.68507579377,7.65217391304,7.33333333333,5.5,3.63829000359,0.475458352741,0.249505928854,5.32278271304,1.39118184545,0.672924901186,3.27042079462,0.854769071322,0.442687747036,0.749191304359,0.444603920564,2.5,1.68507579377,0.749191304359,2.5,0.259446613992,0.18878248974,46,0.025974025974,0.333144633145,23,23,23,1,0,0.478260869565,0.217391304348,0.304347826087,23,0.156126482213,1.6921230943,6.86956521739,6.58333333333,4.9375,3.42854790129,0.499092416011,0.269675288938,4.85073646664,1.41223973079,0.680242157402,3.10170168773,0.903027073644,0.479911942763,0.80170513135,0.473786531282,3,1.6921230943,0.80170513135,3,0.183552954982,0.156829679595,31,0.0175042348955,0.290695920241,23,23,23,1,0,0.478260869565,0.217391304348,0.304347826087,23,81,0.160079051383,1.67433653303,7.04347826087,6.75,5.0625,3.37744202386,0.479513373757,0.257112184648,4.89776911384,1.39072456319,0.676328502415,3.14598684066,0.893304905371,0.469135802469,0.742819366386,0.443649978204,2.5,1.67433653303,0.742819366386,2.5,0.263521327158,0.156097560976,32,0.0180688876341,0.308271021907,23,23,23,1,0,0.478260869565,0.217391304348,0.304347826087,-7,-0.0138339920949,-0.0107392607393,-0.608695652174,-0.583333333333,-0.4375,-0.260847979731,0.00405502101586,0.00760625579466,-0.425013599203,-0.000457282265317,0.00340360122969,-0.124433953969,0.0385358340491,0.0264480554336,-0.00637193797274,-0.000953942360206,0,-0.0107392607393,-0.00637193797274,0,0.00407471316562,-0.0326849287645,-14,-0.00790513833992,-0.0248736112372,0,0,0,81,0,7,418,0.920454545455,1,0,0.0795454545455,1,0.920454545455,0.958579881657,0.951469451768,0.920454545455,0.920454545455,2,9,0,10,4,10
578,WLNM_dir_neg_kfold,0.759259259259,0.461904761905,00:00:02,10,90,5,16350,threshold_sweep,0.2,1,0.222222222222,0.363636363636,2,0,7,18,0.222222222222,1,0,0.777777777778,1,0.222222222222,0.363636363636,0.740740740741,0.641975308642,0.275862068966,0.4,0.222222222222,94,85,9,0,94,0,85,0,9,23,88,0.173913043478,1.68507579377,7.65217391304,7.33333333333,5.5,3.63829000359,0.475458352741,0.249505928854,5.32278271304,1.39118184545,0.672924901186,3.27042079462,0.854769071322,0.442687747036,0.749191304359,0.444603920564,2.5,1.68507579377,0.749191304359,2.5,0.259446613992,0.18878248974,46,0.025974025974,0.333144633145,23,23,23,1,0,0.478260869565,0.217391304348,0.304347826087,23,0.156126482213,1.6921230943,6.86956521739,6.58333333333,4.9375,3.42854790129,0.499092416011,0.269675288938,4.85073646664,1.41223973079,0.680242157402,3.10170168773,0.903027073644,0.479911942763,0.80170513135,0.473786531282,3,1.6921230943,0.80170513135,3,0.183552954982,0.156829679595,31,0.0175042348955,0.290695920241,23,23,23,1,0,0.478260869565,0.217391304348,0.304347826087,23,81,0.160079051383,1.67433653303,7.04347826087,6.75,5.0625,3.37744202386,0.479513373757,0.257112184648,4.89776911384,1.39072456319,0.676328502415,3.14598684066,0.893304905371,0.469135802469,0.742819366386,0.443649978204,2.5,1.67433653303,0.742819366386,2.5,0.263521327158,0.156097560976,32,0.0180688876341,0.308271021907,23,23,23,1,0,0.478260869565,0.217391304348,0.304347826087,-7,-0.0138339920949,-0.0107392607393,-0.608695652174,-0.583333333333,-0.4375,-0.260847979731,0.00405502101586,0.00760625579466,-0.425013599203,-0.000457282265317,0.00340360122969,-0.124433953969,0.0385358340491,0.0264480554336,-0.00637193797274,-0.000953942360206,0,-0.0107392607393,-0.00637193797274,0,0.00407471316562,-0.0326849287645,-14,-0.00790513833992,-0.0248736112372,0,0,0,81,0,7,418,0.920454545455,1,0,0.0795454545455,1,0.920454545455,0.958579881657,0.951469451768,0.920454545455,0.920454545455,2,9,0,10,4,10
579,WLNM_dir_neg_kfold,0.759259259259,0.461904761905,00:00:02,10,90,5,16350,threshold_sweep,0.3,1,0.222222222222,0.363636363636,2,0,7,18,0.222222222222,1,0,0.777777777778,1,0.222222222222,0.363636363636,0.740740740741,0.641975308642,0.275862068966,0.4,0.222222222222,94,85,9,0,94,0,85,0,9,23,88,0.173913043478,1.68507579377,7.65217391304,7.33333333333,5.5,3.63829000359,0.475458352741,0.249505928854,5.32278271304,1.39118184545,0.672924901186,3.27042079462,0.854769071322,0.442687747036,0.749191304359,0.444603920564,2.5,1.68507579377,0.749191304359,2.5,0.259446613992,0.18878248974,46,0.025974025974,0.333144633145,23,23,23,1,0,0.478260869565,0.217391304348,0.304347826087,23,0.156126482213,1.6921230943,6.86956521739,6.58333333333,4.9375,3.42854790129,0.499092416011,0.269675288938,4.85073646664,1.41223973079,0.680242157402,3.10170168773,0.903027073644,0.479911942763,0.80170513135,0.473786531282,3,1.6921230943,0.80170513135,3,0.183552954982,0.156829679595,31,0.0175042348955,0.290695920241,23,23,23,1,0,0.478260869565,0.217391304348,0.304347826087,23,81,0.160079051383,1.67433653303,7.04347826087,6.75,5.0625,3.37744202386,0.479513373757,0.257112184648,4.89776911384,1.39072456319,0.676328502415,3.14598684066,0.893304905371,0.469135802469,0.742819366386,0.443649978204,2.5,1.67433653303,0.742819366386,2.5,0.263521327158,0.156097560976,32,0.0180688876341,0.308271021907,23,23,23,1,0,0.478260869565,0.217391304348,0.304347826087,-7,-0.0138339920949,-0.0107392607393,-0.608695652174,-0.583333333333,-0.4375,-0.260847979731,0.00405502101586,0.00760625579466,-0.425013599203,-0.000457282265317,0.00340360122969,-0.124433953969,0.0385358340491,0.0264480554336,-0.00637193797274,-0.000953942360206,0,-0.0107392607393,-0.00637193797274,0,0.00407471316562,-0.0326849287645,-14,-0.00790513833992,-0.0248736112372,0,0,0,81,0,7,418,0.920454545455,1,0,0.0795454545455,1,0.920454545455,0.958579881657,0.951469451768,0.920454545455,0.920454545455,2,9,0,10,4,10
580,WLNM_dir_neg_kfold,0.759259259259,0.461904761905,00:00:02,10,90,5,16350,threshold_sweep,0.4,1,0.222222222222,0.363636363636,2,0,7,18,0.222222222222,1,0,0.777777777778,1,0.222222222222,0.363636363636,0.740740740741,0.641975308642,0.275862068966,0.4,0.222222222222,94,85,9,0,94,0,85,0,9,23,88,0.173913043478,1.68507579377,7.65217391304,7.33333333333,5.5,3.63829000359,0.475458352741,0.249505928854,5.32278271304,1.39118184545,0.672924901186,3.27042079462,0.854769071322,0.442687747036,0.749191304359,0.444603920564,2.5,1.68507579377,0.749191304359,2.5,0.259446613992,0.18878248974,46,0.025974025974,0.333144633145,23,23,23,1,0,0.478260869565,0.217391304348,0.304347826087,23,0.156126482213,1.6921230943,6.86956521739,6.58333333333,4.9375,3.42854790129,0.499092416011,0.269675288938,4.85073646664,1.41223973079,0.680242157402,3.10170168773,0.903027073644,0.479911942763,0.80170513135,0.473786531282,3,1.6921230943,0.80170513135,3,0.183552954982,0.156829679595,31,0.0175042348955,0.290695920241,23,23,23,1,0,0.478260869565,0.217391304348,0.304347826087,23,81,0.160079051383,1.67433653303,7.04347826087,6.75,5.0625,3.37744202386,0.479513373757,0.257112184648,4.89776911384,1.39072456319,0.676328502415,3.14598684066,0.893304905371,0.469135802469,0.742819366386,0.443649978204,2.5,1.67433653303,0.742819366386,2.5,0.263521327158,0.156097560976,32,0.0180688876341,0.308271021907,23,23,23,1,0,0.478260869565,0.217391304348,0.304347826087,-7,-0.0138339920949,-0.0107392607393,-0.608695652174,-0.583333333333,-0.4375,-0.260847979731,0.00405502101586,0.00760625579466,-0.425013599203,-0.000457282265317,0.00340360122969,-0.124433953969,0.0385358340491,0.0264480554336,-0.00637193797274,-0.000953942360206,0,-0.0107392607393,-0.00637193797274,0,0.00407471316562,-0.0326849287645,-14,-0.00790513833992,-0.0248736112372,0,0,0,81,0,7,418,0.920454545455,1,0,0.0795454545455,1,0.920454545455,0.958579881657,0.951469451768,0.920454545455,0.920454545455,2,9,0,10,4,10
581,WLNM_dir_neg_kfold,0.759259259259,0.461904761905,00:00:02,10,90,5,16350,threshold_sweep,0.5,1,0.222222222222,0.363636363636,2,0,7,18,0.222222222222,1,0,0.777777777778,1,0.222222222222,0.363636363636,0.740740740741,0.641975308642,0.275862068966,0.4,0.222222222222,94,85,9,0,94,0,85,0,9,23,88,0.173913043478,1.68507579377,7.65217391304,7.33333333333,5.5,3.63829000359,0.475458352741,0.249505928854,5.32278271304,1.39118184545,0.672924901186,3.27042079462,0.854769071322,0.442687747036,0.749191304359,0.444603920564,2.5,1.68507579377,0.749191304359,2.5,0.259446613992,0.18878248974,46,0.025974025974,0.333144633145,23,23,23,1,0,0.478260869565,0.217391304348,0.304347826087,23,0.156126482213,1.6921230943,6.86956521739,6.58333333333,4.9375,3.42854790129,0.499092416011,0.269675288938,4.85073646664,1.41223973079,0.680242157402,3.10170168773,0.903027073644,0.479911942763,0.80170513135,0.473786531282,3,1.6921230943,0.80170513135,3,0.183552954982,0.156829679595,31,0.0175042348955,0.290695920241,23,23,23,1,0,0.478260869565,0.217391304348,0.304347826087,23,81,0.160079051383,1.67433653303,7.04347826087,6.75,5.0625,3.37744202386,0.479513373757,0.257112184648,4.89776911384,1.39072456319,0.676328502415,3.14598684066,0.893304905371,0.469135802469,0.742819366386,0.443649978204,2.5,1.67433653303,0.742819366386,2.5,0.263521327158,0.156097560976,32,0.0180688876341,0.308271021907,23,23,23,1,0,0.478260869565,0.217391304348,0.304347826087,-7,-0.0138339920949,-0.0107392607393,-0.608695652174,-0.583333333333,-0.4375,-0.260847979731,0.00405502101586,0.00760625579466,-0.425013599203,-0.000457282265317,0.00340360122969,-0.124433953969,0.0385358340491,0.0264480554336,-0.00637193797274,-0.000953942360206,0,-0.0107392607393,-0.00637193797274,0,0.00407471316562,-0.0326849287645,-14,-0.00790513833992,-0.0248736112372,0,0,0,81,0,7,418,0.920454545455,1,0,0.0795454545455,1,0.920454545455,0.958579881657,0.951469451768,0.920454545455,0.920454545455,2,9,0,10,4,10
582,WLNM_dir_neg_kfold,0.759259259259,0.461904761905,00:00:02,10,90,5,16350,threshold_sweep,0.6,1,0.222222222222,0.363636363636,2,0,7,18,0.222222222222,1,0,0.777777777778,1,0.222222222222,0.363636363636,0.740740740741,0.641975308642,0.275862068966,0.4,0.222222222222,94,85,9,0,94,0,85,0,9,23,88,0.173913043478,1.68507579377,7.65217391304,7.33333333333,5.5,3.63829000359,0.475458352741,0.249505928854,5.32278271304,1.39118184545,0.672924901186,3.27042079462,0.854769071322,0.442687747036,0.749191304359,0.444603920564,2.5,1.68507579377,0.749191304359,2.5,0.259446613992,0.18878248974,46,0.025974025974,0.333144633145,23,23,23,1,0,0.478260869565,0.217391304348,0.304347826087,23,0.156126482213,1.6921230943,6.86956521739,6.58333333333,4.9375,3.42854790129,0.499092416011,0.269675288938,4.85073646664,1.41223973079,0.680242157402,3.10170168773,0.903027073644,0.479911942763,0.80170513135,0.473786531282,3,1.6921230943,0.80170513135,3,0.183552954982,0.156829679595,31,0.0175042348955,0.290695920241,23,23,23,1,0,0.478260869565,0.217391304348,0.304347826087,23,81,0.160079051383,1.67433653303,7.04347826087,6.75,5.0625,3.37744202386,0.479513373757,0.257112184648,4.89776911384,1.39072456319,0.676328502415,3.14598684066,0.893304905371,0.469135802469,0.742819366386,0.443649978204,2.5,1.67433653303,0.742819366386,2.5,0.263521327158,0.156097560976,32,0.0180688876341,0.308271021907,23,23,23,1,0,0.478260869565,0.217391304348,0.304347826087,-7,-0.0138339920949,-0.0107392607393,-0.608695652174,-0.583333333333,-0.4375,-0.260847979731,0.00405502101586,0.00760625579466,-0.425013599203,-0.000457282265317,0.00340360122969,-0.124433953969,0.0385358340491,0.0264480554336,-0.00637193797274,-0.000953942360206,0,-0.0107392607393,-0.00637193797274,0,0.00407471316562,-0.0326849287645,-14,-0.00790513833992,-0.0248736112372,0,0,0,81,0,7,418,0.920454545455,1,0,0.0795454545455,1,0.920454545455,0.958579881657,0.951469451768,0.920454545455,0.920454545455,2,9,0,10,4,10
583,WLNM_dir_neg_kfold,0.759259259259,0.461904761905,00:00:02,10,90,5,16350,threshold_sweep,0.7,1,0.222222222222,0.363636363636,2,0,7,18,0.222222222222,1,0,0.777777777778,1,0.222222222222,0.363636363636,0.740740740741,0.641975308642,0.275862068966,0.4,0.222222222222,94,85,9,0,94,0,85,0,9,23,88,0.173913043478,1.68507579377,7.65217391304,7.33333333333,5.5,3.63829000359,0.475458352741,0.249505928854,5.32278271304,1.39118184545,0.672924901186,3.27042079462,0.854769071322,0.442687747036,0.749191304359,0.444603920564,2.5,1.68507579377,0.749191304359,2.5,0.259446613992,0.18878248974,46,0.025974025974,0.333144633145,23,23,23,1,0,0.478260869565,0.217391304348,0.304347826087,23,0.156126482213,1.6921230943,6.86956521739,6.58333333333,4.9375,3.42854790129,0.499092416011,0.269675288938,4.85073646664,1.41223973079,0.680242157402,3.10170168773,0.903027073644,0.479911942763,0.80170513135,0.473786531282,3,1.6921230943,0.80170513135,3,0.183552954982,0.156829679595,31,0.0175042348955,0.290695920241,23,23,23,1,0,0.478260869565,0.217391304348,0.304347826087,23,81,0.160079051383,1.67433653303,7.04347826087,6.75,5.0625,3.37744202386,0.479513373757,0.257112184648,4.89776911384,1.39072456319,0.676328502415,3.14598684066,0.893304905371,0.469135802469,0.742819366386,0.443649978204,2.5,1.67433653303,0.742819366386,2.5,0.263521327158,0.156097560976,32,0.0180688876341,0.308271021907,23,23,23,1,0,0.478260869565,0.217391304348,0.304347826087,-7,-0.0138339920949,-0.0107392607393,-0.608695652174,-0.583333333333,-0.4375,-0.260847979731,0.00405502101586,0.00760625579466,-0.425013599203,-0.000457282265317,0.00340360122969,-0.124433953969,0.0385358340491,0.0264480554336,-0.00637193797274,-0.000953942360206,0,-0.0107392607393,-0.00637193797274,0,0.00407471316562,-0.0326849287645,-14,-0.00790513833992,-0.0248736112372,0,0,0,81,0,7,418,0.920454545455,1,0,0.0795454545455,1,0.920454545455,0.958579881657,0.951469451768,0.920454545455,0.920454545455,2,9,0,10,4,10
584,WLNM_dir_neg_kfold,0.759259259259,0.461904761905,00:00:02,10,90,5,16350,threshold_sweep,0.8,1,0.222222222222,0.363636363636,2,0,7,18,0.222222222222,1,0,0.777777777778,1,0.222222222222,0.363636363636,0.740740740741,0.641975308642,0.275862068966,0.4,0.222222222222,94,85,9,0,94,0,85,0,9,23,88,0.173913043478,1.68507579377,7.65217391304,7.33333333333,5.5,3.63829000359,0.475458352741,0.249505928854,5.32278271304,1.39118184545,0.672924901186,3.27042079462,0.854769071322,0.442687747036,0.749191304359,0.444603920564,2.5,1.68507579377,0.749191304359,2.5,0.259446613992,0.18878248974,46,0.025974025974,0.333144633145,23,23,23,1,0,0.478260869565,0.217391304348,0.304347826087,23,0.156126482213,1.6921230943,6.86956521739,6.58333333333,4.9375,3.42854790129,0.499092416011,0.269675288938,4.85073646664,1.41223973079,0.680242157402,3.10170168773,0.903027073644,0.479911942763,0.80170513135,0.473786531282,3,1.6921230943,0.80170513135,3,0.183552954982,0.156829679595,31,0.0175042348955,0.290695920241,23,23,23,1,0,0.478260869565,0.217391304348,0.304347826087,23,81,0.160079051383,1.67433653303,7.04347826087,6.75,5.0625,3.37744202386,0.479513373757,0.257112184648,4.89776911384,1.39072456319,0.676328502415,3.14598684066,0.893304905371,0.469135802469,0.742819366386,0.443649978204,2.5,1.67433653303,0.742819366386,2.5,0.263521327158,0.156097560976,32,0.0180688876341,0.308271021907,23,23,23,1,0,0.478260869565,0.217391304348,0.304347826087,-7,-0.0138339920949,-0.0107392607393,-0.608695652174,-0.583333333333,-0.4375,-0.260847979731,0.00405502101586,0.00760625579466,-0.425013599203,-0.000457282265317,0.00340360122969,-0.124433953969,0.0385358340491,0.0264480554336,-0.00637193797274,-0.000953942360206,0,-0.0107392607393,-0.00637193797274,0,0.00407471316562,-0.0326849287645,-14,-0.00790513833992,-0.0248736112372,0,0,0,81,0,7,418,0.920454545455,1,0,0.0795454545455,1,0.920454545455,0.958579881657,0.951469451768,0.920454545455,0.920454545455,2,9,0,10,4,10
585,WLNM_dir_neg_kfold,0.759259259259,0.461904761905,00:00:02,10,90,5,16350,threshold_sweep,0.9,1,0.222222222222,0.363636363636,2,0,7,18,0.222222222222,1,0,0.777777777778,1,0.222222222222,0.363636363636,0.740740740741,0.641975308642,0.275862068966,0.4,0.222222222222,94,85,9,0,94,0,85,0,9,23,88,0.173913043478,1.68507579377,7.65217391304,7.33333333333,5.5,3.63829000359,0.475458352741,0.249505928854,5.32278271304,1.39118184545,0.672924901186,3.27042079462,0.854769071322,0.442687747036,0.749191304359,0.444603920564,2.5,1.68507579377,0.749191304359,2.5,0.259446613992,0.18878248974,46,0.025974025974,0.333144633145,23,23,23,1,0,0.478260869565,0.217391304348,0.304347826087,23,0.156126482213,1.6921230943,6.86956521739,6.58333333333,4.9375,3.42854790129,0.499092416011,0.269675288938,4.85073646664,1.41223973079,0.680242157402,3.10170168773,0.903027073644,0.479911942763,0.80170513135,0.473786531282,3,1.6921230943,0.80170513135,3,0.183552954982,0.156829679595,31,0.0175042348955,0.290695920241,23,23,23,1,0,0.478260869565,0.217391304348,0.304347826087,23,81,0.160079051383,1.67433653303,7.04347826087,6.75,5.0625,3.37744202386,0.479513373757,0.257112184648,4.89776911384,1.39072456319,0.676328502415,3.14598684066,0.893304905371,0.469135802469,0.742819366386,0.443649978204,2.5,1.67433653303,0.742819366386,2.5,0.263521327158,0.156097560976,32,0.0180688876341,0.308271021907,23,23,23,1,0,0.478260869565,0.217391304348,0.304347826087,-7,-0.0138339920949,-0.0107392607393,-0.608695652174,-0.583333333333,-0.4375,-0.260847979731,0.00405502101586,0.00760625579466,-0.425013599203,-0.000457282265317,0.00340360122969,-0.124433953969,0.0385358340491,0.0264480554336,-0.00637193797274,-0.000953942360206,0,-0.0107392607393,-0.00637193797274,0,0.00407471316562,-0.0326849287645,-14,-0.00790513833992,-0.0248736112372,0,0,0,81,0,7,418,0.920454545455,1,0,0.0795454545455,1,0.920454545455,0.958579881657,0.951469451768,0.920454545455,0.920454545455,2,9,0,10,4,10
586,WLNM_dir_neg_kfold,0.944444444444,0.805555555556,00:00:01,10,90,6,16351,threshold_sweep,0.1,1,0.333333333333,0.5,3,0,6,18,0.333333333333,1,0,0.666666666667,1,0.333333333333,0.5,0.777777777778,0.62962962963,0.4,0.5,0.333333333333,94,85,9,0,94,0,85,0,9,23,88,0.173913043478,1.68507579377,7.65217391304,7.33333333333,5.5,3.63829000359,0.475458352741,0.249505928854,5.32278271304,1.39118184545,0.672924901186,3.27042079462,0.854769071322,0.442687747036,0.749191304359,0.444603920564,2.5,1.68507579377,0.749191304359,2.5,0.259446613992,0.18878248974,46,0.025974025974,0.333144633145,23,23,23,1,0,0.478260869565,0.217391304348,0.304347826087,23,0.156126482213,1.6921230943,6.86956521739,6.58333333333,4.9375,3.42854790129,0.499092416011,0.269675288938,4.85073646664,1.41223973079,0.680242157402,3.10170168773,0.903027073644,0.479911942763,0.80170513135,0.473786531282,3,1.6921230943,0.80170513135,3,0.183552954982,0.156829679595,31,0.0175042348955,0.290695920241,23,23,23,1,0,0.478260869565,0.217391304348,0.304347826087,23,82,0.162055335968,1.67825381141,7.13043478261,6.83333333333,5.125,3.50719193329,0.491862283327,0.264050901379,4.97106250721,1.39432241056,0.67868504772,3.11632194271,0.874090301003,0.462354188759,0.745368670593,0.444133459151,2.5,1.67825381141,0.745368670593,2.5,0.297057487967,0.197492163009,42,0.0237154150198,0.304336572518,23,23,23,1,0,0.478260869565,0.217391304348,0.304347826087,-6,-0.0118577075099,-0.00682198236546,-0.521739130435,-0.5,-0.375,-0.131098070299,0.0164039305855,0.0145449725248,-0.351720205833,0.00314056510441,0.00576014653427,-0.154098851918,0.0193212296807,0.0196664417237,-0.00382263376627,-0.000470461413644,0,-0.00682198236546,-0.00382263376627,0,0.0376108739745,0.00870967326932,-4,-0.00225861095426,-0.0288080606262,0,0,0,82,0,6,418,0.931818181818,1,0,0.0681818181818,1,0.931818181818,0.964705882353,0.958452959446,0.931818181818,0.931818181818,3,9,0,10,4,10
587,WLNM_dir_neg_kfold,0.944444444444,0.805555555556,00:00:01,10,90,6,16351,threshold_sweep,0.2,1,0.333333333333,0.5,3,0,6,18,0.333333333333,1,0,0.666666666667,1,0.333333333333,0.5,0.777777777778,0.62962962963,0.4,0.5,0.333333333333,94,85,9,0,94,0,85,0,9,23,88,0.173913043478,1.68507579377,7.65217391304,7.33333333333,5.5,3.63829000359,0.475458352741,0.249505928854,5.32278271304,1.39118184545,0.672924901186,3.27042079462,0.854769071322,0.442687747036,0.749191304359,0.444603920564,2.5,1.68507579377,0.749191304359,2.5,0.259446613992,0.18878248974,46,0.025974025974,0.333144633145,23,23,23,1,0,0.478260869565,0.217391304348,0.304347826087,23,0.156126482213,1.6921230943,6.86956521739,6.58333333333,4.9375,3.42854790129,0.499092416011,0.269675288938,4.85073646664,1.41223973079,0.680242157402,3.10170168773,0.903027073644,0.479911942763,0.80170513135,0.473786531282,3,1.6921230943,0.80170513135,3,0.183552954982,0.156829679595,31,0.0175042348955,0.290695920241,23,23,23,1,0,0.478260869565,0.217391304348,0.304347826087,23,82,0.162055335968,1.67825381141,7.13043478261,6.83333333333,5.125,3.50719193329,0.491862283327,0.264050901379,4.97106250721,1.39432241056,0.67868504772,3.11632194271,0.874090301003,0.462354188759,0.745368670593,0.444133459151,2.5,1.67825381141,0.745368670593,2.5,0.297057487967,0.197492163009,42,0.0237154150198,0.304336572518,23,23,23,1,0,0.478260869565,0.217391304348,0.304347826087,-6,-0.0118577075099,-0.00682198236546,-0.521739130435,-0.5,-0.375,-0.131098070299,0.0164039305855,0.0145449725248,-0.351720205833,0.00314056510441,0.00576014653427,-0.154098851918,0.0193212296807,0.0196664417237,-0.00382263376627,-0.000470461413644,0,-0.00682198236546,-0.00382263376627,0,0.0376108739745,0.00870967326932,-4,-0.00225861095426,-0.0288080606262,0,0,0,82,0,6,418,0.931818181818,1,0,0.0681818181818,1,0.931818181818,0.964705882353,0.958452959446,0.931818181818,0.931818181818,3,9,0,10,4,10
588,WLNM_dir_neg_kfold,0.944444444444,0.805555555556,00:00:01,10,90,6,16351,threshold_sweep,0.3,1,0.333333333333,0.5,3,0,6,18,0.333333333333,1,0,0.666666666667,1,0.333333333333,0.5,0.777777777778,0.62962962963,0.4,0.5,0.333333333333,94,85,9,0,94,0,85,0,9,23,88,0.173913043478,1.68507579377,7.65217391304,7.33333333333,5.5,3.63829000359,0.475458352741,0.249505928854,5.32278271304,1.39118184545,0.672924901186,3.27042079462,0.854769071322,0.442687747036,0.749191304359,0.444603920564,2.5,1.68507579377,0.749191304359,2.5,0.259446613992,0.18878248974,46,0.025974025974,0.333144633145,23,23,23,1,0,0.478260869565,0.217391304348,0.304347826087,23,0.156126482213,1.6921230943,6.86956521739,6.58333333333,4.9375,3.42854790129,0.499092416011,0.269675288938,4.85073646664,1.41223973079,0.680242157402,3.10170168773,0.903027073644,0.479911942763,0.80170513135,0.473786531282,3,1.6921230943,0.80170513135,3,0.183552954982,0.156829679595,31,0.0175042348955,0.290695920241,23,23,23,1,0,0.478260869565,0.217391304348,0.304347826087,23,82,0.162055335968,1.67825381141,7.13043478261,6.83333333333,5.125,3.50719193329,0.491862283327,0.264050901379,4.97106250721,1.39432241056,0.67868504772,3.11632194271,0.874090301003,0.462354188759,0.745368670593,0.444133459151,2.5,1.67825381141,0.745368670593,2.5,0.297057487967,0.197492163009,42,0.0237154150198,0.304336572518,23,23,23,1,0,0.478260869565,0.217391304348,0.304347826087,-6,-0.0118577075099,-0.00682198236546,-0.521739130435,-0.5,-0.375,-0.131098070299,0.0164039305855,0.0145449725248,-0.351720205833,0.00314056510441,0.00576014653427,-0.154098851918,0.0193212296807,0.0196664417237,-0.00382263376627,-0.000470461413644,0,-0.00682198236546,-0.00382263376627,0,0.0376108739745,0.00870967326932,-4,-0.00225861095426,-0.0288080606262,0,0,0,82,0,6,418,0.931818181818,1,0,0.0681818181818,1,0.931818181818,0.964705882353,0.958452959446,0.931818181818,0.931818181818,3,9,0,10,4,10
589,WLNM_dir_neg_kfold,0.944444444444,0.805555555556,00:00:01,10,90,6,16351,threshold_sweep,0.4,1,0.333333333333,0.5,3,0,6,18,0.333333333333,1,0,0.666666666667,1,0.333333333333,0.5,0.777777777778,0.62962962963,0.4,0.5,0.333333333333,94,85,9,0,94,0,85,0,9,23,88,0.173913043478,1.68507579377,7.65217391304,7.33333333333,5.5,3.63829000359,0.475458352741,0.249505928854,5.32278271304,1.39118184545,0.672924901186,3.27042079462,0.854769071322,0.442687747036,0.749191304359,0.444603920564,2.5,1.68507579377,0.749191304359,2.5,0.259446613992,0.18878248974,46,0.025974025974,0.333144633145,23,23,23,1,0,0.478260869565,0.217391304348,0.304347826087,23,0.156126482213,1.6921230943,6.86956521739,6.58333333333,4.9375,3.42854790129,0.499092416011,0.269675288938,4.85073646664,1.41223973079,0.680242157402,3.10170168773,0.903027073644,0.479911942763,0.80170513135,0.473786531282,3,1.6921230943,0.80170513135,3,0.183552954982,0.156829679595,31,0.0175042348955,0.290695920241,23,23,23,1,0,0.478260869565,0.217391304348,0.304347826087,23,82,0.162055335968,1.67825381141,7.13043478261,6.83333333333,5.125,3.50719193329,0.491862283327,0.264050901379,4.97106250721,1.39432241056,0.67868504772,3.11632194271,0.874090301003,0.462354188759,0.745368670593,0.444133459151,2.5,1.67825381141,0.745368670593,2.5,0.297057487967,0.197492163009,42,0.0237154150198,0.304336572518,23,23,23,1,0,0.478260869565,0.217391304348,0.304347826087,-6,-0.0118577075099,-0.00682198236546,-0.521739130435,-0.5,-0.375,-0.131098070299,0.0164039305855,0.0145449725248,-0.351720205833,0.00314056510441,0.00576014653427,-0.154098851918,0.0193212296807,0.0196664417237,-0.00382263376627,-0.000470461413644,0,-0.00682198236546,-0.00382263376627,0,0.0376108739745,0.00870967326932,-4,-0.00225861095426,-0.0288080606262,0,0,0,82,0,6,418,0.931818181818,1,0,0.0681818181818,1,0.931818181818,0.964705882353,0.958452959446,0.931818181818,0.931818181818,3,9,0,10,4,10
590,WLNM_dir_neg_kfold,0.944444444444,0.805555555556,00:00:01,10,90,6,16351,threshold_sweep,0.5,1,0.333333333333,0.5,3,0,6,18,0.333333333333,1,0,0.666666666667,1,0.333333333333,0.5,0.777777777778,0.62962962963,0.4,0.5,0.333333333333,94,85,9,0,94,0,85,0,9,23,88,0.173913043478,1.68507579377,7.65217391304,7.33333333333,5.5,3.63829000359,0.475458352741,0.249505928854,5.32278271304,1.39118184545,0.672924901186,3.27042079462,0.854769071322,0.442687747036,0.749191304359,0.444603920564,2.5,1.68507579377,0.749191304359,2.5,0.259446613992,0.18878248974,46,0.025974025974,0.333144633145,23,23,23,1,0,0.478260869565,0.217391304348,0.304347826087,23,0.156126482213,1.6921230943,6.86956521739,6.58333333333,4.9375,3.42854790129,0.499092416011,0.269675288938,4.85073646664,1.41223973079,0.680242157402,3.10170168773,0.903027073644,0.479911942763,0.80170513135,0.473786531282,3,1.6921230943,0.80170513135,3,0.183552954982,0.156829679595,31,0.0175042348955,0.290695920241,23,23,23,1,0,0.478260869565,0.217391304348,0.304347826087,23,82,0.162055335968,1.67825381141,7.13043478261,6.83333333333,5.125,3.50719193329,0.491862283327,0.264050901379,4.97106250721,1.39432241056,0.67868504772,3.11632194271,0.874090301003,0.462354188759,0.745368670593,0.444133459151,2.5,1.67825381141,0.745368670593,2.5,0.297057487967,0.197492163009,42,0.0237154150198,0.304336572518,23,23,23,1,0,0.478260869565,0.217391304348,0.304347826087,-6,-0.0118577075099,-0.00682198236546,-0.521739130435,-0.5,-0.375,-0.131098070299,0.0164039305855,0.0145449725248,-0.351720205833,0.00314056510441,0.00576014653427,-0.154098851918,0.0193212296807,0.0196664417237,-0.00382263376627,-0.000470461413644,0,-0.00682198236546,-0.00382263376627,0,0.0376108739745,0.00870967326932,-4,-0.00225861095426,-0.0288080606262,0,0,0,82,0,6,418,0.931818181818,1,0,0.0681818181818,1,0.931818181818,0.964705882353,0.958452959446,0.931818181818,0.931818181818,3,9,0,10,4,10
591,WLNM_dir_neg_kfold,0.944444444444,0.805555555556,00:00:01,10,90,6,16351,threshold_sweep,0.6,1,0.333333333333,0.5,3,0,6,18,0.333333333333,1,0,0.666666666667,1,0.333333333333,0.5,0.777777777778,0.62962962963,0.4,0.5,0.333333333333,94,85,9,0,94,0,85,0,9,23,88,0.173913043478,1.68507579377,7.65217391304,7.33333333333,5.5,3.63829000359,0.475458352741,0.249505928854,5.32278271304,1.39118184545,0.672924901186,3.27042079462,0.854769071322,0.442687747036,0.749191304359,0.444603920564,2.5,1.68507579377,0.749191304359,2.5,0.259446613992,0.18878248974,46,0.025974025974,0.333144633145,23,23,23,1,0,0.478260869565,0.217391304348,0.304347826087,23,0.156126482213,1.6921230943,6.86956521739,6.58333333333,4.9375,3.42854790129,0.499092416011,0.269675288938,4.85073646664,1.41223973079,0.680242157402,3.10170168773,0.903027073644,0.479911942763,0.80170513135,0.473786531282,3,1.6921230943,0.80170513135,3,0.183552954982,0.156829679595,31,0.0175042348955,0.290695920241,23,23,23,1,0,0.478260869565,0.217391304348,0.304347826087,23,82,0.162055335968,1.67825381141,7.13043478261,6.83333333333,5.125,3.50719193329,0.491862283327,0.264050901379,4.97106250721,1.39432241056,0.67868504772,3.11632194271,0.874090301003,0.462354188759,0.745368670593,0.444133459151,2.5,1.67825381141,0.745368670593,2.5,0.297057487967,0.197492163009,42,0.0237154150198,0.304336572518,23,23,23,1,0,0.478260869565,0.217391304348,0.304347826087,-6,-0.0118577075099,-0.00682198236546,-0.521739130435,-0.5,-0.375,-0.131098070299,0.0164039305855,0.0145449725248,-0.351720205833,0.00314056510441,0.00576014653427,-0.154098851918,0.0193212296807,0.0196664417237,-0.00382263376627,-0.000470461413644,0,-0.00682198236546,-0.00382263376627,0,0.0376108739745,0.00870967326932,-4,-0.00225861095426,-0.0288080606262,0,0,0,82,0,6,418,0.931818181818,1,0,0.0681818181818,1,0.931818181818,0.964705882353,0.958452959446,0.931818181818,0.931818181818,3,9,0,10,4,10
592,WLNM_dir_neg_kfold,0.944444444444,0.805555555556,00:00:01,10,90,6,16351,threshold_sweep,0.7,1,0.333333333333,0.5,3,0,6,18,0.333333333333,1,0,0.666666666667,1,0.333333333333,0.5,0.777777777778,0.62962962963,0.4,0.5,0.333333333333,94,85,9,0,94,0,85,0,9,23,88,0.173913043478,1.68507579377,7.65217391304,7.33333333333,5.5,3.63829000359,0.475458352741,0.249505928854,5.32278271304,1.39118184545,0.672924901186,3.27042079462,0.854769071322,0.442687747036,0.749191304359,0.444603920564,2.5,1.68507579377,0.749191304359,2.5,0.259446613992,0.18878248974,46,0.025974025974,0.333144633145,23,23,23,1,0,0.478260869565,0.217391304348,0.304347826087,23,0.156126482213,1.6921230943,6.86956521739,6.58333333333,4.9375,3.42854790129,0.499092416011,0.269675288938,4.85073646664,1.41223973079,0.680242157402,3.10170168773,0.903027073644,0.479911942763,0.80170513135,0.473786531282,3,1.6921230943,0.80170513135,3,0.183552954982,0.156829679595,31,0.0175042348955,0.290695920241,23,23,23,1,0,0.478260869565,0.217391304348,0.304347826087,23,82,0.162055335968,1.67825381141,7.13043478261,6.83333333333,5.125,3.50719193329,0.491862283327,0.264050901379,4.97106250721,1.39432241056,0.67868504772,3.11632194271,0.874090301003,0.462354188759,0.745368670593,0.444133459151,2.5,1.67825381141,0.745368670593,2.5,0.297057487967,0.197492163009,42,0.0237154150198,0.304336572518,23,23,23,1,0,0.478260869565,0.217391304348,0.304347826087,-6,-0.0118577075099,-0.00682198236546,-0.521739130435,-0.5,-0.375,-0.131098070299,0.0164039305855,0.0145449725248,-0.351720205833,0.00314056510441,0.00576014653427,-0.154098851918,0.0193212296807,0.0196664417237,-0.00382263376627,-0.000470461413644,0,-0.00682198236546,-0.00382263376627,0,0.0376108739745,0.00870967326932,-4,-0.00225861095426,-0.0288080606262,0,0,0,82,0,6,418,0.931818181818,1,0,0.0681818181818,1,0.931818181818,0.964705882353,0.958452959446,0.931818181818,0.931818181818,3,9,0,10,4,10
593,WLNM_dir_neg_kfold,0.944444444444,0.805555555556,00:00:01,10,90,6,16351,threshold_sweep,0.8,1,0.333333333333,0.5,3,0,6,18,0.333333333333,1,0,0.666666666667,1,0.333333333333,0.5,0.777777777778,0.62962962963,0.4,0.5,0.333333333333,94,85,9,0,94,0,85,0,9,23,88,0.173913043478,1.68507579377,7.65217391304,7.33333333333,5.5,3.63829000359,0.475458352741,0.249505928854,5.32278271304,1.39118184545,0.672924901186,3.27042079462,0.854769071322,0.442687747036,0.749191304359,0.444603920564,2.5,1.68507579377,0.749191304359,2.5,0.259446613992,0.18878248974,46,0.025974025974,0.333144633145,23,23,23,1,0,0.478260869565,0.217391304348,0.304347826087,23,0.156126482213,1.6921230943,6.86956521739,6.58333333333,4.9375,3.42854790129,0.499092416011,0.269675288938,4.85073646664,1.41223973079,0.680242157402,3.10170168773,0.903027073644,0.479911942763,0.80170513135,0.473786531282,3,1.6921230943,0.80170513135,3,0.183552954982,0.156829679595,31,0.0175042348955,0.290695920241,23,23,23,1,0,0.478260869565,0.217391304348,0.304347826087,23,82,0.162055335968,1.67825381141,7.13043478261,6.83333333333,5.125,3.50719193329,0.491862283327,0.264050901379,4.97106250721,1.39432241056,0.67868504772,3.11632194271,0.874090301003,0.462354188759,0.745368670593,0.444133459151,2.5,1.67825381141,0.745368670593,2.5,0.297057487967,0.197492163009,42,0.0237154150198,0.304336572518,23,23,23,1,0,0.478260869565,0.217391304348,0.304347826087,-6,-0.0118577075099,-0.00682198236546,-0.521739130435,-0.5,-0.375,-0.131098070299,0.0164039305855,0.0145449725248,-0.351720205833,0.00314056510441,0.00576014653427,-0.154098851918,0.0193212296807,0.0196664417237,-0.00382263376627,-0.000470461413644,0,-0.00682198236546,-0.00382263376627,0,0.0376108739745,0.00870967326932,-4,-0.00225861095426,-0.0288080606262,0,0,0,82,0,6,418,0.931818181818,1,0,0.0681818181818,1,0.931818181818,0.964705882353,0.958452959446,0.931818181818,0.931818181818,3,9,0,10,4,10
594,WLNM_dir_neg_kfold,0.944444444444,0.805555555556,00:00:01,10,90,6,16351,threshold_sweep,0.9,1,0.333333333333,0.5,3,0,6,18,0.333333333333,1,0,0.666666666667,1,0.333333333333,0.5,0.777777777778,0.62962962963,0.4,0.5,0.333333333333,94,85,9,0,94,0,85,0,9,23,88,0.173913043478,1.68507579377,7.65217391304,7.33333333333,5.5,3.63829000359,0.475458352741,0.249505928854,5.32278271304,1.39118184545,0.672924901186,3.27042079462,0.854769071322,0.442687747036,0.749191304359,0.444603920564,2.5,1.68507579377,0.749191304359,2.5,0.259446613992,0.18878248974,46,0.025974025974,0.333144633145,23,23,23,1,0,0.478260869565,0.217391304348,0.304347826087,23,0.156126482213,1.6921230943,6.86956521739,6.58333333333,4.9375,3.42854790129,0.499092416011,0.269675288938,4.85073646664,1.41223973079,0.680242157402,3.10170168773,0.903027073644,0.479911942763,0.80170513135,0.473786531282,3,1.6921230943,0.80170513135,3,0.183552954982,0.156829679595,31,0.0175042348955,0.290695920241,23,23,23,1,0,0.478260869565,0.217391304348,0.304347826087,23,82,0.162055335968,1.67825381141,7.13043478261,6.83333333333,5.125,3.50719193329,0.491862283327,0.264050901379,4.97106250721,1.39432241056,0.67868504772,3.11632194271,0.874090301003,0.462354188759,0.745368670593,0.444133459151,2.5,1.67825381141,0.745368670593,2.5,0.297057487967,0.197492163009,42,0.0237154150198,0.304336572518,23,23,23,1,0,0.478260869565,0.217391304348,0.304347826087,-6,-0.0118577075099,-0.00682198236546,-0.521739130435,-0.5,-0.375,-0.131098070299,0.0164039305855,0.0145449725248,-0.351720205833,0.00314056510441,0.00576014653427,-0.154098851918,0.0193212296807,0.0196664417237,-0.00382263376627,-0.000470461413644,0,-0.00682198236546,-0.00382263376627,0,0.0376108739745,0.00870967326932,-4,-0.00225861095426,-0.0288080606262,0,0,0,82,0,6,418,0.931818181818,1,0,0.0681818181818,1,0.931818181818,0.964705882353,0.958452959446,0.931818181818,0.931818181818,3,9,0,10,4,10
595,WLNM_dir_neg_kfold,0.827160493827,0.58946868596,00:00:01,10,90,7,16352,threshold_sweep,0.1,1,0.222222222222,0.363636363636,2,0,7,18,0.222222222222,1,0,0.777777777778,1,0.222222222222,0.363636363636,0.740740740741,0.641975308642,0.275862068966,0.4,0.222222222222,94,85,9,0,94,0,85,0,9,23,88,0.173913043478,1.68507579377,7.65217391304,7.33333333333,5.5,3.63829000359,0.475458352741,0.249505928854,5.32278271304,1.39118184545,0.672924901186,3.27042079462,0.854769071322,0.442687747036,0.749191304359,0.444603920564,2.5,1.68507579377,0.749191304359,2.5,0.259446613992,0.18878248974,46,0.025974025974,0.333144633145,23,23,23,1,0,0.478260869565,0.217391304348,0.304347826087,23,0.156126482213,1.6921230943,6.86956521739,6.58333333333,4.9375,3.42854790129,0.499092416011,0.269675288938,4.85073646664,1.41223973079,0.680242157402,3.10170168773,0.903027073644,0.479911942763,0.80170513135,0.473786531282,3,1.6921230943,0.80170513135,3,0.183552954982,0.156829679595,31,0.0175042348955,0.290695920241,23,23,23,1,0,0.478260869565,0.217391304348,0.304347826087,23,81,0.160079051383,1.67433653303,7.04347826087,6.75,5.0625,3.37744202386,0.479513373757,0.257112184648,4.89776911384,1.39072456319,0.676328502415,3.14598684066,0.893304905371,0.469135802469,0.742819366386,0.443649978204,2.5,1.67433653303,0.742819366386,2.5,0.263521327158,0.156097560976,32,0.0180688876341,0.308271021907,23,23,23,1,0,0.478260869565,0.217391304348,0.304347826087,-7,-0.0138339920949,-0.0107392607393,-0.608695652174,-0.583333333333,-0.4375,-0.260847979731,0.00405502101586,0.00760625579466,-0.425013599203,-0.000457282265317,0.00340360122969,-0.124433953969,0.0385358340491,0.0264480554336,-0.00637193797274,-0.000953942360206,0,-0.0107392607393,-0.00637193797274,0,0.00407471316562,-0.0326849287645,-14,-0.00790513833992,-0.0248736112372,0,0,0,81,0,7,418,0.920454545455,1,0,0.0795454545455,1,0.920454545455,0.958579881657,0.951469451768,0.920454545455,0.920454545455,2,9,0,10,4,10
596,WLNM_dir_neg_kfold,0.827160493827,0.58946868596,00:00:01,10,90,7,16352,threshold_sweep,0.2,1,0.222222222222,0.363636363636,2,0,7,18,0.222222222222,1,0,0.777777777778,1,0.222222222222,0.363636363636,0.740740740741,0.641975308642,0.275862068966,0.4,0.222222222222,94,85,9,0,94,0,85,0,9,23,88,0.173913043478,1.68507579377,7.65217391304,7.33333333333,5.5,3.63829000359,0.475458352741,0.249505928854,5.32278271304,1.39118184545,0.672924901186,3.27042079462,0.854769071322,0.442687747036,0.749191304359,0.444603920564,2.5,1.68507579377,0.749191304359,2.5,0.259446613992,0.18878248974,46,0.025974025974,0.333144633145,23,23,23,1,0,0.478260869565,0.217391304348,0.304347826087,23,0.156126482213,1.6921230943,6.86956521739,6.58333333333,4.9375,3.42854790129,0.499092416011,0.269675288938,4.85073646664,1.41223973079,0.680242157402,3.10170168773,0.903027073644,0.479911942763,0.80170513135,0.473786531282,3,1.6921230943,0.80170513135,3,0.183552954982,0.156829679595,31,0.0175042348955,0.290695920241,23,23,23,1,0,0.478260869565,0.217391304348,0.304347826087,23,81,0.160079051383,1.67433653303,7.04347826087,6.75,5.0625,3.37744202386,0.479513373757,0.257112184648,4.89776911384,1.39072456319,0.676328502415,3.14598684066,0.893304905371,0.469135802469,0.742819366386,0.443649978204,2.5,1.67433653303,0.742819366386,2.5,0.263521327158,0.156097560976,32,0.0180688876341,0.308271021907,23,23,23,1,0,0.478260869565,0.217391304348,0.304347826087,-7,-0.0138339920949,-0.0107392607393,-0.608695652174,-0.583333333333,-0.4375,-0.260847979731,0.00405502101586,0.00760625579466,-0.425013599203,-0.000457282265317,0.00340360122969,-0.124433953969,0.0385358340491,0.0264480554336,-0.00637193797274,-0.000953942360206,0,-0.0107392607393,-0.00637193797274,0,0.00407471316562,-0.0326849287645,-14,-0.00790513833992,-0.0248736112372,0,0,0,81,0,7,418,0.920454545455,1,0,0.0795454545455,1,0.920454545455,0.958579881657,0.951469451768,0.920454545455,0.920454545455,2,9,0,10,4,10
597,WLNM_dir_neg_kfold,0.827160493827,0.58946868596,00:00:01,10,90,7,16352,threshold_sweep,0.3,1,0.222222222222,0.363636363636,2,0,7,18,0.222222222222,1,0,0.777777777778,1,0.222222222222,0.363636363636,0.740740740741,0.641975308642,0.275862068966,0.4,0.222222222222,94,85,9,0,94,0,85,0,9,23,88,0.173913043478,1.68507579377,7.65217391304,7.33333333333,5.5,3.63829000359,0.475458352741,0.249505928854,5.32278271304,1.39118184545,0.672924901186,3.27042079462,0.854769071322,0.442687747036,0.749191304359,0.444603920564,2.5,1.68507579377,0.749191304359,2.5,0.259446613992,0.18878248974,46,0.025974025974,0.333144633145,23,23,23,1,0,0.478260869565,0.217391304348,0.304347826087,23,0.156126482213,1.6921230943,6.86956521739,6.58333333333,4.9375,3.42854790129,0.499092416011,0.269675288938,4.85073646664,1.41223973079,0.680242157402,3.10170168773,0.903027073644,0.479911942763,0.80170513135,0.473786531282,3,1.6921230943,0.80170513135,3,0.183552954982,0.156829679595,31,0.0175042348955,0.290695920241,23,23,23,1,0,0.478260869565,0.217391304348,0.304347826087,23,81,0.160079051383,1.67433653303,7.04347826087,6.75,5.0625,3.37744202386,0.479513373757,0.257112184648,4.89776911384,1.39072456319,0.676328502415,3.14598684066,0.893304905371,0.469135802469,0.742819366386,0.443649978204,2.5,1.67433653303,0.742819366386,2.5,0.263521327158,0.156097560976,32,0.0180688876341,0.308271021907,23,23,23,1,0,0.478260869565,0.217391304348,0.304347826087,-7,-0.0138339920949,-0.0107392607393,-0.608695652174,-0.583333333333,-0.4375,-0.260847979731,0.00405502101586,0.00760625579466,-0.425013599203,-0.000457282265317,0.00340360122969,-0.124433953969,0.0385358340491,0.0264480554336,-0.00637193797274,-0.000953942360206,0,-0.0107392607393,-0.00637193797274,0,0.00407471316562,-0.0326849287645,-14,-0.00790513833992,-0.0248736112372,0,0,0,81,0,7,418,0.920454545455,1,0,0.0795454545455,1,0.920454545455,0.958579881657,0.951469451768,0.920454545455,0.920454545455,2,9,0,10,4,10
598,WLNM_dir_neg_kfold,0.827160493827,0.58946868596,00:00:01,10,90,7,16352,threshold_sweep,0.4,1,0.222222222222,0.363636363636,2,0,7,18,0.222222222222,1,0,0.777777777778,1,0.222222222222,0.363636363636,0.740740740741,0.641975308642,0.275862068966,0.4,0.222222222222,94,85,9,0,94,0,85,0,9,23,88,0.173913043478,1.68507579377,7.65217391304,7.33333333333,5.5,3.63829000359,0.475458352741,0.249505928854,5.32278271304,1.39118184545,0.672924901186,3.27042079462,0.854769071322,0.442687747036,0.749191304359,0.444603920564,2.5,1.68507579377,0.749191304359,2.5,0.259446613992,0.18878248974,46,0.025974025974,0.333144633145,23,23,23,1,0,0.478260869565,0.217391304348,0.304347826087,23,0.156126482213,1.6921230943,6.86956521739,6.58333333333,4.9375,3.42854790129,0.499092416011,0.269675288938,4.85073646664,1.41223973079,0.680242157402,3.10170168773,0.903027073644,0.479911942763,0.80170513135,0.473786531282,3,1.6921230943,0.80170513135,3,0.183552954982,0.156829679595,31,0.0175042348955,0.290695920241,23,23,23,1,0,0.478260869565,0.217391304348,0.304347826087,23,81,0.160079051383,1.67433653303,7.04347826087,6.75,5.0625,3.37744202386,0.479513373757,0.257112184648,4.89776911384,1.39072456319,0.676328502415,3.14598684066,0.893304905371,0.469135802469,0.742819366386,0.443649978204,2.5,1.67433653303,0.742819366386,2.5,0.263521327158,0.156097560976,32,0.0180688876341,0.308271021907,23,23,23,1,0,0.478260869565,0.217391304348,0.304347826087,-7,-0.0138339920949,-0.0107392607393,-0.608695652174,-0.583333333333,-0.4375,-0.260847979731,0.00405502101586,0.00760625579466,-0.425013599203,-0.000457282265317,0.00340360122969,-0.124433953969,0.0385358340491,0.0264480554336,-0.00637193797274,-0.000953942360206,0,-0.0107392607393,-0.00637193797274,0,0.00407471316562,-0.0326849287645,-14,-0.00790513833992,-0.0248736112372,0,0,0,81,0,7,418,0.920454545455,1,0,0.0795454545455,1,0.920454545455,0.958579881657,0.951469451768,0.920454545455,0.920454545455,2,9,0,10,4,10
599,WLNM_dir_neg_kfold,0.827160493827,0.58946868596,00:00:01,10,90,7,16352,threshold_sweep,0.5,1,0.222222222222,0.363636363636,2,0,7,18,0.222222222222,1,0,0.777777777778,1,0.222222222222,0.363636363636,0.740740740741,0.641975308642,0.275862068966,0.4,0.222222222222,94,85,9,0,94,0,85,0,9,23,88,0.173913043478,1.68507579377,7.65217391304,7.33333333333,5.5,3.63829000359,0.475458352741,0.249505928854,5.32278271304,1.39118184545,0.672924901186,3.27042079462,0.854769071322,0.442687747036,0.749191304359,0.444603920564,2.5,1.68507579377,0.749191304359,2.5,0.259446613992,0.18878248974,46,0.025974025974,0.333144633145,23,23,23,1,0,0.478260869565,0.217391304348,0.304347826087,23,0.156126482213,1.6921230943,6.86956521739,6.58333333333,4.9375,3.42854790129,0.499092416011,0.269675288938,4.85073646664,1.41223973079,0.680242157402,3.10170168773,0.903027073644,0.479911942763,0.80170513135,0.473786531282,3,1.6921230943,0.80170513135,3,0.183552954982,0.156829679595,31,0.0175042348955,0.290695920241,23,23,23,1,0,0.478260869565,0.217391304348,0.304347826087,23,81,0.160079051383,1.67433653303,7.04347826087,6.75,5.0625,3.37744202386,0.479513373757,0.257112184648,4.89776911384,1.39072456319,0.676328502415,3.14598684066,0.893304905371,0.469135802469,0.742819366386,0.443649978204,2.5,1.67433653303,0.742819366386,2.5,0.263521327158,0.156097560976,32,0.0180688876341,0.308271021907,23,23,23,1,0,0.478260869565,0.217391304348,0.304347826087,-7,-0.0138339920949,-0.0107392607393,-0.608695652174,-0.583333333333,-0.4375,-0.260847979731,0.00405502101586,0.00760625579466,-0.425013599203,-0.000457282265317,0.00340360122969,-0.124433953969,0.0385358340491,0.0264480554336,-0.00637193797274,-0.000953942360206,0,-0.0107392607393,-0.00637193797274,0,0.00407471316562,-0.0326849287645,-14,-0.00790513833992,-0.0248736112372,0,0,0,81,0,7,418,0.920454545455,1,0,0.0795454545455,1,0.920454545455,0.958579881657,0.951469451768,0.920454545455,0.920454545455,2,9,0,10,4,10
600,WLNM_dir_neg_kfold,0.827160493827,0.58946868596,00:00:01,10,90,7,16352,threshold_sweep,0.6,1,0.222222222222,0.363636363636,2,0,7,18,0.222222222222,1,0,0.777777777778,1,0.222222222222,0.363636363636,0.740740740741,0.641975308642,0.275862068966,0.4,0.222222222222,94,85,9,0,94,0,85,0,9,23,88,0.173913043478,1.68507579377,7.65217391304,7.33333333333,5.5,3.63829000359,0.475458352741,0.249505928854,5.32278271304,1.39118184545,0.672924901186,3.27042079462,0.854769071322,0.442687747036,0.749191304359,0.444603920564,2.5,1.68507579377,0.749191304359,2.5,0.259446613992,0.18878248974,46,0.025974025974,0.333144633145,23,23,23,1,0,0.478260869565,0.217391304348,0.304347826087,23,0.156126482213,1.6921230943,6.86956521739,6.58333333333,4.9375,3.42854790129,0.499092416011,0.269675288938,4.85073646664,1.41223973079,0.680242157402,3.10170168773,0.903027073644,0.479911942763,0.80170513135,0.473786531282,3,1.6921230943,0.80170513135,3,0.183552954982,0.156829679595,31,0.0175042348955,0.290695920241,23,23,23,1,0,0.478260869565,0.217391304348,0.304347826087,23,81,0.160079051383,1.67433653303,7.04347826087,6.75,5.0625,3.37744202386,0.479513373757,0.257112184648,4.89776911384,1.39072456319,0.676328502415,3.14598684066,0.893304905371,0.469135802469,0.742819366386,0.443649978204,2.5,1.67433653303,0.742819366386,2.5,0.263521327158,0.156097560976,32,0.0180688876341,0.308271021907,23,23,23,1,0,0.478260869565,0.217391304348,0.304347826087,-7,-0.0138339920949,-0.0107392607393,-0.608695652174,-0.583333333333,-0.4375,-0.260847979731,0.00405502101586,0.00760625579466,-0.425013599203,-0.000457282265317,0.00340360122969,-0.124433953969,0.0385358340491,0.0264480554336,-0.00637193797274,-0.000953942360206,0,-0.0107392607393,-0.00637193797274,0,0.00407471316562,-0.0326849287645,-14,-0.00790513833992,-0.0248736112372,0,0,0,81,0,7,418,0.920454545455,1,0,0.0795454545455,1,0.920454545455,0.958579881657,0.951469451768,0.920454545455,0.920454545455,2,9,0,10,4,10
601,WLNM_dir_neg_kfold,0.827160493827,0.58946868596,00:00:01,10,90,7,16352,threshold_sweep,0.7,1,0.222222222222,0.363636363636,2,0,7,18,0.222222222222,1,0,0.777777777778,1,0.222222222222,0.363636363636,0.740740740741,0.641975308642,0.275862068966,0.4,0.222222222222,94,85,9,0,94,0,85,0,9,23,88,0.173913043478,1.68507579377,7.65217391304,7.33333333333,5.5,3.63829000359,0.475458352741,0.249505928854,5.32278271304,1.39118184545,0.672924901186,3.27042079462,0.854769071322,0.442687747036,0.749191304359,0.444603920564,2.5,1.68507579377,0.749191304359,2.5,0.259446613992,0.18878248974,46,0.025974025974,0.333144633145,23,23,23,1,0,0.478260869565,0.217391304348,0.304347826087,23,0.156126482213,1.6921230943,6.86956521739,6.58333333333,4.9375,3.42854790129,0.499092416011,0.269675288938,4.85073646664,1.41223973079,0.680242157402,3.10170168773,0.903027073644,0.479911942763,0.80170513135,0.473786531282,3,1.6921230943,0.80170513135,3,0.183552954982,0.156829679595,31,0.0175042348955,0.290695920241,23,23,23,1,0,0.478260869565,0.217391304348,0.304347826087,23,81,0.160079051383,1.67433653303,7.04347826087,6.75,5.0625,3.37744202386,0.479513373757,0.257112184648,4.89776911384,1.39072456319,0.676328502415,3.14598684066,0.893304905371,0.469135802469,0.742819366386,0.443649978204,2.5,1.67433653303,0.742819366386,2.5,0.263521327158,0.156097560976,32,0.0180688876341,0.308271021907,23,23,23,1,0,0.478260869565,0.217391304348,0.304347826087,-7,-0.0138339920949,-0.0107392607393,-0.608695652174,-0.583333333333,-0.4375,-0.260847979731,0.00405502101586,0.00760625579466,-0.425013599203,-0.000457282265317,0.00340360122969,-0.124433953969,0.0385358340491,0.0264480554336,-0.00637193797274,-0.000953942360206,0,-0.0107392607393,-0.00637193797274,0,0.00407471316562,-0.0326849287645,-14,-0.00790513833992,-0.0248736112372,0,0,0,81,0,7,418,0.920454545455,1,0,0.0795454545455,1,0.920454545455,0.958579881657,0.951469451768,0.920454545455,0.920454545455,2,9,0,10,4,10
602,WLNM_dir_neg_kfold,0.827160493827,0.58946868596,00:00:01,10,90,7,16352,threshold_sweep,0.8,1,0.222222222222,0.363636363636,2,0,7,18,0.222222222222,1,0,0.777777777778,1,0.222222222222,0.363636363636,0.740740740741,0.641975308642,0.275862068966,0.4,0.222222222222,94,85,9,0,94,0,85,0,9,23,88,0.173913043478,1.68507579377,7.65217391304,7.33333333333,5.5,3.63829000359,0.475458352741,0.249505928854,5.32278271304,1.39118184545,0.672924901186,3.27042079462,0.854769071322,0.442687747036,0.749191304359,0.444603920564,2.5,1.68507579377,0.749191304359,2.5,0.259446613992,0.18878248974,46,0.025974025974,0.333144633145,23,23,23,1,0,0.478260869565,0.217391304348,0.304347826087,23,0.156126482213,1.6921230943,6.86956521739,6.58333333333,4.9375,3.42854790129,0.499092416011,0.269675288938,4.85073646664,1.41223973079,0.680242157402,3.10170168773,0.903027073644,0.479911942763,0.80170513135,0.473786531282,3,1.6921230943,0.80170513135,3,0.183552954982,0.156829679595,31,0.0175042348955,0.290695920241,23,23,23,1,0,0.478260869565,0.217391304348,0.304347826087,23,81,0.160079051383,1.67433653303,7.04347826087,6.75,5.0625,3.37744202386,0.479513373757,0.257112184648,4.89776911384,1.39072456319,0.676328502415,3.14598684066,0.893304905371,0.469135802469,0.742819366386,0.443649978204,2.5,1.67433653303,0.742819366386,2.5,0.263521327158,0.156097560976,32,0.0180688876341,0.308271021907,23,23,23,1,0,0.478260869565,0.217391304348,0.304347826087,-7,-0.0138339920949,-0.0107392607393,-0.608695652174,-0.583333333333,-0.4375,-0.260847979731,0.00405502101586,0.00760625579466,-0.425013599203,-0.000457282265317,0.00340360122969,-0.124433953969,0.0385358340491,0.0264480554336,-0.00637193797274,-0.000953942360206,0,-0.0107392607393,-0.00637193797274,0,0.00407471316562,-0.0326849287645,-14,-0.00790513833992,-0.0248736112372,0,0,0,81,0,7,418,0.920454545455,1,0,0.0795454545455,1,0.920454545455,0.958579881657,0.951469451768,0.920454545455,0.920454545455,2,9,0,10,4,10
603,WLNM_dir_neg_kfold,0.827160493827,0.58946868596,00:00:01,10,90,7,16352,threshold_sweep,0.9,1,0.222222222222,0.363636363636,2,0,7,18,0.222222222222,1,0,0.777777777778,1,0.222222222222,0.363636363636,0.740740740741,0.641975308642,0.275862068966,0.4,0.222222222222,94,85,9,0,94,0,85,0,9,23,88,0.173913043478,1.68507579377,7.65217391304,7.33333333333,5.5,3.63829000359,0.475458352741,0.249505928854,5.32278271304,1.39118184545,0.672924901186,3.27042079462,0.854769071322,0.442687747036,0.749191304359,0.444603920564,2.5,1.68507579377,0.749191304359,2.5,0.259446613992,0.18878248974,46,0.025974025974,0.333144633145,23,23,23,1,0,0.478260869565,0.217391304348,0.304347826087,23,0.156126482213,1.6921230943,6.86956521739,6.58333333333,4.9375,3.42854790129,0.499092416011,0.269675288938,4.85073646664,1.41223973079,0.680242157402,3.10170168773,0.903027073644,0.479911942763,0.80170513135,0.473786531282,3,1.6921230943,0.80170513135,3,0.183552954982,0.156829679595,31,0.0175042348955,0.290695920241,23,23,23,1,0,0.478260869565,0.217391304348,0.304347826087,23,81,0.160079051383,1.67433653303,7.04347826087,6.75,5.0625,3.37744202386,0.479513373757,0.257112184648,4.89776911384,1.39072456319,0.676328502415,3.14598684066,0.893304905371,0.469135802469,0.742819366386,0.443649978204,2.5,1.67433653303,0.742819366386,2.5,0.263521327158,0.156097560976,32,0.0180688876341,0.308271021907,23,23,23,1,0,0.478260869565,0.217391304348,0.304347826087,-7,-0.0138339920949,-0.0107392607393,-0.608695652174,-0.583333333333,-0.4375,-0.260847979731,0.00405502101586,0.00760625579466,-0.425013599203,-0.000457282265317,0.00340360122969,-0.124433953969,0.0385358340491,0.0264480554336,-0.00637193797274,-0.000953942360206,0,-0.0107392607393,-0.00637193797274,0,0.00407471316562,-0.0326849287645,-14,-0.00790513833992,-0.0248736112372,0,0,0,81,0,7,418,0.920454545455,1,0,0.0795454545455,1,0.920454545455,0.958579881657,0.951469451768,0.920454545455,0.920454545455,2,9,0,10,4,10
604,WLNM_dir_neg_kfold,0.87037037037,0.556695156695,00:00:02,10,90,8,16353,threshold_sweep,0.1,0.666666666667,0.222222222222,0.333333333333,2,1,7,17,0.222222222222,0.944444444444,0.0555555555556,0.777777777778,0.666666666667,0.222222222222,0.333333333333,0.703703703704,0.62962962963,0.2,0.25,0.166666666667,94,85,9,0,94,0,85,0,9,23,88,0.173913043478,1.68507579377,7.65217391304,7.33333333333,5.5,3.63829000359,0.475458352741,0.249505928854,5.32278271304,1.39118184545,0.672924901186,3.27042079462,0.854769071322,0.442687747036,0.749191304359,0.444603920564,2.5,1.68507579377,0.749191304359,2.5,0.259446613992,0.18878248974,46,0.025974025974,0.333144633145,23,23,23,1,0,0.478260869565,0.217391304348,0.304347826087,23,0.156126482213,1.6921230943,6.86956521739,6.58333333333,4.9375,3.42854790129,0.499092416011,0.269675288938,4.85073646664,1.41223973079,0.680242157402,3.10170168773,0.903027073644,0.479911942763,0.80170513135,0.473786531282,3,1.6921230943,0.80170513135,3,0.183552954982,0.156829679595,31,0.0175042348955,0.290695920241,23,23,23,1,0,0.478260869565,0.217391304348,0.304347826087,23,82,0.162055335968,1,7.13043478261,6.30769230769,5.125,3.37510064262,0.473337285246,0.254506892895,4.86944169804,1.36581901286,0.667020148462,3.18841777456,0.894312302621,0.468716861082,0,0,0,NaN,NaN,NaN,0.263521327158,0.156097560976,32,0.0180688876341,0.290098790099,23,23,0,1,2,0.434782608696,0.260869565217,0.304347826087,-6,-0.0118577075099,-0.685075793771,-0.521739130435,-1.02564102564,-0.375,-0.263189360965,-0.00212106749568,0.00500096404126,-0.453341015006,-0.0253628325902,-0.00590475272342,-0.0820030200633,0.0395432312985,0.0260291140461,-0.749191304359,-0.444603920564,-2.5,NaN,NaN,NaN,0.00407471316562,-0.0326849287645,-14,-0.00790513833992,-0.0430458430458,-0.0434782608696,0.0434782608696,0,81,1,7,417,0.920454545455,0.997607655502,0.00239234449761,0.0795454545455,0.987804878049,0.920454545455,0.952941176471,0.944303782253,0.918062200957,0.910112359551,3,9,0,10,4,10
605,WLNM_dir_neg_kfold,0.87037037037,0.556695156695,00:00:02,10,90,8,16353,threshold_sweep,0.2,0.666666666667,0.222222222222,0.333333333333,2,1,7,17,0.222222222222,0.944444444444,0.0555555555556,0.777777777778,0.666666666667,0.222222222222,0.333333333333,0.703703703704,0.62962962963,0.2,0.25,0.166666666667,94,85,9,0,94,0,85,0,9,23,88,0.173913043478,1.68507579377,7.65217391304,7.33333333333,5.5,3.63829000359,0.475458352741,0.249505928854,5.32278271304,1.39118184545,0.672924901186,3.27042079462,0.854769071322,0.442687747036,0.749191304359,0.444603920564,2.5,1.68507579377,0.749191304359,2.5,0.259446613992,0.18878248974,46,0.025974025974,0.333144633145,23,23,23,1,0,0.478260869565,0.217391304348,0.304347826087,23,0.156126482213,1.6921230943,6.86956521739,6.58333333333,4.9375,3.42854790129,0.499092416011,0.269675288938,4.85073646664,1.41223973079,0.680242157402,3.10170168773,0.903027073644,0.479911942763,0.80170513135,0.473786531282,3,1.6921230943,0.80170513135,3,0.183552954982,0.156829679595,31,0.0175042348955,0.290695920241,23,23,23,1,0,0.478260869565,0.217391304348,0.304347826087,23,82,0.162055335968,1,7.13043478261,6.30769230769,5.125,3.37510064262,0.473337285246,0.254506892895,4.86944169804,1.36581901286,0.667020148462,3.18841777456,0.894312302621,0.468716861082,0,0,0,NaN,NaN,NaN,0.263521327158,0.156097560976,32,0.0180688876341,0.290098790099,23,23,0,1,2,0.434782608696,0.260869565217,0.304347826087,-6,-0.0118577075099,-0.685075793771,-0.521739130435,-1.02564102564,-0.375,-0.263189360965,-0.00212106749568,0.00500096404126,-0.453341015006,-0.0253628325902,-0.00590475272342,-0.0820030200633,0.0395432312985,0.0260291140461,-0.749191304359,-0.444603920564,-2.5,NaN,NaN,NaN,0.00407471316562,-0.0326849287645,-14,-0.00790513833992,-0.0430458430458,-0.0434782608696,0.0434782608696,0,81,1,7,417,0.920454545455,0.997607655502,0.00239234449761,0.0795454545455,0.987804878049,0.920454545455,0.952941176471,0.944303782253,0.918062200957,0.910112359551,3,9,0,10,4,10
606,WLNM_dir_neg_kfold,0.87037037037,0.556695156695,00:00:02,10,90,8,16353,threshold_sweep,0.3,0.666666666667,0.222222222222,0.333333333333,2,1,7,17,0.222222222222,0.944444444444,0.0555555555556,0.777777777778,0.666666666667,0.222222222222,0.333333333333,0.703703703704,0.62962962963,0.2,0.25,0.166666666667,94,85,9,0,94,0,85,0,9,23,88,0.173913043478,1.68507579377,7.65217391304,7.33333333333,5.5,3.63829000359,0.475458352741,0.249505928854,5.32278271304,1.39118184545,0.672924901186,3.27042079462,0.854769071322,0.442687747036,0.749191304359,0.444603920564,2.5,1.68507579377,0.749191304359,2.5,0.259446613992,0.18878248974,46,0.025974025974,0.333144633145,23,23,23,1,0,0.478260869565,0.217391304348,0.304347826087,23,0.156126482213,1.6921230943,6.86956521739,6.58333333333,4.9375,3.42854790129,0.499092416011,0.269675288938,4.85073646664,1.41223973079,0.680242157402,3.10170168773,0.903027073644,0.479911942763,0.80170513135,0.473786531282,3,1.6921230943,0.80170513135,3,0.183552954982,0.156829679595,31,0.0175042348955,0.290695920241,23,23,23,1,0,0.478260869565,0.217391304348,0.304347826087,23,82,0.162055335968,1,7.13043478261,6.30769230769,5.125,3.37510064262,0.473337285246,0.254506892895,4.86944169804,1.36581901286,0.667020148462,3.18841777456,0.894312302621,0.468716861082,0,0,0,NaN,NaN,NaN,0.263521327158,0.156097560976,32,0.0180688876341,0.290098790099,23,23,0,1,2,0.434782608696,0.260869565217,0.304347826087,-6,-0.0118577075099,-0.685075793771,-0.521739130435,-1.02564102564,-0.375,-0.263189360965,-0.00212106749568,0.00500096404126,-0.453341015006,-0.0253628325902,-0.00590475272342,-0.0820030200633,0.0395432312985,0.0260291140461,-0.749191304359,-0.444603920564,-2.5,NaN,NaN,NaN,0.00407471316562,-0.0326849287645,-14,-0.00790513833992,-0.0430458430458,-0.0434782608696,0.0434782608696,0,81,1,7,417,0.920454545455,0.997607655502,0.00239234449761,0.0795454545455,0.987804878049,0.920454545455,0.952941176471,0.944303782253,0.918062200957,0.910112359551,3,9,0,10,4,10
607,WLNM_dir_neg_kfold,0.87037037037,0.556695156695,00:00:02,10,90,8,16353,threshold_sweep,0.4,0.666666666667,0.222222222222,0.333333333333,2,1,7,17,0.222222222222,0.944444444444,0.0555555555556,0.777777777778,0.666666666667,0.222222222222,0.333333333333,0.703703703704,0.62962962963,0.2,0.25,0.166666666667,94,85,9,0,94,0,85,0,9,23,88,0.173913043478,1.68507579377,7.65217391304,7.33333333333,5.5,3.63829000359,0.475458352741,0.249505928854,5.32278271304,1.39118184545,0.672924901186,3.27042079462,0.854769071322,0.442687747036,0.749191304359,0.444603920564,2.5,1.68507579377,0.749191304359,2.5,0.259446613992,0.18878248974,46,0.025974025974,0.333144633145,23,23,23,1,0,0.478260869565,0.217391304348,0.304347826087,23,0.156126482213,1.6921230943,6.86956521739,6.58333333333,4.9375,3.42854790129,0.499092416011,0.269675288938,4.85073646664,1.41223973079,0.680242157402,3.10170168773,0.903027073644,0.479911942763,0.80170513135,0.473786531282,3,1.6921230943,0.80170513135,3,0.183552954982,0.156829679595,31,0.0175042348955,0.290695920241,23,23,23,1,0,0.478260869565,0.217391304348,0.304347826087,23,82,0.162055335968,1,7.13043478261,6.30769230769,5.125,3.37510064262,0.473337285246,0.254506892895,4.86944169804,1.36581901286,0.667020148462,3.18841777456,0.894312302621,0.468716861082,0,0,0,NaN,NaN,NaN,0.263521327158,0.156097560976,32,0.0180688876341,0.290098790099,23,23,0,1,2,0.434782608696,0.260869565217,0.304347826087,-6,-0.0118577075099,-0.685075793771,-0.521739130435,-1.02564102564,-0.375,-0.263189360965,-0.00212106749568,0.00500096404126,-0.453341015006,-0.0253628325902,-0.00590475272342,-0.0820030200633,0.0395432312985,0.0260291140461,-0.749191304359,-0.444603920564,-2.5,NaN,NaN,NaN,0.00407471316562,-0.0326849287645,-14,-0.00790513833992,-0.0430458430458,-0.0434782608696,0.0434782608696,0,81,1,7,417,0.920454545455,0.997607655502,0.00239234449761,0.0795454545455,0.987804878049,0.920454545455,0.952941176471,0.944303782253,0.918062200957,0.910112359551,3,9,0,10,4,10
608,WLNM_dir_neg_kfold,0.87037037037,0.556695156695,00:00:02,10,90,8,16353,threshold_sweep,0.5,0.666666666667,0.222222222222,0.333333333333,2,1,7,17,0.222222222222,0.944444444444,0.0555555555556,0.777777777778,0.666666666667,0.222222222222,0.333333333333,0.703703703704,0.62962962963,0.2,0.25,0.166666666667,94,85,9,0,94,0,85,0,9,23,88,0.173913043478,1.68507579377,7.65217391304,7.33333333333,5.5,3.63829000359,0.475458352741,0.249505928854,5.32278271304,1.39118184545,0.672924901186,3.27042079462,0.854769071322,0.442687747036,0.749191304359,0.444603920564,2.5,1.68507579377,0.749191304359,2.5,0.259446613992,0.18878248974,46,0.025974025974,0.333144633145,23,23,23,1,0,0.478260869565,0.217391304348,0.304347826087,23,0.156126482213,1.6921230943,6.86956521739,6.58333333333,4.9375,3.42854790129,0.499092416011,0.269675288938,4.85073646664,1.41223973079,0.680242157402,3.10170168773,0.903027073644,0.479911942763,0.80170513135,0.473786531282,3,1.6921230943,0.80170513135,3,0.183552954982,0.156829679595,31,0.0175042348955,0.290695920241,23,23,23,1,0,0.478260869565,0.217391304348,0.304347826087,23,82,0.162055335968,1,7.13043478261,6.30769230769,5.125,3.37510064262,0.473337285246,0.254506892895,4.86944169804,1.36581901286,0.667020148462,3.18841777456,0.894312302621,0.468716861082,0,0,0,NaN,NaN,NaN,0.263521327158,0.156097560976,32,0.0180688876341,0.290098790099,23,23,0,1,2,0.434782608696,0.260869565217,0.304347826087,-6,-0.0118577075099,-0.685075793771,-0.521739130435,-1.02564102564,-0.375,-0.263189360965,-0.00212106749568,0.00500096404126,-0.453341015006,-0.0253628325902,-0.00590475272342,-0.0820030200633,0.0395432312985,0.0260291140461,-0.749191304359,-0.444603920564,-2.5,NaN,NaN,NaN,0.00407471316562,-0.0326849287645,-14,-0.00790513833992,-0.0430458430458,-0.0434782608696,0.0434782608696,0,81,1,7,417,0.920454545455,0.997607655502,0.00239234449761,0.0795454545455,0.987804878049,0.920454545455,0.952941176471,0.944303782253,0.918062200957,0.910112359551,3,9,0,10,4,10
609,WLNM_dir_neg_kfold,0.87037037037,0.556695156695,00:00:02,10,90,8,16353,threshold_sweep,0.6,0.666666666667,0.222222222222,0.333333333333,2,1,7,17,0.222222222222,0.944444444444,0.0555555555556,0.777777777778,0.666666666667,0.222222222222,0.333333333333,0.703703703704,0.62962962963,0.2,0.25,0.166666666667,94,85,9,0,94,0,85,0,9,23,88,0.173913043478,1.68507579377,7.65217391304,7.33333333333,5.5,3.63829000359,0.475458352741,0.249505928854,5.32278271304,1.39118184545,0.672924901186,3.27042079462,0.854769071322,0.442687747036,0.749191304359,0.444603920564,2.5,1.68507579377,0.749191304359,2.5,0.259446613992,0.18878248974,46,0.025974025974,0.333144633145,23,23,23,1,0,0.478260869565,0.217391304348,0.304347826087,23,0.156126482213,1.6921230943,6.86956521739,6.58333333333,4.9375,3.42854790129,0.499092416011,0.269675288938,4.85073646664,1.41223973079,0.680242157402,3.10170168773,0.903027073644,0.479911942763,0.80170513135,0.473786531282,3,1.6921230943,0.80170513135,3,0.183552954982,0.156829679595,31,0.0175042348955,0.290695920241,23,23,23,1,0,0.478260869565,0.217391304348,0.304347826087,23,82,0.162055335968,1,7.13043478261,6.30769230769,5.125,3.37510064262,0.473337285246,0.254506892895,4.86944169804,1.36581901286,0.667020148462,3.18841777456,0.894312302621,0.468716861082,0,0,0,NaN,NaN,NaN,0.263521327158,0.156097560976,32,0.0180688876341,0.290098790099,23,23,0,1,2,0.434782608696,0.260869565217,0.304347826087,-6,-0.0118577075099,-0.685075793771,-0.521739130435,-1.02564102564,-0.375,-0.263189360965,-0.00212106749568,0.00500096404126,-0.453341015006,-0.0253628325902,-0.00590475272342,-0.0820030200633,0.0395432312985,0.0260291140461,-0.749191304359,-0.444603920564,-2.5,NaN,NaN,NaN,0.00407471316562,-0.0326849287645,-14,-0.00790513833992,-0.0430458430458,-0.0434782608696,0.0434782608696,0,81,1,7,417,0.920454545455,0.997607655502,0.00239234449761,0.0795454545455,0.987804878049,0.920454545455,0.952941176471,0.944303782253,0.918062200957,0.910112359551,3,9,0,10,4,10
610,WLNM_dir_neg_kfold,0.87037037037,0.556695156695,00:00:02,10,90,8,16353,threshold_sweep,0.7,0.666666666667,0.222222222222,0.333333333333,2,1,7,17,0.222222222222,0.944444444444,0.0555555555556,0.777777777778,0.666666666667,0.222222222222,0.333333333333,0.703703703704,0.62962962963,0.2,0.25,0.166666666667,94,85,9,0,94,0,85,0,9,23,88,0.173913043478,1.68507579377,7.65217391304,7.33333333333,5.5,3.63829000359,0.475458352741,0.249505928854,5.32278271304,1.39118184545,0.672924901186,3.27042079462,0.854769071322,0.442687747036,0.749191304359,0.444603920564,2.5,1.68507579377,0.749191304359,2.5,0.259446613992,0.18878248974,46,0.025974025974,0.333144633145,23,23,23,1,0,0.478260869565,0.217391304348,0.304347826087,23,0.156126482213,1.6921230943,6.86956521739,6.58333333333,4.9375,3.42854790129,0.499092416011,0.269675288938,4.85073646664,1.41223973079,0.680242157402,3.10170168773,0.903027073644,0.479911942763,0.80170513135,0.473786531282,3,1.6921230943,0.80170513135,3,0.183552954982,0.156829679595,31,0.0175042348955,0.290695920241,23,23,23,1,0,0.478260869565,0.217391304348,0.304347826087,23,82,0.162055335968,1,7.13043478261,6.30769230769,5.125,3.37510064262,0.473337285246,0.254506892895,4.86944169804,1.36581901286,0.667020148462,3.18841777456,0.894312302621,0.468716861082,0,0,0,NaN,NaN,NaN,0.263521327158,0.156097560976,32,0.0180688876341,0.290098790099,23,23,0,1,2,0.434782608696,0.260869565217,0.304347826087,-6,-0.0118577075099,-0.685075793771,-0.521739130435,-1.02564102564,-0.375,-0.263189360965,-0.00212106749568,0.00500096404126,-0.453341015006,-0.0253628325902,-0.00590475272342,-0.0820030200633,0.0395432312985,0.0260291140461,-0.749191304359,-0.444603920564,-2.5,NaN,NaN,NaN,0.00407471316562,-0.0326849287645,-14,-0.00790513833992,-0.0430458430458,-0.0434782608696,0.0434782608696,0,81,1,7,417,0.920454545455,0.997607655502,0.00239234449761,0.0795454545455,0.987804878049,0.920454545455,0.952941176471,0.944303782253,0.918062200957,0.910112359551,3,9,0,10,4,10
611,WLNM_dir_neg_kfold,0.87037037037,0.556695156695,00:00:02,10,90,8,16353,threshold_sweep,0.8,0.666666666667,0.222222222222,0.333333333333,2,1,7,17,0.222222222222,0.944444444444,0.0555555555556,0.777777777778,0.666666666667,0.222222222222,0.333333333333,0.703703703704,0.62962962963,0.2,0.25,0.166666666667,94,85,9,0,94,0,85,0,9,23,88,0.173913043478,1.68507579377,7.65217391304,7.33333333333,5.5,3.63829000359,0.475458352741,0.249505928854,5.32278271304,1.39118184545,0.672924901186,3.27042079462,0.854769071322,0.442687747036,0.749191304359,0.444603920564,2.5,1.68507579377,0.749191304359,2.5,0.259446613992,0.18878248974,46,0.025974025974,0.333144633145,23,23,23,1,0,0.478260869565,0.217391304348,0.304347826087,23,0.156126482213,1.6921230943,6.86956521739,6.58333333333,4.9375,3.42854790129,0.499092416011,0.269675288938,4.85073646664,1.41223973079,0.680242157402,3.10170168773,0.903027073644,0.479911942763,0.80170513135,0.473786531282,3,1.6921230943,0.80170513135,3,0.183552954982,0.156829679595,31,0.0175042348955,0.290695920241,23,23,23,1,0,0.478260869565,0.217391304348,0.304347826087,23,82,0.162055335968,1,7.13043478261,6.30769230769,5.125,3.37510064262,0.473337285246,0.254506892895,4.86944169804,1.36581901286,0.667020148462,3.18841777456,0.894312302621,0.468716861082,0,0,0,NaN,NaN,NaN,0.263521327158,0.156097560976,32,0.0180688876341,0.290098790099,23,23,0,1,2,0.434782608696,0.260869565217,0.304347826087,-6,-0.0118577075099,-0.685075793771,-0.521739130435,-1.02564102564,-0.375,-0.263189360965,-0.00212106749568,0.00500096404126,-0.453341015006,-0.0253628325902,-0.00590475272342,-0.0820030200633,0.0395432312985,0.0260291140461,-0.749191304359,-0.444603920564,-2.5,NaN,NaN,NaN,0.00407471316562,-0.0326849287645,-14,-0.00790513833992,-0.0430458430458,-0.0434782608696,0.0434782608696,0,81,1,7,417,0.920454545455,0.997607655502,0.00239234449761,0.0795454545455,0.987804878049,0.920454545455,0.952941176471,0.944303782253,0.918062200957,0.910112359551,3,9,0,10,4,10
612,WLNM_dir_neg_kfold,0.87037037037,0.556695156695,00:00:02,10,90,8,16353,threshold_sweep,0.9,0.666666666667,0.222222222222,0.333333333333,2,1,7,17,0.222222222222,0.944444444444,0.0555555555556,0.777777777778,0.666666666667,0.222222222222,0.333333333333,0.703703703704,0.62962962963,0.2,0.25,0.166666666667,94,85,9,0,94,0,85,0,9,23,88,0.173913043478,1.68507579377,7.65217391304,7.33333333333,5.5,3.63829000359,0.475458352741,0.249505928854,5.32278271304,1.39118184545,0.672924901186,3.27042079462,0.854769071322,0.442687747036,0.749191304359,0.444603920564,2.5,1.68507579377,0.749191304359,2.5,0.259446613992,0.18878248974,46,0.025974025974,0.333144633145,23,23,23,1,0,0.478260869565,0.217391304348,0.304347826087,23,0.156126482213,1.6921230943,6.86956521739,6.58333333333,4.9375,3.42854790129,0.499092416011,0.269675288938,4.85073646664,1.41223973079,0.680242157402,3.10170168773,0.903027073644,0.479911942763,0.80170513135,0.473786531282,3,1.6921230943,0.80170513135,3,0.183552954982,0.156829679595,31,0.0175042348955,0.290695920241,23,23,23,1,0,0.478260869565,0.217391304348,0.304347826087,23,82,0.162055335968,1,7.13043478261,6.30769230769,5.125,3.37510064262,0.473337285246,0.254506892895,4.86944169804,1.36581901286,0.667020148462,3.18841777456,0.894312302621,0.468716861082,0,0,0,NaN,NaN,NaN,0.263521327158,0.156097560976,32,0.0180688876341,0.290098790099,23,23,0,1,2,0.434782608696,0.260869565217,0.304347826087,-6,-0.0118577075099,-0.685075793771,-0.521739130435,-1.02564102564,-0.375,-0.263189360965,-0.00212106749568,0.00500096404126,-0.453341015006,-0.0253628325902,-0.00590475272342,-0.0820030200633,0.0395432312985,0.0260291140461,-0.749191304359,-0.444603920564,-2.5,NaN,NaN,NaN,0.00407471316562,-0.0326849287645,-14,-0.00790513833992,-0.0430458430458,-0.0434782608696,0.0434782608696,0,81,1,7,417,0.920454545455,0.997607655502,0.00239234449761,0.0795454545455,0.987804878049,0.920454545455,0.952941176471,0.944303782253,0.918062200957,0.910112359551,3,9,0,10,4,10
613,WLNM_dir_neg_kfold,0.833333333333,0.588888888889,00:00:02,10,90,9,16354,threshold_sweep,0.1,1,0.222222222222,0.363636363636,2,0,7,18,0.222222222222,1,0,0.777777777778,1,0.222222222222,0.363636363636,0.740740740741,0.641975308642,0.275862068966,0.4,0.222222222222,94,85,9,0,94,0,85,0,9,23,88,0.173913043478,1.68507579377,7.65217391304,7.33333333333,5.5,3.63829000359,0.475458352741,0.249505928854,5.32278271304,1.39118184545,0.672924901186,3.27042079462,0.854769071322,0.442687747036,0.749191304359,0.444603920564,2.5,1.68507579377,0.749191304359,2.5,0.259446613992,0.18878248974,46,0.025974025974,0.333144633145,23,23,23,1,0,0.478260869565,0.217391304348,0.304347826087,23,0.156126482213,1.6921230943,6.86956521739,6.58333333333,4.9375,3.42854790129,0.499092416011,0.269675288938,4.85073646664,1.41223973079,0.680242157402,3.10170168773,0.903027073644,0.479911942763,0.80170513135,0.473786531282,3,1.6921230943,0.80170513135,3,0.183552954982,0.156829679595,31,0.0175042348955,0.290695920241,23,23,23,1,0,0.478260869565,0.217391304348,0.304347826087,23,81,0.160079051383,1.67433653303,7.04347826087,6.75,5.0625,3.37744202386,0.479513373757,0.257112184648,4.89776911384,1.39072456319,0.676328502415,3.14598684066,0.893304905371,0.469135802469,0.742819366386,0.443649978204,2.5,1.67433653303,0.742819366386,2.5,0.263521327158,0.156097560976,32,0.0180688876341,0.308271021907,23,23,23,1,0,0.478260869565,0.217391304348,0.304347826087,-7,-0.0138339920949,-0.0107392607393,-0.608695652174,-0.583333333333,-0.4375,-0.260847979731,0.00405502101586,0.00760625579466,-0.425013599203,-0.000457282265317,0.00340360122969,-0.124433953969,0.0385358340491,0.0264480554336,-0.00637193797274,-0.000953942360206,0,-0.0107392607393,-0.00637193797274,0,0.00407471316562,-0.0326849287645,-14,-0.00790513833992,-0.0248736112372,0,0,0,81,0,7,418,0.920454545455,1,0,0.0795454545455,1,0.920454545455,0.958579881657,0.951469451768,0.920454545455,0.920454545455,2,9,0,10,4,10
614,WLNM_dir_neg_kfold,0.833333333333,0.588888888889,00:00:02,10,90,9,16354,threshold_sweep,0.2,1,0.222222222222,0.363636363636,2,0,7,18,0.222222222222,1,0,0.777777777778,1,0.222222222222,0.363636363636,0.740740740741,0.641975308642,0.275862068966,0.4,0.222222222222,94,85,9,0,94,0,85,0,9,23,88,0.173913043478,1.68507579377,7.65217391304,7.33333333333,5.5,3.63829000359,0.475458352741,0.249505928854,5.32278271304,1.39118184545,0.672924901186,3.27042079462,0.854769071322,0.442687747036,0.749191304359,0.444603920564,2.5,1.68507579377,0.749191304359,2.5,0.259446613992,0.18878248974,46,0.025974025974,0.333144633145,23,23,23,1,0,0.478260869565,0.217391304348,0.304347826087,23,0.156126482213,1.6921230943,6.86956521739,6.58333333333,4.9375,3.42854790129,0.499092416011,0.269675288938,4.85073646664,1.41223973079,0.680242157402,3.10170168773,0.903027073644,0.479911942763,0.80170513135,0.473786531282,3,1.6921230943,0.80170513135,3,0.183552954982,0.156829679595,31,0.0175042348955,0.290695920241,23,23,23,1,0,0.478260869565,0.217391304348,0.304347826087,23,81,0.160079051383,1.67433653303,7.04347826087,6.75,5.0625,3.37744202386,0.479513373757,0.257112184648,4.89776911384,1.39072456319,0.676328502415,3.14598684066,0.893304905371,0.469135802469,0.742819366386,0.443649978204,2.5,1.67433653303,0.742819366386,2.5,0.263521327158,0.156097560976,32,0.0180688876341,0.308271021907,23,23,23,1,0,0.478260869565,0.217391304348,0.304347826087,-7,-0.0138339920949,-0.0107392607393,-0.608695652174,-0.583333333333,-0.4375,-0.260847979731,0.00405502101586,0.00760625579466,-0.425013599203,-0.000457282265317,0.00340360122969,-0.124433953969,0.0385358340491,0.0264480554336,-0.00637193797274,-0.000953942360206,0,-0.0107392607393,-0.00637193797274,0,0.00407471316562,-0.0326849287645,-14,-0.00790513833992,-0.0248736112372,0,0,0,81,0,7,418,0.920454545455,1,0,0.0795454545455,1,0.920454545455,0.958579881657,0.951469451768,0.920454545455,0.920454545455,2,9,0,10,4,10
615,WLNM_dir_neg_kfold,0.833333333333,0.588888888889,00:00:02,10,90,9,16354,threshold_sweep,0.3,1,0.111111111111,0.2,1,0,8,18,0.111111111111,1,0,0.888888888889,1,0.111111111111,0.2,0.703703703704,0.654320987654,0.142857142857,0.277350098113,0.111111111111,94,85,9,0,94,0,85,0,9,23,88,0.173913043478,1.68507579377,7.65217391304,7.33333333333,5.5,3.63829000359,0.475458352741,0.249505928854,5.32278271304,1.39118184545,0.672924901186,3.27042079462,0.854769071322,0.442687747036,0.749191304359,0.444603920564,2.5,1.68507579377,0.749191304359,2.5,0.259446613992,0.18878248974,46,0.025974025974,0.333144633145,23,23,23,1,0,0.478260869565,0.217391304348,0.304347826087,23,0.156126482213,1.6921230943,6.86956521739,6.58333333333,4.9375,3.42854790129,0.499092416011,0.269675288938,4.85073646664,1.41223973079,0.680242157402,3.10170168773,0.903027073644,0.479911942763,0.80170513135,0.473786531282,3,1.6921230943,0.80170513135,3,0.183552954982,0.156829679595,31,0.0175042348955,0.290695920241,23,23,23,1,0,0.478260869565,0.217391304348,0.304347826087,23,80,0.158102766798,1.69607566347,6.95652173913,6.66666666667,5,3.45724878624,0.496979513022,0.266847826087,4.91629540145,1.41343492792,0.68152173913,3.11695605034,0.896124864473,0.473913043478,0.803514081606,0.473748959975,3,1.69607566347,0.803514081606,3,0.180378351807,0.152960526316,31,0.0175042348955,0.291742096288,23,23,23,1,0,0.478260869565,0.217391304348,0.304347826087,-8,-0.0158102766798,0.0109998696955,-0.695652173913,-0.666666666667,-0.5,-0.181041217346,0.0215211602806,0.0173418972332,-0.406487311595,0.022253082462,0.00859683794466,-0.153464744283,0.0413557931509,0.0312252964427,0.0543227772475,0.0291450394106,0.5,0.0109998696955,0.0543227772475,0.5,-0.0790682621851,-0.0358219634243,-15,-0.00846979107849,-0.0414025368571,0,0,0,80,0,8,418,0.909090909091,1,0,0.0909090909091,1,0.909090909091,0.952380952381,0.944467458064,0.909090909091,0.909090909091,1,9,0,10,4,10
616,WLNM_dir_neg_kfold,0.833333333333,0.588888888889,00:00:02,10,90,9,16354,threshold_sweep,0.4,1,0.111111111111,0.2,1,0,8,18,0.111111111111,1,0,0.888888888889,1,0.111111111111,0.2,0.703703703704,0.654320987654,0.142857142857,0.277350098113,0.111111111111,94,85,9,0,94,0,85,0,9,23,88,0.173913043478,1.68507579377,7.65217391304,7.33333333333,5.5,3.63829000359,0.475458352741,0.249505928854,5.32278271304,1.39118184545,0.672924901186,3.27042079462,0.854769071322,0.442687747036,0.749191304359,0.444603920564,2.5,1.68507579377,0.749191304359,2.5,0.259446613992,0.18878248974,46,0.025974025974,0.333144633145,23,23,23,1,0,0.478260869565,0.217391304348,0.304347826087,23,0.156126482213,1.6921230943,6.86956521739,6.58333333333,4.9375,3.42854790129,0.499092416011,0.269675288938,4.85073646664,1.41223973079,0.680242157402,3.10170168773,0.903027073644,0.479911942763,0.80170513135,0.473786531282,3,1.6921230943,0.80170513135,3,0.183552954982,0.156829679595,31,0.0175042348955,0.290695920241,23,23,23,1,0,0.478260869565,0.217391304348,0.304347826087,23,80,0.158102766798,1.69607566347,6.95652173913,6.66666666667,5,3.45724878624,0.496979513022,0.266847826087,4.91629540145,1.41343492792,0.68152173913,3.11695605034,0.896124864473,0.473913043478,0.803514081606,0.473748959975,3,1.69607566347,0.803514081606,3,0.180378351807,0.152960526316,31,0.0175042348955,0.291742096288,23,23,23,1,0,0.478260869565,0.217391304348,0.304347826087,-8,-0.0158102766798,0.0109998696955,-0.695652173913,-0.666666666667,-0.5,-0.181041217346,0.0215211602806,0.0173418972332,-0.406487311595,0.022253082462,0.00859683794466,-0.153464744283,0.0413557931509,0.0312252964427,0.0543227772475,0.0291450394106,0.5,0.0109998696955,0.0543227772475,0.5,-0.0790682621851,-0.0358219634243,-15,-0.00846979107849,-0.0414025368571,0,0,0,80,0,8,418,0.909090909091,1,0,0.0909090909091,1,0.909090909091,0.952380952381,0.944467458064,0.909090909091,0.909090909091,1,9,0,10,4,10
617,WLNM_dir_neg_kfold,0.833333333333,0.588888888889,00:00:02,10,90,9,16354,threshold_sweep,0.5,1,0.111111111111,0.2,1,0,8,18,0.111111111111,1,0,0.888888888889,1,0.111111111111,0.2,0.703703703704,0.654320987654,0.142857142857,0.277350098113,0.111111111111,94,85,9,0,94,0,85,0,9,23,88,0.173913043478,1.68507579377,7.65217391304,7.33333333333,5.5,3.63829000359,0.475458352741,0.249505928854,5.32278271304,1.39118184545,0.672924901186,3.27042079462,0.854769071322,0.442687747036,0.749191304359,0.444603920564,2.5,1.68507579377,0.749191304359,2.5,0.259446613992,0.18878248974,46,0.025974025974,0.333144633145,23,23,23,1,0,0.478260869565,0.217391304348,0.304347826087,23,0.156126482213,1.6921230943,6.86956521739,6.58333333333,4.9375,3.42854790129,0.499092416011,0.269675288938,4.85073646664,1.41223973079,0.680242157402,3.10170168773,0.903027073644,0.479911942763,0.80170513135,0.473786531282,3,1.6921230943,0.80170513135,3,0.183552954982,0.156829679595,31,0.0175042348955,0.290695920241,23,23,23,1,0,0.478260869565,0.217391304348,0.304347826087,23,80,0.158102766798,1.69607566347,6.95652173913,6.66666666667,5,3.45724878624,0.496979513022,0.266847826087,4.91629540145,1.41343492792,0.68152173913,3.11695605034,0.896124864473,0.473913043478,0.803514081606,0.473748959975,3,1.69607566347,0.803514081606,3,0.180378351807,0.152960526316,31,0.0175042348955,0.291742096288,23,23,23,1,0,0.478260869565,0.217391304348,0.304347826087,-8,-0.0158102766798,0.0109998696955,-0.695652173913,-0.666666666667,-0.5,-0.181041217346,0.0215211602806,0.0173418972332,-0.406487311595,0.022253082462,0.00859683794466,-0.153464744283,0.0413557931509,0.0312252964427,0.0543227772475,0.0291450394106,0.5,0.0109998696955,0.0543227772475,0.5,-0.0790682621851,-0.0358219634243,-15,-0.00846979107849,-0.0414025368571,0,0,0,80,0,8,418,0.909090909091,1,0,0.0909090909091,1,0.909090909091,0.952380952381,0.944467458064,0.909090909091,0.909090909091,1,9,0,10,4,10
618,WLNM_dir_neg_kfold,0.833333333333,0.588888888889,00:00:02,10,90,9,16354,threshold_sweep,0.6,1,0.111111111111,0.2,1,0,8,18,0.111111111111,1,0,0.888888888889,1,0.111111111111,0.2,0.703703703704,0.654320987654,0.142857142857,0.277350098113,0.111111111111,94,85,9,0,94,0,85,0,9,23,88,0.173913043478,1.68507579377,7.65217391304,7.33333333333,5.5,3.63829000359,0.475458352741,0.249505928854,5.32278271304,1.39118184545,0.672924901186,3.27042079462,0.854769071322,0.442687747036,0.749191304359,0.444603920564,2.5,1.68507579377,0.749191304359,2.5,0.259446613992,0.18878248974,46,0.025974025974,0.333144633145,23,23,23,1,0,0.478260869565,0.217391304348,0.304347826087,23,0.156126482213,1.6921230943,6.86956521739,6.58333333333,4.9375,3.42854790129,0.499092416011,0.269675288938,4.85073646664,1.41223973079,0.680242157402,3.10170168773,0.903027073644,0.479911942763,0.80170513135,0.473786531282,3,1.6921230943,0.80170513135,3,0.183552954982,0.156829679595,31,0.0175042348955,0.290695920241,23,23,23,1,0,0.478260869565,0.217391304348,0.304347826087,23,80,0.158102766798,1.69607566347,6.95652173913,6.66666666667,5,3.45724878624,0.496979513022,0.266847826087,4.91629540145,1.41343492792,0.68152173913,3.11695605034,0.896124864473,0.473913043478,0.803514081606,0.473748959975,3,1.69607566347,0.803514081606,3,0.180378351807,0.152960526316,31,0.0175042348955,0.291742096288,23,23,23,1,0,0.478260869565,0.217391304348,0.304347826087,-8,-0.0158102766798,0.0109998696955,-0.695652173913,-0.666666666667,-0.5,-0.181041217346,0.0215211602806,0.0173418972332,-0.406487311595,0.022253082462,0.00859683794466,-0.153464744283,0.0413557931509,0.0312252964427,0.0543227772475,0.0291450394106,0.5,0.0109998696955,0.0543227772475,0.5,-0.0790682621851,-0.0358219634243,-15,-0.00846979107849,-0.0414025368571,0,0,0,80,0,8,418,0.909090909091,1,0,0.0909090909091,1,0.909090909091,0.952380952381,0.944467458064,0.909090909091,0.909090909091,1,9,0,10,4,10
619,WLNM_dir_neg_kfold,0.833333333333,0.588888888889,00:00:02,10,90,9,16354,threshold_sweep,0.7,1,0.111111111111,0.2,1,0,8,18,0.111111111111,1,0,0.888888888889,1,0.111111111111,0.2,0.703703703704,0.654320987654,0.142857142857,0.277350098113,0.111111111111,94,85,9,0,94,0,85,0,9,23,88,0.173913043478,1.68507579377,7.65217391304,7.33333333333,5.5,3.63829000359,0.475458352741,0.249505928854,5.32278271304,1.39118184545,0.672924901186,3.27042079462,0.854769071322,0.442687747036,0.749191304359,0.444603920564,2.5,1.68507579377,0.749191304359,2.5,0.259446613992,0.18878248974,46,0.025974025974,0.333144633145,23,23,23,1,0,0.478260869565,0.217391304348,0.304347826087,23,0.156126482213,1.6921230943,6.86956521739,6.58333333333,4.9375,3.42854790129,0.499092416011,0.269675288938,4.85073646664,1.41223973079,0.680242157402,3.10170168773,0.903027073644,0.479911942763,0.80170513135,0.473786531282,3,1.6921230943,0.80170513135,3,0.183552954982,0.156829679595,31,0.0175042348955,0.290695920241,23,23,23,1,0,0.478260869565,0.217391304348,0.304347826087,23,80,0.158102766798,1.69607566347,6.95652173913,6.66666666667,5,3.45724878624,0.496979513022,0.266847826087,4.91629540145,1.41343492792,0.68152173913,3.11695605034,0.896124864473,0.473913043478,0.803514081606,0.473748959975,3,1.69607566347,0.803514081606,3,0.180378351807,0.152960526316,31,0.0175042348955,0.291742096288,23,23,23,1,0,0.478260869565,0.217391304348,0.304347826087,-8,-0.0158102766798,0.0109998696955,-0.695652173913,-0.666666666667,-0.5,-0.181041217346,0.0215211602806,0.0173418972332,-0.406487311595,0.022253082462,0.00859683794466,-0.153464744283,0.0413557931509,0.0312252964427,0.0543227772475,0.0291450394106,0.5,0.0109998696955,0.0543227772475,0.5,-0.0790682621851,-0.0358219634243,-15,-0.00846979107849,-0.0414025368571,0,0,0,80,0,8,418,0.909090909091,1,0,0.0909090909091,1,0.909090909091,0.952380952381,0.944467458064,0.909090909091,0.909090909091,1,9,0,10,4,10
620,WLNM_dir_neg_kfold,0.833333333333,0.588888888889,00:00:02,10,90,9,16354,threshold_sweep,0.8,0,0,0,0,0,9,18,0,1,0,1,0,0,0,0.666666666667,0.666666666667,0,0,0,94,85,9,0,94,0,85,0,9,23,88,0.173913043478,1.68507579377,7.65217391304,7.33333333333,5.5,3.63829000359,0.475458352741,0.249505928854,5.32278271304,1.39118184545,0.672924901186,3.27042079462,0.854769071322,0.442687747036,0.749191304359,0.444603920564,2.5,1.68507579377,0.749191304359,2.5,0.259446613992,0.18878248974,46,0.025974025974,0.333144633145,23,23,23,1,0,0.478260869565,0.217391304348,0.304347826087,23,0.156126482213,1.6921230943,6.86956521739,6.58333333333,4.9375,3.42854790129,0.499092416011,0.269675288938,4.85073646664,1.41223973079,0.680242157402,3.10170168773,0.903027073644,0.479911942763,0.80170513135,0.473786531282,3,1.6921230943,0.80170513135,3,0.183552954982,0.156829679595,31,0.0175042348955,0.290695920241,23,23,23,1,0,0.478260869565,0.217391304348,0.304347826087,23,79,0.156126482213,1.6921230943,6.86956521739,6.58333333333,4.9375,3.42854790129,0.499092416011,0.269675288938,4.85073646664,1.41223973079,0.680242157402,3.10170168773,0.903027073644,0.479911942763,0.80170513135,0.473786531282,3,1.6921230943,0.80170513135,3,0.183552954982,0.156829679595,31,0.0175042348955,0.290695920241,23,23,23,1,0,0.478260869565,0.217391304348,0.304347826087,-9,-0.0177865612648,0.00704730052556,-0.782608695652,-0.75,-0.5625,-0.209742102293,0.0236340632696,0.0201693600841,-0.472046246405,0.0210578853388,0.00731725621654,-0.168719106892,0.0482580023214,0.0372241957272,0.0525138269908,0.029182610718,0.5,0.00704730052556,0.0525138269908,0.5,-0.0758936590105,-0.0319528101448,-15,-0.00846979107849,-0.0424487129033,0,0,0,79,0,9,418,0.897727272727,1,0,0.102272727273,1,0.897727272727,0.946107784431,0.937446329455,0.897727272727,0.897727272727,0,9,0,10,4,10
621,WLNM_dir_neg_kfold,0.833333333333,0.588888888889,00:00:02,10,90,9,16354,threshold_sweep,0.9,0,0,0,0,0,9,18,0,1,0,1,0,0,0,0.666666666667,0.666666666667,0,0,0,94,85,9,0,94,0,85,0,9,23,88,0.173913043478,1.68507579377,7.65217391304,7.33333333333,5.5,3.63829000359,0.475458352741,0.249505928854,5.32278271304,1.39118184545,0.672924901186,3.27042079462,0.854769071322,0.442687747036,0.749191304359,0.444603920564,2.5,1.68507579377,0.749191304359,2.5,0.259446613992,0.18878248974,46,0.025974025974,0.333144633145,23,23,23,1,0,0.478260869565,0.217391304348,0.304347826087,23,0.156126482213,1.6921230943,6.86956521739,6.58333333333,4.9375,3.42854790129,0.499092416011,0.269675288938,4.85073646664,1.41223973079,0.680242157402,3.10170168773,0.903027073644,0.479911942763,0.80170513135,0.473786531282,3,1.6921230943,0.80170513135,3,0.183552954982,0.156829679595,31,0.0175042348955,0.290695920241,23,23,23,1,0,0.478260869565,0.217391304348,0.304347826087,23,79,0.156126482213,1.6921230943,6.86956521739,6.58333333333,4.9375,3.42854790129,0.499092416011,0.269675288938,4.85073646664,1.41223973079,0.680242157402,3.10170168773,0.903027073644,0.479911942763,0.80170513135,0.473786531282,3,1.6921230943,0.80170513135,3,0.183552954982,0.156829679595,31,0.0175042348955,0.290695920241,23,23,23,1,0,0.478260869565,0.217391304348,0.304347826087,-9,-0.0177865612648,0.00704730052556,-0.782608695652,-0.75,-0.5625,-0.209742102293,0.0236340632696,0.0201693600841,-0.472046246405,0.0210578853388,0.00731725621654,-0.168719106892,0.0482580023214,0.0372241957272,0.0525138269908,0.029182610718,0.5,0.00704730052556,0.0525138269908,0.5,-0.0758936590105,-0.0319528101448,-15,-0.00846979107849,-0.0424487129033,0,0,0,79,0,9,418,0.897727272727,1,0,0.102272727273,1,0.897727272727,0.946107784431,0.937446329455,0.897727272727,0.897727272727,0,9,0,10,4,10
622,WLNM_dir_neg_kfold,0.654320987654,0.39232234627,00:00:02,10,90,10,16355,threshold_sweep,0.1,0.666666666667,0.222222222222,0.333333333333,2,1,7,17,0.222222222222,0.944444444444,0.0555555555556,0.777777777778,0.666666666667,0.222222222222,0.333333333333,0.703703703704,0.62962962963,0.2,0.25,0.166666666667,94,85,9,0,94,0,85,0,9,23,88,0.173913043478,1.68507579377,7.65217391304,7.33333333333,5.5,3.63829000359,0.475458352741,0.249505928854,5.32278271304,1.39118184545,0.672924901186,3.27042079462,0.854769071322,0.442687747036,0.749191304359,0.444603920564,2.5,1.68507579377,0.749191304359,2.5,0.259446613992,0.18878248974,46,0.025974025974,0.333144633145,23,23,23,1,0,0.478260869565,0.217391304348,0.304347826087,23,0.156126482213,1.6921230943,6.86956521739,6.58333333333,4.9375,3.42854790129,0.499092416011,0.269675288938,4.85073646664,1.41223973079,0.680242157402,3.10170168773,0.903027073644,0.479911942763,0.80170513135,0.473786531282,3,1.6921230943,0.80170513135,3,0.183552954982,0.156829679595,31,0.0175042348955,0.290695920241,23,23,23,1,0,0.478260869565,0.217391304348,0.304347826087,23,82,0.162055335968,1,7.13043478261,6.30769230769,5.125,3.37510064262,0.473337285246,0.254506892895,4.86944169804,1.36581901286,0.667020148462,3.18841777456,0.894312302621,0.468716861082,0,0,0,NaN,NaN,NaN,0.263521327158,0.156097560976,32,0.0180688876341,0.290098790099,23,23,0,1,2,0.434782608696,0.260869565217,0.304347826087,-6,-0.0118577075099,-0.685075793771,-0.521739130435,-1.02564102564,-0.375,-0.263189360965,-0.00212106749568,0.00500096404126,-0.453341015006,-0.0253628325902,-0.00590475272342,-0.0820030200633,0.0395432312985,0.0260291140461,-0.749191304359,-0.444603920564,-2.5,NaN,NaN,NaN,0.00407471316562,-0.0326849287645,-14,-0.00790513833992,-0.0430458430458,-0.0434782608696,0.0434782608696,0,81,1,7,417,0.920454545455,0.997607655502,0.00239234449761,0.0795454545455,0.987804878049,0.920454545455,0.952941176471,0.944303782253,0.918062200957,0.910112359551,3,9,0,10,4,10
623,WLNM_dir_neg_kfold,0.654320987654,0.39232234627,00:00:02,10,90,10,16355,threshold_sweep,0.2,0.666666666667,0.222222222222,0.333333333333,2,1,7,17,0.222222222222,0.944444444444,0.0555555555556,0.777777777778,0.666666666667,0.222222222222,0.333333333333,0.703703703704,0.62962962963,0.2,0.25,0.166666666667,94,85,9,0,94,0,85,0,9,23,88,0.173913043478,1.68507579377,7.65217391304,7.33333333333,5.5,3.63829000359,0.475458352741,0.249505928854,5.32278271304,1.39118184545,0.672924901186,3.27042079462,0.854769071322,0.442687747036,0.749191304359,0.444603920564,2.5,1.68507579377,0.749191304359,2.5,0.259446613992,0.18878248974,46,0.025974025974,0.333144633145,23,23,23,1,0,0.478260869565,0.217391304348,0.304347826087,23,0.156126482213,1.6921230943,6.86956521739,6.58333333333,4.9375,3.42854790129,0.499092416011,0.269675288938,4.85073646664,1.41223973079,0.680242157402,3.10170168773,0.903027073644,0.479911942763,0.80170513135,0.473786531282,3,1.6921230943,0.80170513135,3,0.183552954982,0.156829679595,31,0.0175042348955,0.290695920241,23,23,23,1,0,0.478260869565,0.217391304348,0.304347826087,23,82,0.162055335968,1,7.13043478261,6.30769230769,5.125,3.37510064262,0.473337285246,0.254506892895,4.86944169804,1.36581901286,0.667020148462,3.18841777456,0.894312302621,0.468716861082,0,0,0,NaN,NaN,NaN,0.263521327158,0.156097560976,32,0.0180688876341,0.290098790099,23,23,0,1,2,0.434782608696,0.260869565217,0.304347826087,-6,-0.0118577075099,-0.685075793771,-0.521739130435,-1.02564102564,-0.375,-0.263189360965,-0.00212106749568,0.00500096404126,-0.453341015006,-0.0253628325902,-0.00590475272342,-0.0820030200633,0.0395432312985,0.0260291140461,-0.749191304359,-0.444603920564,-2.5,NaN,NaN,NaN,0.00407471316562,-0.0326849287645,-14,-0.00790513833992,-0.0430458430458,-0.0434782608696,0.0434782608696,0,81,1,7,417,0.920454545455,0.997607655502,0.00239234449761,0.0795454545455,0.987804878049,0.920454545455,0.952941176471,0.944303782253,0.918062200957,0.910112359551,3,9,0,10,4,10
624,WLNM_dir_neg_kfold,0.654320987654,0.39232234627,00:00:02,10,90,10,16355,threshold_sweep,0.3,0.666666666667,0.222222222222,0.333333333333,2,1,7,17,0.222222222222,0.944444444444,0.0555555555556,0.777777777778,0.666666666667,0.222222222222,0.333333333333,0.703703703704,0.62962962963,0.2,0.25,0.166666666667,94,85,9,0,94,0,85,0,9,23,88,0.173913043478,1.68507579377,7.65217391304,7.33333333333,5.5,3.63829000359,0.475458352741,0.249505928854,5.32278271304,1.39118184545,0.672924901186,3.27042079462,0.854769071322,0.442687747036,0.749191304359,0.444603920564,2.5,1.68507579377,0.749191304359,2.5,0.259446613992,0.18878248974,46,0.025974025974,0.333144633145,23,23,23,1,0,0.478260869565,0.217391304348,0.304347826087,23,0.156126482213,1.6921230943,6.86956521739,6.58333333333,4.9375,3.42854790129,0.499092416011,0.269675288938,4.85073646664,1.41223973079,0.680242157402,3.10170168773,0.903027073644,0.479911942763,0.80170513135,0.473786531282,3,1.6921230943,0.80170513135,3,0.183552954982,0.156829679595,31,0.0175042348955,0.290695920241,23,23,23,1,0,0.478260869565,0.217391304348,0.304347826087,23,82,0.162055335968,1,7.13043478261,6.30769230769,5.125,3.37510064262,0.473337285246,0.254506892895,4.86944169804,1.36581901286,0.667020148462,3.18841777456,0.894312302621,0.468716861082,0,0,0,NaN,NaN,NaN,0.263521327158,0.156097560976,32,0.0180688876341,0.290098790099,23,23,0,1,2,0.434782608696,0.260869565217,0.304347826087,-6,-0.0118577075099,-0.685075793771,-0.521739130435,-1.02564102564,-0.375,-0.263189360965,-0.00212106749568,0.00500096404126,-0.453341015006,-0.0253628325902,-0.00590475272342,-0.0820030200633,0.0395432312985,0.0260291140461,-0.749191304359,-0.444603920564,-2.5,NaN,NaN,NaN,0.00407471316562,-0.0326849287645,-14,-0.00790513833992,-0.0430458430458,-0.0434782608696,0.0434782608696,0,81,1,7,417,0.920454545455,0.997607655502,0.00239234449761,0.0795454545455,0.987804878049,0.920454545455,0.952941176471,0.944303782253,0.918062200957,0.910112359551,3,9,0,10,4,10
625,WLNM_dir_neg_kfold,0.654320987654,0.39232234627,00:00:02,10,90,10,16355,threshold_sweep,0.4,0.666666666667,0.222222222222,0.333333333333,2,1,7,17,0.222222222222,0.944444444444,0.0555555555556,0.777777777778,0.666666666667,0.222222222222,0.333333333333,0.703703703704,0.62962962963,0.2,0.25,0.166666666667,94,85,9,0,94,0,85,0,9,23,88,0.173913043478,1.68507579377,7.65217391304,7.33333333333,5.5,3.63829000359,0.475458352741,0.249505928854,5.32278271304,1.39118184545,0.672924901186,3.27042079462,0.854769071322,0.442687747036,0.749191304359,0.444603920564,2.5,1.68507579377,0.749191304359,2.5,0.259446613992,0.18878248974,46,0.025974025974,0.333144633145,23,23,23,1,0,0.478260869565,0.217391304348,0.304347826087,23,0.156126482213,1.6921230943,6.86956521739,6.58333333333,4.9375,3.42854790129,0.499092416011,0.269675288938,4.85073646664,1.41223973079,0.680242157402,3.10170168773,0.903027073644,0.479911942763,0.80170513135,0.473786531282,3,1.6921230943,0.80170513135,3,0.183552954982,0.156829679595,31,0.0175042348955,0.290695920241,23,23,23,1,0,0.478260869565,0.217391304348,0.304347826087,23,82,0.162055335968,1,7.13043478261,6.30769230769,5.125,3.37510064262,0.473337285246,0.254506892895,4.86944169804,1.36581901286,0.667020148462,3.18841777456,0.894312302621,0.468716861082,0,0,0,NaN,NaN,NaN,0.263521327158,0.156097560976,32,0.0180688876341,0.290098790099,23,23,0,1,2,0.434782608696,0.260869565217,0.304347826087,-6,-0.0118577075099,-0.685075793771,-0.521739130435,-1.02564102564,-0.375,-0.263189360965,-0.00212106749568,0.00500096404126,-0.453341015006,-0.0253628325902,-0.00590475272342,-0.0820030200633,0.0395432312985,0.0260291140461,-0.749191304359,-0.444603920564,-2.5,NaN,NaN,NaN,0.00407471316562,-0.0326849287645,-14,-0.00790513833992,-0.0430458430458,-0.0434782608696,0.0434782608696,0,81,1,7,417,0.920454545455,0.997607655502,0.00239234449761,0.0795454545455,0.987804878049,0.920454545455,0.952941176471,0.944303782253,0.918062200957,0.910112359551,3,9,0,10,4,10
626,WLNM_dir_neg_kfold,0.654320987654,0.39232234627,00:00:02,10,90,10,16355,threshold_sweep,0.5,0.666666666667,0.222222222222,0.333333333333,2,1,7,17,0.222222222222,0.944444444444,0.0555555555556,0.777777777778,0.666666666667,0.222222222222,0.333333333333,0.703703703704,0.62962962963,0.2,0.25,0.166666666667,94,85,9,0,94,0,85,0,9,23,88,0.173913043478,1.68507579377,7.65217391304,7.33333333333,5.5,3.63829000359,0.475458352741,0.249505928854,5.32278271304,1.39118184545,0.672924901186,3.27042079462,0.854769071322,0.442687747036,0.749191304359,0.444603920564,2.5,1.68507579377,0.749191304359,2.5,0.259446613992,0.18878248974,46,0.025974025974,0.333144633145,23,23,23,1,0,0.478260869565,0.217391304348,0.304347826087,23,0.156126482213,1.6921230943,6.86956521739,6.58333333333,4.9375,3.42854790129,0.499092416011,0.269675288938,4.85073646664,1.41223973079,0.680242157402,3.10170168773,0.903027073644,0.479911942763,0.80170513135,0.473786531282,3,1.6921230943,0.80170513135,3,0.183552954982,0.156829679595,31,0.0175042348955,0.290695920241,23,23,23,1,0,0.478260869565,0.217391304348,0.304347826087,23,82,0.162055335968,1,7.13043478261,6.30769230769,5.125,3.37510064262,0.473337285246,0.254506892895,4.86944169804,1.36581901286,0.667020148462,3.18841777456,0.894312302621,0.468716861082,0,0,0,NaN,NaN,NaN,0.263521327158,0.156097560976,32,0.0180688876341,0.290098790099,23,23,0,1,2,0.434782608696,0.260869565217,0.304347826087,-6,-0.0118577075099,-0.685075793771,-0.521739130435,-1.02564102564,-0.375,-0.263189360965,-0.00212106749568,0.00500096404126,-0.453341015006,-0.0253628325902,-0.00590475272342,-0.0820030200633,0.0395432312985,0.0260291140461,-0.749191304359,-0.444603920564,-2.5,NaN,NaN,NaN,0.00407471316562,-0.0326849287645,-14,-0.00790513833992,-0.0430458430458,-0.0434782608696,0.0434782608696,0,81,1,7,417,0.920454545455,0.997607655502,0.00239234449761,0.0795454545455,0.987804878049,0.920454545455,0.952941176471,0.944303782253,0.918062200957,0.910112359551,3,9,0,10,4,10
627,WLNM_dir_neg_kfold,0.654320987654,0.39232234627,00:00:02,10,90,10,16355,threshold_sweep,0.6,0.666666666667,0.222222222222,0.333333333333,2,1,7,17,0.222222222222,0.944444444444,0.0555555555556,0.777777777778,0.666666666667,0.222222222222,0.333333333333,0.703703703704,0.62962962963,0.2,0.25,0.166666666667,94,85,9,0,94,0,85,0,9,23,88,0.173913043478,1.68507579377,7.65217391304,7.33333333333,5.5,3.63829000359,0.475458352741,0.249505928854,5.32278271304,1.39118184545,0.672924901186,3.27042079462,0.854769071322,0.442687747036,0.749191304359,0.444603920564,2.5,1.68507579377,0.749191304359,2.5,0.259446613992,0.18878248974,46,0.025974025974,0.333144633145,23,23,23,1,0,0.478260869565,0.217391304348,0.304347826087,23,0.156126482213,1.6921230943,6.86956521739,6.58333333333,4.9375,3.42854790129,0.499092416011,0.269675288938,4.85073646664,1.41223973079,0.680242157402,3.10170168773,0.903027073644,0.479911942763,0.80170513135,0.473786531282,3,1.6921230943,0.80170513135,3,0.183552954982,0.156829679595,31,0.0175042348955,0.290695920241,23,23,23,1,0,0.478260869565,0.217391304348,0.304347826087,23,82,0.162055335968,1,7.13043478261,6.30769230769,5.125,3.37510064262,0.473337285246,0.254506892895,4.86944169804,1.36581901286,0.667020148462,3.18841777456,0.894312302621,0.468716861082,0,0,0,NaN,NaN,NaN,0.263521327158,0.156097560976,32,0.0180688876341,0.290098790099,23,23,0,1,2,0.434782608696,0.260869565217,0.304347826087,-6,-0.0118577075099,-0.685075793771,-0.521739130435,-1.02564102564,-0.375,-0.263189360965,-0.00212106749568,0.00500096404126,-0.453341015006,-0.0253628325902,-0.00590475272342,-0.0820030200633,0.0395432312985,0.0260291140461,-0.749191304359,-0.444603920564,-2.5,NaN,NaN,NaN,0.00407471316562,-0.0326849287645,-14,-0.00790513833992,-0.0430458430458,-0.0434782608696,0.0434782608696,0,81,1,7,417,0.920454545455,0.997607655502,0.00239234449761,0.0795454545455,0.987804878049,0.920454545455,0.952941176471,0.944303782253,0.918062200957,0.910112359551,3,9,0,10,4,10
628,WLNM_dir_neg_kfold,0.654320987654,0.39232234627,00:00:02,10,90,10,16355,threshold_sweep,0.7,0.666666666667,0.222222222222,0.333333333333,2,1,7,17,0.222222222222,0.944444444444,0.0555555555556,0.777777777778,0.666666666667,0.222222222222,0.333333333333,0.703703703704,0.62962962963,0.2,0.25,0.166666666667,94,85,9,0,94,0,85,0,9,23,88,0.173913043478,1.68507579377,7.65217391304,7.33333333333,5.5,3.63829000359,0.475458352741,0.249505928854,5.32278271304,1.39118184545,0.672924901186,3.27042079462,0.854769071322,0.442687747036,0.749191304359,0.444603920564,2.5,1.68507579377,0.749191304359,2.5,0.259446613992,0.18878248974,46,0.025974025974,0.333144633145,23,23,23,1,0,0.478260869565,0.217391304348,0.304347826087,23,0.156126482213,1.6921230943,6.86956521739,6.58333333333,4.9375,3.42854790129,0.499092416011,0.269675288938,4.85073646664,1.41223973079,0.680242157402,3.10170168773,0.903027073644,0.479911942763,0.80170513135,0.473786531282,3,1.6921230943,0.80170513135,3,0.183552954982,0.156829679595,31,0.0175042348955,0.290695920241,23,23,23,1,0,0.478260869565,0.217391304348,0.304347826087,23,82,0.162055335968,1,7.13043478261,6.30769230769,5.125,3.37510064262,0.473337285246,0.254506892895,4.86944169804,1.36581901286,0.667020148462,3.18841777456,0.894312302621,0.468716861082,0,0,0,NaN,NaN,NaN,0.263521327158,0.156097560976,32,0.0180688876341,0.290098790099,23,23,0,1,2,0.434782608696,0.260869565217,0.304347826087,-6,-0.0118577075099,-0.685075793771,-0.521739130435,-1.02564102564,-0.375,-0.263189360965,-0.00212106749568,0.00500096404126,-0.453341015006,-0.0253628325902,-0.00590475272342,-0.0820030200633,0.0395432312985,0.0260291140461,-0.749191304359,-0.444603920564,-2.5,NaN,NaN,NaN,0.00407471316562,-0.0326849287645,-14,-0.00790513833992,-0.0430458430458,-0.0434782608696,0.0434782608696,0,81,1,7,417,0.920454545455,0.997607655502,0.00239234449761,0.0795454545455,0.987804878049,0.920454545455,0.952941176471,0.944303782253,0.918062200957,0.910112359551,3,9,0,10,4,10
629,WLNM_dir_neg_kfold,0.654320987654,0.39232234627,00:00:02,10,90,10,16355,threshold_sweep,0.8,0.5,0.111111111111,0.181818181818,1,1,8,17,0.111111111111,0.944444444444,0.0555555555556,0.888888888889,0.5,0.111111111111,0.181818181818,0.666666666667,0.641975308642,0.0689655172414,0.1,0.0555555555556,94,85,9,0,94,0,85,0,9,23,88,0.173913043478,1.68507579377,7.65217391304,7.33333333333,5.5,3.63829000359,0.475458352741,0.249505928854,5.32278271304,1.39118184545,0.672924901186,3.27042079462,0.854769071322,0.442687747036,0.749191304359,0.444603920564,2.5,1.68507579377,0.749191304359,2.5,0.259446613992,0.18878248974,46,0.025974025974,0.333144633145,23,23,23,1,0,0.478260869565,0.217391304348,0.304347826087,23,0.156126482213,1.6921230943,6.86956521739,6.58333333333,4.9375,3.42854790129,0.499092416011,0.269675288938,4.85073646664,1.41223973079,0.680242157402,3.10170168773,0.903027073644,0.479911942763,0.80170513135,0.473786531282,3,1.6921230943,0.80170513135,3,0.183552954982,0.156829679595,31,0.0175042348955,0.290695920241,23,23,23,1,0,0.478260869565,0.217391304348,0.304347826087,23,81,0.160079051383,1,7.04347826087,6.23076923077,5.0625,3.3231729207,0.471808501087,0.251744498121,4.80406613021,1.36411754315,0.665593129361,3.14598684066,0.893304905371,0.469135802469,0,0,0,NaN,NaN,NaN,0.266118729755,0.160267111853,32,0.0180688876341,0.28697968698,23,23,0,1,2,0.434782608696,0.260869565217,0.304347826087,-7,-0.0138339920949,-0.685075793771,-0.608695652174,-1.10256410256,-0.4375,-0.315117082887,-0.00364985165447,0.00223856926755,-0.518716582837,-0.0270643023095,-0.00733177182453,-0.124433953969,0.0385358340491,0.0264480554336,-0.749191304359,-0.444603920564,-2.5,NaN,NaN,NaN,0.00667211576302,-0.028515377887,-14,-0.00790513833992,-0.0461649461649,-0.0434782608696,0.0434782608696,0,80,1,8,417,0.909090909091,0.997607655502,0.00239234449761,0.0909090909091,0.987654320988,0.909090909091,0.94674556213,0.937249960286,0.906698564593,0.898876404494,2,9,0,10,4,10
630,WLNM_dir_neg_kfold,0.654320987654,0.39232234627,00:00:02,10,90,10,16355,threshold_sweep,0.9,0.5,0.111111111111,0.181818181818,1,1,8,17,0.111111111111,0.944444444444,0.0555555555556,0.888888888889,0.5,0.111111111111,0.181818181818,0.666666666667,0.641975308642,0.0689655172414,0.1,0.0555555555556,94,85,9,0,94,0,85,0,9,23,88,0.173913043478,1.68507579377,7.65217391304,7.33333333333,5.5,3.63829000359,0.475458352741,0.249505928854,5.32278271304,1.39118184545,0.672924901186,3.27042079462,0.854769071322,0.442687747036,0.749191304359,0.444603920564,2.5,1.68507579377,0.749191304359,2.5,0.259446613992,0.18878248974,46,0.025974025974,0.333144633145,23,23,23,1,0,0.478260869565,0.217391304348,0.304347826087,23,0.156126482213,1.6921230943,6.86956521739,6.58333333333,4.9375,3.42854790129,0.499092416011,0.269675288938,4.85073646664,1.41223973079,0.680242157402,3.10170168773,0.903027073644,0.479911942763,0.80170513135,0.473786531282,3,1.6921230943,0.80170513135,3,0.183552954982,0.156829679595,31,0.0175042348955,0.290695920241,23,23,23,1,0,0.478260869565,0.217391304348,0.304347826087,23,81,0.160079051383,1,7.04347826087,6.23076923077,5.0625,3.3231729207,0.471808501087,0.251744498121,4.80406613021,1.36411754315,0.665593129361,3.14598684066,0.893304905371,0.469135802469,0,0,0,NaN,NaN,NaN,0.266118729755,0.160267111853,32,0.0180688876341,0.28697968698,23,23,0,1,2,0.434782608696,0.260869565217,0.304347826087,-7,-0.0138339920949,-0.685075793771,-0.608695652174,-1.10256410256,-0.4375,-0.315117082887,-0.00364985165447,0.00223856926755,-0.518716582837,-0.0270643023095,-0.00733177182453,-0.124433953969,0.0385358340491,0.0264480554336,-0.749191304359,-0.444603920564,-2.5,NaN,NaN,NaN,0.00667211576302,-0.028515377887,-14,-0.00790513833992,-0.0461649461649,-0.0434782608696,0.0434782608696,0,80,1,8,417,0.909090909091,0.997607655502,0.00239234449761,0.0909090909091,0.987654320988,0.909090909091,0.94674556213,0.937249960286,0.906698564593,0.898876404494,2,9,0,10,4,10
631,WLNM_dir_neg_kfold,0.814814814815,0.576388888889,00:00:01,10,90,11,16356,threshold_sweep,0.1,1,0.222222222222,0.363636363636,2,0,7,18,0.222222222222,1,0,0.777777777778,1,0.222222222222,0.363636363636,0.740740740741,0.641975308642,0.275862068966,0.4,0.222222222222,94,85,9,0,94,0,85,0,9,23,88,0.173913043478,1.68507579377,7.65217391304,7.33333333333,5.5,3.63829000359,0.475458352741,0.249505928854,5.32278271304,1.39118184545,0.672924901186,3.27042079462,0.854769071322,0.442687747036,0.749191304359,0.444603920564,2.5,1.68507579377,0.749191304359,2.5,0.259446613992,0.18878248974,46,0.025974025974,0.333144633145,23,23,23,1,0,0.478260869565,0.217391304348,0.304347826087,23,0.156126482213,1.6921230943,6.86956521739,6.58333333333,4.9375,3.42854790129,0.499092416011,0.269675288938,4.85073646664,1.41223973079,0.680242157402,3.10170168773,0.903027073644,0.479911942763,0.80170513135,0.473786531282,3,1.6921230943,0.80170513135,3,0.183552954982,0.156829679595,31,0.0175042348955,0.290695920241,23,23,23,1,0,0.478260869565,0.217391304348,0.304347826087,23,81,0.160079051383,1.67433653303,7.04347826087,6.75,5.0625,3.37744202386,0.479513373757,0.257112184648,4.89776911384,1.39072456319,0.676328502415,3.14598684066,0.893304905371,0.469135802469,0.742819366386,0.443649978204,2.5,1.67433653303,0.742819366386,2.5,0.263521327158,0.156097560976,32,0.0180688876341,0.308271021907,23,23,23,1,0,0.478260869565,0.217391304348,0.304347826087,-7,-0.0138339920949,-0.0107392607393,-0.608695652174,-0.583333333333,-0.4375,-0.260847979731,0.00405502101586,0.00760625579466,-0.425013599203,-0.000457282265317,0.00340360122969,-0.124433953969,0.0385358340491,0.0264480554336,-0.00637193797274,-0.000953942360206,0,-0.0107392607393,-0.00637193797274,0,0.00407471316562,-0.0326849287645,-14,-0.00790513833992,-0.0248736112372,0,0,0,81,0,7,418,0.920454545455,1,0,0.0795454545455,1,0.920454545455,0.958579881657,0.951469451768,0.920454545455,0.920454545455,2,9,0,10,4,10
632,WLNM_dir_neg_kfold,0.814814814815,0.576388888889,00:00:01,10,90,11,16356,threshold_sweep,0.2,1,0.111111111111,0.2,1,0,8,18,0.111111111111,1,0,0.888888888889,1,0.111111111111,0.2,0.703703703704,0.654320987654,0.142857142857,0.277350098113,0.111111111111,94,85,9,0,94,0,85,0,9,23,88,0.173913043478,1.68507579377,7.65217391304,7.33333333333,5.5,3.63829000359,0.475458352741,0.249505928854,5.32278271304,1.39118184545,0.672924901186,3.27042079462,0.854769071322,0.442687747036,0.749191304359,0.444603920564,2.5,1.68507579377,0.749191304359,2.5,0.259446613992,0.18878248974,46,0.025974025974,0.333144633145,23,23,23,1,0,0.478260869565,0.217391304348,0.304347826087,23,0.156126482213,1.6921230943,6.86956521739,6.58333333333,4.9375,3.42854790129,0.499092416011,0.269675288938,4.85073646664,1.41223973079,0.680242157402,3.10170168773,0.903027073644,0.479911942763,0.80170513135,0.473786531282,3,1.6921230943,0.80170513135,3,0.183552954982,0.156829679595,31,0.0175042348955,0.290695920241,23,23,23,1,0,0.478260869565,0.217391304348,0.304347826087,23,80,0.158102766798,1.69607566347,6.95652173913,6.66666666667,5,3.45724878624,0.496979513022,0.266847826087,4.91629540145,1.41343492792,0.68152173913,3.11695605034,0.896124864473,0.473913043478,0.803514081606,0.473748959975,3,1.69607566347,0.803514081606,3,0.180378351807,0.152960526316,31,0.0175042348955,0.291742096288,23,23,23,1,0,0.478260869565,0.217391304348,0.304347826087,-8,-0.0158102766798,0.0109998696955,-0.695652173913,-0.666666666667,-0.5,-0.181041217346,0.0215211602806,0.0173418972332,-0.406487311595,0.022253082462,0.00859683794466,-0.153464744283,0.0413557931509,0.0312252964427,0.0543227772475,0.0291450394106,0.5,0.0109998696955,0.0543227772475,0.5,-0.0790682621851,-0.0358219634243,-15,-0.00846979107849,-0.0414025368571,0,0,0,80,0,8,418,0.909090909091,1,0,0.0909090909091,1,0.909090909091,0.952380952381,0.944467458064,0.909090909091,0.909090909091,1,9,0,10,4,10
633,WLNM_dir_neg_kfold,0.814814814815,0.576388888889,00:00:01,10,90,11,16356,threshold_sweep,0.3,1,0.111111111111,0.2,1,0,8,18,0.111111111111,1,0,0.888888888889,1,0.111111111111,0.2,0.703703703704,0.654320987654,0.142857142857,0.277350098113,0.111111111111,94,85,9,0,94,0,85,0,9,23,88,0.173913043478,1.68507579377,7.65217391304,7.33333333333,5.5,3.63829000359,0.475458352741,0.249505928854,5.32278271304,1.39118184545,0.672924901186,3.27042079462,0.854769071322,0.442687747036,0.749191304359,0.444603920564,2.5,1.68507579377,0.749191304359,2.5,0.259446613992,0.18878248974,46,0.025974025974,0.333144633145,23,23,23,1,0,0.478260869565,0.217391304348,0.304347826087,23,0.156126482213,1.6921230943,6.86956521739,6.58333333333,4.9375,3.42854790129,0.499092416011,0.269675288938,4.85073646664,1.41223973079,0.680242157402,3.10170168773,0.903027073644,0.479911942763,0.80170513135,0.473786531282,3,1.6921230943,0.80170513135,3,0.183552954982,0.156829679595,31,0.0175042348955,0.290695920241,23,23,23,1,0,0.478260869565,0.217391304348,0.304347826087,23,80,0.158102766798,1.69607566347,6.95652173913,6.66666666667,5,3.45724878624,0.496979513022,0.266847826087,4.91629540145,1.41343492792,0.68152173913,3.11695605034,0.896124864473,0.473913043478,0.803514081606,0.473748959975,3,1.69607566347,0.803514081606,3,0.180378351807,0.152960526316,31,0.0175042348955,0.291742096288,23,23,23,1,0,0.478260869565,0.217391304348,0.304347826087,-8,-0.0158102766798,0.0109998696955,-0.695652173913,-0.666666666667,-0.5,-0.181041217346,0.0215211602806,0.0173418972332,-0.406487311595,0.022253082462,0.00859683794466,-0.153464744283,0.0413557931509,0.0312252964427,0.0543227772475,0.0291450394106,0.5,0.0109998696955,0.0543227772475,0.5,-0.0790682621851,-0.0358219634243,-15,-0.00846979107849,-0.0414025368571,0,0,0,80,0,8,418,0.909090909091,1,0,0.0909090909091,1,0.909090909091,0.952380952381,0.944467458064,0.909090909091,0.909090909091,1,9,0,10,4,10
634,WLNM_dir_neg_kfold,0.814814814815,0.576388888889,00:00:01,10,90,11,16356,threshold_sweep,0.4,1,0.111111111111,0.2,1,0,8,18,0.111111111111,1,0,0.888888888889,1,0.111111111111,0.2,0.703703703704,0.654320987654,0.142857142857,0.277350098113,0.111111111111,94,85,9,0,94,0,85,0,9,23,88,0.173913043478,1.68507579377,7.65217391304,7.33333333333,5.5,3.63829000359,0.475458352741,0.249505928854,5.32278271304,1.39118184545,0.672924901186,3.27042079462,0.854769071322,0.442687747036,0.749191304359,0.444603920564,2.5,1.68507579377,0.749191304359,2.5,0.259446613992,0.18878248974,46,0.025974025974,0.333144633145,23,23,23,1,0,0.478260869565,0.217391304348,0.304347826087,23,0.156126482213,1.6921230943,6.86956521739,6.58333333333,4.9375,3.42854790129,0.499092416011,0.269675288938,4.85073646664,1.41223973079,0.680242157402,3.10170168773,0.903027073644,0.479911942763,0.80170513135,0.473786531282,3,1.6921230943,0.80170513135,3,0.183552954982,0.156829679595,31,0.0175042348955,0.290695920241,23,23,23,1,0,0.478260869565,0.217391304348,0.304347826087,23,80,0.158102766798,1.69607566347,6.95652173913,6.66666666667,5,3.45724878624,0.496979513022,0.266847826087,4.91629540145,1.41343492792,0.68152173913,3.11695605034,0.896124864473,0.473913043478,0.803514081606,0.473748959975,3,1.69607566347,0.803514081606,3,0.180378351807,0.152960526316,31,0.0175042348955,0.291742096288,23,23,23,1,0,0.478260869565,0.217391304348,0.304347826087,-8,-0.0158102766798,0.0109998696955,-0.695652173913,-0.666666666667,-0.5,-0.181041217346,0.0215211602806,0.0173418972332,-0.406487311595,0.022253082462,0.00859683794466,-0.153464744283,0.0413557931509,0.0312252964427,0.0543227772475,0.0291450394106,0.5,0.0109998696955,0.0543227772475,0.5,-0.0790682621851,-0.0358219634243,-15,-0.00846979107849,-0.0414025368571,0,0,0,80,0,8,418,0.909090909091,1,0,0.0909090909091,1,0.909090909091,0.952380952381,0.944467458064,0.909090909091,0.909090909091,1,9,0,10,4,10
635,WLNM_dir_neg_kfold,0.814814814815,0.576388888889,00:00:01,10,90,11,16356,threshold_sweep,0.5,1,0.111111111111,0.2,1,0,8,18,0.111111111111,1,0,0.888888888889,1,0.111111111111,0.2,0.703703703704,0.654320987654,0.142857142857,0.277350098113,0.111111111111,94,85,9,0,94,0,85,0,9,23,88,0.173913043478,1.68507579377,7.65217391304,7.33333333333,5.5,3.63829000359,0.475458352741,0.249505928854,5.32278271304,1.39118184545,0.672924901186,3.27042079462,0.854769071322,0.442687747036,0.749191304359,0.444603920564,2.5,1.68507579377,0.749191304359,2.5,0.259446613992,0.18878248974,46,0.025974025974,0.333144633145,23,23,23,1,0,0.478260869565,0.217391304348,0.304347826087,23,0.156126482213,1.6921230943,6.86956521739,6.58333333333,4.9375,3.42854790129,0.499092416011,0.269675288938,4.85073646664,1.41223973079,0.680242157402,3.10170168773,0.903027073644,0.479911942763,0.80170513135,0.473786531282,3,1.6921230943,0.80170513135,3,0.183552954982,0.156829679595,31,0.0175042348955,0.290695920241,23,23,23,1,0,0.478260869565,0.217391304348,0.304347826087,23,80,0.158102766798,1.69607566347,6.95652173913,6.66666666667,5,3.45724878624,0.496979513022,0.266847826087,4.91629540145,1.41343492792,0.68152173913,3.11695605034,0.896124864473,0.473913043478,0.803514081606,0.473748959975,3,1.69607566347,0.803514081606,3,0.180378351807,0.152960526316,31,0.0175042348955,0.291742096288,23,23,23,1,0,0.478260869565,0.217391304348,0.304347826087,-8,-0.0158102766798,0.0109998696955,-0.695652173913,-0.666666666667,-0.5,-0.181041217346,0.0215211602806,0.0173418972332,-0.406487311595,0.022253082462,0.00859683794466,-0.153464744283,0.0413557931509,0.0312252964427,0.0543227772475,0.0291450394106,0.5,0.0109998696955,0.0543227772475,0.5,-0.0790682621851,-0.0358219634243,-15,-0.00846979107849,-0.0414025368571,0,0,0,80,0,8,418,0.909090909091,1,0,0.0909090909091,1,0.909090909091,0.952380952381,0.944467458064,0.909090909091,0.909090909091,1,9,0,10,4,10
636,WLNM_dir_neg_kfold,0.814814814815,0.576388888889,00:00:01,10,90,11,16356,threshold_sweep,0.6,1,0.111111111111,0.2,1,0,8,18,0.111111111111,1,0,0.888888888889,1,0.111111111111,0.2,0.703703703704,0.654320987654,0.142857142857,0.277350098113,0.111111111111,94,85,9,0,94,0,85,0,9,23,88,0.173913043478,1.68507579377,7.65217391304,7.33333333333,5.5,3.63829000359,0.475458352741,0.249505928854,5.32278271304,1.39118184545,0.672924901186,3.27042079462,0.854769071322,0.442687747036,0.749191304359,0.444603920564,2.5,1.68507579377,0.749191304359,2.5,0.259446613992,0.18878248974,46,0.025974025974,0.333144633145,23,23,23,1,0,0.478260869565,0.217391304348,0.304347826087,23,0.156126482213,1.6921230943,6.86956521739,6.58333333333,4.9375,3.42854790129,0.499092416011,0.269675288938,4.85073646664,1.41223973079,0.680242157402,3.10170168773,0.903027073644,0.479911942763,0.80170513135,0.473786531282,3,1.6921230943,0.80170513135,3,0.183552954982,0.156829679595,31,0.0175042348955,0.290695920241,23,23,23,1,0,0.478260869565,0.217391304348,0.304347826087,23,80,0.158102766798,1.69607566347,6.95652173913,6.66666666667,5,3.45724878624,0.496979513022,0.266847826087,4.91629540145,1.41343492792,0.68152173913,3.11695605034,0.896124864473,0.473913043478,0.803514081606,0.473748959975,3,1.69607566347,0.803514081606,3,0.180378351807,0.152960526316,31,0.0175042348955,0.291742096288,23,23,23,1,0,0.478260869565,0.217391304348,0.304347826087,-8,-0.0158102766798,0.0109998696955,-0.695652173913,-0.666666666667,-0.5,-0.181041217346,0.0215211602806,0.0173418972332,-0.406487311595,0.022253082462,0.00859683794466,-0.153464744283,0.0413557931509,0.0312252964427,0.0543227772475,0.0291450394106,0.5,0.0109998696955,0.0543227772475,0.5,-0.0790682621851,-0.0358219634243,-15,-0.00846979107849,-0.0414025368571,0,0,0,80,0,8,418,0.909090909091,1,0,0.0909090909091,1,0.909090909091,0.952380952381,0.944467458064,0.909090909091,0.909090909091,1,9,0,10,4,10
637,WLNM_dir_neg_kfold,0.814814814815,0.576388888889,00:00:01,10,90,11,16356,threshold_sweep,0.7,0,0,0,0,0,9,18,0,1,0,1,0,0,0,0.666666666667,0.666666666667,0,0,0,94,85,9,0,94,0,85,0,9,23,88,0.173913043478,1.68507579377,7.65217391304,7.33333333333,5.5,3.63829000359,0.475458352741,0.249505928854,5.32278271304,1.39118184545,0.672924901186,3.27042079462,0.854769071322,0.442687747036,0.749191304359,0.444603920564,2.5,1.68507579377,0.749191304359,2.5,0.259446613992,0.18878248974,46,0.025974025974,0.333144633145,23,23,23,1,0,0.478260869565,0.217391304348,0.304347826087,23,0.156126482213,1.6921230943,6.86956521739,6.58333333333,4.9375,3.42854790129,0.499092416011,0.269675288938,4.85073646664,1.41223973079,0.680242157402,3.10170168773,0.903027073644,0.479911942763,0.80170513135,0.473786531282,3,1.6921230943,0.80170513135,3,0.183552954982,0.156829679595,31,0.0175042348955,0.290695920241,23,23,23,1,0,0.478260869565,0.217391304348,0.304347826087,23,79,0.156126482213,1.6921230943,6.86956521739,6.58333333333,4.9375,3.42854790129,0.499092416011,0.269675288938,4.85073646664,1.41223973079,0.680242157402,3.10170168773,0.903027073644,0.479911942763,0.80170513135,0.473786531282,3,1.6921230943,0.80170513135,3,0.183552954982,0.156829679595,31,0.0175042348955,0.290695920241,23,23,23,1,0,0.478260869565,0.217391304348,0.304347826087,-9,-0.0177865612648,0.00704730052556,-0.782608695652,-0.75,-0.5625,-0.209742102293,0.0236340632696,0.0201693600841,-0.472046246405,0.0210578853388,0.00731725621654,-0.168719106892,0.0482580023214,0.0372241957272,0.0525138269908,0.029182610718,0.5,0.00704730052556,0.0525138269908,0.5,-0.0758936590105,-0.0319528101448,-15,-0.00846979107849,-0.0424487129033,0,0,0,79,0,9,418,0.897727272727,1,0,0.102272727273,1,0.897727272727,0.946107784431,0.937446329455,0.897727272727,0.897727272727,0,9,0,10,4,10
638,WLNM_dir_neg_kfold,0.814814814815,0.576388888889,00:00:01,10,90,11,16356,threshold_sweep,0.8,0,0,0,0,0,9,18,0,1,0,1,0,0,0,0.666666666667,0.666666666667,0,0,0,94,85,9,0,94,0,85,0,9,23,88,0.173913043478,1.68507579377,7.65217391304,7.33333333333,5.5,3.63829000359,0.475458352741,0.249505928854,5.32278271304,1.39118184545,0.672924901186,3.27042079462,0.854769071322,0.442687747036,0.749191304359,0.444603920564,2.5,1.68507579377,0.749191304359,2.5,0.259446613992,0.18878248974,46,0.025974025974,0.333144633145,23,23,23,1,0,0.478260869565,0.217391304348,0.304347826087,23,0.156126482213,1.6921230943,6.86956521739,6.58333333333,4.9375,3.42854790129,0.499092416011,0.269675288938,4.85073646664,1.41223973079,0.680242157402,3.10170168773,0.903027073644,0.479911942763,0.80170513135,0.473786531282,3,1.6921230943,0.80170513135,3,0.183552954982,0.156829679595,31,0.0175042348955,0.290695920241,23,23,23,1,0,0.478260869565,0.217391304348,0.304347826087,23,79,0.156126482213,1.6921230943,6.86956521739,6.58333333333,4.9375,3.42854790129,0.499092416011,0.269675288938,4.85073646664,1.41223973079,0.680242157402,3.10170168773,0.903027073644,0.479911942763,0.80170513135,0.473786531282,3,1.6921230943,0.80170513135,3,0.183552954982,0.156829679595,31,0.0175042348955,0.290695920241,23,23,23,1,0,0.478260869565,0.217391304348,0.304347826087,-9,-0.0177865612648,0.00704730052556,-0.782608695652,-0.75,-0.5625,-0.209742102293,0.0236340632696,0.0201693600841,-0.472046246405,0.0210578853388,0.00731725621654,-0.168719106892,0.0482580023214,0.0372241957272,0.0525138269908,0.029182610718,0.5,0.00704730052556,0.0525138269908,0.5,-0.0758936590105,-0.0319528101448,-15,-0.00846979107849,-0.0424487129033,0,0,0,79,0,9,418,0.897727272727,1,0,0.102272727273,1,0.897727272727,0.946107784431,0.937446329455,0.897727272727,0.897727272727,0,9,0,10,4,10
639,WLNM_dir_neg_kfold,0.814814814815,0.576388888889,00:00:01,10,90,11,16356,threshold_sweep,0.9,0,0,0,0,0,9,18,0,1,0,1,0,0,0,0.666666666667,0.666666666667,0,0,0,94,85,9,0,94,0,85,0,9,23,88,0.173913043478,1.68507579377,7.65217391304,7.33333333333,5.5,3.63829000359,0.475458352741,0.249505928854,5.32278271304,1.39118184545,0.672924901186,3.27042079462,0.854769071322,0.442687747036,0.749191304359,0.444603920564,2.5,1.68507579377,0.749191304359,2.5,0.259446613992,0.18878248974,46,0.025974025974,0.333144633145,23,23,23,1,0,0.478260869565,0.217391304348,0.304347826087,23,0.156126482213,1.6921230943,6.86956521739,6.58333333333,4.9375,3.42854790129,0.499092416011,0.269675288938,4.85073646664,1.41223973079,0.680242157402,3.10170168773,0.903027073644,0.479911942763,0.80170513135,0.473786531282,3,1.6921230943,0.80170513135,3,0.183552954982,0.156829679595,31,0.0175042348955,0.290695920241,23,23,23,1,0,0.478260869565,0.217391304348,0.304347826087,23,79,0.156126482213,1.6921230943,6.86956521739,6.58333333333,4.9375,3.42854790129,0.499092416011,0.269675288938,4.85073646664,1.41223973079,0.680242157402,3.10170168773,0.903027073644,0.479911942763,0.80170513135,0.473786531282,3,1.6921230943,0.80170513135,3,0.183552954982,0.156829679595,31,0.0175042348955,0.290695920241,23,23,23,1,0,0.478260869565,0.217391304348,0.304347826087,-9,-0.0177865612648,0.00704730052556,-0.782608695652,-0.75,-0.5625,-0.209742102293,0.0236340632696,0.0201693600841,-0.472046246405,0.0210578853388,0.00731725621654,-0.168719106892,0.0482580023214,0.0372241957272,0.0525138269908,0.029182610718,0.5,0.00704730052556,0.0525138269908,0.5,-0.0758936590105,-0.0319528101448,-15,-0.00846979107849,-0.0424487129033,0,0,0,79,0,9,418,0.897727272727,1,0,0.102272727273,1,0.897727272727,0.946107784431,0.937446329455,0.897727272727,0.897727272727,0,9,0,10,4,10
640,WLNM_dir_neg_kfold,0.87037037037,0.619658119658,00:00:02,10,90,12,16357,threshold_sweep,0.1,0.75,0.333333333333,0.461538461538,3,1,6,17,0.333333333333,0.944444444444,0.0555555555556,0.666666666667,0.75,0.333333333333,0.461538461538,0.740740740741,0.617283950617,0.322580645161,0.368604890387,0.277777777778,94,85,9,0,94,0,85,0,9,23,88,0.173913043478,1.68507579377,7.65217391304,7.33333333333,5.5,3.63829000359,0.475458352741,0.249505928854,5.32278271304,1.39118184545,0.672924901186,3.27042079462,0.854769071322,0.442687747036,0.749191304359,0.444603920564,2.5,1.68507579377,0.749191304359,2.5,0.259446613992,0.18878248974,46,0.025974025974,0.333144633145,23,23,23,1,0,0.478260869565,0.217391304348,0.304347826087,23,0.156126482213,1.6921230943,6.86956521739,6.58333333333,4.9375,3.42854790129,0.499092416011,0.269675288938,4.85073646664,1.41223973079,0.680242157402,3.10170168773,0.903027073644,0.479911942763,0.80170513135,0.473786531282,3,1.6921230943,0.80170513135,3,0.183552954982,0.156829679595,31,0.0175042348955,0.290695920241,23,23,23,1,0,0.478260869565,0.217391304348,0.304347826087,23,83,0.164031620553,1.68153585545,7.21739130435,6.91666666667,4.88235294118,3.64263293561,0.504702153728,0.270298585647,5.05190450528,1.39992534484,0.6809848088,3.07096565261,0.850990482049,0.451545311682,0.747814035994,0.444720838732,2.5,1.68153585545,0.747814035994,2.5,0.332948869313,0.235649546828,52,0.0293619424054,0.299410248842,23,23,23,1,0,0.478260869565,0.260869565217,0.260869565217,-5,-0.0098814229249,-0.00353993832255,-0.434782608696,-0.416666666667,-0.617647058824,0.00434293201889,0.029243800987,0.0207926567932,-0.270878207767,0.00874349938111,0.00805990761465,-0.199455142012,-0.00377858927309,0.00885756464594,-0.00137726836496,0.000116918168093,0,-0.00353993832255,-0.00137726836496,0,0.0735022553204,0.0468670570877,6,0.00338791643139,-0.0337343843026,0,0.0434782608696,-0.0434782608696,82,1,6,417,0.931818181818,0.997607655502,0.00239234449761,0.0681818181818,0.987951807229,0.931818181818,0.959064327485,0.951338315457,0.929425837321,0.921348314607,4,9,0,10,4,10
641,WLNM_dir_neg_kfold,0.87037037037,0.619658119658,00:00:02,10,90,12,16357,threshold_sweep,0.2,0.75,0.333333333333,0.461538461538,3,1,6,17,0.333333333333,0.944444444444,0.0555555555556,0.666666666667,0.75,0.333333333333,0.461538461538,0.740740740741,0.617283950617,0.322580645161,0.368604890387,0.277777777778,94,85,9,0,94,0,85,0,9,23,88,0.173913043478,1.68507579377,7.65217391304,7.33333333333,5.5,3.63829000359,0.475458352741,0.249505928854,5.32278271304,1.39118184545,0.672924901186,3.27042079462,0.854769071322,0.442687747036,0.749191304359,0.444603920564,2.5,1.68507579377,0.749191304359,2.5,0.259446613992,0.18878248974,46,0.025974025974,0.333144633145,23,23,23,1,0,0.478260869565,0.217391304348,0.304347826087,23,0.156126482213,1.6921230943,6.86956521739,6.58333333333,4.9375,3.42854790129,0.499092416011,0.269675288938,4.85073646664,1.41223973079,0.680242157402,3.10170168773,0.903027073644,0.479911942763,0.80170513135,0.473786531282,3,1.6921230943,0.80170513135,3,0.183552954982,0.156829679595,31,0.0175042348955,0.290695920241,23,23,23,1,0,0.478260869565,0.217391304348,0.304347826087,23,83,0.164031620553,1.68153585545,7.21739130435,6.91666666667,4.88235294118,3.64263293561,0.504702153728,0.270298585647,5.05190450528,1.39992534484,0.6809848088,3.07096565261,0.850990482049,0.451545311682,0.747814035994,0.444720838732,2.5,1.68153585545,0.747814035994,2.5,0.332948869313,0.235649546828,52,0.0293619424054,0.299410248842,23,23,23,1,0,0.478260869565,0.260869565217,0.260869565217,-5,-0.0098814229249,-0.00353993832255,-0.434782608696,-0.416666666667,-0.617647058824,0.00434293201889,0.029243800987,0.0207926567932,-0.270878207767,0.00874349938111,0.00805990761465,-0.199455142012,-0.00377858927309,0.00885756464594,-0.00137726836496,0.000116918168093,0,-0.00353993832255,-0.00137726836496,0,0.0735022553204,0.0468670570877,6,0.00338791643139,-0.0337343843026,0,0.0434782608696,-0.0434782608696,82,1,6,417,0.931818181818,0.997607655502,0.00239234449761,0.0681818181818,0.987951807229,0.931818181818,0.959064327485,0.951338315457,0.929425837321,0.921348314607,4,9,0,10,4,10
642,WLNM_dir_neg_kfold,0.87037037037,0.619658119658,00:00:02,10,90,12,16357,threshold_sweep,0.3,0.75,0.333333333333,0.461538461538,3,1,6,17,0.333333333333,0.944444444444,0.0555555555556,0.666666666667,0.75,0.333333333333,0.461538461538,0.740740740741,0.617283950617,0.322580645161,0.368604890387,0.277777777778,94,85,9,0,94,0,85,0,9,23,88,0.173913043478,1.68507579377,7.65217391304,7.33333333333,5.5,3.63829000359,0.475458352741,0.249505928854,5.32278271304,1.39118184545,0.672924901186,3.27042079462,0.854769071322,0.442687747036,0.749191304359,0.444603920564,2.5,1.68507579377,0.749191304359,2.5,0.259446613992,0.18878248974,46,0.025974025974,0.333144633145,23,23,23,1,0,0.478260869565,0.217391304348,0.304347826087,23,0.156126482213,1.6921230943,6.86956521739,6.58333333333,4.9375,3.42854790129,0.499092416011,0.269675288938,4.85073646664,1.41223973079,0.680242157402,3.10170168773,0.903027073644,0.479911942763,0.80170513135,0.473786531282,3,1.6921230943,0.80170513135,3,0.183552954982,0.156829679595,31,0.0175042348955,0.290695920241,23,23,23,1,0,0.478260869565,0.217391304348,0.304347826087,23,83,0.164031620553,1.68153585545,7.21739130435,6.91666666667,4.88235294118,3.64263293561,0.504702153728,0.270298585647,5.05190450528,1.39992534484,0.6809848088,3.07096565261,0.850990482049,0.451545311682,0.747814035994,0.444720838732,2.5,1.68153585545,0.747814035994,2.5,0.332948869313,0.235649546828,52,0.0293619424054,0.299410248842,23,23,23,1,0,0.478260869565,0.260869565217,0.260869565217,-5,-0.0098814229249,-0.00353993832255,-0.434782608696,-0.416666666667,-0.617647058824,0.00434293201889,0.029243800987,0.0207926567932,-0.270878207767,0.00874349938111,0.00805990761465,-0.199455142012,-0.00377858927309,0.00885756464594,-0.00137726836496,0.000116918168093,0,-0.00353993832255,-0.00137726836496,0,0.0735022553204,0.0468670570877,6,0.00338791643139,-0.0337343843026,0,0.0434782608696,-0.0434782608696,82,1,6,417,0.931818181818,0.997607655502,0.00239234449761,0.0681818181818,0.987951807229,0.931818181818,0.959064327485,0.951338315457,0.929425837321,0.921348314607,4,9,0,10,4,10
643,WLNM_dir_neg_kfold,0.87037037037,0.619658119658,00:00:02,10,90,12,16357,threshold_sweep,0.4,0.75,0.333333333333,0.461538461538,3,1,6,17,0.333333333333,0.944444444444,0.0555555555556,0.666666666667,0.75,0.333333333333,0.461538461538,0.740740740741,0.617283950617,0.322580645161,0.368604890387,0.277777777778,94,85,9,0,94,0,85,0,9,23,88,0.173913043478,1.68507579377,7.65217391304,7.33333333333,5.5,3.63829000359,0.475458352741,0.249505928854,5.32278271304,1.39118184545,0.672924901186,3.27042079462,0.854769071322,0.442687747036,0.749191304359,0.444603920564,2.5,1.68507579377,0.749191304359,2.5,0.259446613992,0.18878248974,46,0.025974025974,0.333144633145,23,23,23,1,0,0.478260869565,0.217391304348,0.304347826087,23,0.156126482213,1.6921230943,6.86956521739,6.58333333333,4.9375,3.42854790129,0.499092416011,0.269675288938,4.85073646664,1.41223973079,0.680242157402,3.10170168773,0.903027073644,0.479911942763,0.80170513135,0.473786531282,3,1.6921230943,0.80170513135,3,0.183552954982,0.156829679595,31,0.0175042348955,0.290695920241,23,23,23,1,0,0.478260869565,0.217391304348,0.304347826087,23,83,0.164031620553,1.68153585545,7.21739130435,6.91666666667,4.88235294118,3.64263293561,0.504702153728,0.270298585647,5.05190450528,1.39992534484,0.6809848088,3.07096565261,0.850990482049,0.451545311682,0.747814035994,0.444720838732,2.5,1.68153585545,0.747814035994,2.5,0.332948869313,0.235649546828,52,0.0293619424054,0.299410248842,23,23,23,1,0,0.478260869565,0.260869565217,0.260869565217,-5,-0.0098814229249,-0.00353993832255,-0.434782608696,-0.416666666667,-0.617647058824,0.00434293201889,0.029243800987,0.0207926567932,-0.270878207767,0.00874349938111,0.00805990761465,-0.199455142012,-0.00377858927309,0.00885756464594,-0.00137726836496,0.000116918168093,0,-0.00353993832255,-0.00137726836496,0,0.0735022553204,0.0468670570877,6,0.00338791643139,-0.0337343843026,0,0.0434782608696,-0.0434782608696,82,1,6,417,0.931818181818,0.997607655502,0.00239234449761,0.0681818181818,0.987951807229,0.931818181818,0.959064327485,0.951338315457,0.929425837321,0.921348314607,4,9,0,10,4,10
644,WLNM_dir_neg_kfold,0.87037037037,0.619658119658,00:00:02,10,90,12,16357,threshold_sweep,0.5,0.75,0.333333333333,0.461538461538,3,1,6,17,0.333333333333,0.944444444444,0.0555555555556,0.666666666667,0.75,0.333333333333,0.461538461538,0.740740740741,0.617283950617,0.322580645161,0.368604890387,0.277777777778,94,85,9,0,94,0,85,0,9,23,88,0.173913043478,1.68507579377,7.65217391304,7.33333333333,5.5,3.63829000359,0.475458352741,0.249505928854,5.32278271304,1.39118184545,0.672924901186,3.27042079462,0.854769071322,0.442687747036,0.749191304359,0.444603920564,2.5,1.68507579377,0.749191304359,2.5,0.259446613992,0.18878248974,46,0.025974025974,0.333144633145,23,23,23,1,0,0.478260869565,0.217391304348,0.304347826087,23,0.156126482213,1.6921230943,6.86956521739,6.58333333333,4.9375,3.42854790129,0.499092416011,0.269675288938,4.85073646664,1.41223973079,0.680242157402,3.10170168773,0.903027073644,0.479911942763,0.80170513135,0.473786531282,3,1.6921230943,0.80170513135,3,0.183552954982,0.156829679595,31,0.0175042348955,0.290695920241,23,23,23,1,0,0.478260869565,0.217391304348,0.304347826087,23,83,0.164031620553,1.68153585545,7.21739130435,6.91666666667,4.88235294118,3.64263293561,0.504702153728,0.270298585647,5.05190450528,1.39992534484,0.6809848088,3.07096565261,0.850990482049,0.451545311682,0.747814035994,0.444720838732,2.5,1.68153585545,0.747814035994,2.5,0.332948869313,0.235649546828,52,0.0293619424054,0.299410248842,23,23,23,1,0,0.478260869565,0.260869565217,0.260869565217,-5,-0.0098814229249,-0.00353993832255,-0.434782608696,-0.416666666667,-0.617647058824,0.00434293201889,0.029243800987,0.0207926567932,-0.270878207767,0.00874349938111,0.00805990761465,-0.199455142012,-0.00377858927309,0.00885756464594,-0.00137726836496,0.000116918168093,0,-0.00353993832255,-0.00137726836496,0,0.0735022553204,0.0468670570877,6,0.00338791643139,-0.0337343843026,0,0.0434782608696,-0.0434782608696,82,1,6,417,0.931818181818,0.997607655502,0.00239234449761,0.0681818181818,0.987951807229,0.931818181818,0.959064327485,0.951338315457,0.929425837321,0.921348314607,4,9,0,10,4,10
645,WLNM_dir_neg_kfold,0.87037037037,0.619658119658,00:00:02,10,90,12,16357,threshold_sweep,0.6,0.75,0.333333333333,0.461538461538,3,1,6,17,0.333333333333,0.944444444444,0.0555555555556,0.666666666667,0.75,0.333333333333,0.461538461538,0.740740740741,0.617283950617,0.322580645161,0.368604890387,0.277777777778,94,85,9,0,94,0,85,0,9,23,88,0.173913043478,1.68507579377,7.65217391304,7.33333333333,5.5,3.63829000359,0.475458352741,0.249505928854,5.32278271304,1.39118184545,0.672924901186,3.27042079462,0.854769071322,0.442687747036,0.749191304359,0.444603920564,2.5,1.68507579377,0.749191304359,2.5,0.259446613992,0.18878248974,46,0.025974025974,0.333144633145,23,23,23,1,0,0.478260869565,0.217391304348,0.304347826087,23,0.156126482213,1.6921230943,6.86956521739,6.58333333333,4.9375,3.42854790129,0.499092416011,0.269675288938,4.85073646664,1.41223973079,0.680242157402,3.10170168773,0.903027073644,0.479911942763,0.80170513135,0.473786531282,3,1.6921230943,0.80170513135,3,0.183552954982,0.156829679595,31,0.0175042348955,0.290695920241,23,23,23,1,0,0.478260869565,0.217391304348,0.304347826087,23,83,0.164031620553,1.68153585545,7.21739130435,6.91666666667,4.88235294118,3.64263293561,0.504702153728,0.270298585647,5.05190450528,1.39992534484,0.6809848088,3.07096565261,0.850990482049,0.451545311682,0.747814035994,0.444720838732,2.5,1.68153585545,0.747814035994,2.5,0.332948869313,0.235649546828,52,0.0293619424054,0.299410248842,23,23,23,1,0,0.478260869565,0.260869565217,0.260869565217,-5,-0.0098814229249,-0.00353993832255,-0.434782608696,-0.416666666667,-0.617647058824,0.00434293201889,0.029243800987,0.0207926567932,-0.270878207767,0.00874349938111,0.00805990761465,-0.199455142012,-0.00377858927309,0.00885756464594,-0.00137726836496,0.000116918168093,0,-0.00353993832255,-0.00137726836496,0,0.0735022553204,0.0468670570877,6,0.00338791643139,-0.0337343843026,0,0.0434782608696,-0.0434782608696,82,1,6,417,0.931818181818,0.997607655502,0.00239234449761,0.0681818181818,0.987951807229,0.931818181818,0.959064327485,0.951338315457,0.929425837321,0.921348314607,4,9,0,10,4,10
646,WLNM_dir_neg_kfold,0.87037037037,0.619658119658,00:00:02,10,90,12,16357,threshold_sweep,0.7,0.75,0.333333333333,0.461538461538,3,1,6,17,0.333333333333,0.944444444444,0.0555555555556,0.666666666667,0.75,0.333333333333,0.461538461538,0.740740740741,0.617283950617,0.322580645161,0.368604890387,0.277777777778,94,85,9,0,94,0,85,0,9,23,88,0.173913043478,1.68507579377,7.65217391304,7.33333333333,5.5,3.63829000359,0.475458352741,0.249505928854,5.32278271304,1.39118184545,0.672924901186,3.27042079462,0.854769071322,0.442687747036,0.749191304359,0.444603920564,2.5,1.68507579377,0.749191304359,2.5,0.259446613992,0.18878248974,46,0.025974025974,0.333144633145,23,23,23,1,0,0.478260869565,0.217391304348,0.304347826087,23,0.156126482213,1.6921230943,6.86956521739,6.58333333333,4.9375,3.42854790129,0.499092416011,0.269675288938,4.85073646664,1.41223973079,0.680242157402,3.10170168773,0.903027073644,0.479911942763,0.80170513135,0.473786531282,3,1.6921230943,0.80170513135,3,0.183552954982,0.156829679595,31,0.0175042348955,0.290695920241,23,23,23,1,0,0.478260869565,0.217391304348,0.304347826087,23,83,0.164031620553,1.68153585545,7.21739130435,6.91666666667,4.88235294118,3.64263293561,0.504702153728,0.270298585647,5.05190450528,1.39992534484,0.6809848088,3.07096565261,0.850990482049,0.451545311682,0.747814035994,0.444720838732,2.5,1.68153585545,0.747814035994,2.5,0.332948869313,0.235649546828,52,0.0293619424054,0.299410248842,23,23,23,1,0,0.478260869565,0.260869565217,0.260869565217,-5,-0.0098814229249,-0.00353993832255,-0.434782608696,-0.416666666667,-0.617647058824,0.00434293201889,0.029243800987,0.0207926567932,-0.270878207767,0.00874349938111,0.00805990761465,-0.199455142012,-0.00377858927309,0.00885756464594,-0.00137726836496,0.000116918168093,0,-0.00353993832255,-0.00137726836496,0,0.0735022553204,0.0468670570877,6,0.00338791643139,-0.0337343843026,0,0.0434782608696,-0.0434782608696,82,1,6,417,0.931818181818,0.997607655502,0.00239234449761,0.0681818181818,0.987951807229,0.931818181818,0.959064327485,0.951338315457,0.929425837321,0.921348314607,4,9,0,10,4,10
647,WLNM_dir_neg_kfold,0.87037037037,0.619658119658,00:00:02,10,90,12,16357,threshold_sweep,0.8,0.75,0.333333333333,0.461538461538,3,1,6,17,0.333333333333,0.944444444444,0.0555555555556,0.666666666667,0.75,0.333333333333,0.461538461538,0.740740740741,0.617283950617,0.322580645161,0.368604890387,0.277777777778,94,85,9,0,94,0,85,0,9,23,88,0.173913043478,1.68507579377,7.65217391304,7.33333333333,5.5,3.63829000359,0.475458352741,0.249505928854,5.32278271304,1.39118184545,0.672924901186,3.27042079462,0.854769071322,0.442687747036,0.749191304359,0.444603920564,2.5,1.68507579377,0.749191304359,2.5,0.259446613992,0.18878248974,46,0.025974025974,0.333144633145,23,23,23,1,0,0.478260869565,0.217391304348,0.304347826087,23,0.156126482213,1.6921230943,6.86956521739,6.58333333333,4.9375,3.42854790129,0.499092416011,0.269675288938,4.85073646664,1.41223973079,0.680242157402,3.10170168773,0.903027073644,0.479911942763,0.80170513135,0.473786531282,3,1.6921230943,0.80170513135,3,0.183552954982,0.156829679595,31,0.0175042348955,0.290695920241,23,23,23,1,0,0.478260869565,0.217391304348,0.304347826087,23,83,0.164031620553,1.68153585545,7.21739130435,6.91666666667,4.88235294118,3.64263293561,0.504702153728,0.270298585647,5.05190450528,1.39992534484,0.6809848088,3.07096565261,0.850990482049,0.451545311682,0.747814035994,0.444720838732,2.5,1.68153585545,0.747814035994,2.5,0.332948869313,0.235649546828,52,0.0293619424054,0.299410248842,23,23,23,1,0,0.478260869565,0.260869565217,0.260869565217,-5,-0.0098814229249,-0.00353993832255,-0.434782608696,-0.416666666667,-0.617647058824,0.00434293201889,0.029243800987,0.0207926567932,-0.270878207767,0.00874349938111,0.00805990761465,-0.199455142012,-0.00377858927309,0.00885756464594,-0.00137726836496,0.000116918168093,0,-0.00353993832255,-0.00137726836496,0,0.0735022553204,0.0468670570877,6,0.00338791643139,-0.0337343843026,0,0.0434782608696,-0.0434782608696,82,1,6,417,0.931818181818,0.997607655502,0.00239234449761,0.0681818181818,0.987951807229,0.931818181818,0.959064327485,0.951338315457,0.929425837321,0.921348314607,4,9,0,10,4,10
648,WLNM_dir_neg_kfold,0.87037037037,0.619658119658,00:00:02,10,90,12,16357,threshold_sweep,0.9,0.75,0.333333333333,0.461538461538,3,1,6,17,0.333333333333,0.944444444444,0.0555555555556,0.666666666667,0.75,0.333333333333,0.461538461538,0.740740740741,0.617283950617,0.322580645161,0.368604890387,0.277777777778,94,85,9,0,94,0,85,0,9,23,88,0.173913043478,1.68507579377,7.65217391304,7.33333333333,5.5,3.63829000359,0.475458352741,0.249505928854,5.32278271304,1.39118184545,0.672924901186,3.27042079462,0.854769071322,0.442687747036,0.749191304359,0.444603920564,2.5,1.68507579377,0.749191304359,2.5,0.259446613992,0.18878248974,46,0.025974025974,0.333144633145,23,23,23,1,0,0.478260869565,0.217391304348,0.304347826087,23,0.156126482213,1.6921230943,6.86956521739,6.58333333333,4.9375,3.42854790129,0.499092416011,0.269675288938,4.85073646664,1.41223973079,0.680242157402,3.10170168773,0.903027073644,0.479911942763,0.80170513135,0.473786531282,3,1.6921230943,0.80170513135,3,0.183552954982,0.156829679595,31,0.0175042348955,0.290695920241,23,23,23,1,0,0.478260869565,0.217391304348,0.304347826087,23,83,0.164031620553,1.68153585545,7.21739130435,6.91666666667,4.88235294118,3.64263293561,0.504702153728,0.270298585647,5.05190450528,1.39992534484,0.6809848088,3.07096565261,0.850990482049,0.451545311682,0.747814035994,0.444720838732,2.5,1.68153585545,0.747814035994,2.5,0.332948869313,0.235649546828,52,0.0293619424054,0.299410248842,23,23,23,1,0,0.478260869565,0.260869565217,0.260869565217,-5,-0.0098814229249,-0.00353993832255,-0.434782608696,-0.416666666667,-0.617647058824,0.00434293201889,0.029243800987,0.0207926567932,-0.270878207767,0.00874349938111,0.00805990761465,-0.199455142012,-0.00377858927309,0.00885756464594,-0.00137726836496,0.000116918168093,0,-0.00353993832255,-0.00137726836496,0,0.0735022553204,0.0468670570877,6,0.00338791643139,-0.0337343843026,0,0.0434782608696,-0.0434782608696,82,1,6,417,0.931818181818,0.997607655502,0.00239234449761,0.0681818181818,0.987951807229,0.931818181818,0.959064327485,0.951338315457,0.929425837321,0.921348314607,4,9,0,10,4,10
649,WLNM_dir_neg_kfold,0.944444444444,0.744949494949,00:00:01,10,90,13,16358,threshold_sweep,0.1,1,0.222222222222,0.363636363636,2,0,7,18,0.222222222222,1,0,0.777777777778,1,0.222222222222,0.363636363636,0.740740740741,0.641975308642,0.275862068966,0.4,0.222222222222,94,85,9,0,94,0,85,0,9,23,88,0.173913043478,1.68507579377,7.65217391304,7.33333333333,5.5,3.63829000359,0.475458352741,0.249505928854,5.32278271304,1.39118184545,0.672924901186,3.27042079462,0.854769071322,0.442687747036,0.749191304359,0.444603920564,2.5,1.68507579377,0.749191304359,2.5,0.259446613992,0.18878248974,46,0.025974025974,0.333144633145,23,23,23,1,0,0.478260869565,0.217391304348,0.304347826087,23,0.156126482213,1.6921230943,6.86956521739,6.58333333333,4.9375,3.42854790129,0.499092416011,0.269675288938,4.85073646664,1.41223973079,0.680242157402,3.10170168773,0.903027073644,0.479911942763,0.80170513135,0.473786531282,3,1.6921230943,0.80170513135,3,0.183552954982,0.156829679595,31,0.0175042348955,0.290695920241,23,23,23,1,0,0.478260869565,0.217391304348,0.304347826087,23,81,0.160079051383,1.69999294184,7.04347826087,6.75,5.0625,3.58631566919,0.50916827402,0.273752012882,4.98971273738,1.41683201185,0.683843263553,3.08765231818,0.876740781705,0.466988727858,0.805760923137,0.473978981504,3,1.69999294184,0.805760923137,3,0.216418502133,0.194928684628,41,0.0231507622812,0.287904771996,23,23,23,1,0,0.478260869565,0.217391304348,0.304347826087,-7,-0.0138339920949,0.0149171480693,-0.608695652174,-0.583333333333,-0.4375,-0.0519743344002,0.0337099212789,0.0242460840287,-0.333069975663,0.0256501663943,0.0109183623676,-0.182768476447,0.0219717103823,0.0243009808227,0.0565696187781,0.0293750609392,0.5,0.0149171480693,0.0565696187781,0.5,-0.0430281118593,0.00614619488749,-5,-0.00282326369283,-0.045239861149,0,0,0,81,0,7,418,0.920454545455,1,0,0.0795454545455,1,0.920454545455,0.958579881657,0.951469451768,0.920454545455,0.920454545455,2,9,0,10,4,10
650,WLNM_dir_neg_kfold,0.944444444444,0.744949494949,00:00:01,10,90,13,16358,threshold_sweep,0.2,1,0.222222222222,0.363636363636,2,0,7,18,0.222222222222,1,0,0.777777777778,1,0.222222222222,0.363636363636,0.740740740741,0.641975308642,0.275862068966,0.4,0.222222222222,94,85,9,0,94,0,85,0,9,23,88,0.173913043478,1.68507579377,7.65217391304,7.33333333333,5.5,3.63829000359,0.475458352741,0.249505928854,5.32278271304,1.39118184545,0.672924901186,3.27042079462,0.854769071322,0.442687747036,0.749191304359,0.444603920564,2.5,1.68507579377,0.749191304359,2.5,0.259446613992,0.18878248974,46,0.025974025974,0.333144633145,23,23,23,1,0,0.478260869565,0.217391304348,0.304347826087,23,0.156126482213,1.6921230943,6.86956521739,6.58333333333,4.9375,3.42854790129,0.499092416011,0.269675288938,4.85073646664,1.41223973079,0.680242157402,3.10170168773,0.903027073644,0.479911942763,0.80170513135,0.473786531282,3,1.6921230943,0.80170513135,3,0.183552954982,0.156829679595,31,0.0175042348955,0.290695920241,23,23,23,1,0,0.478260869565,0.217391304348,0.304347826087,23,81,0.160079051383,1.69999294184,7.04347826087,6.75,5.0625,3.58631566919,0.50916827402,0.273752012882,4.98971273738,1.41683201185,0.683843263553,3.08765231818,0.876740781705,0.466988727858,0.805760923137,0.473978981504,3,1.69999294184,0.805760923137,3,0.216418502133,0.194928684628,41,0.0231507622812,0.287904771996,23,23,23,1,0,0.478260869565,0.217391304348,0.304347826087,-7,-0.0138339920949,0.0149171480693,-0.608695652174,-0.583333333333,-0.4375,-0.0519743344002,0.0337099212789,0.0242460840287,-0.333069975663,0.0256501663943,0.0109183623676,-0.182768476447,0.0219717103823,0.0243009808227,0.0565696187781,0.0293750609392,0.5,0.0149171480693,0.0565696187781,0.5,-0.0430281118593,0.00614619488749,-5,-0.00282326369283,-0.045239861149,0,0,0,81,0,7,418,0.920454545455,1,0,0.0795454545455,1,0.920454545455,0.958579881657,0.951469451768,0.920454545455,0.920454545455,2,9,0,10,4,10
651,WLNM_dir_neg_kfold,0.944444444444,0.744949494949,00:00:01,10,90,13,16358,threshold_sweep,0.3,1,0.222222222222,0.363636363636,2,0,7,18,0.222222222222,1,0,0.777777777778,1,0.222222222222,0.363636363636,0.740740740741,0.641975308642,0.275862068966,0.4,0.222222222222,94,85,9,0,94,0,85,0,9,23,88,0.173913043478,1.68507579377,7.65217391304,7.33333333333,5.5,3.63829000359,0.475458352741,0.249505928854,5.32278271304,1.39118184545,0.672924901186,3.27042079462,0.854769071322,0.442687747036,0.749191304359,0.444603920564,2.5,1.68507579377,0.749191304359,2.5,0.259446613992,0.18878248974,46,0.025974025974,0.333144633145,23,23,23,1,0,0.478260869565,0.217391304348,0.304347826087,23,0.156126482213,1.6921230943,6.86956521739,6.58333333333,4.9375,3.42854790129,0.499092416011,0.269675288938,4.85073646664,1.41223973079,0.680242157402,3.10170168773,0.903027073644,0.479911942763,0.80170513135,0.473786531282,3,1.6921230943,0.80170513135,3,0.183552954982,0.156829679595,31,0.0175042348955,0.290695920241,23,23,23,1,0,0.478260869565,0.217391304348,0.304347826087,23,81,0.160079051383,1.69999294184,7.04347826087,6.75,5.0625,3.58631566919,0.50916827402,0.273752012882,4.98971273738,1.41683201185,0.683843263553,3.08765231818,0.876740781705,0.466988727858,0.805760923137,0.473978981504,3,1.69999294184,0.805760923137,3,0.216418502133,0.194928684628,41,0.0231507622812,0.287904771996,23,23,23,1,0,0.478260869565,0.217391304348,0.304347826087,-7,-0.0138339920949,0.0149171480693,-0.608695652174,-0.583333333333,-0.4375,-0.0519743344002,0.0337099212789,0.0242460840287,-0.333069975663,0.0256501663943,0.0109183623676,-0.182768476447,0.0219717103823,0.0243009808227,0.0565696187781,0.0293750609392,0.5,0.0149171480693,0.0565696187781,0.5,-0.0430281118593,0.00614619488749,-5,-0.00282326369283,-0.045239861149,0,0,0,81,0,7,418,0.920454545455,1,0,0.0795454545455,1,0.920454545455,0.958579881657,0.951469451768,0.920454545455,0.920454545455,2,9,0,10,4,10
652,WLNM_dir_neg_kfold,0.944444444444,0.744949494949,00:00:01,10,90,13,16358,threshold_sweep,0.4,1,0.222222222222,0.363636363636,2,0,7,18,0.222222222222,1,0,0.777777777778,1,0.222222222222,0.363636363636,0.740740740741,0.641975308642,0.275862068966,0.4,0.222222222222,94,85,9,0,94,0,85,0,9,23,88,0.173913043478,1.68507579377,7.65217391304,7.33333333333,5.5,3.63829000359,0.475458352741,0.249505928854,5.32278271304,1.39118184545,0.672924901186,3.27042079462,0.854769071322,0.442687747036,0.749191304359,0.444603920564,2.5,1.68507579377,0.749191304359,2.5,0.259446613992,0.18878248974,46,0.025974025974,0.333144633145,23,23,23,1,0,0.478260869565,0.217391304348,0.304347826087,23,0.156126482213,1.6921230943,6.86956521739,6.58333333333,4.9375,3.42854790129,0.499092416011,0.269675288938,4.85073646664,1.41223973079,0.680242157402,3.10170168773,0.903027073644,0.479911942763,0.80170513135,0.473786531282,3,1.6921230943,0.80170513135,3,0.183552954982,0.156829679595,31,0.0175042348955,0.290695920241,23,23,23,1,0,0.478260869565,0.217391304348,0.304347826087,23,81,0.160079051383,1.69999294184,7.04347826087,6.75,5.0625,3.58631566919,0.50916827402,0.273752012882,4.98971273738,1.41683201185,0.683843263553,3.08765231818,0.876740781705,0.466988727858,0.805760923137,0.473978981504,3,1.69999294184,0.805760923137,3,0.216418502133,0.194928684628,41,0.0231507622812,0.287904771996,23,23,23,1,0,0.478260869565,0.217391304348,0.304347826087,-7,-0.0138339920949,0.0149171480693,-0.608695652174,-0.583333333333,-0.4375,-0.0519743344002,0.0337099212789,0.0242460840287,-0.333069975663,0.0256501663943,0.0109183623676,-0.182768476447,0.0219717103823,0.0243009808227,0.0565696187781,0.0293750609392,0.5,0.0149171480693,0.0565696187781,0.5,-0.0430281118593,0.00614619488749,-5,-0.00282326369283,-0.045239861149,0,0,0,81,0,7,418,0.920454545455,1,0,0.0795454545455,1,0.920454545455,0.958579881657,0.951469451768,0.920454545455,0.920454545455,2,9,0,10,4,10
653,WLNM_dir_neg_kfold,0.944444444444,0.744949494949,00:00:01,10,90,13,16358,threshold_sweep,0.5,1,0.222222222222,0.363636363636,2,0,7,18,0.222222222222,1,0,0.777777777778,1,0.222222222222,0.363636363636,0.740740740741,0.641975308642,0.275862068966,0.4,0.222222222222,94,85,9,0,94,0,85,0,9,23,88,0.173913043478,1.68507579377,7.65217391304,7.33333333333,5.5,3.63829000359,0.475458352741,0.249505928854,5.32278271304,1.39118184545,0.672924901186,3.27042079462,0.854769071322,0.442687747036,0.749191304359,0.444603920564,2.5,1.68507579377,0.749191304359,2.5,0.259446613992,0.18878248974,46,0.025974025974,0.333144633145,23,23,23,1,0,0.478260869565,0.217391304348,0.304347826087,23,0.156126482213,1.6921230943,6.86956521739,6.58333333333,4.9375,3.42854790129,0.499092416011,0.269675288938,4.85073646664,1.41223973079,0.680242157402,3.10170168773,0.903027073644,0.479911942763,0.80170513135,0.473786531282,3,1.6921230943,0.80170513135,3,0.183552954982,0.156829679595,31,0.0175042348955,0.290695920241,23,23,23,1,0,0.478260869565,0.217391304348,0.304347826087,23,81,0.160079051383,1.69999294184,7.04347826087,6.75,5.0625,3.58631566919,0.50916827402,0.273752012882,4.98971273738,1.41683201185,0.683843263553,3.08765231818,0.876740781705,0.466988727858,0.805760923137,0.473978981504,3,1.69999294184,0.805760923137,3,0.216418502133,0.194928684628,41,0.0231507622812,0.287904771996,23,23,23,1,0,0.478260869565,0.217391304348,0.304347826087,-7,-0.0138339920949,0.0149171480693,-0.608695652174,-0.583333333333,-0.4375,-0.0519743344002,0.0337099212789,0.0242460840287,-0.333069975663,0.0256501663943,0.0109183623676,-0.182768476447,0.0219717103823,0.0243009808227,0.0565696187781,0.0293750609392,0.5,0.0149171480693,0.0565696187781,0.5,-0.0430281118593,0.00614619488749,-5,-0.00282326369283,-0.045239861149,0,0,0,81,0,7,418,0.920454545455,1,0,0.0795454545455,1,0.920454545455,0.958579881657,0.951469451768,0.920454545455,0.920454545455,2,9,0,10,4,10
654,WLNM_dir_neg_kfold,0.944444444444,0.744949494949,00:00:01,10,90,13,16358,threshold_sweep,0.6,1,0.222222222222,0.363636363636,2,0,7,18,0.222222222222,1,0,0.777777777778,1,0.222222222222,0.363636363636,0.740740740741,0.641975308642,0.275862068966,0.4,0.222222222222,94,85,9,0,94,0,85,0,9,23,88,0.173913043478,1.68507579377,7.65217391304,7.33333333333,5.5,3.63829000359,0.475458352741,0.249505928854,5.32278271304,1.39118184545,0.672924901186,3.27042079462,0.854769071322,0.442687747036,0.749191304359,0.444603920564,2.5,1.68507579377,0.749191304359,2.5,0.259446613992,0.18878248974,46,0.025974025974,0.333144633145,23,23,23,1,0,0.478260869565,0.217391304348,0.304347826087,23,0.156126482213,1.6921230943,6.86956521739,6.58333333333,4.9375,3.42854790129,0.499092416011,0.269675288938,4.85073646664,1.41223973079,0.680242157402,3.10170168773,0.903027073644,0.479911942763,0.80170513135,0.473786531282,3,1.6921230943,0.80170513135,3,0.183552954982,0.156829679595,31,0.0175042348955,0.290695920241,23,23,23,1,0,0.478260869565,0.217391304348,0.304347826087,23,81,0.160079051383,1.69999294184,7.04347826087,6.75,5.0625,3.58631566919,0.50916827402,0.273752012882,4.98971273738,1.41683201185,0.683843263553,3.08765231818,0.876740781705,0.466988727858,0.805760923137,0.473978981504,3,1.69999294184,0.805760923137,3,0.216418502133,0.194928684628,41,0.0231507622812,0.287904771996,23,23,23,1,0,0.478260869565,0.217391304348,0.304347826087,-7,-0.0138339920949,0.0149171480693,-0.608695652174,-0.583333333333,-0.4375,-0.0519743344002,0.0337099212789,0.0242460840287,-0.333069975663,0.0256501663943,0.0109183623676,-0.182768476447,0.0219717103823,0.0243009808227,0.0565696187781,0.0293750609392,0.5,0.0149171480693,0.0565696187781,0.5,-0.0430281118593,0.00614619488749,-5,-0.00282326369283,-0.045239861149,0,0,0,81,0,7,418,0.920454545455,1,0,0.0795454545455,1,0.920454545455,0.958579881657,0.951469451768,0.920454545455,0.920454545455,2,9,0,10,4,10
655,WLNM_dir_neg_kfold,0.944444444444,0.744949494949,00:00:01,10,90,13,16358,threshold_sweep,0.7,1,0.222222222222,0.363636363636,2,0,7,18,0.222222222222,1,0,0.777777777778,1,0.222222222222,0.363636363636,0.740740740741,0.641975308642,0.275862068966,0.4,0.222222222222,94,85,9,0,94,0,85,0,9,23,88,0.173913043478,1.68507579377,7.65217391304,7.33333333333,5.5,3.63829000359,0.475458352741,0.249505928854,5.32278271304,1.39118184545,0.672924901186,3.27042079462,0.854769071322,0.442687747036,0.749191304359,0.444603920564,2.5,1.68507579377,0.749191304359,2.5,0.259446613992,0.18878248974,46,0.025974025974,0.333144633145,23,23,23,1,0,0.478260869565,0.217391304348,0.304347826087,23,0.156126482213,1.6921230943,6.86956521739,6.58333333333,4.9375,3.42854790129,0.499092416011,0.269675288938,4.85073646664,1.41223973079,0.680242157402,3.10170168773,0.903027073644,0.479911942763,0.80170513135,0.473786531282,3,1.6921230943,0.80170513135,3,0.183552954982,0.156829679595,31,0.0175042348955,0.290695920241,23,23,23,1,0,0.478260869565,0.217391304348,0.304347826087,23,81,0.160079051383,1.69999294184,7.04347826087,6.75,5.0625,3.58631566919,0.50916827402,0.273752012882,4.98971273738,1.41683201185,0.683843263553,3.08765231818,0.876740781705,0.466988727858,0.805760923137,0.473978981504,3,1.69999294184,0.805760923137,3,0.216418502133,0.194928684628,41,0.0231507622812,0.287904771996,23,23,23,1,0,0.478260869565,0.217391304348,0.304347826087,-7,-0.0138339920949,0.0149171480693,-0.608695652174,-0.583333333333,-0.4375,-0.0519743344002,0.0337099212789,0.0242460840287,-0.333069975663,0.0256501663943,0.0109183623676,-0.182768476447,0.0219717103823,0.0243009808227,0.0565696187781,0.0293750609392,0.5,0.0149171480693,0.0565696187781,0.5,-0.0430281118593,0.00614619488749,-5,-0.00282326369283,-0.045239861149,0,0,0,81,0,7,418,0.920454545455,1,0,0.0795454545455,1,0.920454545455,0.958579881657,0.951469451768,0.920454545455,0.920454545455,2,9,0,10,4,10
656,WLNM_dir_neg_kfold,0.944444444444,0.744949494949,00:00:01,10,90,13,16358,threshold_sweep,0.8,1,0.222222222222,0.363636363636,2,0,7,18,0.222222222222,1,0,0.777777777778,1,0.222222222222,0.363636363636,0.740740740741,0.641975308642,0.275862068966,0.4,0.222222222222,94,85,9,0,94,0,85,0,9,23,88,0.173913043478,1.68507579377,7.65217391304,7.33333333333,5.5,3.63829000359,0.475458352741,0.249505928854,5.32278271304,1.39118184545,0.672924901186,3.27042079462,0.854769071322,0.442687747036,0.749191304359,0.444603920564,2.5,1.68507579377,0.749191304359,2.5,0.259446613992,0.18878248974,46,0.025974025974,0.333144633145,23,23,23,1,0,0.478260869565,0.217391304348,0.304347826087,23,0.156126482213,1.6921230943,6.86956521739,6.58333333333,4.9375,3.42854790129,0.499092416011,0.269675288938,4.85073646664,1.41223973079,0.680242157402,3.10170168773,0.903027073644,0.479911942763,0.80170513135,0.473786531282,3,1.6921230943,0.80170513135,3,0.183552954982,0.156829679595,31,0.0175042348955,0.290695920241,23,23,23,1,0,0.478260869565,0.217391304348,0.304347826087,23,81,0.160079051383,1.69999294184,7.04347826087,6.75,5.0625,3.58631566919,0.50916827402,0.273752012882,4.98971273738,1.41683201185,0.683843263553,3.08765231818,0.876740781705,0.466988727858,0.805760923137,0.473978981504,3,1.69999294184,0.805760923137,3,0.216418502133,0.194928684628,41,0.0231507622812,0.287904771996,23,23,23,1,0,0.478260869565,0.217391304348,0.304347826087,-7,-0.0138339920949,0.0149171480693,-0.608695652174,-0.583333333333,-0.4375,-0.0519743344002,0.0337099212789,0.0242460840287,-0.333069975663,0.0256501663943,0.0109183623676,-0.182768476447,0.0219717103823,0.0243009808227,0.0565696187781,0.0293750609392,0.5,0.0149171480693,0.0565696187781,0.5,-0.0430281118593,0.00614619488749,-5,-0.00282326369283,-0.045239861149,0,0,0,81,0,7,418,0.920454545455,1,0,0.0795454545455,1,0.920454545455,0.958579881657,0.951469451768,0.920454545455,0.920454545455,2,9,0,10,4,10
657,WLNM_dir_neg_kfold,0.944444444444,0.744949494949,00:00:01,10,90,13,16358,threshold_sweep,0.9,1,0.111111111111,0.2,1,0,8,18,0.111111111111,1,0,0.888888888889,1,0.111111111111,0.2,0.703703703704,0.654320987654,0.142857142857,0.277350098113,0.111111111111,94,85,9,0,94,0,85,0,9,23,88,0.173913043478,1.68507579377,7.65217391304,7.33333333333,5.5,3.63829000359,0.475458352741,0.249505928854,5.32278271304,1.39118184545,0.672924901186,3.27042079462,0.854769071322,0.442687747036,0.749191304359,0.444603920564,2.5,1.68507579377,0.749191304359,2.5,0.259446613992,0.18878248974,46,0.025974025974,0.333144633145,23,23,23,1,0,0.478260869565,0.217391304348,0.304347826087,23,0.156126482213,1.6921230943,6.86956521739,6.58333333333,4.9375,3.42854790129,0.499092416011,0.269675288938,4.85073646664,1.41223973079,0.680242157402,3.10170168773,0.903027073644,0.479911942763,0.80170513135,0.473786531282,3,1.6921230943,0.80170513135,3,0.183552954982,0.156829679595,31,0.0175042348955,0.290695920241,23,23,23,1,0,0.478260869565,0.217391304348,0.304347826087,23,80,0.158102766798,1.69607566347,6.95652173913,6.66666666667,5,3.45724878624,0.496979513022,0.266847826087,4.91629540145,1.41343492792,0.68152173913,3.11695605034,0.896124864473,0.473913043478,0.803514081606,0.473748959975,3,1.69607566347,0.803514081606,3,0.180378351807,0.152960526316,31,0.0175042348955,0.291742096288,23,23,23,1,0,0.478260869565,0.217391304348,0.304347826087,-8,-0.0158102766798,0.0109998696955,-0.695652173913,-0.666666666667,-0.5,-0.181041217346,0.0215211602806,0.0173418972332,-0.406487311595,0.022253082462,0.00859683794466,-0.153464744283,0.0413557931509,0.0312252964427,0.0543227772475,0.0291450394106,0.5,0.0109998696955,0.0543227772475,0.5,-0.0790682621851,-0.0358219634243,-15,-0.00846979107849,-0.0414025368571,0,0,0,80,0,8,418,0.909090909091,1,0,0.0909090909091,1,0.909090909091,0.952380952381,0.944467458064,0.909090909091,0.909090909091,1,9,0,10,4,10
658,WLNM_dir_neg_kfold,0.703703703704,0.431100217865,00:00:02,10,90,14,16359,threshold_sweep,0.1,1,0.222222222222,0.363636363636,2,0,7,18,0.222222222222,1,0,0.777777777778,1,0.222222222222,0.363636363636,0.740740740741,0.641975308642,0.275862068966,0.4,0.222222222222,94,85,9,0,94,0,85,0,9,23,88,0.173913043478,1.68507579377,7.65217391304,7.33333333333,5.5,3.63829000359,0.475458352741,0.249505928854,5.32278271304,1.39118184545,0.672924901186,3.27042079462,0.854769071322,0.442687747036,0.749191304359,0.444603920564,2.5,1.68507579377,0.749191304359,2.5,0.259446613992,0.18878248974,46,0.025974025974,0.333144633145,23,23,23,1,0,0.478260869565,0.217391304348,0.304347826087,23,0.156126482213,1.6921230943,6.86956521739,6.58333333333,4.9375,3.42854790129,0.499092416011,0.269675288938,4.85073646664,1.41223973079,0.680242157402,3.10170168773,0.903027073644,0.479911942763,0.80170513135,0.473786531282,3,1.6921230943,0.80170513135,3,0.183552954982,0.156829679595,31,0.0175042348955,0.290695920241,23,23,23,1,0,0.478260869565,0.217391304348,0.304347826087,23,81,0.160079051383,1.67433653303,7.04347826087,6.75,5.0625,3.37744202386,0.479513373757,0.257112184648,4.89776911384,1.39072456319,0.676328502415,3.14598684066,0.893304905371,0.469135802469,0.742819366386,0.443649978204,2.5,1.67433653303,0.742819366386,2.5,0.263521327158,0.156097560976,32,0.0180688876341,0.308271021907,23,23,23,1,0,0.478260869565,0.217391304348,0.304347826087,-7,-0.0138339920949,-0.0107392607393,-0.608695652174,-0.583333333333,-0.4375,-0.260847979731,0.00405502101586,0.00760625579466,-0.425013599203,-0.000457282265317,0.00340360122969,-0.124433953969,0.0385358340491,0.0264480554336,-0.00637193797274,-0.000953942360206,0,-0.0107392607393,-0.00637193797274,0,0.00407471316562,-0.0326849287645,-14,-0.00790513833992,-0.0248736112372,0,0,0,81,0,7,418,0.920454545455,1,0,0.0795454545455,1,0.920454545455,0.958579881657,0.951469451768,0.920454545455,0.920454545455,2,9,0,10,4,10
659,WLNM_dir_neg_kfold,0.703703703704,0.431100217865,00:00:02,10,90,14,16359,threshold_sweep,0.2,1,0.222222222222,0.363636363636,2,0,7,18,0.222222222222,1,0,0.777777777778,1,0.222222222222,0.363636363636,0.740740740741,0.641975308642,0.275862068966,0.4,0.222222222222,94,85,9,0,94,0,85,0,9,23,88,0.173913043478,1.68507579377,7.65217391304,7.33333333333,5.5,3.63829000359,0.475458352741,0.249505928854,5.32278271304,1.39118184545,0.672924901186,3.27042079462,0.854769071322,0.442687747036,0.749191304359,0.444603920564,2.5,1.68507579377,0.749191304359,2.5,0.259446613992,0.18878248974,46,0.025974025974,0.333144633145,23,23,23,1,0,0.478260869565,0.217391304348,0.304347826087,23,0.156126482213,1.6921230943,6.86956521739,6.58333333333,4.9375,3.42854790129,0.499092416011,0.269675288938,4.85073646664,1.41223973079,0.680242157402,3.10170168773,0.903027073644,0.479911942763,0.80170513135,0.473786531282,3,1.6921230943,0.80170513135,3,0.183552954982,0.156829679595,31,0.0175042348955,0.290695920241,23,23,23,1,0,0.478260869565,0.217391304348,0.304347826087,23,81,0.160079051383,1.67433653303,7.04347826087,6.75,5.0625,3.37744202386,0.479513373757,0.257112184648,4.89776911384,1.39072456319,0.676328502415,3.14598684066,0.893304905371,0.469135802469,0.742819366386,0.443649978204,2.5,1.67433653303,0.742819366386,2.5,0.263521327158,0.156097560976,32,0.0180688876341,0.308271021907,23,23,23,1,0,0.478260869565,0.217391304348,0.304347826087,-7,-0.0138339920949,-0.0107392607393,-0.608695652174,-0.583333333333,-0.4375,-0.260847979731,0.00405502101586,0.00760625579466,-0.425013599203,-0.000457282265317,0.00340360122969,-0.124433953969,0.0385358340491,0.0264480554336,-0.00637193797274,-0.000953942360206,0,-0.0107392607393,-0.00637193797274,0,0.00407471316562,-0.0326849287645,-14,-0.00790513833992,-0.0248736112372,0,0,0,81,0,7,418,0.920454545455,1,0,0.0795454545455,1,0.920454545455,0.958579881657,0.951469451768,0.920454545455,0.920454545455,2,9,0,10,4,10
660,WLNM_dir_neg_kfold,0.703703703704,0.431100217865,00:00:02,10,90,14,16359,threshold_sweep,0.3,1,0.222222222222,0.363636363636,2,0,7,18,0.222222222222,1,0,0.777777777778,1,0.222222222222,0.363636363636,0.740740740741,0.641975308642,0.275862068966,0.4,0.222222222222,94,85,9,0,94,0,85,0,9,23,88,0.173913043478,1.68507579377,7.65217391304,7.33333333333,5.5,3.63829000359,0.475458352741,0.249505928854,5.32278271304,1.39118184545,0.672924901186,3.27042079462,0.854769071322,0.442687747036,0.749191304359,0.444603920564,2.5,1.68507579377,0.749191304359,2.5,0.259446613992,0.18878248974,46,0.025974025974,0.333144633145,23,23,23,1,0,0.478260869565,0.217391304348,0.304347826087,23,0.156126482213,1.6921230943,6.86956521739,6.58333333333,4.9375,3.42854790129,0.499092416011,0.269675288938,4.85073646664,1.41223973079,0.680242157402,3.10170168773,0.903027073644,0.479911942763,0.80170513135,0.473786531282,3,1.6921230943,0.80170513135,3,0.183552954982,0.156829679595,31,0.0175042348955,0.290695920241,23,23,23,1,0,0.478260869565,0.217391304348,0.304347826087,23,81,0.160079051383,1.67433653303,7.04347826087,6.75,5.0625,3.37744202386,0.479513373757,0.257112184648,4.89776911384,1.39072456319,0.676328502415,3.14598684066,0.893304905371,0.469135802469,0.742819366386,0.443649978204,2.5,1.67433653303,0.742819366386,2.5,0.263521327158,0.156097560976,32,0.0180688876341,0.308271021907,23,23,23,1,0,0.478260869565,0.217391304348,0.304347826087,-7,-0.0138339920949,-0.0107392607393,-0.608695652174,-0.583333333333,-0.4375,-0.260847979731,0.00405502101586,0.00760625579466,-0.425013599203,-0.000457282265317,0.00340360122969,-0.124433953969,0.0385358340491,0.0264480554336,-0.00637193797274,-0.000953942360206,0,-0.0107392607393,-0.00637193797274,0,0.00407471316562,-0.0326849287645,-14,-0.00790513833992,-0.0248736112372,0,0,0,81,0,7,418,0.920454545455,1,0,0.0795454545455,1,0.920454545455,0.958579881657,0.951469451768,0.920454545455,0.920454545455,2,9,0,10,4,10
661,WLNM_dir_neg_kfold,0.703703703704,0.431100217865,00:00:02,10,90,14,16359,threshold_sweep,0.4,1,0.222222222222,0.363636363636,2,0,7,18,0.222222222222,1,0,0.777777777778,1,0.222222222222,0.363636363636,0.740740740741,0.641975308642,0.275862068966,0.4,0.222222222222,94,85,9,0,94,0,85,0,9,23,88,0.173913043478,1.68507579377,7.65217391304,7.33333333333,5.5,3.63829000359,0.475458352741,0.249505928854,5.32278271304,1.39118184545,0.672924901186,3.27042079462,0.854769071322,0.442687747036,0.749191304359,0.444603920564,2.5,1.68507579377,0.749191304359,2.5,0.259446613992,0.18878248974,46,0.025974025974,0.333144633145,23,23,23,1,0,0.478260869565,0.217391304348,0.304347826087,23,0.156126482213,1.6921230943,6.86956521739,6.58333333333,4.9375,3.42854790129,0.499092416011,0.269675288938,4.85073646664,1.41223973079,0.680242157402,3.10170168773,0.903027073644,0.479911942763,0.80170513135,0.473786531282,3,1.6921230943,0.80170513135,3,0.183552954982,0.156829679595,31,0.0175042348955,0.290695920241,23,23,23,1,0,0.478260869565,0.217391304348,0.304347826087,23,81,0.160079051383,1.67433653303,7.04347826087,6.75,5.0625,3.37744202386,0.479513373757,0.257112184648,4.89776911384,1.39072456319,0.676328502415,3.14598684066,0.893304905371,0.469135802469,0.742819366386,0.443649978204,2.5,1.67433653303,0.742819366386,2.5,0.263521327158,0.156097560976,32,0.0180688876341,0.308271021907,23,23,23,1,0,0.478260869565,0.217391304348,0.304347826087,-7,-0.0138339920949,-0.0107392607393,-0.608695652174,-0.583333333333,-0.4375,-0.260847979731,0.00405502101586,0.00760625579466,-0.425013599203,-0.000457282265317,0.00340360122969,-0.124433953969,0.0385358340491,0.0264480554336,-0.00637193797274,-0.000953942360206,0,-0.0107392607393,-0.00637193797274,0,0.00407471316562,-0.0326849287645,-14,-0.00790513833992,-0.0248736112372,0,0,0,81,0,7,418,0.920454545455,1,0,0.0795454545455,1,0.920454545455,0.958579881657,0.951469451768,0.920454545455,0.920454545455,2,9,0,10,4,10
662,WLNM_dir_neg_kfold,0.703703703704,0.431100217865,00:00:02,10,90,14,16359,threshold_sweep,0.5,1,0.222222222222,0.363636363636,2,0,7,18,0.222222222222,1,0,0.777777777778,1,0.222222222222,0.363636363636,0.740740740741,0.641975308642,0.275862068966,0.4,0.222222222222,94,85,9,0,94,0,85,0,9,23,88,0.173913043478,1.68507579377,7.65217391304,7.33333333333,5.5,3.63829000359,0.475458352741,0.249505928854,5.32278271304,1.39118184545,0.672924901186,3.27042079462,0.854769071322,0.442687747036,0.749191304359,0.444603920564,2.5,1.68507579377,0.749191304359,2.5,0.259446613992,0.18878248974,46,0.025974025974,0.333144633145,23,23,23,1,0,0.478260869565,0.217391304348,0.304347826087,23,0.156126482213,1.6921230943,6.86956521739,6.58333333333,4.9375,3.42854790129,0.499092416011,0.269675288938,4.85073646664,1.41223973079,0.680242157402,3.10170168773,0.903027073644,0.479911942763,0.80170513135,0.473786531282,3,1.6921230943,0.80170513135,3,0.183552954982,0.156829679595,31,0.0175042348955,0.290695920241,23,23,23,1,0,0.478260869565,0.217391304348,0.304347826087,23,81,0.160079051383,1.67433653303,7.04347826087,6.75,5.0625,3.37744202386,0.479513373757,0.257112184648,4.89776911384,1.39072456319,0.676328502415,3.14598684066,0.893304905371,0.469135802469,0.742819366386,0.443649978204,2.5,1.67433653303,0.742819366386,2.5,0.263521327158,0.156097560976,32,0.0180688876341,0.308271021907,23,23,23,1,0,0.478260869565,0.217391304348,0.304347826087,-7,-0.0138339920949,-0.0107392607393,-0.608695652174,-0.583333333333,-0.4375,-0.260847979731,0.00405502101586,0.00760625579466,-0.425013599203,-0.000457282265317,0.00340360122969,-0.124433953969,0.0385358340491,0.0264480554336,-0.00637193797274,-0.000953942360206,0,-0.0107392607393,-0.00637193797274,0,0.00407471316562,-0.0326849287645,-14,-0.00790513833992,-0.0248736112372,0,0,0,81,0,7,418,0.920454545455,1,0,0.0795454545455,1,0.920454545455,0.958579881657,0.951469451768,0.920454545455,0.920454545455,2,9,0,10,4,10
663,WLNM_dir_neg_kfold,0.703703703704,0.431100217865,00:00:02,10,90,14,16359,threshold_sweep,0.6,1,0.222222222222,0.363636363636,2,0,7,18,0.222222222222,1,0,0.777777777778,1,0.222222222222,0.363636363636,0.740740740741,0.641975308642,0.275862068966,0.4,0.222222222222,94,85,9,0,94,0,85,0,9,23,88,0.173913043478,1.68507579377,7.65217391304,7.33333333333,5.5,3.63829000359,0.475458352741,0.249505928854,5.32278271304,1.39118184545,0.672924901186,3.27042079462,0.854769071322,0.442687747036,0.749191304359,0.444603920564,2.5,1.68507579377,0.749191304359,2.5,0.259446613992,0.18878248974,46,0.025974025974,0.333144633145,23,23,23,1,0,0.478260869565,0.217391304348,0.304347826087,23,0.156126482213,1.6921230943,6.86956521739,6.58333333333,4.9375,3.42854790129,0.499092416011,0.269675288938,4.85073646664,1.41223973079,0.680242157402,3.10170168773,0.903027073644,0.479911942763,0.80170513135,0.473786531282,3,1.6921230943,0.80170513135,3,0.183552954982,0.156829679595,31,0.0175042348955,0.290695920241,23,23,23,1,0,0.478260869565,0.217391304348,0.304347826087,23,81,0.160079051383,1.67433653303,7.04347826087,6.75,5.0625,3.37744202386,0.479513373757,0.257112184648,4.89776911384,1.39072456319,0.676328502415,3.14598684066,0.893304905371,0.469135802469,0.742819366386,0.443649978204,2.5,1.67433653303,0.742819366386,2.5,0.263521327158,0.156097560976,32,0.0180688876341,0.308271021907,23,23,23,1,0,0.478260869565,0.217391304348,0.304347826087,-7,-0.0138339920949,-0.0107392607393,-0.608695652174,-0.583333333333,-0.4375,-0.260847979731,0.00405502101586,0.00760625579466,-0.425013599203,-0.000457282265317,0.00340360122969,-0.124433953969,0.0385358340491,0.0264480554336,-0.00637193797274,-0.000953942360206,0,-0.0107392607393,-0.00637193797274,0,0.00407471316562,-0.0326849287645,-14,-0.00790513833992,-0.0248736112372,0,0,0,81,0,7,418,0.920454545455,1,0,0.0795454545455,1,0.920454545455,0.958579881657,0.951469451768,0.920454545455,0.920454545455,2,9,0,10,4,10
664,WLNM_dir_neg_kfold,0.703703703704,0.431100217865,00:00:02,10,90,14,16359,threshold_sweep,0.7,1,0.222222222222,0.363636363636,2,0,7,18,0.222222222222,1,0,0.777777777778,1,0.222222222222,0.363636363636,0.740740740741,0.641975308642,0.275862068966,0.4,0.222222222222,94,85,9,0,94,0,85,0,9,23,88,0.173913043478,1.68507579377,7.65217391304,7.33333333333,5.5,3.63829000359,0.475458352741,0.249505928854,5.32278271304,1.39118184545,0.672924901186,3.27042079462,0.854769071322,0.442687747036,0.749191304359,0.444603920564,2.5,1.68507579377,0.749191304359,2.5,0.259446613992,0.18878248974,46,0.025974025974,0.333144633145,23,23,23,1,0,0.478260869565,0.217391304348,0.304347826087,23,0.156126482213,1.6921230943,6.86956521739,6.58333333333,4.9375,3.42854790129,0.499092416011,0.269675288938,4.85073646664,1.41223973079,0.680242157402,3.10170168773,0.903027073644,0.479911942763,0.80170513135,0.473786531282,3,1.6921230943,0.80170513135,3,0.183552954982,0.156829679595,31,0.0175042348955,0.290695920241,23,23,23,1,0,0.478260869565,0.217391304348,0.304347826087,23,81,0.160079051383,1.67433653303,7.04347826087,6.75,5.0625,3.37744202386,0.479513373757,0.257112184648,4.89776911384,1.39072456319,0.676328502415,3.14598684066,0.893304905371,0.469135802469,0.742819366386,0.443649978204,2.5,1.67433653303,0.742819366386,2.5,0.263521327158,0.156097560976,32,0.0180688876341,0.308271021907,23,23,23,1,0,0.478260869565,0.217391304348,0.304347826087,-7,-0.0138339920949,-0.0107392607393,-0.608695652174,-0.583333333333,-0.4375,-0.260847979731,0.00405502101586,0.00760625579466,-0.425013599203,-0.000457282265317,0.00340360122969,-0.124433953969,0.0385358340491,0.0264480554336,-0.00637193797274,-0.000953942360206,0,-0.0107392607393,-0.00637193797274,0,0.00407471316562,-0.0326849287645,-14,-0.00790513833992,-0.0248736112372,0,0,0,81,0,7,418,0.920454545455,1,0,0.0795454545455,1,0.920454545455,0.958579881657,0.951469451768,0.920454545455,0.920454545455,2,9,0,10,4,10
665,WLNM_dir_neg_kfold,0.703703703704,0.431100217865,00:00:02,10,90,14,16359,threshold_sweep,0.8,1,0.222222222222,0.363636363636,2,0,7,18,0.222222222222,1,0,0.777777777778,1,0.222222222222,0.363636363636,0.740740740741,0.641975308642,0.275862068966,0.4,0.222222222222,94,85,9,0,94,0,85,0,9,23,88,0.173913043478,1.68507579377,7.65217391304,7.33333333333,5.5,3.63829000359,0.475458352741,0.249505928854,5.32278271304,1.39118184545,0.672924901186,3.27042079462,0.854769071322,0.442687747036,0.749191304359,0.444603920564,2.5,1.68507579377,0.749191304359,2.5,0.259446613992,0.18878248974,46,0.025974025974,0.333144633145,23,23,23,1,0,0.478260869565,0.217391304348,0.304347826087,23,0.156126482213,1.6921230943,6.86956521739,6.58333333333,4.9375,3.42854790129,0.499092416011,0.269675288938,4.85073646664,1.41223973079,0.680242157402,3.10170168773,0.903027073644,0.479911942763,0.80170513135,0.473786531282,3,1.6921230943,0.80170513135,3,0.183552954982,0.156829679595,31,0.0175042348955,0.290695920241,23,23,23,1,0,0.478260869565,0.217391304348,0.304347826087,23,81,0.160079051383,1.67433653303,7.04347826087,6.75,5.0625,3.37744202386,0.479513373757,0.257112184648,4.89776911384,1.39072456319,0.676328502415,3.14598684066,0.893304905371,0.469135802469,0.742819366386,0.443649978204,2.5,1.67433653303,0.742819366386,2.5,0.263521327158,0.156097560976,32,0.0180688876341,0.308271021907,23,23,23,1,0,0.478260869565,0.217391304348,0.304347826087,-7,-0.0138339920949,-0.0107392607393,-0.608695652174,-0.583333333333,-0.4375,-0.260847979731,0.00405502101586,0.00760625579466,-0.425013599203,-0.000457282265317,0.00340360122969,-0.124433953969,0.0385358340491,0.0264480554336,-0.00637193797274,-0.000953942360206,0,-0.0107392607393,-0.00637193797274,0,0.00407471316562,-0.0326849287645,-14,-0.00790513833992,-0.0248736112372,0,0,0,81,0,7,418,0.920454545455,1,0,0.0795454545455,1,0.920454545455,0.958579881657,0.951469451768,0.920454545455,0.920454545455,2,9,0,10,4,10
666,WLNM_dir_neg_kfold,0.703703703704,0.431100217865,00:00:02,10,90,14,16359,threshold_sweep,0.9,1,0.222222222222,0.363636363636,2,0,7,18,0.222222222222,1,0,0.777777777778,1,0.222222222222,0.363636363636,0.740740740741,0.641975308642,0.275862068966,0.4,0.222222222222,94,85,9,0,94,0,85,0,9,23,88,0.173913043478,1.68507579377,7.65217391304,7.33333333333,5.5,3.63829000359,0.475458352741,0.249505928854,5.32278271304,1.39118184545,0.672924901186,3.27042079462,0.854769071322,0.442687747036,0.749191304359,0.444603920564,2.5,1.68507579377,0.749191304359,2.5,0.259446613992,0.18878248974,46,0.025974025974,0.333144633145,23,23,23,1,0,0.478260869565,0.217391304348,0.304347826087,23,0.156126482213,1.6921230943,6.86956521739,6.58333333333,4.9375,3.42854790129,0.499092416011,0.269675288938,4.85073646664,1.41223973079,0.680242157402,3.10170168773,0.903027073644,0.479911942763,0.80170513135,0.473786531282,3,1.6921230943,0.80170513135,3,0.183552954982,0.156829679595,31,0.0175042348955,0.290695920241,23,23,23,1,0,0.478260869565,0.217391304348,0.304347826087,23,81,0.160079051383,1.67433653303,7.04347826087,6.75,5.0625,3.37744202386,0.479513373757,0.257112184648,4.89776911384,1.39072456319,0.676328502415,3.14598684066,0.893304905371,0.469135802469,0.742819366386,0.443649978204,2.5,1.67433653303,0.742819366386,2.5,0.263521327158,0.156097560976,32,0.0180688876341,0.308271021907,23,23,23,1,0,0.478260869565,0.217391304348,0.304347826087,-7,-0.0138339920949,-0.0107392607393,-0.608695652174,-0.583333333333,-0.4375,-0.260847979731,0.00405502101586,0.00760625579466,-0.425013599203,-0.000457282265317,0.00340360122969,-0.124433953969,0.0385358340491,0.0264480554336,-0.00637193797274,-0.000953942360206,0,-0.0107392607393,-0.00637193797274,0,0.00407471316562,-0.0326849287645,-14,-0.00790513833992,-0.0248736112372,0,0,0,81,0,7,418,0.920454545455,1,0,0.0795454545455,1,0.920454545455,0.958579881657,0.951469451768,0.920454545455,0.920454545455,2,9,0,10,4,10
667,WLNM_dir_neg_kfold,0.703703703704,0.488888888889,00:00:01,10,90,15,16360,threshold_sweep,0.1,1,0.222222222222,0.363636363636,2,0,7,18,0.222222222222,1,0,0.777777777778,1,0.222222222222,0.363636363636,0.740740740741,0.641975308642,0.275862068966,0.4,0.222222222222,94,85,9,0,94,0,85,0,9,23,88,0.173913043478,1.68507579377,7.65217391304,7.33333333333,5.5,3.63829000359,0.475458352741,0.249505928854,5.32278271304,1.39118184545,0.672924901186,3.27042079462,0.854769071322,0.442687747036,0.749191304359,0.444603920564,2.5,1.68507579377,0.749191304359,2.5,0.259446613992,0.18878248974,46,0.025974025974,0.333144633145,23,23,23,1,0,0.478260869565,0.217391304348,0.304347826087,23,0.156126482213,1.6921230943,6.86956521739,6.58333333333,4.9375,3.42854790129,0.499092416011,0.269675288938,4.85073646664,1.41223973079,0.680242157402,3.10170168773,0.903027073644,0.479911942763,0.80170513135,0.473786531282,3,1.6921230943,0.80170513135,3,0.183552954982,0.156829679595,31,0.0175042348955,0.290695920241,23,23,23,1,0,0.478260869565,0.217391304348,0.304347826087,23,81,0.160079051383,1.67433653303,7.04347826087,6.75,5.0625,3.37744202386,0.479513373757,0.257112184648,4.89776911384,1.39072456319,0.676328502415,3.14598684066,0.893304905371,0.469135802469,0.742819366386,0.443649978204,2.5,1.67433653303,0.742819366386,2.5,0.263521327158,0.156097560976,32,0.0180688876341,0.308271021907,23,23,23,1,0,0.478260869565,0.217391304348,0.304347826087,-7,-0.0138339920949,-0.0107392607393,-0.608695652174,-0.583333333333,-0.4375,-0.260847979731,0.00405502101586,0.00760625579466,-0.425013599203,-0.000457282265317,0.00340360122969,-0.124433953969,0.0385358340491,0.0264480554336,-0.00637193797274,-0.000953942360206,0,-0.0107392607393,-0.00637193797274,0,0.00407471316562,-0.0326849287645,-14,-0.00790513833992,-0.0248736112372,0,0,0,81,0,7,418,0.920454545455,1,0,0.0795454545455,1,0.920454545455,0.958579881657,0.951469451768,0.920454545455,0.920454545455,2,9,0,10,4,10
668,WLNM_dir_neg_kfold,0.703703703704,0.488888888889,00:00:01,10,90,15,16360,threshold_sweep,0.2,1,0.111111111111,0.2,1,0,8,18,0.111111111111,1,0,0.888888888889,1,0.111111111111,0.2,0.703703703704,0.654320987654,0.142857142857,0.277350098113,0.111111111111,94,85,9,0,94,0,85,0,9,23,88,0.173913043478,1.68507579377,7.65217391304,7.33333333333,5.5,3.63829000359,0.475458352741,0.249505928854,5.32278271304,1.39118184545,0.672924901186,3.27042079462,0.854769071322,0.442687747036,0.749191304359,0.444603920564,2.5,1.68507579377,0.749191304359,2.5,0.259446613992,0.18878248974,46,0.025974025974,0.333144633145,23,23,23,1,0,0.478260869565,0.217391304348,0.304347826087,23,0.156126482213,1.6921230943,6.86956521739,6.58333333333,4.9375,3.42854790129,0.499092416011,0.269675288938,4.85073646664,1.41223973079,0.680242157402,3.10170168773,0.903027073644,0.479911942763,0.80170513135,0.473786531282,3,1.6921230943,0.80170513135,3,0.183552954982,0.156829679595,31,0.0175042348955,0.290695920241,23,23,23,1,0,0.478260869565,0.217391304348,0.304347826087,23,80,0.158102766798,1.69607566347,6.95652173913,6.66666666667,5,3.45724878624,0.496979513022,0.266847826087,4.91629540145,1.41343492792,0.68152173913,3.11695605034,0.896124864473,0.473913043478,0.803514081606,0.473748959975,3,1.69607566347,0.803514081606,3,0.180378351807,0.152960526316,31,0.0175042348955,0.291742096288,23,23,23,1,0,0.478260869565,0.217391304348,0.304347826087,-8,-0.0158102766798,0.0109998696955,-0.695652173913,-0.666666666667,-0.5,-0.181041217346,0.0215211602806,0.0173418972332,-0.406487311595,0.022253082462,0.00859683794466,-0.153464744283,0.0413557931509,0.0312252964427,0.0543227772475,0.0291450394106,0.5,0.0109998696955,0.0543227772475,0.5,-0.0790682621851,-0.0358219634243,-15,-0.00846979107849,-0.0414025368571,0,0,0,80,0,8,418,0.909090909091,1,0,0.0909090909091,1,0.909090909091,0.952380952381,0.944467458064,0.909090909091,0.909090909091,1,9,0,10,4,10
669,WLNM_dir_neg_kfold,0.703703703704,0.488888888889,00:00:01,10,90,15,16360,threshold_sweep,0.3,1,0.111111111111,0.2,1,0,8,18,0.111111111111,1,0,0.888888888889,1,0.111111111111,0.2,0.703703703704,0.654320987654,0.142857142857,0.277350098113,0.111111111111,94,85,9,0,94,0,85,0,9,23,88,0.173913043478,1.68507579377,7.65217391304,7.33333333333,5.5,3.63829000359,0.475458352741,0.249505928854,5.32278271304,1.39118184545,0.672924901186,3.27042079462,0.854769071322,0.442687747036,0.749191304359,0.444603920564,2.5,1.68507579377,0.749191304359,2.5,0.259446613992,0.18878248974,46,0.025974025974,0.333144633145,23,23,23,1,0,0.478260869565,0.217391304348,0.304347826087,23,0.156126482213,1.6921230943,6.86956521739,6.58333333333,4.9375,3.42854790129,0.499092416011,0.269675288938,4.85073646664,1.41223973079,0.680242157402,3.10170168773,0.903027073644,0.479911942763,0.80170513135,0.473786531282,3,1.6921230943,0.80170513135,3,0.183552954982,0.156829679595,31,0.0175042348955,0.290695920241,23,23,23,1,0,0.478260869565,0.217391304348,0.304347826087,23,80,0.158102766798,1.69607566347,6.95652173913,6.66666666667,5,3.45724878624,0.496979513022,0.266847826087,4.91629540145,1.41343492792,0.68152173913,3.11695605034,0.896124864473,0.473913043478,0.803514081606,0.473748959975,3,1.69607566347,0.803514081606,3,0.180378351807,0.152960526316,31,0.0175042348955,0.291742096288,23,23,23,1,0,0.478260869565,0.217391304348,0.304347826087,-8,-0.0158102766798,0.0109998696955,-0.695652173913,-0.666666666667,-0.5,-0.181041217346,0.0215211602806,0.0173418972332,-0.406487311595,0.022253082462,0.00859683794466,-0.153464744283,0.0413557931509,0.0312252964427,0.0543227772475,0.0291450394106,0.5,0.0109998696955,0.0543227772475,0.5,-0.0790682621851,-0.0358219634243,-15,-0.00846979107849,-0.0414025368571,0,0,0,80,0,8,418,0.909090909091,1,0,0.0909090909091,1,0.909090909091,0.952380952381,0.944467458064,0.909090909091,0.909090909091,1,9,0,10,4,10
670,WLNM_dir_neg_kfold,0.703703703704,0.488888888889,00:00:01,10,90,15,16360,threshold_sweep,0.4,1,0.111111111111,0.2,1,0,8,18,0.111111111111,1,0,0.888888888889,1,0.111111111111,0.2,0.703703703704,0.654320987654,0.142857142857,0.277350098113,0.111111111111,94,85,9,0,94,0,85,0,9,23,88,0.173913043478,1.68507579377,7.65217391304,7.33333333333,5.5,3.63829000359,0.475458352741,0.249505928854,5.32278271304,1.39118184545,0.672924901186,3.27042079462,0.854769071322,0.442687747036,0.749191304359,0.444603920564,2.5,1.68507579377,0.749191304359,2.5,0.259446613992,0.18878248974,46,0.025974025974,0.333144633145,23,23,23,1,0,0.478260869565,0.217391304348,0.304347826087,23,0.156126482213,1.6921230943,6.86956521739,6.58333333333,4.9375,3.42854790129,0.499092416011,0.269675288938,4.85073646664,1.41223973079,0.680242157402,3.10170168773,0.903027073644,0.479911942763,0.80170513135,0.473786531282,3,1.6921230943,0.80170513135,3,0.183552954982,0.156829679595,31,0.0175042348955,0.290695920241,23,23,23,1,0,0.478260869565,0.217391304348,0.304347826087,23,80,0.158102766798,1.69607566347,6.95652173913,6.66666666667,5,3.45724878624,0.496979513022,0.266847826087,4.91629540145,1.41343492792,0.68152173913,3.11695605034,0.896124864473,0.473913043478,0.803514081606,0.473748959975,3,1.69607566347,0.803514081606,3,0.180378351807,0.152960526316,31,0.0175042348955,0.291742096288,23,23,23,1,0,0.478260869565,0.217391304348,0.304347826087,-8,-0.0158102766798,0.0109998696955,-0.695652173913,-0.666666666667,-0.5,-0.181041217346,0.0215211602806,0.0173418972332,-0.406487311595,0.022253082462,0.00859683794466,-0.153464744283,0.0413557931509,0.0312252964427,0.0543227772475,0.0291450394106,0.5,0.0109998696955,0.0543227772475,0.5,-0.0790682621851,-0.0358219634243,-15,-0.00846979107849,-0.0414025368571,0,0,0,80,0,8,418,0.909090909091,1,0,0.0909090909091,1,0.909090909091,0.952380952381,0.944467458064,0.909090909091,0.909090909091,1,9,0,10,4,10
671,WLNM_dir_neg_kfold,0.703703703704,0.488888888889,00:00:01,10,90,15,16360,threshold_sweep,0.5,1,0.111111111111,0.2,1,0,8,18,0.111111111111,1,0,0.888888888889,1,0.111111111111,0.2,0.703703703704,0.654320987654,0.142857142857,0.277350098113,0.111111111111,94,85,9,0,94,0,85,0,9,23,88,0.173913043478,1.68507579377,7.65217391304,7.33333333333,5.5,3.63829000359,0.475458352741,0.249505928854,5.32278271304,1.39118184545,0.672924901186,3.27042079462,0.854769071322,0.442687747036,0.749191304359,0.444603920564,2.5,1.68507579377,0.749191304359,2.5,0.259446613992,0.18878248974,46,0.025974025974,0.333144633145,23,23,23,1,0,0.478260869565,0.217391304348,0.304347826087,23,0.156126482213,1.6921230943,6.86956521739,6.58333333333,4.9375,3.42854790129,0.499092416011,0.269675288938,4.85073646664,1.41223973079,0.680242157402,3.10170168773,0.903027073644,0.479911942763,0.80170513135,0.473786531282,3,1.6921230943,0.80170513135,3,0.183552954982,0.156829679595,31,0.0175042348955,0.290695920241,23,23,23,1,0,0.478260869565,0.217391304348,0.304347826087,23,80,0.158102766798,1.69607566347,6.95652173913,6.66666666667,5,3.45724878624,0.496979513022,0.266847826087,4.91629540145,1.41343492792,0.68152173913,3.11695605034,0.896124864473,0.473913043478,0.803514081606,0.473748959975,3,1.69607566347,0.803514081606,3,0.180378351807,0.152960526316,31,0.0175042348955,0.291742096288,23,23,23,1,0,0.478260869565,0.217391304348,0.304347826087,-8,-0.0158102766798,0.0109998696955,-0.695652173913,-0.666666666667,-0.5,-0.181041217346,0.0215211602806,0.0173418972332,-0.406487311595,0.022253082462,0.00859683794466,-0.153464744283,0.0413557931509,0.0312252964427,0.0543227772475,0.0291450394106,0.5,0.0109998696955,0.0543227772475,0.5,-0.0790682621851,-0.0358219634243,-15,-0.00846979107849,-0.0414025368571,0,0,0,80,0,8,418,0.909090909091,1,0,0.0909090909091,1,0.909090909091,0.952380952381,0.944467458064,0.909090909091,0.909090909091,1,9,0,10,4,10
672,WLNM_dir_neg_kfold,0.703703703704,0.488888888889,00:00:01,10,90,15,16360,threshold_sweep,0.6,1,0.111111111111,0.2,1,0,8,18,0.111111111111,1,0,0.888888888889,1,0.111111111111,0.2,0.703703703704,0.654320987654,0.142857142857,0.277350098113,0.111111111111,94,85,9,0,94,0,85,0,9,23,88,0.173913043478,1.68507579377,7.65217391304,7.33333333333,5.5,3.63829000359,0.475458352741,0.249505928854,5.32278271304,1.39118184545,0.672924901186,3.27042079462,0.854769071322,0.442687747036,0.749191304359,0.444603920564,2.5,1.68507579377,0.749191304359,2.5,0.259446613992,0.18878248974,46,0.025974025974,0.333144633145,23,23,23,1,0,0.478260869565,0.217391304348,0.304347826087,23,0.156126482213,1.6921230943,6.86956521739,6.58333333333,4.9375,3.42854790129,0.499092416011,0.269675288938,4.85073646664,1.41223973079,0.680242157402,3.10170168773,0.903027073644,0.479911942763,0.80170513135,0.473786531282,3,1.6921230943,0.80170513135,3,0.183552954982,0.156829679595,31,0.0175042348955,0.290695920241,23,23,23,1,0,0.478260869565,0.217391304348,0.304347826087,23,80,0.158102766798,1.69607566347,6.95652173913,6.66666666667,5,3.45724878624,0.496979513022,0.266847826087,4.91629540145,1.41343492792,0.68152173913,3.11695605034,0.896124864473,0.473913043478,0.803514081606,0.473748959975,3,1.69607566347,0.803514081606,3,0.180378351807,0.152960526316,31,0.0175042348955,0.291742096288,23,23,23,1,0,0.478260869565,0.217391304348,0.304347826087,-8,-0.0158102766798,0.0109998696955,-0.695652173913,-0.666666666667,-0.5,-0.181041217346,0.0215211602806,0.0173418972332,-0.406487311595,0.022253082462,0.00859683794466,-0.153464744283,0.0413557931509,0.0312252964427,0.0543227772475,0.0291450394106,0.5,0.0109998696955,0.0543227772475,0.5,-0.0790682621851,-0.0358219634243,-15,-0.00846979107849,-0.0414025368571,0,0,0,80,0,8,418,0.909090909091,1,0,0.0909090909091,1,0.909090909091,0.952380952381,0.944467458064,0.909090909091,0.909090909091,1,9,0,10,4,10
673,WLNM_dir_neg_kfold,0.703703703704,0.488888888889,00:00:01,10,90,15,16360,threshold_sweep,0.7,1,0.111111111111,0.2,1,0,8,18,0.111111111111,1,0,0.888888888889,1,0.111111111111,0.2,0.703703703704,0.654320987654,0.142857142857,0.277350098113,0.111111111111,94,85,9,0,94,0,85,0,9,23,88,0.173913043478,1.68507579377,7.65217391304,7.33333333333,5.5,3.63829000359,0.475458352741,0.249505928854,5.32278271304,1.39118184545,0.672924901186,3.27042079462,0.854769071322,0.442687747036,0.749191304359,0.444603920564,2.5,1.68507579377,0.749191304359,2.5,0.259446613992,0.18878248974,46,0.025974025974,0.333144633145,23,23,23,1,0,0.478260869565,0.217391304348,0.304347826087,23,0.156126482213,1.6921230943,6.86956521739,6.58333333333,4.9375,3.42854790129,0.499092416011,0.269675288938,4.85073646664,1.41223973079,0.680242157402,3.10170168773,0.903027073644,0.479911942763,0.80170513135,0.473786531282,3,1.6921230943,0.80170513135,3,0.183552954982,0.156829679595,31,0.0175042348955,0.290695920241,23,23,23,1,0,0.478260869565,0.217391304348,0.304347826087,23,80,0.158102766798,1.69607566347,6.95652173913,6.66666666667,5,3.45724878624,0.496979513022,0.266847826087,4.91629540145,1.41343492792,0.68152173913,3.11695605034,0.896124864473,0.473913043478,0.803514081606,0.473748959975,3,1.69607566347,0.803514081606,3,0.180378351807,0.152960526316,31,0.0175042348955,0.291742096288,23,23,23,1,0,0.478260869565,0.217391304348,0.304347826087,-8,-0.0158102766798,0.0109998696955,-0.695652173913,-0.666666666667,-0.5,-0.181041217346,0.0215211602806,0.0173418972332,-0.406487311595,0.022253082462,0.00859683794466,-0.153464744283,0.0413557931509,0.0312252964427,0.0543227772475,0.0291450394106,0.5,0.0109998696955,0.0543227772475,0.5,-0.0790682621851,-0.0358219634243,-15,-0.00846979107849,-0.0414025368571,0,0,0,80,0,8,418,0.909090909091,1,0,0.0909090909091,1,0.909090909091,0.952380952381,0.944467458064,0.909090909091,0.909090909091,1,9,0,10,4,10
674,WLNM_dir_neg_kfold,0.703703703704,0.488888888889,00:00:01,10,90,15,16360,threshold_sweep,0.8,1,0.111111111111,0.2,1,0,8,18,0.111111111111,1,0,0.888888888889,1,0.111111111111,0.2,0.703703703704,0.654320987654,0.142857142857,0.277350098113,0.111111111111,94,85,9,0,94,0,85,0,9,23,88,0.173913043478,1.68507579377,7.65217391304,7.33333333333,5.5,3.63829000359,0.475458352741,0.249505928854,5.32278271304,1.39118184545,0.672924901186,3.27042079462,0.854769071322,0.442687747036,0.749191304359,0.444603920564,2.5,1.68507579377,0.749191304359,2.5,0.259446613992,0.18878248974,46,0.025974025974,0.333144633145,23,23,23,1,0,0.478260869565,0.217391304348,0.304347826087,23,0.156126482213,1.6921230943,6.86956521739,6.58333333333,4.9375,3.42854790129,0.499092416011,0.269675288938,4.85073646664,1.41223973079,0.680242157402,3.10170168773,0.903027073644,0.479911942763,0.80170513135,0.473786531282,3,1.6921230943,0.80170513135,3,0.183552954982,0.156829679595,31,0.0175042348955,0.290695920241,23,23,23,1,0,0.478260869565,0.217391304348,0.304347826087,23,80,0.158102766798,1.69607566347,6.95652173913,6.66666666667,5,3.45724878624,0.496979513022,0.266847826087,4.91629540145,1.41343492792,0.68152173913,3.11695605034,0.896124864473,0.473913043478,0.803514081606,0.473748959975,3,1.69607566347,0.803514081606,3,0.180378351807,0.152960526316,31,0.0175042348955,0.291742096288,23,23,23,1,0,0.478260869565,0.217391304348,0.304347826087,-8,-0.0158102766798,0.0109998696955,-0.695652173913,-0.666666666667,-0.5,-0.181041217346,0.0215211602806,0.0173418972332,-0.406487311595,0.022253082462,0.00859683794466,-0.153464744283,0.0413557931509,0.0312252964427,0.0543227772475,0.0291450394106,0.5,0.0109998696955,0.0543227772475,0.5,-0.0790682621851,-0.0358219634243,-15,-0.00846979107849,-0.0414025368571,0,0,0,80,0,8,418,0.909090909091,1,0,0.0909090909091,1,0.909090909091,0.952380952381,0.944467458064,0.909090909091,0.909090909091,1,9,0,10,4,10
675,WLNM_dir_neg_kfold,0.703703703704,0.488888888889,00:00:01,10,90,15,16360,threshold_sweep,0.9,1,0.111111111111,0.2,1,0,8,18,0.111111111111,1,0,0.888888888889,1,0.111111111111,0.2,0.703703703704,0.654320987654,0.142857142857,0.277350098113,0.111111111111,94,85,9,0,94,0,85,0,9,23,88,0.173913043478,1.68507579377,7.65217391304,7.33333333333,5.5,3.63829000359,0.475458352741,0.249505928854,5.32278271304,1.39118184545,0.672924901186,3.27042079462,0.854769071322,0.442687747036,0.749191304359,0.444603920564,2.5,1.68507579377,0.749191304359,2.5,0.259446613992,0.18878248974,46,0.025974025974,0.333144633145,23,23,23,1,0,0.478260869565,0.217391304348,0.304347826087,23,0.156126482213,1.6921230943,6.86956521739,6.58333333333,4.9375,3.42854790129,0.499092416011,0.269675288938,4.85073646664,1.41223973079,0.680242157402,3.10170168773,0.903027073644,0.479911942763,0.80170513135,0.473786531282,3,1.6921230943,0.80170513135,3,0.183552954982,0.156829679595,31,0.0175042348955,0.290695920241,23,23,23,1,0,0.478260869565,0.217391304348,0.304347826087,23,80,0.158102766798,1.69607566347,6.95652173913,6.66666666667,5,3.45724878624,0.496979513022,0.266847826087,4.91629540145,1.41343492792,0.68152173913,3.11695605034,0.896124864473,0.473913043478,0.803514081606,0.473748959975,3,1.69607566347,0.803514081606,3,0.180378351807,0.152960526316,31,0.0175042348955,0.291742096288,23,23,23,1,0,0.478260869565,0.217391304348,0.304347826087,-8,-0.0158102766798,0.0109998696955,-0.695652173913,-0.666666666667,-0.5,-0.181041217346,0.0215211602806,0.0173418972332,-0.406487311595,0.022253082462,0.00859683794466,-0.153464744283,0.0413557931509,0.0312252964427,0.0543227772475,0.0291450394106,0.5,0.0109998696955,0.0543227772475,0.5,-0.0790682621851,-0.0358219634243,-15,-0.00846979107849,-0.0414025368571,0,0,0,80,0,8,418,0.909090909091,1,0,0.0909090909091,1,0.909090909091,0.952380952381,0.944467458064,0.909090909091,0.909090909091,1,9,0,10,4,10
676,WLNM_dir_neg_kfold,0.543209876543,0.355409356725,00:00:01,10,90,16,16361,threshold_sweep,0.1,0.666666666667,0.222222222222,0.333333333333,2,1,7,17,0.222222222222,0.944444444444,0.0555555555556,0.777777777778,0.666666666667,0.222222222222,0.333333333333,0.703703703704,0.62962962963,0.2,0.25,0.166666666667,94,85,9,0,94,0,85,0,9,23,88,0.173913043478,1.68507579377,7.65217391304,7.33333333333,5.5,3.63829000359,0.475458352741,0.249505928854,5.32278271304,1.39118184545,0.672924901186,3.27042079462,0.854769071322,0.442687747036,0.749191304359,0.444603920564,2.5,1.68507579377,0.749191304359,2.5,0.259446613992,0.18878248974,46,0.025974025974,0.333144633145,23,23,23,1,0,0.478260869565,0.217391304348,0.304347826087,23,0.156126482213,1.6921230943,6.86956521739,6.58333333333,4.9375,3.42854790129,0.499092416011,0.269675288938,4.85073646664,1.41223973079,0.680242157402,3.10170168773,0.903027073644,0.479911942763,0.80170513135,0.473786531282,3,1.6921230943,0.80170513135,3,0.183552954982,0.156829679595,31,0.0175042348955,0.290695920241,23,23,23,1,0,0.478260869565,0.217391304348,0.304347826087,23,82,0.162055335968,1,7.13043478261,6.30769230769,5.125,3.37510064262,0.473337285246,0.254506892895,4.86944169804,1.36581901286,0.667020148462,3.18841777456,0.894312302621,0.468716861082,0,0,0,NaN,NaN,NaN,0.263521327158,0.156097560976,32,0.0180688876341,0.290098790099,23,23,0,1,2,0.434782608696,0.260869565217,0.304347826087,-6,-0.0118577075099,-0.685075793771,-0.521739130435,-1.02564102564,-0.375,-0.263189360965,-0.00212106749568,0.00500096404126,-0.453341015006,-0.0253628325902,-0.00590475272342,-0.0820030200633,0.0395432312985,0.0260291140461,-0.749191304359,-0.444603920564,-2.5,NaN,NaN,NaN,0.00407471316562,-0.0326849287645,-14,-0.00790513833992,-0.0430458430458,-0.0434782608696,0.0434782608696,0,81,1,7,417,0.920454545455,0.997607655502,0.00239234449761,0.0795454545455,0.987804878049,0.920454545455,0.952941176471,0.944303782253,0.918062200957,0.910112359551,3,9,0,10,4,10
677,WLNM_dir_neg_kfold,0.543209876543,0.355409356725,00:00:01,10,90,16,16361,threshold_sweep,0.2,0.666666666667,0.222222222222,0.333333333333,2,1,7,17,0.222222222222,0.944444444444,0.0555555555556,0.777777777778,0.666666666667,0.222222222222,0.333333333333,0.703703703704,0.62962962963,0.2,0.25,0.166666666667,94,85,9,0,94,0,85,0,9,23,88,0.173913043478,1.68507579377,7.65217391304,7.33333333333,5.5,3.63829000359,0.475458352741,0.249505928854,5.32278271304,1.39118184545,0.672924901186,3.27042079462,0.854769071322,0.442687747036,0.749191304359,0.444603920564,2.5,1.68507579377,0.749191304359,2.5,0.259446613992,0.18878248974,46,0.025974025974,0.333144633145,23,23,23,1,0,0.478260869565,0.217391304348,0.304347826087,23,0.156126482213,1.6921230943,6.86956521739,6.58333333333,4.9375,3.42854790129,0.499092416011,0.269675288938,4.85073646664,1.41223973079,0.680242157402,3.10170168773,0.903027073644,0.479911942763,0.80170513135,0.473786531282,3,1.6921230943,0.80170513135,3,0.183552954982,0.156829679595,31,0.0175042348955,0.290695920241,23,23,23,1,0,0.478260869565,0.217391304348,0.304347826087,23,82,0.162055335968,1,7.13043478261,6.30769230769,5.125,3.37510064262,0.473337285246,0.254506892895,4.86944169804,1.36581901286,0.667020148462,3.18841777456,0.894312302621,0.468716861082,0,0,0,NaN,NaN,NaN,0.263521327158,0.156097560976,32,0.0180688876341,0.290098790099,23,23,0,1,2,0.434782608696,0.260869565217,0.304347826087,-6,-0.0118577075099,-0.685075793771,-0.521739130435,-1.02564102564,-0.375,-0.263189360965,-0.00212106749568,0.00500096404126,-0.453341015006,-0.0253628325902,-0.00590475272342,-0.0820030200633,0.0395432312985,0.0260291140461,-0.749191304359,-0.444603920564,-2.5,NaN,NaN,NaN,0.00407471316562,-0.0326849287645,-14,-0.00790513833992,-0.0430458430458,-0.0434782608696,0.0434782608696,0,81,1,7,417,0.920454545455,0.997607655502,0.00239234449761,0.0795454545455,0.987804878049,0.920454545455,0.952941176471,0.944303782253,0.918062200957,0.910112359551,3,9,0,10,4,10
678,WLNM_dir_neg_kfold,0.543209876543,0.355409356725,00:00:01,10,90,16,16361,threshold_sweep,0.3,0.666666666667,0.222222222222,0.333333333333,2,1,7,17,0.222222222222,0.944444444444,0.0555555555556,0.777777777778,0.666666666667,0.222222222222,0.333333333333,0.703703703704,0.62962962963,0.2,0.25,0.166666666667,94,85,9,0,94,0,85,0,9,23,88,0.173913043478,1.68507579377,7.65217391304,7.33333333333,5.5,3.63829000359,0.475458352741,0.249505928854,5.32278271304,1.39118184545,0.672924901186,3.27042079462,0.854769071322,0.442687747036,0.749191304359,0.444603920564,2.5,1.68507579377,0.749191304359,2.5,0.259446613992,0.18878248974,46,0.025974025974,0.333144633145,23,23,23,1,0,0.478260869565,0.217391304348,0.304347826087,23,0.156126482213,1.6921230943,6.86956521739,6.58333333333,4.9375,3.42854790129,0.499092416011,0.269675288938,4.85073646664,1.41223973079,0.680242157402,3.10170168773,0.903027073644,0.479911942763,0.80170513135,0.473786531282,3,1.6921230943,0.80170513135,3,0.183552954982,0.156829679595,31,0.0175042348955,0.290695920241,23,23,23,1,0,0.478260869565,0.217391304348,0.304347826087,23,82,0.162055335968,1,7.13043478261,6.30769230769,5.125,3.37510064262,0.473337285246,0.254506892895,4.86944169804,1.36581901286,0.667020148462,3.18841777456,0.894312302621,0.468716861082,0,0,0,NaN,NaN,NaN,0.263521327158,0.156097560976,32,0.0180688876341,0.290098790099,23,23,0,1,2,0.434782608696,0.260869565217,0.304347826087,-6,-0.0118577075099,-0.685075793771,-0.521739130435,-1.02564102564,-0.375,-0.263189360965,-0.00212106749568,0.00500096404126,-0.453341015006,-0.0253628325902,-0.00590475272342,-0.0820030200633,0.0395432312985,0.0260291140461,-0.749191304359,-0.444603920564,-2.5,NaN,NaN,NaN,0.00407471316562,-0.0326849287645,-14,-0.00790513833992,-0.0430458430458,-0.0434782608696,0.0434782608696,0,81,1,7,417,0.920454545455,0.997607655502,0.00239234449761,0.0795454545455,0.987804878049,0.920454545455,0.952941176471,0.944303782253,0.918062200957,0.910112359551,3,9,0,10,4,10
679,WLNM_dir_neg_kfold,0.543209876543,0.355409356725,00:00:01,10,90,16,16361,threshold_sweep,0.4,0.666666666667,0.222222222222,0.333333333333,2,1,7,17,0.222222222222,0.944444444444,0.0555555555556,0.777777777778,0.666666666667,0.222222222222,0.333333333333,0.703703703704,0.62962962963,0.2,0.25,0.166666666667,94,85,9,0,94,0,85,0,9,23,88,0.173913043478,1.68507579377,7.65217391304,7.33333333333,5.5,3.63829000359,0.475458352741,0.249505928854,5.32278271304,1.39118184545,0.672924901186,3.27042079462,0.854769071322,0.442687747036,0.749191304359,0.444603920564,2.5,1.68507579377,0.749191304359,2.5,0.259446613992,0.18878248974,46,0.025974025974,0.333144633145,23,23,23,1,0,0.478260869565,0.217391304348,0.304347826087,23,0.156126482213,1.6921230943,6.86956521739,6.58333333333,4.9375,3.42854790129,0.499092416011,0.269675288938,4.85073646664,1.41223973079,0.680242157402,3.10170168773,0.903027073644,0.479911942763,0.80170513135,0.473786531282,3,1.6921230943,0.80170513135,3,0.183552954982,0.156829679595,31,0.0175042348955,0.290695920241,23,23,23,1,0,0.478260869565,0.217391304348,0.304347826087,23,82,0.162055335968,1,7.13043478261,6.30769230769,5.125,3.37510064262,0.473337285246,0.254506892895,4.86944169804,1.36581901286,0.667020148462,3.18841777456,0.894312302621,0.468716861082,0,0,0,NaN,NaN,NaN,0.263521327158,0.156097560976,32,0.0180688876341,0.290098790099,23,23,0,1,2,0.434782608696,0.260869565217,0.304347826087,-6,-0.0118577075099,-0.685075793771,-0.521739130435,-1.02564102564,-0.375,-0.263189360965,-0.00212106749568,0.00500096404126,-0.453341015006,-0.0253628325902,-0.00590475272342,-0.0820030200633,0.0395432312985,0.0260291140461,-0.749191304359,-0.444603920564,-2.5,NaN,NaN,NaN,0.00407471316562,-0.0326849287645,-14,-0.00790513833992,-0.0430458430458,-0.0434782608696,0.0434782608696,0,81,1,7,417,0.920454545455,0.997607655502,0.00239234449761,0.0795454545455,0.987804878049,0.920454545455,0.952941176471,0.944303782253,0.918062200957,0.910112359551,3,9,0,10,4,10
680,WLNM_dir_neg_kfold,0.543209876543,0.355409356725,00:00:01,10,90,16,16361,threshold_sweep,0.5,1,0.222222222222,0.363636363636,2,0,7,18,0.222222222222,1,0,0.777777777778,1,0.222222222222,0.363636363636,0.740740740741,0.641975308642,0.275862068966,0.4,0.222222222222,94,85,9,0,94,0,85,0,9,23,88,0.173913043478,1.68507579377,7.65217391304,7.33333333333,5.5,3.63829000359,0.475458352741,0.249505928854,5.32278271304,1.39118184545,0.672924901186,3.27042079462,0.854769071322,0.442687747036,0.749191304359,0.444603920564,2.5,1.68507579377,0.749191304359,2.5,0.259446613992,0.18878248974,46,0.025974025974,0.333144633145,23,23,23,1,0,0.478260869565,0.217391304348,0.304347826087,23,0.156126482213,1.6921230943,6.86956521739,6.58333333333,4.9375,3.42854790129,0.499092416011,0.269675288938,4.85073646664,1.41223973079,0.680242157402,3.10170168773,0.903027073644,0.479911942763,0.80170513135,0.473786531282,3,1.6921230943,0.80170513135,3,0.183552954982,0.156829679595,31,0.0175042348955,0.290695920241,23,23,23,1,0,0.478260869565,0.217391304348,0.304347826087,23,81,0.160079051383,1.67433653303,7.04347826087,6.75,5.0625,3.37744202386,0.479513373757,0.257112184648,4.89776911384,1.39072456319,0.676328502415,3.14598684066,0.893304905371,0.469135802469,0.742819366386,0.443649978204,2.5,1.67433653303,0.742819366386,2.5,0.263521327158,0.156097560976,32,0.0180688876341,0.308271021907,23,23,23,1,0,0.478260869565,0.217391304348,0.304347826087,-7,-0.0138339920949,-0.0107392607393,-0.608695652174,-0.583333333333,-0.4375,-0.260847979731,0.00405502101586,0.00760625579466,-0.425013599203,-0.000457282265317,0.00340360122969,-0.124433953969,0.0385358340491,0.0264480554336,-0.00637193797274,-0.000953942360206,0,-0.0107392607393,-0.00637193797274,0,0.00407471316562,-0.0326849287645,-14,-0.00790513833992,-0.0248736112372,0,0,0,81,0,7,418,0.920454545455,1,0,0.0795454545455,1,0.920454545455,0.958579881657,0.951469451768,0.920454545455,0.920454545455,2,9,0,10,4,10
681,WLNM_dir_neg_kfold,0.543209876543,0.355409356725,00:00:01,10,90,16,16361,threshold_sweep,0.6,1,0.222222222222,0.363636363636,2,0,7,18,0.222222222222,1,0,0.777777777778,1,0.222222222222,0.363636363636,0.740740740741,0.641975308642,0.275862068966,0.4,0.222222222222,94,85,9,0,94,0,85,0,9,23,88,0.173913043478,1.68507579377,7.65217391304,7.33333333333,5.5,3.63829000359,0.475458352741,0.249505928854,5.32278271304,1.39118184545,0.672924901186,3.27042079462,0.854769071322,0.442687747036,0.749191304359,0.444603920564,2.5,1.68507579377,0.749191304359,2.5,0.259446613992,0.18878248974,46,0.025974025974,0.333144633145,23,23,23,1,0,0.478260869565,0.217391304348,0.304347826087,23,0.156126482213,1.6921230943,6.86956521739,6.58333333333,4.9375,3.42854790129,0.499092416011,0.269675288938,4.85073646664,1.41223973079,0.680242157402,3.10170168773,0.903027073644,0.479911942763,0.80170513135,0.473786531282,3,1.6921230943,0.80170513135,3,0.183552954982,0.156829679595,31,0.0175042348955,0.290695920241,23,23,23,1,0,0.478260869565,0.217391304348,0.304347826087,23,81,0.160079051383,1.67433653303,7.04347826087,6.75,5.0625,3.37744202386,0.479513373757,0.257112184648,4.89776911384,1.39072456319,0.676328502415,3.14598684066,0.893304905371,0.469135802469,0.742819366386,0.443649978204,2.5,1.67433653303,0.742819366386,2.5,0.263521327158,0.156097560976,32,0.0180688876341,0.308271021907,23,23,23,1,0,0.478260869565,0.217391304348,0.304347826087,-7,-0.0138339920949,-0.0107392607393,-0.608695652174,-0.583333333333,-0.4375,-0.260847979731,0.00405502101586,0.00760625579466,-0.425013599203,-0.000457282265317,0.00340360122969,-0.124433953969,0.0385358340491,0.0264480554336,-0.00637193797274,-0.000953942360206,0,-0.0107392607393,-0.00637193797274,0,0.00407471316562,-0.0326849287645,-14,-0.00790513833992,-0.0248736112372,0,0,0,81,0,7,418,0.920454545455,1,0,0.0795454545455,1,0.920454545455,0.958579881657,0.951469451768,0.920454545455,0.920454545455,2,9,0,10,4,10
682,WLNM_dir_neg_kfold,0.543209876543,0.355409356725,00:00:01,10,90,16,16361,threshold_sweep,0.7,1,0.111111111111,0.2,1,0,8,18,0.111111111111,1,0,0.888888888889,1,0.111111111111,0.2,0.703703703704,0.654320987654,0.142857142857,0.277350098113,0.111111111111,94,85,9,0,94,0,85,0,9,23,88,0.173913043478,1.68507579377,7.65217391304,7.33333333333,5.5,3.63829000359,0.475458352741,0.249505928854,5.32278271304,1.39118184545,0.672924901186,3.27042079462,0.854769071322,0.442687747036,0.749191304359,0.444603920564,2.5,1.68507579377,0.749191304359,2.5,0.259446613992,0.18878248974,46,0.025974025974,0.333144633145,23,23,23,1,0,0.478260869565,0.217391304348,0.304347826087,23,0.156126482213,1.6921230943,6.86956521739,6.58333333333,4.9375,3.42854790129,0.499092416011,0.269675288938,4.85073646664,1.41223973079,0.680242157402,3.10170168773,0.903027073644,0.479911942763,0.80170513135,0.473786531282,3,1.6921230943,0.80170513135,3,0.183552954982,0.156829679595,31,0.0175042348955,0.290695920241,23,23,23,1,0,0.478260869565,0.217391304348,0.304347826087,23,80,0.158102766798,1.69607566347,6.95652173913,6.66666666667,5,3.45724878624,0.496979513022,0.266847826087,4.91629540145,1.41343492792,0.68152173913,3.11695605034,0.896124864473,0.473913043478,0.803514081606,0.473748959975,3,1.69607566347,0.803514081606,3,0.180378351807,0.152960526316,31,0.0175042348955,0.291742096288,23,23,23,1,0,0.478260869565,0.217391304348,0.304347826087,-8,-0.0158102766798,0.0109998696955,-0.695652173913,-0.666666666667,-0.5,-0.181041217346,0.0215211602806,0.0173418972332,-0.406487311595,0.022253082462,0.00859683794466,-0.153464744283,0.0413557931509,0.0312252964427,0.0543227772475,0.0291450394106,0.5,0.0109998696955,0.0543227772475,0.5,-0.0790682621851,-0.0358219634243,-15,-0.00846979107849,-0.0414025368571,0,0,0,80,0,8,418,0.909090909091,1,0,0.0909090909091,1,0.909090909091,0.952380952381,0.944467458064,0.909090909091,0.909090909091,1,9,0,10,4,10
683,WLNM_dir_neg_kfold,0.543209876543,0.355409356725,00:00:01,10,90,16,16361,threshold_sweep,0.8,1,0.111111111111,0.2,1,0,8,18,0.111111111111,1,0,0.888888888889,1,0.111111111111,0.2,0.703703703704,0.654320987654,0.142857142857,0.277350098113,0.111111111111,94,85,9,0,94,0,85,0,9,23,88,0.173913043478,1.68507579377,7.65217391304,7.33333333333,5.5,3.63829000359,0.475458352741,0.249505928854,5.32278271304,1.39118184545,0.672924901186,3.27042079462,0.854769071322,0.442687747036,0.749191304359,0.444603920564,2.5,1.68507579377,0.749191304359,2.5,0.259446613992,0.18878248974,46,0.025974025974,0.333144633145,23,23,23,1,0,0.478260869565,0.217391304348,0.304347826087,23,0.156126482213,1.6921230943,6.86956521739,6.58333333333,4.9375,3.42854790129,0.499092416011,0.269675288938,4.85073646664,1.41223973079,0.680242157402,3.10170168773,0.903027073644,0.479911942763,0.80170513135,0.473786531282,3,1.6921230943,0.80170513135,3,0.183552954982,0.156829679595,31,0.0175042348955,0.290695920241,23,23,23,1,0,0.478260869565,0.217391304348,0.304347826087,23,80,0.158102766798,1.69607566347,6.95652173913,6.66666666667,5,3.45724878624,0.496979513022,0.266847826087,4.91629540145,1.41343492792,0.68152173913,3.11695605034,0.896124864473,0.473913043478,0.803514081606,0.473748959975,3,1.69607566347,0.803514081606,3,0.180378351807,0.152960526316,31,0.0175042348955,0.291742096288,23,23,23,1,0,0.478260869565,0.217391304348,0.304347826087,-8,-0.0158102766798,0.0109998696955,-0.695652173913,-0.666666666667,-0.5,-0.181041217346,0.0215211602806,0.0173418972332,-0.406487311595,0.022253082462,0.00859683794466,-0.153464744283,0.0413557931509,0.0312252964427,0.0543227772475,0.0291450394106,0.5,0.0109998696955,0.0543227772475,0.5,-0.0790682621851,-0.0358219634243,-15,-0.00846979107849,-0.0414025368571,0,0,0,80,0,8,418,0.909090909091,1,0,0.0909090909091,1,0.909090909091,0.952380952381,0.944467458064,0.909090909091,0.909090909091,1,9,0,10,4,10
684,WLNM_dir_neg_kfold,0.543209876543,0.355409356725,00:00:01,10,90,16,16361,threshold_sweep,0.9,1,0.111111111111,0.2,1,0,8,18,0.111111111111,1,0,0.888888888889,1,0.111111111111,0.2,0.703703703704,0.654320987654,0.142857142857,0.277350098113,0.111111111111,94,85,9,0,94,0,85,0,9,23,88,0.173913043478,1.68507579377,7.65217391304,7.33333333333,5.5,3.63829000359,0.475458352741,0.249505928854,5.32278271304,1.39118184545,0.672924901186,3.27042079462,0.854769071322,0.442687747036,0.749191304359,0.444603920564,2.5,1.68507579377,0.749191304359,2.5,0.259446613992,0.18878248974,46,0.025974025974,0.333144633145,23,23,23,1,0,0.478260869565,0.217391304348,0.304347826087,23,0.156126482213,1.6921230943,6.86956521739,6.58333333333,4.9375,3.42854790129,0.499092416011,0.269675288938,4.85073646664,1.41223973079,0.680242157402,3.10170168773,0.903027073644,0.479911942763,0.80170513135,0.473786531282,3,1.6921230943,0.80170513135,3,0.183552954982,0.156829679595,31,0.0175042348955,0.290695920241,23,23,23,1,0,0.478260869565,0.217391304348,0.304347826087,23,80,0.158102766798,1.69607566347,6.95652173913,6.66666666667,5,3.45724878624,0.496979513022,0.266847826087,4.91629540145,1.41343492792,0.68152173913,3.11695605034,0.896124864473,0.473913043478,0.803514081606,0.473748959975,3,1.69607566347,0.803514081606,3,0.180378351807,0.152960526316,31,0.0175042348955,0.291742096288,23,23,23,1,0,0.478260869565,0.217391304348,0.304347826087,-8,-0.0158102766798,0.0109998696955,-0.695652173913,-0.666666666667,-0.5,-0.181041217346,0.0215211602806,0.0173418972332,-0.406487311595,0.022253082462,0.00859683794466,-0.153464744283,0.0413557931509,0.0312252964427,0.0543227772475,0.0291450394106,0.5,0.0109998696955,0.0543227772475,0.5,-0.0790682621851,-0.0358219634243,-15,-0.00846979107849,-0.0414025368571,0,0,0,80,0,8,418,0.909090909091,1,0,0.0909090909091,1,0.909090909091,0.952380952381,0.944467458064,0.909090909091,0.909090909091,1,9,0,10,4,10
685,WLNM_dir_neg_kfold,0.833333333333,0.588888888889,00:00:02,10,90,17,16362,threshold_sweep,0.1,1,0.333333333333,0.5,3,0,6,18,0.333333333333,1,0,0.666666666667,1,0.333333333333,0.5,0.777777777778,0.62962962963,0.4,0.5,0.333333333333,94,85,9,0,94,0,85,0,9,23,88,0.173913043478,1.68507579377,7.65217391304,7.33333333333,5.5,3.63829000359,0.475458352741,0.249505928854,5.32278271304,1.39118184545,0.672924901186,3.27042079462,0.854769071322,0.442687747036,0.749191304359,0.444603920564,2.5,1.68507579377,0.749191304359,2.5,0.259446613992,0.18878248974,46,0.025974025974,0.333144633145,23,23,23,1,0,0.478260869565,0.217391304348,0.304347826087,23,0.156126482213,1.6921230943,6.86956521739,6.58333333333,4.9375,3.42854790129,0.499092416011,0.269675288938,4.85073646664,1.41223973079,0.680242157402,3.10170168773,0.903027073644,0.479911942763,0.80170513135,0.473786531282,3,1.6921230943,0.80170513135,3,0.183552954982,0.156829679595,31,0.0175042348955,0.290695920241,23,23,23,1,0,0.478260869565,0.217391304348,0.304347826087,23,82,0.162055335968,1.67825381141,7.13043478261,6.83333333333,5.125,3.50719193329,0.491862283327,0.264050901379,4.97106250721,1.39432241056,0.67868504772,3.11632194271,0.874090301003,0.462354188759,0.745368670593,0.444133459151,2.5,1.67825381141,0.745368670593,2.5,0.297057487967,0.197492163009,42,0.0237154150198,0.304336572518,23,23,23,1,0,0.478260869565,0.217391304348,0.304347826087,-6,-0.0118577075099,-0.00682198236546,-0.521739130435,-0.5,-0.375,-0.131098070299,0.0164039305855,0.0145449725248,-0.351720205833,0.00314056510441,0.00576014653427,-0.154098851918,0.0193212296807,0.0196664417237,-0.00382263376627,-0.000470461413644,0,-0.00682198236546,-0.00382263376627,0,0.0376108739745,0.00870967326932,-4,-0.00225861095426,-0.0288080606262,0,0,0,82,0,6,418,0.931818181818,1,0,0.0681818181818,1,0.931818181818,0.964705882353,0.958452959446,0.931818181818,0.931818181818,3,9,0,10,4,10
686,WLNM_dir_neg_kfold,0.833333333333,0.588888888889,00:00:02,10,90,17,16362,threshold_sweep,0.2,1,0.222222222222,0.363636363636,2,0,7,18,0.222222222222,1,0,0.777777777778,1,0.222222222222,0.363636363636,0.740740740741,0.641975308642,0.275862068966,0.4,0.222222222222,94,85,9,0,94,0,85,0,9,23,88,0.173913043478,1.68507579377,7.65217391304,7.33333333333,5.5,3.63829000359,0.475458352741,0.249505928854,5.32278271304,1.39118184545,0.672924901186,3.27042079462,0.854769071322,0.442687747036,0.749191304359,0.444603920564,2.5,1.68507579377,0.749191304359,2.5,0.259446613992,0.18878248974,46,0.025974025974,0.333144633145,23,23,23,1,0,0.478260869565,0.217391304348,0.304347826087,23,0.156126482213,1.6921230943,6.86956521739,6.58333333333,4.9375,3.42854790129,0.499092416011,0.269675288938,4.85073646664,1.41223973079,0.680242157402,3.10170168773,0.903027073644,0.479911942763,0.80170513135,0.473786531282,3,1.6921230943,0.80170513135,3,0.183552954982,0.156829679595,31,0.0175042348955,0.290695920241,23,23,23,1,0,0.478260869565,0.217391304348,0.304347826087,23,81,0.160079051383,1.67433653303,7.04347826087,6.75,5.0625,3.37744202386,0.479513373757,0.257112184648,4.89776911384,1.39072456319,0.676328502415,3.14598684066,0.893304905371,0.469135802469,0.742819366386,0.443649978204,2.5,1.67433653303,0.742819366386,2.5,0.263521327158,0.156097560976,32,0.0180688876341,0.308271021907,23,23,23,1,0,0.478260869565,0.217391304348,0.304347826087,-7,-0.0138339920949,-0.0107392607393,-0.608695652174,-0.583333333333,-0.4375,-0.260847979731,0.00405502101586,0.00760625579466,-0.425013599203,-0.000457282265317,0.00340360122969,-0.124433953969,0.0385358340491,0.0264480554336,-0.00637193797274,-0.000953942360206,0,-0.0107392607393,-0.00637193797274,0,0.00407471316562,-0.0326849287645,-14,-0.00790513833992,-0.0248736112372,0,0,0,81,0,7,418,0.920454545455,1,0,0.0795454545455,1,0.920454545455,0.958579881657,0.951469451768,0.920454545455,0.920454545455,2,9,0,10,4,10
687,WLNM_dir_neg_kfold,0.833333333333,0.588888888889,00:00:02,10,90,17,16362,threshold_sweep,0.3,1,0.222222222222,0.363636363636,2,0,7,18,0.222222222222,1,0,0.777777777778,1,0.222222222222,0.363636363636,0.740740740741,0.641975308642,0.275862068966,0.4,0.222222222222,94,85,9,0,94,0,85,0,9,23,88,0.173913043478,1.68507579377,7.65217391304,7.33333333333,5.5,3.63829000359,0.475458352741,0.249505928854,5.32278271304,1.39118184545,0.672924901186,3.27042079462,0.854769071322,0.442687747036,0.749191304359,0.444603920564,2.5,1.68507579377,0.749191304359,2.5,0.259446613992,0.18878248974,46,0.025974025974,0.333144633145,23,23,23,1,0,0.478260869565,0.217391304348,0.304347826087,23,0.156126482213,1.6921230943,6.86956521739,6.58333333333,4.9375,3.42854790129,0.499092416011,0.269675288938,4.85073646664,1.41223973079,0.680242157402,3.10170168773,0.903027073644,0.479911942763,0.80170513135,0.473786531282,3,1.6921230943,0.80170513135,3,0.183552954982,0.156829679595,31,0.0175042348955,0.290695920241,23,23,23,1,0,0.478260869565,0.217391304348,0.304347826087,23,81,0.160079051383,1.67433653303,7.04347826087,6.75,5.0625,3.37744202386,0.479513373757,0.257112184648,4.89776911384,1.39072456319,0.676328502415,3.14598684066,0.893304905371,0.469135802469,0.742819366386,0.443649978204,2.5,1.67433653303,0.742819366386,2.5,0.263521327158,0.156097560976,32,0.0180688876341,0.308271021907,23,23,23,1,0,0.478260869565,0.217391304348,0.304347826087,-7,-0.0138339920949,-0.0107392607393,-0.608695652174,-0.583333333333,-0.4375,-0.260847979731,0.00405502101586,0.00760625579466,-0.425013599203,-0.000457282265317,0.00340360122969,-0.124433953969,0.0385358340491,0.0264480554336,-0.00637193797274,-0.000953942360206,0,-0.0107392607393,-0.00637193797274,0,0.00407471316562,-0.0326849287645,-14,-0.00790513833992,-0.0248736112372,0,0,0,81,0,7,418,0.920454545455,1,0,0.0795454545455,1,0.920454545455,0.958579881657,0.951469451768,0.920454545455,0.920454545455,2,9,0,10,4,10
688,WLNM_dir_neg_kfold,0.833333333333,0.588888888889,00:00:02,10,90,17,16362,threshold_sweep,0.4,1,0.222222222222,0.363636363636,2,0,7,18,0.222222222222,1,0,0.777777777778,1,0.222222222222,0.363636363636,0.740740740741,0.641975308642,0.275862068966,0.4,0.222222222222,94,85,9,0,94,0,85,0,9,23,88,0.173913043478,1.68507579377,7.65217391304,7.33333333333,5.5,3.63829000359,0.475458352741,0.249505928854,5.32278271304,1.39118184545,0.672924901186,3.27042079462,0.854769071322,0.442687747036,0.749191304359,0.444603920564,2.5,1.68507579377,0.749191304359,2.5,0.259446613992,0.18878248974,46,0.025974025974,0.333144633145,23,23,23,1,0,0.478260869565,0.217391304348,0.304347826087,23,0.156126482213,1.6921230943,6.86956521739,6.58333333333,4.9375,3.42854790129,0.499092416011,0.269675288938,4.85073646664,1.41223973079,0.680242157402,3.10170168773,0.903027073644,0.479911942763,0.80170513135,0.473786531282,3,1.6921230943,0.80170513135,3,0.183552954982,0.156829679595,31,0.0175042348955,0.290695920241,23,23,23,1,0,0.478260869565,0.217391304348,0.304347826087,23,81,0.160079051383,1.67433653303,7.04347826087,6.75,5.0625,3.37744202386,0.479513373757,0.257112184648,4.89776911384,1.39072456319,0.676328502415,3.14598684066,0.893304905371,0.469135802469,0.742819366386,0.443649978204,2.5,1.67433653303,0.742819366386,2.5,0.263521327158,0.156097560976,32,0.0180688876341,0.308271021907,23,23,23,1,0,0.478260869565,0.217391304348,0.304347826087,-7,-0.0138339920949,-0.0107392607393,-0.608695652174,-0.583333333333,-0.4375,-0.260847979731,0.00405502101586,0.00760625579466,-0.425013599203,-0.000457282265317,0.00340360122969,-0.124433953969,0.0385358340491,0.0264480554336,-0.00637193797274,-0.000953942360206,0,-0.0107392607393,-0.00637193797274,0,0.00407471316562,-0.0326849287645,-14,-0.00790513833992,-0.0248736112372,0,0,0,81,0,7,418,0.920454545455,1,0,0.0795454545455,1,0.920454545455,0.958579881657,0.951469451768,0.920454545455,0.920454545455,2,9,0,10,4,10
689,WLNM_dir_neg_kfold,0.833333333333,0.588888888889,00:00:02,10,90,17,16362,threshold_sweep,0.5,1,0.222222222222,0.363636363636,2,0,7,18,0.222222222222,1,0,0.777777777778,1,0.222222222222,0.363636363636,0.740740740741,0.641975308642,0.275862068966,0.4,0.222222222222,94,85,9,0,94,0,85,0,9,23,88,0.173913043478,1.68507579377,7.65217391304,7.33333333333,5.5,3.63829000359,0.475458352741,0.249505928854,5.32278271304,1.39118184545,0.672924901186,3.27042079462,0.854769071322,0.442687747036,0.749191304359,0.444603920564,2.5,1.68507579377,0.749191304359,2.5,0.259446613992,0.18878248974,46,0.025974025974,0.333144633145,23,23,23,1,0,0.478260869565,0.217391304348,0.304347826087,23,0.156126482213,1.6921230943,6.86956521739,6.58333333333,4.9375,3.42854790129,0.499092416011,0.269675288938,4.85073646664,1.41223973079,0.680242157402,3.10170168773,0.903027073644,0.479911942763,0.80170513135,0.473786531282,3,1.6921230943,0.80170513135,3,0.183552954982,0.156829679595,31,0.0175042348955,0.290695920241,23,23,23,1,0,0.478260869565,0.217391304348,0.304347826087,23,81,0.160079051383,1.67433653303,7.04347826087,6.75,5.0625,3.37744202386,0.479513373757,0.257112184648,4.89776911384,1.39072456319,0.676328502415,3.14598684066,0.893304905371,0.469135802469,0.742819366386,0.443649978204,2.5,1.67433653303,0.742819366386,2.5,0.263521327158,0.156097560976,32,0.0180688876341,0.308271021907,23,23,23,1,0,0.478260869565,0.217391304348,0.304347826087,-7,-0.0138339920949,-0.0107392607393,-0.608695652174,-0.583333333333,-0.4375,-0.260847979731,0.00405502101586,0.00760625579466,-0.425013599203,-0.000457282265317,0.00340360122969,-0.124433953969,0.0385358340491,0.0264480554336,-0.00637193797274,-0.000953942360206,0,-0.0107392607393,-0.00637193797274,0,0.00407471316562,-0.0326849287645,-14,-0.00790513833992,-0.0248736112372,0,0,0,81,0,7,418,0.920454545455,1,0,0.0795454545455,1,0.920454545455,0.958579881657,0.951469451768,0.920454545455,0.920454545455,2,9,0,10,4,10
690,WLNM_dir_neg_kfold,0.833333333333,0.588888888889,00:00:02,10,90,17,16362,threshold_sweep,0.6,1,0.222222222222,0.363636363636,2,0,7,18,0.222222222222,1,0,0.777777777778,1,0.222222222222,0.363636363636,0.740740740741,0.641975308642,0.275862068966,0.4,0.222222222222,94,85,9,0,94,0,85,0,9,23,88,0.173913043478,1.68507579377,7.65217391304,7.33333333333,5.5,3.63829000359,0.475458352741,0.249505928854,5.32278271304,1.39118184545,0.672924901186,3.27042079462,0.854769071322,0.442687747036,0.749191304359,0.444603920564,2.5,1.68507579377,0.749191304359,2.5,0.259446613992,0.18878248974,46,0.025974025974,0.333144633145,23,23,23,1,0,0.478260869565,0.217391304348,0.304347826087,23,0.156126482213,1.6921230943,6.86956521739,6.58333333333,4.9375,3.42854790129,0.499092416011,0.269675288938,4.85073646664,1.41223973079,0.680242157402,3.10170168773,0.903027073644,0.479911942763,0.80170513135,0.473786531282,3,1.6921230943,0.80170513135,3,0.183552954982,0.156829679595,31,0.0175042348955,0.290695920241,23,23,23,1,0,0.478260869565,0.217391304348,0.304347826087,23,81,0.160079051383,1.67433653303,7.04347826087,6.75,5.0625,3.37744202386,0.479513373757,0.257112184648,4.89776911384,1.39072456319,0.676328502415,3.14598684066,0.893304905371,0.469135802469,0.742819366386,0.443649978204,2.5,1.67433653303,0.742819366386,2.5,0.263521327158,0.156097560976,32,0.0180688876341,0.308271021907,23,23,23,1,0,0.478260869565,0.217391304348,0.304347826087,-7,-0.0138339920949,-0.0107392607393,-0.608695652174,-0.583333333333,-0.4375,-0.260847979731,0.00405502101586,0.00760625579466,-0.425013599203,-0.000457282265317,0.00340360122969,-0.124433953969,0.0385358340491,0.0264480554336,-0.00637193797274,-0.000953942360206,0,-0.0107392607393,-0.00637193797274,0,0.00407471316562,-0.0326849287645,-14,-0.00790513833992,-0.0248736112372,0,0,0,81,0,7,418,0.920454545455,1,0,0.0795454545455,1,0.920454545455,0.958579881657,0.951469451768,0.920454545455,0.920454545455,2,9,0,10,4,10
691,WLNM_dir_neg_kfold,0.833333333333,0.588888888889,00:00:02,10,90,17,16362,threshold_sweep,0.7,1,0.222222222222,0.363636363636,2,0,7,18,0.222222222222,1,0,0.777777777778,1,0.222222222222,0.363636363636,0.740740740741,0.641975308642,0.275862068966,0.4,0.222222222222,94,85,9,0,94,0,85,0,9,23,88,0.173913043478,1.68507579377,7.65217391304,7.33333333333,5.5,3.63829000359,0.475458352741,0.249505928854,5.32278271304,1.39118184545,0.672924901186,3.27042079462,0.854769071322,0.442687747036,0.749191304359,0.444603920564,2.5,1.68507579377,0.749191304359,2.5,0.259446613992,0.18878248974,46,0.025974025974,0.333144633145,23,23,23,1,0,0.478260869565,0.217391304348,0.304347826087,23,0.156126482213,1.6921230943,6.86956521739,6.58333333333,4.9375,3.42854790129,0.499092416011,0.269675288938,4.85073646664,1.41223973079,0.680242157402,3.10170168773,0.903027073644,0.479911942763,0.80170513135,0.473786531282,3,1.6921230943,0.80170513135,3,0.183552954982,0.156829679595,31,0.0175042348955,0.290695920241,23,23,23,1,0,0.478260869565,0.217391304348,0.304347826087,23,81,0.160079051383,1.67433653303,7.04347826087,6.75,5.0625,3.37744202386,0.479513373757,0.257112184648,4.89776911384,1.39072456319,0.676328502415,3.14598684066,0.893304905371,0.469135802469,0.742819366386,0.443649978204,2.5,1.67433653303,0.742819366386,2.5,0.263521327158,0.156097560976,32,0.0180688876341,0.308271021907,23,23,23,1,0,0.478260869565,0.217391304348,0.304347826087,-7,-0.0138339920949,-0.0107392607393,-0.608695652174,-0.583333333333,-0.4375,-0.260847979731,0.00405502101586,0.00760625579466,-0.425013599203,-0.000457282265317,0.00340360122969,-0.124433953969,0.0385358340491,0.0264480554336,-0.00637193797274,-0.000953942360206,0,-0.0107392607393,-0.00637193797274,0,0.00407471316562,-0.0326849287645,-14,-0.00790513833992,-0.0248736112372,0,0,0,81,0,7,418,0.920454545455,1,0,0.0795454545455,1,0.920454545455,0.958579881657,0.951469451768,0.920454545455,0.920454545455,2,9,0,10,4,10
692,WLNM_dir_neg_kfold,0.833333333333,0.588888888889,00:00:02,10,90,17,16362,threshold_sweep,0.8,1,0.222222222222,0.363636363636,2,0,7,18,0.222222222222,1,0,0.777777777778,1,0.222222222222,0.363636363636,0.740740740741,0.641975308642,0.275862068966,0.4,0.222222222222,94,85,9,0,94,0,85,0,9,23,88,0.173913043478,1.68507579377,7.65217391304,7.33333333333,5.5,3.63829000359,0.475458352741,0.249505928854,5.32278271304,1.39118184545,0.672924901186,3.27042079462,0.854769071322,0.442687747036,0.749191304359,0.444603920564,2.5,1.68507579377,0.749191304359,2.5,0.259446613992,0.18878248974,46,0.025974025974,0.333144633145,23,23,23,1,0,0.478260869565,0.217391304348,0.304347826087,23,0.156126482213,1.6921230943,6.86956521739,6.58333333333,4.9375,3.42854790129,0.499092416011,0.269675288938,4.85073646664,1.41223973079,0.680242157402,3.10170168773,0.903027073644,0.479911942763,0.80170513135,0.473786531282,3,1.6921230943,0.80170513135,3,0.183552954982,0.156829679595,31,0.0175042348955,0.290695920241,23,23,23,1,0,0.478260869565,0.217391304348,0.304347826087,23,81,0.160079051383,1.67433653303,7.04347826087,6.75,5.0625,3.37744202386,0.479513373757,0.257112184648,4.89776911384,1.39072456319,0.676328502415,3.14598684066,0.893304905371,0.469135802469,0.742819366386,0.443649978204,2.5,1.67433653303,0.742819366386,2.5,0.263521327158,0.156097560976,32,0.0180688876341,0.308271021907,23,23,23,1,0,0.478260869565,0.217391304348,0.304347826087,-7,-0.0138339920949,-0.0107392607393,-0.608695652174,-0.583333333333,-0.4375,-0.260847979731,0.00405502101586,0.00760625579466,-0.425013599203,-0.000457282265317,0.00340360122969,-0.124433953969,0.0385358340491,0.0264480554336,-0.00637193797274,-0.000953942360206,0,-0.0107392607393,-0.00637193797274,0,0.00407471316562,-0.0326849287645,-14,-0.00790513833992,-0.0248736112372,0,0,0,81,0,7,418,0.920454545455,1,0,0.0795454545455,1,0.920454545455,0.958579881657,0.951469451768,0.920454545455,0.920454545455,2,9,0,10,4,10
693,WLNM_dir_neg_kfold,0.833333333333,0.588888888889,00:00:02,10,90,17,16362,threshold_sweep,0.9,1,0.222222222222,0.363636363636,2,0,7,18,0.222222222222,1,0,0.777777777778,1,0.222222222222,0.363636363636,0.740740740741,0.641975308642,0.275862068966,0.4,0.222222222222,94,85,9,0,94,0,85,0,9,23,88,0.173913043478,1.68507579377,7.65217391304,7.33333333333,5.5,3.63829000359,0.475458352741,0.249505928854,5.32278271304,1.39118184545,0.672924901186,3.27042079462,0.854769071322,0.442687747036,0.749191304359,0.444603920564,2.5,1.68507579377,0.749191304359,2.5,0.259446613992,0.18878248974,46,0.025974025974,0.333144633145,23,23,23,1,0,0.478260869565,0.217391304348,0.304347826087,23,0.156126482213,1.6921230943,6.86956521739,6.58333333333,4.9375,3.42854790129,0.499092416011,0.269675288938,4.85073646664,1.41223973079,0.680242157402,3.10170168773,0.903027073644,0.479911942763,0.80170513135,0.473786531282,3,1.6921230943,0.80170513135,3,0.183552954982,0.156829679595,31,0.0175042348955,0.290695920241,23,23,23,1,0,0.478260869565,0.217391304348,0.304347826087,23,81,0.160079051383,1.67433653303,7.04347826087,6.75,5.0625,3.37744202386,0.479513373757,0.257112184648,4.89776911384,1.39072456319,0.676328502415,3.14598684066,0.893304905371,0.469135802469,0.742819366386,0.443649978204,2.5,1.67433653303,0.742819366386,2.5,0.263521327158,0.156097560976,32,0.0180688876341,0.308271021907,23,23,23,1,0,0.478260869565,0.217391304348,0.304347826087,-7,-0.0138339920949,-0.0107392607393,-0.608695652174,-0.583333333333,-0.4375,-0.260847979731,0.00405502101586,0.00760625579466,-0.425013599203,-0.000457282265317,0.00340360122969,-0.124433953969,0.0385358340491,0.0264480554336,-0.00637193797274,-0.000953942360206,0,-0.0107392607393,-0.00637193797274,0,0.00407471316562,-0.0326849287645,-14,-0.00790513833992,-0.0248736112372,0,0,0,81,0,7,418,0.920454545455,1,0,0.0795454545455,1,0.920454545455,0.958579881657,0.951469451768,0.920454545455,0.920454545455,2,9,0,10,4,10
694,WLNM_dir_neg_kfold,0.876543209877,0.607804232804,00:00:02,10,90,18,16363,threshold_sweep,0.1,0.666666666667,0.222222222222,0.333333333333,2,1,7,17,0.222222222222,0.944444444444,0.0555555555556,0.777777777778,0.666666666667,0.222222222222,0.333333333333,0.703703703704,0.62962962963,0.2,0.25,0.166666666667,94,85,9,0,94,0,85,0,9,23,88,0.173913043478,1.68507579377,7.65217391304,7.33333333333,5.5,3.63829000359,0.475458352741,0.249505928854,5.32278271304,1.39118184545,0.672924901186,3.27042079462,0.854769071322,0.442687747036,0.749191304359,0.444603920564,2.5,1.68507579377,0.749191304359,2.5,0.259446613992,0.18878248974,46,0.025974025974,0.333144633145,23,23,23,1,0,0.478260869565,0.217391304348,0.304347826087,23,0.156126482213,1.6921230943,6.86956521739,6.58333333333,4.9375,3.42854790129,0.499092416011,0.269675288938,4.85073646664,1.41223973079,0.680242157402,3.10170168773,0.903027073644,0.479911942763,0.80170513135,0.473786531282,3,1.6921230943,0.80170513135,3,0.183552954982,0.156829679595,31,0.0175042348955,0.290695920241,23,23,23,1,0,0.478260869565,0.217391304348,0.304347826087,23,82,0.162055335968,2.08688594015,7.13043478261,6.83333333333,4.82352941176,3.32079327634,0.465721008267,0.251855779427,4.87876742031,1.36843476423,0.670201484624,3.10170168773,0.869989497779,0.458112407211,1.48908909485,0.713545990319,5,2.08688594015,1.48908909485,5,0.263521327158,0.156097560976,32,0.0180688876341,0.297845336482,23,23,23,1,0,0.478260869565,0.260869565217,0.260869565217,-6,-0.0118577075099,0.401810146375,-0.521739130435,-0.5,-0.676470588235,-0.317496727246,-0.00973734447412,0.0023498505736,-0.444015292731,-0.0227470812206,-0.00272341656223,-0.168719106892,0.0152204264563,0.0154246601755,0.739897790486,0.268942069755,2.5,0.401810146375,0.739897790486,2.5,0.00407471316562,-0.0326849287645,-14,-0.00790513833992,-0.0352992966629,0,0.0434782608696,-0.0434782608696,81,1,7,417,0.920454545455,0.997607655502,0.00239234449761,0.0795454545455,0.987804878049,0.920454545455,0.952941176471,0.944303782253,0.918062200957,0.910112359551,3,9,0,10,4,10
695,WLNM_dir_neg_kfold,0.876543209877,0.607804232804,00:00:02,10,90,18,16363,threshold_sweep,0.2,0.666666666667,0.222222222222,0.333333333333,2,1,7,17,0.222222222222,0.944444444444,0.0555555555556,0.777777777778,0.666666666667,0.222222222222,0.333333333333,0.703703703704,0.62962962963,0.2,0.25,0.166666666667,94,85,9,0,94,0,85,0,9,23,88,0.173913043478,1.68507579377,7.65217391304,7.33333333333,5.5,3.63829000359,0.475458352741,0.249505928854,5.32278271304,1.39118184545,0.672924901186,3.27042079462,0.854769071322,0.442687747036,0.749191304359,0.444603920564,2.5,1.68507579377,0.749191304359,2.5,0.259446613992,0.18878248974,46,0.025974025974,0.333144633145,23,23,23,1,0,0.478260869565,0.217391304348,0.304347826087,23,0.156126482213,1.6921230943,6.86956521739,6.58333333333,4.9375,3.42854790129,0.499092416011,0.269675288938,4.85073646664,1.41223973079,0.680242157402,3.10170168773,0.903027073644,0.479911942763,0.80170513135,0.473786531282,3,1.6921230943,0.80170513135,3,0.183552954982,0.156829679595,31,0.0175042348955,0.290695920241,23,23,23,1,0,0.478260869565,0.217391304348,0.304347826087,23,82,0.162055335968,2.08688594015,7.13043478261,6.83333333333,4.82352941176,3.32079327634,0.465721008267,0.251855779427,4.87876742031,1.36843476423,0.670201484624,3.10170168773,0.869989497779,0.458112407211,1.48908909485,0.713545990319,5,2.08688594015,1.48908909485,5,0.263521327158,0.156097560976,32,0.0180688876341,0.297845336482,23,23,23,1,0,0.478260869565,0.260869565217,0.260869565217,-6,-0.0118577075099,0.401810146375,-0.521739130435,-0.5,-0.676470588235,-0.317496727246,-0.00973734447412,0.0023498505736,-0.444015292731,-0.0227470812206,-0.00272341656223,-0.168719106892,0.0152204264563,0.0154246601755,0.739897790486,0.268942069755,2.5,0.401810146375,0.739897790486,2.5,0.00407471316562,-0.0326849287645,-14,-0.00790513833992,-0.0352992966629,0,0.0434782608696,-0.0434782608696,81,1,7,417,0.920454545455,0.997607655502,0.00239234449761,0.0795454545455,0.987804878049,0.920454545455,0.952941176471,0.944303782253,0.918062200957,0.910112359551,3,9,0,10,4,10
696,WLNM_dir_neg_kfold,0.876543209877,0.607804232804,00:00:02,10,90,18,16363,threshold_sweep,0.3,0.666666666667,0.222222222222,0.333333333333,2,1,7,17,0.222222222222,0.944444444444,0.0555555555556,0.777777777778,0.666666666667,0.222222222222,0.333333333333,0.703703703704,0.62962962963,0.2,0.25,0.166666666667,94,85,9,0,94,0,85,0,9,23,88,0.173913043478,1.68507579377,7.65217391304,7.33333333333,5.5,3.63829000359,0.475458352741,0.249505928854,5.32278271304,1.39118184545,0.672924901186,3.27042079462,0.854769071322,0.442687747036,0.749191304359,0.444603920564,2.5,1.68507579377,0.749191304359,2.5,0.259446613992,0.18878248974,46,0.025974025974,0.333144633145,23,23,23,1,0,0.478260869565,0.217391304348,0.304347826087,23,0.156126482213,1.6921230943,6.86956521739,6.58333333333,4.9375,3.42854790129,0.499092416011,0.269675288938,4.85073646664,1.41223973079,0.680242157402,3.10170168773,0.903027073644,0.479911942763,0.80170513135,0.473786531282,3,1.6921230943,0.80170513135,3,0.183552954982,0.156829679595,31,0.0175042348955,0.290695920241,23,23,23,1,0,0.478260869565,0.217391304348,0.304347826087,23,82,0.162055335968,2.08688594015,7.13043478261,6.83333333333,4.82352941176,3.32079327634,0.465721008267,0.251855779427,4.87876742031,1.36843476423,0.670201484624,3.10170168773,0.869989497779,0.458112407211,1.48908909485,0.713545990319,5,2.08688594015,1.48908909485,5,0.263521327158,0.156097560976,32,0.0180688876341,0.297845336482,23,23,23,1,0,0.478260869565,0.260869565217,0.260869565217,-6,-0.0118577075099,0.401810146375,-0.521739130435,-0.5,-0.676470588235,-0.317496727246,-0.00973734447412,0.0023498505736,-0.444015292731,-0.0227470812206,-0.00272341656223,-0.168719106892,0.0152204264563,0.0154246601755,0.739897790486,0.268942069755,2.5,0.401810146375,0.739897790486,2.5,0.00407471316562,-0.0326849287645,-14,-0.00790513833992,-0.0352992966629,0,0.0434782608696,-0.0434782608696,81,1,7,417,0.920454545455,0.997607655502,0.00239234449761,0.0795454545455,0.987804878049,0.920454545455,0.952941176471,0.944303782253,0.918062200957,0.910112359551,3,9,0,10,4,10
697,WLNM_dir_neg_kfold,0.876543209877,0.607804232804,00:00:02,10,90,18,16363,threshold_sweep,0.4,0.666666666667,0.222222222222,0.333333333333,2,1,7,17,0.222222222222,0.944444444444,0.0555555555556,0.777777777778,0.666666666667,0.222222222222,0.333333333333,0.703703703704,0.62962962963,0.2,0.25,0.166666666667,94,85,9,0,94,0,85,0,9,23,88,0.173913043478,1.68507579377,7.65217391304,7.33333333333,5.5,3.63829000359,0.475458352741,0.249505928854,5.32278271304,1.39118184545,0.672924901186,3.27042079462,0.854769071322,0.442687747036,0.749191304359,0.444603920564,2.5,1.68507579377,0.749191304359,2.5,0.259446613992,0.18878248974,46,0.025974025974,0.333144633145,23,23,23,1,0,0.478260869565,0.217391304348,0.304347826087,23,0.156126482213,1.6921230943,6.86956521739,6.58333333333,4.9375,3.42854790129,0.499092416011,0.269675288938,4.85073646664,1.41223973079,0.680242157402,3.10170168773,0.903027073644,0.479911942763,0.80170513135,0.473786531282,3,1.6921230943,0.80170513135,3,0.183552954982,0.156829679595,31,0.0175042348955,0.290695920241,23,23,23,1,0,0.478260869565,0.217391304348,0.304347826087,23,82,0.162055335968,2.08688594015,7.13043478261,6.83333333333,4.82352941176,3.32079327634,0.465721008267,0.251855779427,4.87876742031,1.36843476423,0.670201484624,3.10170168773,0.869989497779,0.458112407211,1.48908909485,0.713545990319,5,2.08688594015,1.48908909485,5,0.263521327158,0.156097560976,32,0.0180688876341,0.297845336482,23,23,23,1,0,0.478260869565,0.260869565217,0.260869565217,-6,-0.0118577075099,0.401810146375,-0.521739130435,-0.5,-0.676470588235,-0.317496727246,-0.00973734447412,0.0023498505736,-0.444015292731,-0.0227470812206,-0.00272341656223,-0.168719106892,0.0152204264563,0.0154246601755,0.739897790486,0.268942069755,2.5,0.401810146375,0.739897790486,2.5,0.00407471316562,-0.0326849287645,-14,-0.00790513833992,-0.0352992966629,0,0.0434782608696,-0.0434782608696,81,1,7,417,0.920454545455,0.997607655502,0.00239234449761,0.0795454545455,0.987804878049,0.920454545455,0.952941176471,0.944303782253,0.918062200957,0.910112359551,3,9,0,10,4,10
698,WLNM_dir_neg_kfold,0.876543209877,0.607804232804,00:00:02,10,90,18,16363,threshold_sweep,0.5,0.666666666667,0.222222222222,0.333333333333,2,1,7,17,0.222222222222,0.944444444444,0.0555555555556,0.777777777778,0.666666666667,0.222222222222,0.333333333333,0.703703703704,0.62962962963,0.2,0.25,0.166666666667,94,85,9,0,94,0,85,0,9,23,88,0.173913043478,1.68507579377,7.65217391304,7.33333333333,5.5,3.63829000359,0.475458352741,0.249505928854,5.32278271304,1.39118184545,0.672924901186,3.27042079462,0.854769071322,0.442687747036,0.749191304359,0.444603920564,2.5,1.68507579377,0.749191304359,2.5,0.259446613992,0.18878248974,46,0.025974025974,0.333144633145,23,23,23,1,0,0.478260869565,0.217391304348,0.304347826087,23,0.156126482213,1.6921230943,6.86956521739,6.58333333333,4.9375,3.42854790129,0.499092416011,0.269675288938,4.85073646664,1.41223973079,0.680242157402,3.10170168773,0.903027073644,0.479911942763,0.80170513135,0.473786531282,3,1.6921230943,0.80170513135,3,0.183552954982,0.156829679595,31,0.0175042348955,0.290695920241,23,23,23,1,0,0.478260869565,0.217391304348,0.304347826087,23,82,0.162055335968,2.08688594015,7.13043478261,6.83333333333,4.82352941176,3.32079327634,0.465721008267,0.251855779427,4.87876742031,1.36843476423,0.670201484624,3.10170168773,0.869989497779,0.458112407211,1.48908909485,0.713545990319,5,2.08688594015,1.48908909485,5,0.263521327158,0.156097560976,32,0.0180688876341,0.297845336482,23,23,23,1,0,0.478260869565,0.260869565217,0.260869565217,-6,-0.0118577075099,0.401810146375,-0.521739130435,-0.5,-0.676470588235,-0.317496727246,-0.00973734447412,0.0023498505736,-0.444015292731,-0.0227470812206,-0.00272341656223,-0.168719106892,0.0152204264563,0.0154246601755,0.739897790486,0.268942069755,2.5,0.401810146375,0.739897790486,2.5,0.00407471316562,-0.0326849287645,-14,-0.00790513833992,-0.0352992966629,0,0.0434782608696,-0.0434782608696,81,1,7,417,0.920454545455,0.997607655502,0.00239234449761,0.0795454545455,0.987804878049,0.920454545455,0.952941176471,0.944303782253,0.918062200957,0.910112359551,3,9,0,10,4,10
699,WLNM_dir_neg_kfold,0.876543209877,0.607804232804,00:00:02,10,90,18,16363,threshold_sweep,0.6,0.666666666667,0.222222222222,0.333333333333,2,1,7,17,0.222222222222,0.944444444444,0.0555555555556,0.777777777778,0.666666666667,0.222222222222,0.333333333333,0.703703703704,0.62962962963,0.2,0.25,0.166666666667,94,85,9,0,94,0,85,0,9,23,88,0.173913043478,1.68507579377,7.65217391304,7.33333333333,5.5,3.63829000359,0.475458352741,0.249505928854,5.32278271304,1.39118184545,0.672924901186,3.27042079462,0.854769071322,0.442687747036,0.749191304359,0.444603920564,2.5,1.68507579377,0.749191304359,2.5,0.259446613992,0.18878248974,46,0.025974025974,0.333144633145,23,23,23,1,0,0.478260869565,0.217391304348,0.304347826087,23,0.156126482213,1.6921230943,6.86956521739,6.58333333333,4.9375,3.42854790129,0.499092416011,0.269675288938,4.85073646664,1.41223973079,0.680242157402,3.10170168773,0.903027073644,0.479911942763,0.80170513135,0.473786531282,3,1.6921230943,0.80170513135,3,0.183552954982,0.156829679595,31,0.0175042348955,0.290695920241,23,23,23,1,0,0.478260869565,0.217391304348,0.304347826087,23,82,0.162055335968,2.08688594015,7.13043478261,6.83333333333,4.82352941176,3.32079327634,0.465721008267,0.251855779427,4.87876742031,1.36843476423,0.670201484624,3.10170168773,0.869989497779,0.458112407211,1.48908909485,0.713545990319,5,2.08688594015,1.48908909485,5,0.263521327158,0.156097560976,32,0.0180688876341,0.297845336482,23,23,23,1,0,0.478260869565,0.260869565217,0.260869565217,-6,-0.0118577075099,0.401810146375,-0.521739130435,-0.5,-0.676470588235,-0.317496727246,-0.00973734447412,0.0023498505736,-0.444015292731,-0.0227470812206,-0.00272341656223,-0.168719106892,0.0152204264563,0.0154246601755,0.739897790486,0.268942069755,2.5,0.401810146375,0.739897790486,2.5,0.00407471316562,-0.0326849287645,-14,-0.00790513833992,-0.0352992966629,0,0.0434782608696,-0.0434782608696,81,1,7,417,0.920454545455,0.997607655502,0.00239234449761,0.0795454545455,0.987804878049,0.920454545455,0.952941176471,0.944303782253,0.918062200957,0.910112359551,3,9,0,10,4,10
700,WLNM_dir_neg_kfold,0.876543209877,0.607804232804,00:00:02,10,90,18,16363,threshold_sweep,0.7,0.666666666667,0.222222222222,0.333333333333,2,1,7,17,0.222222222222,0.944444444444,0.0555555555556,0.777777777778,0.666666666667,0.222222222222,0.333333333333,0.703703703704,0.62962962963,0.2,0.25,0.166666666667,94,85,9,0,94,0,85,0,9,23,88,0.173913043478,1.68507579377,7.65217391304,7.33333333333,5.5,3.63829000359,0.475458352741,0.249505928854,5.32278271304,1.39118184545,0.672924901186,3.27042079462,0.854769071322,0.442687747036,0.749191304359,0.444603920564,2.5,1.68507579377,0.749191304359,2.5,0.259446613992,0.18878248974,46,0.025974025974,0.333144633145,23,23,23,1,0,0.478260869565,0.217391304348,0.304347826087,23,0.156126482213,1.6921230943,6.86956521739,6.58333333333,4.9375,3.42854790129,0.499092416011,0.269675288938,4.85073646664,1.41223973079,0.680242157402,3.10170168773,0.903027073644,0.479911942763,0.80170513135,0.473786531282,3,1.6921230943,0.80170513135,3,0.183552954982,0.156829679595,31,0.0175042348955,0.290695920241,23,23,23,1,0,0.478260869565,0.217391304348,0.304347826087,23,82,0.162055335968,2.08688594015,7.13043478261,6.83333333333,4.82352941176,3.32079327634,0.465721008267,0.251855779427,4.87876742031,1.36843476423,0.670201484624,3.10170168773,0.869989497779,0.458112407211,1.48908909485,0.713545990319,5,2.08688594015,1.48908909485,5,0.263521327158,0.156097560976,32,0.0180688876341,0.297845336482,23,23,23,1,0,0.478260869565,0.260869565217,0.260869565217,-6,-0.0118577075099,0.401810146375,-0.521739130435,-0.5,-0.676470588235,-0.317496727246,-0.00973734447412,0.0023498505736,-0.444015292731,-0.0227470812206,-0.00272341656223,-0.168719106892,0.0152204264563,0.0154246601755,0.739897790486,0.268942069755,2.5,0.401810146375,0.739897790486,2.5,0.00407471316562,-0.0326849287645,-14,-0.00790513833992,-0.0352992966629,0,0.0434782608696,-0.0434782608696,81,1,7,417,0.920454545455,0.997607655502,0.00239234449761,0.0795454545455,0.987804878049,0.920454545455,0.952941176471,0.944303782253,0.918062200957,0.910112359551,3,9,0,10,4,10
701,WLNM_dir_neg_kfold,0.876543209877,0.607804232804,00:00:02,10,90,18,16363,threshold_sweep,0.8,0.666666666667,0.222222222222,0.333333333333,2,1,7,17,0.222222222222,0.944444444444,0.0555555555556,0.777777777778,0.666666666667,0.222222222222,0.333333333333,0.703703703704,0.62962962963,0.2,0.25,0.166666666667,94,85,9,0,94,0,85,0,9,23,88,0.173913043478,1.68507579377,7.65217391304,7.33333333333,5.5,3.63829000359,0.475458352741,0.249505928854,5.32278271304,1.39118184545,0.672924901186,3.27042079462,0.854769071322,0.442687747036,0.749191304359,0.444603920564,2.5,1.68507579377,0.749191304359,2.5,0.259446613992,0.18878248974,46,0.025974025974,0.333144633145,23,23,23,1,0,0.478260869565,0.217391304348,0.304347826087,23,0.156126482213,1.6921230943,6.86956521739,6.58333333333,4.9375,3.42854790129,0.499092416011,0.269675288938,4.85073646664,1.41223973079,0.680242157402,3.10170168773,0.903027073644,0.479911942763,0.80170513135,0.473786531282,3,1.6921230943,0.80170513135,3,0.183552954982,0.156829679595,31,0.0175042348955,0.290695920241,23,23,23,1,0,0.478260869565,0.217391304348,0.304347826087,23,82,0.162055335968,2.08688594015,7.13043478261,6.83333333333,4.82352941176,3.32079327634,0.465721008267,0.251855779427,4.87876742031,1.36843476423,0.670201484624,3.10170168773,0.869989497779,0.458112407211,1.48908909485,0.713545990319,5,2.08688594015,1.48908909485,5,0.263521327158,0.156097560976,32,0.0180688876341,0.297845336482,23,23,23,1,0,0.478260869565,0.260869565217,0.260869565217,-6,-0.0118577075099,0.401810146375,-0.521739130435,-0.5,-0.676470588235,-0.317496727246,-0.00973734447412,0.0023498505736,-0.444015292731,-0.0227470812206,-0.00272341656223,-0.168719106892,0.0152204264563,0.0154246601755,0.739897790486,0.268942069755,2.5,0.401810146375,0.739897790486,2.5,0.00407471316562,-0.0326849287645,-14,-0.00790513833992,-0.0352992966629,0,0.0434782608696,-0.0434782608696,81,1,7,417,0.920454545455,0.997607655502,0.00239234449761,0.0795454545455,0.987804878049,0.920454545455,0.952941176471,0.944303782253,0.918062200957,0.910112359551,3,9,0,10,4,10
702,WLNM_dir_neg_kfold,0.876543209877,0.607804232804,00:00:02,10,90,18,16363,threshold_sweep,0.9,0.5,0.111111111111,0.181818181818,1,1,8,17,0.111111111111,0.944444444444,0.0555555555556,0.888888888889,0.5,0.111111111111,0.181818181818,0.666666666667,0.641975308642,0.0689655172414,0.1,0.0555555555556,94,85,9,0,94,0,85,0,9,23,88,0.173913043478,1.68507579377,7.65217391304,7.33333333333,5.5,3.63829000359,0.475458352741,0.249505928854,5.32278271304,1.39118184545,0.672924901186,3.27042079462,0.854769071322,0.442687747036,0.749191304359,0.444603920564,2.5,1.68507579377,0.749191304359,2.5,0.259446613992,0.18878248974,46,0.025974025974,0.333144633145,23,23,23,1,0,0.478260869565,0.217391304348,0.304347826087,23,0.156126482213,1.6921230943,6.86956521739,6.58333333333,4.9375,3.42854790129,0.499092416011,0.269675288938,4.85073646664,1.41223973079,0.680242157402,3.10170168773,0.903027073644,0.479911942763,0.80170513135,0.473786531282,3,1.6921230943,0.80170513135,3,0.183552954982,0.156829679595,31,0.0175042348955,0.290695920241,23,23,23,1,0,0.478260869565,0.217391304348,0.304347826087,23,81,0.160079051383,2.191134952,7.04347826087,6.75,4.76470588235,3.37744202386,0.479513373757,0.257112184648,4.89776911384,1.39072456319,0.676328502415,3.07289566159,0.872550619958,0.462694578637,1.71433109007,0.782394114291,6,2.191134952,1.71433109007,6,0.263521327158,0.156097560976,32,0.0180688876341,0.281316410862,23,23,23,1,0,0.478260869565,0.260869565217,0.260869565217,-7,-0.0138339920949,0.506059158233,-0.608695652174,-0.583333333333,-0.735294117647,-0.260847979731,0.00405502101586,0.00760625579466,-0.425013599203,-0.000457282265317,0.00340360122969,-0.197525133032,0.0177815486361,0.020006831601,0.965139785707,0.337790193727,3.5,0.506059158233,0.965139785707,3.5,0.00407471316562,-0.0326849287645,-14,-0.00790513833992,-0.0518282222828,0,0.0434782608696,-0.0434782608696,80,1,8,417,0.909090909091,0.997607655502,0.00239234449761,0.0909090909091,0.987654320988,0.909090909091,0.94674556213,0.937249960286,0.906698564593,0.898876404494,2,9,0,10,4,10
703,WLNM_dir_neg_kfold,0.895061728395,0.64565989566,00:00:02,10,90,19,16364,threshold_sweep,0.1,1,0.222222222222,0.363636363636,2,0,7,18,0.222222222222,1,0,0.777777777778,1,0.222222222222,0.363636363636,0.740740740741,0.641975308642,0.275862068966,0.4,0.222222222222,94,85,9,0,94,0,85,0,9,23,88,0.173913043478,1.68507579377,7.65217391304,7.33333333333,5.5,3.63829000359,0.475458352741,0.249505928854,5.32278271304,1.39118184545,0.672924901186,3.27042079462,0.854769071322,0.442687747036,0.749191304359,0.444603920564,2.5,1.68507579377,0.749191304359,2.5,0.259446613992,0.18878248974,46,0.025974025974,0.333144633145,23,23,23,1,0,0.478260869565,0.217391304348,0.304347826087,23,0.156126482213,1.6921230943,6.86956521739,6.58333333333,4.9375,3.42854790129,0.499092416011,0.269675288938,4.85073646664,1.41223973079,0.680242157402,3.10170168773,0.903027073644,0.479911942763,0.80170513135,0.473786531282,3,1.6921230943,0.80170513135,3,0.183552954982,0.156829679595,31,0.0175042348955,0.290695920241,23,23,23,1,0,0.478260869565,0.217391304348,0.304347826087,23,81,0.160079051383,1.67433653303,7.04347826087,6.75,5.0625,3.37744202386,0.479513373757,0.257112184648,4.89776911384,1.39072456319,0.676328502415,3.14598684066,0.893304905371,0.469135802469,0.742819366386,0.443649978204,2.5,1.67433653303,0.742819366386,2.5,0.263521327158,0.156097560976,32,0.0180688876341,0.308271021907,23,23,23,1,0,0.478260869565,0.217391304348,0.304347826087,-7,-0.0138339920949,-0.0107392607393,-0.608695652174,-0.583333333333,-0.4375,-0.260847979731,0.00405502101586,0.00760625579466,-0.425013599203,-0.000457282265317,0.00340360122969,-0.124433953969,0.0385358340491,0.0264480554336,-0.00637193797274,-0.000953942360206,0,-0.0107392607393,-0.00637193797274,0,0.00407471316562,-0.0326849287645,-14,-0.00790513833992,-0.0248736112372,0,0,0,81,0,7,418,0.920454545455,1,0,0.0795454545455,1,0.920454545455,0.958579881657,0.951469451768,0.920454545455,0.920454545455,2,9,0,10,4,10
704,WLNM_dir_neg_kfold,0.895061728395,0.64565989566,00:00:02,10,90,19,16364,threshold_sweep,0.2,1,0.222222222222,0.363636363636,2,0,7,18,0.222222222222,1,0,0.777777777778,1,0.222222222222,0.363636363636,0.740740740741,0.641975308642,0.275862068966,0.4,0.222222222222,94,85,9,0,94,0,85,0,9,23,88,0.173913043478,1.68507579377,7.65217391304,7.33333333333,5.5,3.63829000359,0.475458352741,0.249505928854,5.32278271304,1.39118184545,0.672924901186,3.27042079462,0.854769071322,0.442687747036,0.749191304359,0.444603920564,2.5,1.68507579377,0.749191304359,2.5,0.259446613992,0.18878248974,46,0.025974025974,0.333144633145,23,23,23,1,0,0.478260869565,0.217391304348,0.304347826087,23,0.156126482213,1.6921230943,6.86956521739,6.58333333333,4.9375,3.42854790129,0.499092416011,0.269675288938,4.85073646664,1.41223973079,0.680242157402,3.10170168773,0.903027073644,0.479911942763,0.80170513135,0.473786531282,3,1.6921230943,0.80170513135,3,0.183552954982,0.156829679595,31,0.0175042348955,0.290695920241,23,23,23,1,0,0.478260869565,0.217391304348,0.304347826087,23,81,0.160079051383,1.67433653303,7.04347826087,6.75,5.0625,3.37744202386,0.479513373757,0.257112184648,4.89776911384,1.39072456319,0.676328502415,3.14598684066,0.893304905371,0.469135802469,0.742819366386,0.443649978204,2.5,1.67433653303,0.742819366386,2.5,0.263521327158,0.156097560976,32,0.0180688876341,0.308271021907,23,23,23,1,0,0.478260869565,0.217391304348,0.304347826087,-7,-0.0138339920949,-0.0107392607393,-0.608695652174,-0.583333333333,-0.4375,-0.260847979731,0.00405502101586,0.00760625579466,-0.425013599203,-0.000457282265317,0.00340360122969,-0.124433953969,0.0385358340491,0.0264480554336,-0.00637193797274,-0.000953942360206,0,-0.0107392607393,-0.00637193797274,0,0.00407471316562,-0.0326849287645,-14,-0.00790513833992,-0.0248736112372,0,0,0,81,0,7,418,0.920454545455,1,0,0.0795454545455,1,0.920454545455,0.958579881657,0.951469451768,0.920454545455,0.920454545455,2,9,0,10,4,10
705,WLNM_dir_neg_kfold,0.895061728395,0.64565989566,00:00:02,10,90,19,16364,threshold_sweep,0.3,1,0.222222222222,0.363636363636,2,0,7,18,0.222222222222,1,0,0.777777777778,1,0.222222222222,0.363636363636,0.740740740741,0.641975308642,0.275862068966,0.4,0.222222222222,94,85,9,0,94,0,85,0,9,23,88,0.173913043478,1.68507579377,7.65217391304,7.33333333333,5.5,3.63829000359,0.475458352741,0.249505928854,5.32278271304,1.39118184545,0.672924901186,3.27042079462,0.854769071322,0.442687747036,0.749191304359,0.444603920564,2.5,1.68507579377,0.749191304359,2.5,0.259446613992,0.18878248974,46,0.025974025974,0.333144633145,23,23,23,1,0,0.478260869565,0.217391304348,0.304347826087,23,0.156126482213,1.6921230943,6.86956521739,6.58333333333,4.9375,3.42854790129,0.499092416011,0.269675288938,4.85073646664,1.41223973079,0.680242157402,3.10170168773,0.903027073644,0.479911942763,0.80170513135,0.473786531282,3,1.6921230943,0.80170513135,3,0.183552954982,0.156829679595,31,0.0175042348955,0.290695920241,23,23,23,1,0,0.478260869565,0.217391304348,0.304347826087,23,81,0.160079051383,1.67433653303,7.04347826087,6.75,5.0625,3.37744202386,0.479513373757,0.257112184648,4.89776911384,1.39072456319,0.676328502415,3.14598684066,0.893304905371,0.469135802469,0.742819366386,0.443649978204,2.5,1.67433653303,0.742819366386,2.5,0.263521327158,0.156097560976,32,0.0180688876341,0.308271021907,23,23,23,1,0,0.478260869565,0.217391304348,0.304347826087,-7,-0.0138339920949,-0.0107392607393,-0.608695652174,-0.583333333333,-0.4375,-0.260847979731,0.00405502101586,0.00760625579466,-0.425013599203,-0.000457282265317,0.00340360122969,-0.124433953969,0.0385358340491,0.0264480554336,-0.00637193797274,-0.000953942360206,0,-0.0107392607393,-0.00637193797274,0,0.00407471316562,-0.0326849287645,-14,-0.00790513833992,-0.0248736112372,0,0,0,81,0,7,418,0.920454545455,1,0,0.0795454545455,1,0.920454545455,0.958579881657,0.951469451768,0.920454545455,0.920454545455,2,9,0,10,4,10
706,WLNM_dir_neg_kfold,0.895061728395,0.64565989566,00:00:02,10,90,19,16364,threshold_sweep,0.4,1,0.222222222222,0.363636363636,2,0,7,18,0.222222222222,1,0,0.777777777778,1,0.222222222222,0.363636363636,0.740740740741,0.641975308642,0.275862068966,0.4,0.222222222222,94,85,9,0,94,0,85,0,9,23,88,0.173913043478,1.68507579377,7.65217391304,7.33333333333,5.5,3.63829000359,0.475458352741,0.249505928854,5.32278271304,1.39118184545,0.672924901186,3.27042079462,0.854769071322,0.442687747036,0.749191304359,0.444603920564,2.5,1.68507579377,0.749191304359,2.5,0.259446613992,0.18878248974,46,0.025974025974,0.333144633145,23,23,23,1,0,0.478260869565,0.217391304348,0.304347826087,23,0.156126482213,1.6921230943,6.86956521739,6.58333333333,4.9375,3.42854790129,0.499092416011,0.269675288938,4.85073646664,1.41223973079,0.680242157402,3.10170168773,0.903027073644,0.479911942763,0.80170513135,0.473786531282,3,1.6921230943,0.80170513135,3,0.183552954982,0.156829679595,31,0.0175042348955,0.290695920241,23,23,23,1,0,0.478260869565,0.217391304348,0.304347826087,23,81,0.160079051383,1.67433653303,7.04347826087,6.75,5.0625,3.37744202386,0.479513373757,0.257112184648,4.89776911384,1.39072456319,0.676328502415,3.14598684066,0.893304905371,0.469135802469,0.742819366386,0.443649978204,2.5,1.67433653303,0.742819366386,2.5,0.263521327158,0.156097560976,32,0.0180688876341,0.308271021907,23,23,23,1,0,0.478260869565,0.217391304348,0.304347826087,-7,-0.0138339920949,-0.0107392607393,-0.608695652174,-0.583333333333,-0.4375,-0.260847979731,0.00405502101586,0.00760625579466,-0.425013599203,-0.000457282265317,0.00340360122969,-0.124433953969,0.0385358340491,0.0264480554336,-0.00637193797274,-0.000953942360206,0,-0.0107392607393,-0.00637193797274,0,0.00407471316562,-0.0326849287645,-14,-0.00790513833992,-0.0248736112372,0,0,0,81,0,7,418,0.920454545455,1,0,0.0795454545455,1,0.920454545455,0.958579881657,0.951469451768,0.920454545455,0.920454545455,2,9,0,10,4,10
707,WLNM_dir_neg_kfold,0.895061728395,0.64565989566,00:00:02,10,90,19,16364,threshold_sweep,0.5,1,0.222222222222,0.363636363636,2,0,7,18,0.222222222222,1,0,0.777777777778,1,0.222222222222,0.363636363636,0.740740740741,0.641975308642,0.275862068966,0.4,0.222222222222,94,85,9,0,94,0,85,0,9,23,88,0.173913043478,1.68507579377,7.65217391304,7.33333333333,5.5,3.63829000359,0.475458352741,0.249505928854,5.32278271304,1.39118184545,0.672924901186,3.27042079462,0.854769071322,0.442687747036,0.749191304359,0.444603920564,2.5,1.68507579377,0.749191304359,2.5,0.259446613992,0.18878248974,46,0.025974025974,0.333144633145,23,23,23,1,0,0.478260869565,0.217391304348,0.304347826087,23,0.156126482213,1.6921230943,6.86956521739,6.58333333333,4.9375,3.42854790129,0.499092416011,0.269675288938,4.85073646664,1.41223973079,0.680242157402,3.10170168773,0.903027073644,0.479911942763,0.80170513135,0.473786531282,3,1.6921230943,0.80170513135,3,0.183552954982,0.156829679595,31,0.0175042348955,0.290695920241,23,23,23,1,0,0.478260869565,0.217391304348,0.304347826087,23,81,0.160079051383,1.67433653303,7.04347826087,6.75,5.0625,3.37744202386,0.479513373757,0.257112184648,4.89776911384,1.39072456319,0.676328502415,3.14598684066,0.893304905371,0.469135802469,0.742819366386,0.443649978204,2.5,1.67433653303,0.742819366386,2.5,0.263521327158,0.156097560976,32,0.0180688876341,0.308271021907,23,23,23,1,0,0.478260869565,0.217391304348,0.304347826087,-7,-0.0138339920949,-0.0107392607393,-0.608695652174,-0.583333333333,-0.4375,-0.260847979731,0.00405502101586,0.00760625579466,-0.425013599203,-0.000457282265317,0.00340360122969,-0.124433953969,0.0385358340491,0.0264480554336,-0.00637193797274,-0.000953942360206,0,-0.0107392607393,-0.00637193797274,0,0.00407471316562,-0.0326849287645,-14,-0.00790513833992,-0.0248736112372,0,0,0,81,0,7,418,0.920454545455,1,0,0.0795454545455,1,0.920454545455,0.958579881657,0.951469451768,0.920454545455,0.920454545455,2,9,0,10,4,10
708,WLNM_dir_neg_kfold,0.895061728395,0.64565989566,00:00:02,10,90,19,16364,threshold_sweep,0.6,1,0.222222222222,0.363636363636,2,0,7,18,0.222222222222,1,0,0.777777777778,1,0.222222222222,0.363636363636,0.740740740741,0.641975308642,0.275862068966,0.4,0.222222222222,94,85,9,0,94,0,85,0,9,23,88,0.173913043478,1.68507579377,7.65217391304,7.33333333333,5.5,3.63829000359,0.475458352741,0.249505928854,5.32278271304,1.39118184545,0.672924901186,3.27042079462,0.854769071322,0.442687747036,0.749191304359,0.444603920564,2.5,1.68507579377,0.749191304359,2.5,0.259446613992,0.18878248974,46,0.025974025974,0.333144633145,23,23,23,1,0,0.478260869565,0.217391304348,0.304347826087,23,0.156126482213,1.6921230943,6.86956521739,6.58333333333,4.9375,3.42854790129,0.499092416011,0.269675288938,4.85073646664,1.41223973079,0.680242157402,3.10170168773,0.903027073644,0.479911942763,0.80170513135,0.473786531282,3,1.6921230943,0.80170513135,3,0.183552954982,0.156829679595,31,0.0175042348955,0.290695920241,23,23,23,1,0,0.478260869565,0.217391304348,0.304347826087,23,81,0.160079051383,1.67433653303,7.04347826087,6.75,5.0625,3.37744202386,0.479513373757,0.257112184648,4.89776911384,1.39072456319,0.676328502415,3.14598684066,0.893304905371,0.469135802469,0.742819366386,0.443649978204,2.5,1.67433653303,0.742819366386,2.5,0.263521327158,0.156097560976,32,0.0180688876341,0.308271021907,23,23,23,1,0,0.478260869565,0.217391304348,0.304347826087,-7,-0.0138339920949,-0.0107392607393,-0.608695652174,-0.583333333333,-0.4375,-0.260847979731,0.00405502101586,0.00760625579466,-0.425013599203,-0.000457282265317,0.00340360122969,-0.124433953969,0.0385358340491,0.0264480554336,-0.00637193797274,-0.000953942360206,0,-0.0107392607393,-0.00637193797274,0,0.00407471316562,-0.0326849287645,-14,-0.00790513833992,-0.0248736112372,0,0,0,81,0,7,418,0.920454545455,1,0,0.0795454545455,1,0.920454545455,0.958579881657,0.951469451768,0.920454545455,0.920454545455,2,9,0,10,4,10
709,WLNM_dir_neg_kfold,0.895061728395,0.64565989566,00:00:02,10,90,19,16364,threshold_sweep,0.7,1,0.222222222222,0.363636363636,2,0,7,18,0.222222222222,1,0,0.777777777778,1,0.222222222222,0.363636363636,0.740740740741,0.641975308642,0.275862068966,0.4,0.222222222222,94,85,9,0,94,0,85,0,9,23,88,0.173913043478,1.68507579377,7.65217391304,7.33333333333,5.5,3.63829000359,0.475458352741,0.249505928854,5.32278271304,1.39118184545,0.672924901186,3.27042079462,0.854769071322,0.442687747036,0.749191304359,0.444603920564,2.5,1.68507579377,0.749191304359,2.5,0.259446613992,0.18878248974,46,0.025974025974,0.333144633145,23,23,23,1,0,0.478260869565,0.217391304348,0.304347826087,23,0.156126482213,1.6921230943,6.86956521739,6.58333333333,4.9375,3.42854790129,0.499092416011,0.269675288938,4.85073646664,1.41223973079,0.680242157402,3.10170168773,0.903027073644,0.479911942763,0.80170513135,0.473786531282,3,1.6921230943,0.80170513135,3,0.183552954982,0.156829679595,31,0.0175042348955,0.290695920241,23,23,23,1,0,0.478260869565,0.217391304348,0.304347826087,23,81,0.160079051383,1.67433653303,7.04347826087,6.75,5.0625,3.37744202386,0.479513373757,0.257112184648,4.89776911384,1.39072456319,0.676328502415,3.14598684066,0.893304905371,0.469135802469,0.742819366386,0.443649978204,2.5,1.67433653303,0.742819366386,2.5,0.263521327158,0.156097560976,32,0.0180688876341,0.308271021907,23,23,23,1,0,0.478260869565,0.217391304348,0.304347826087,-7,-0.0138339920949,-0.0107392607393,-0.608695652174,-0.583333333333,-0.4375,-0.260847979731,0.00405502101586,0.00760625579466,-0.425013599203,-0.000457282265317,0.00340360122969,-0.124433953969,0.0385358340491,0.0264480554336,-0.00637193797274,-0.000953942360206,0,-0.0107392607393,-0.00637193797274,0,0.00407471316562,-0.0326849287645,-14,-0.00790513833992,-0.0248736112372,0,0,0,81,0,7,418,0.920454545455,1,0,0.0795454545455,1,0.920454545455,0.958579881657,0.951469451768,0.920454545455,0.920454545455,2,9,0,10,4,10
710,WLNM_dir_neg_kfold,0.895061728395,0.64565989566,00:00:02,10,90,19,16364,threshold_sweep,0.8,1,0.222222222222,0.363636363636,2,0,7,18,0.222222222222,1,0,0.777777777778,1,0.222222222222,0.363636363636,0.740740740741,0.641975308642,0.275862068966,0.4,0.222222222222,94,85,9,0,94,0,85,0,9,23,88,0.173913043478,1.68507579377,7.65217391304,7.33333333333,5.5,3.63829000359,0.475458352741,0.249505928854,5.32278271304,1.39118184545,0.672924901186,3.27042079462,0.854769071322,0.442687747036,0.749191304359,0.444603920564,2.5,1.68507579377,0.749191304359,2.5,0.259446613992,0.18878248974,46,0.025974025974,0.333144633145,23,23,23,1,0,0.478260869565,0.217391304348,0.304347826087,23,0.156126482213,1.6921230943,6.86956521739,6.58333333333,4.9375,3.42854790129,0.499092416011,0.269675288938,4.85073646664,1.41223973079,0.680242157402,3.10170168773,0.903027073644,0.479911942763,0.80170513135,0.473786531282,3,1.6921230943,0.80170513135,3,0.183552954982,0.156829679595,31,0.0175042348955,0.290695920241,23,23,23,1,0,0.478260869565,0.217391304348,0.304347826087,23,81,0.160079051383,1.67433653303,7.04347826087,6.75,5.0625,3.37744202386,0.479513373757,0.257112184648,4.89776911384,1.39072456319,0.676328502415,3.14598684066,0.893304905371,0.469135802469,0.742819366386,0.443649978204,2.5,1.67433653303,0.742819366386,2.5,0.263521327158,0.156097560976,32,0.0180688876341,0.308271021907,23,23,23,1,0,0.478260869565,0.217391304348,0.304347826087,-7,-0.0138339920949,-0.0107392607393,-0.608695652174,-0.583333333333,-0.4375,-0.260847979731,0.00405502101586,0.00760625579466,-0.425013599203,-0.000457282265317,0.00340360122969,-0.124433953969,0.0385358340491,0.0264480554336,-0.00637193797274,-0.000953942360206,0,-0.0107392607393,-0.00637193797274,0,0.00407471316562,-0.0326849287645,-14,-0.00790513833992,-0.0248736112372,0,0,0,81,0,7,418,0.920454545455,1,0,0.0795454545455,1,0.920454545455,0.958579881657,0.951469451768,0.920454545455,0.920454545455,2,9,0,10,4,10
711,WLNM_dir_neg_kfold,0.895061728395,0.64565989566,00:00:02,10,90,19,16364,threshold_sweep,0.9,1,0.222222222222,0.363636363636,2,0,7,18,0.222222222222,1,0,0.777777777778,1,0.222222222222,0.363636363636,0.740740740741,0.641975308642,0.275862068966,0.4,0.222222222222,94,85,9,0,94,0,85,0,9,23,88,0.173913043478,1.68507579377,7.65217391304,7.33333333333,5.5,3.63829000359,0.475458352741,0.249505928854,5.32278271304,1.39118184545,0.672924901186,3.27042079462,0.854769071322,0.442687747036,0.749191304359,0.444603920564,2.5,1.68507579377,0.749191304359,2.5,0.259446613992,0.18878248974,46,0.025974025974,0.333144633145,23,23,23,1,0,0.478260869565,0.217391304348,0.304347826087,23,0.156126482213,1.6921230943,6.86956521739,6.58333333333,4.9375,3.42854790129,0.499092416011,0.269675288938,4.85073646664,1.41223973079,0.680242157402,3.10170168773,0.903027073644,0.479911942763,0.80170513135,0.473786531282,3,1.6921230943,0.80170513135,3,0.183552954982,0.156829679595,31,0.0175042348955,0.290695920241,23,23,23,1,0,0.478260869565,0.217391304348,0.304347826087,23,81,0.160079051383,1.67433653303,7.04347826087,6.75,5.0625,3.37744202386,0.479513373757,0.257112184648,4.89776911384,1.39072456319,0.676328502415,3.14598684066,0.893304905371,0.469135802469,0.742819366386,0.443649978204,2.5,1.67433653303,0.742819366386,2.5,0.263521327158,0.156097560976,32,0.0180688876341,0.308271021907,23,23,23,1,0,0.478260869565,0.217391304348,0.304347826087,-7,-0.0138339920949,-0.0107392607393,-0.608695652174,-0.583333333333,-0.4375,-0.260847979731,0.00405502101586,0.00760625579466,-0.425013599203,-0.000457282265317,0.00340360122969,-0.124433953969,0.0385358340491,0.0264480554336,-0.00637193797274,-0.000953942360206,0,-0.0107392607393,-0.00637193797274,0,0.00407471316562,-0.0326849287645,-14,-0.00790513833992,-0.0248736112372,0,0,0,81,0,7,418,0.920454545455,1,0,0.0795454545455,1,0.920454545455,0.958579881657,0.951469451768,0.920454545455,0.920454545455,2,9,0,10,4,10
712,WLNM_dir_neg_kfold,0.87037037037,0.619658119658,00:00:01,10,90,20,16365,threshold_sweep,0.1,1,0.222222222222,0.363636363636,2,0,7,18,0.222222222222,1,0,0.777777777778,1,0.222222222222,0.363636363636,0.740740740741,0.641975308642,0.275862068966,0.4,0.222222222222,94,85,9,0,94,0,85,0,9,23,88,0.173913043478,1.68507579377,7.65217391304,7.33333333333,5.5,3.63829000359,0.475458352741,0.249505928854,5.32278271304,1.39118184545,0.672924901186,3.27042079462,0.854769071322,0.442687747036,0.749191304359,0.444603920564,2.5,1.68507579377,0.749191304359,2.5,0.259446613992,0.18878248974,46,0.025974025974,0.333144633145,23,23,23,1,0,0.478260869565,0.217391304348,0.304347826087,23,0.156126482213,1.6921230943,6.86956521739,6.58333333333,4.9375,3.42854790129,0.499092416011,0.269675288938,4.85073646664,1.41223973079,0.680242157402,3.10170168773,0.903027073644,0.479911942763,0.80170513135,0.473786531282,3,1.6921230943,0.80170513135,3,0.183552954982,0.156829679595,31,0.0175042348955,0.290695920241,23,23,23,1,0,0.478260869565,0.217391304348,0.304347826087,23,81,0.160079051383,1.67433653303,7.04347826087,6.75,5.0625,3.37744202386,0.479513373757,0.257112184648,4.89776911384,1.39072456319,0.676328502415,3.14598684066,0.893304905371,0.469135802469,0.742819366386,0.443649978204,2.5,1.67433653303,0.742819366386,2.5,0.263521327158,0.156097560976,32,0.0180688876341,0.308271021907,23,23,23,1,0,0.478260869565,0.217391304348,0.304347826087,-7,-0.0138339920949,-0.0107392607393,-0.608695652174,-0.583333333333,-0.4375,-0.260847979731,0.00405502101586,0.00760625579466,-0.425013599203,-0.000457282265317,0.00340360122969,-0.124433953969,0.0385358340491,0.0264480554336,-0.00637193797274,-0.000953942360206,0,-0.0107392607393,-0.00637193797274,0,0.00407471316562,-0.0326849287645,-14,-0.00790513833992,-0.0248736112372,0,0,0,81,0,7,418,0.920454545455,1,0,0.0795454545455,1,0.920454545455,0.958579881657,0.951469451768,0.920454545455,0.920454545455,2,9,0,10,4,10
713,WLNM_dir_neg_kfold,0.87037037037,0.619658119658,00:00:01,10,90,20,16365,threshold_sweep,0.2,1,0.222222222222,0.363636363636,2,0,7,18,0.222222222222,1,0,0.777777777778,1,0.222222222222,0.363636363636,0.740740740741,0.641975308642,0.275862068966,0.4,0.222222222222,94,85,9,0,94,0,85,0,9,23,88,0.173913043478,1.68507579377,7.65217391304,7.33333333333,5.5,3.63829000359,0.475458352741,0.249505928854,5.32278271304,1.39118184545,0.672924901186,3.27042079462,0.854769071322,0.442687747036,0.749191304359,0.444603920564,2.5,1.68507579377,0.749191304359,2.5,0.259446613992,0.18878248974,46,0.025974025974,0.333144633145,23,23,23,1,0,0.478260869565,0.217391304348,0.304347826087,23,0.156126482213,1.6921230943,6.86956521739,6.58333333333,4.9375,3.42854790129,0.499092416011,0.269675288938,4.85073646664,1.41223973079,0.680242157402,3.10170168773,0.903027073644,0.479911942763,0.80170513135,0.473786531282,3,1.6921230943,0.80170513135,3,0.183552954982,0.156829679595,31,0.0175042348955,0.290695920241,23,23,23,1,0,0.478260869565,0.217391304348,0.304347826087,23,81,0.160079051383,1.67433653303,7.04347826087,6.75,5.0625,3.37744202386,0.479513373757,0.257112184648,4.89776911384,1.39072456319,0.676328502415,3.14598684066,0.893304905371,0.469135802469,0.742819366386,0.443649978204,2.5,1.67433653303,0.742819366386,2.5,0.263521327158,0.156097560976,32,0.0180688876341,0.308271021907,23,23,23,1,0,0.478260869565,0.217391304348,0.304347826087,-7,-0.0138339920949,-0.0107392607393,-0.608695652174,-0.583333333333,-0.4375,-0.260847979731,0.00405502101586,0.00760625579466,-0.425013599203,-0.000457282265317,0.00340360122969,-0.124433953969,0.0385358340491,0.0264480554336,-0.00637193797274,-0.000953942360206,0,-0.0107392607393,-0.00637193797274,0,0.00407471316562,-0.0326849287645,-14,-0.00790513833992,-0.0248736112372,0,0,0,81,0,7,418,0.920454545455,1,0,0.0795454545455,1,0.920454545455,0.958579881657,0.951469451768,0.920454545455,0.920454545455,2,9,0,10,4,10
714,WLNM_dir_neg_kfold,0.87037037037,0.619658119658,00:00:01,10,90,20,16365,threshold_sweep,0.3,1,0.222222222222,0.363636363636,2,0,7,18,0.222222222222,1,0,0.777777777778,1,0.222222222222,0.363636363636,0.740740740741,0.641975308642,0.275862068966,0.4,0.222222222222,94,85,9,0,94,0,85,0,9,23,88,0.173913043478,1.68507579377,7.65217391304,7.33333333333,5.5,3.63829000359,0.475458352741,0.249505928854,5.32278271304,1.39118184545,0.672924901186,3.27042079462,0.854769071322,0.442687747036,0.749191304359,0.444603920564,2.5,1.68507579377,0.749191304359,2.5,0.259446613992,0.18878248974,46,0.025974025974,0.333144633145,23,23,23,1,0,0.478260869565,0.217391304348,0.304347826087,23,0.156126482213,1.6921230943,6.86956521739,6.58333333333,4.9375,3.42854790129,0.499092416011,0.269675288938,4.85073646664,1.41223973079,0.680242157402,3.10170168773,0.903027073644,0.479911942763,0.80170513135,0.473786531282,3,1.6921230943,0.80170513135,3,0.183552954982,0.156829679595,31,0.0175042348955,0.290695920241,23,23,23,1,0,0.478260869565,0.217391304348,0.304347826087,23,81,0.160079051383,1.67433653303,7.04347826087,6.75,5.0625,3.37744202386,0.479513373757,0.257112184648,4.89776911384,1.39072456319,0.676328502415,3.14598684066,0.893304905371,0.469135802469,0.742819366386,0.443649978204,2.5,1.67433653303,0.742819366386,2.5,0.263521327158,0.156097560976,32,0.0180688876341,0.308271021907,23,23,23,1,0,0.478260869565,0.217391304348,0.304347826087,-7,-0.0138339920949,-0.0107392607393,-0.608695652174,-0.583333333333,-0.4375,-0.260847979731,0.00405502101586,0.00760625579466,-0.425013599203,-0.000457282265317,0.00340360122969,-0.124433953969,0.0385358340491,0.0264480554336,-0.00637193797274,-0.000953942360206,0,-0.0107392607393,-0.00637193797274,0,0.00407471316562,-0.0326849287645,-14,-0.00790513833992,-0.0248736112372,0,0,0,81,0,7,418,0.920454545455,1,0,0.0795454545455,1,0.920454545455,0.958579881657,0.951469451768,0.920454545455,0.920454545455,2,9,0,10,4,10
715,WLNM_dir_neg_kfold,0.87037037037,0.619658119658,00:00:01,10,90,20,16365,threshold_sweep,0.4,1,0.222222222222,0.363636363636,2,0,7,18,0.222222222222,1,0,0.777777777778,1,0.222222222222,0.363636363636,0.740740740741,0.641975308642,0.275862068966,0.4,0.222222222222,94,85,9,0,94,0,85,0,9,23,88,0.173913043478,1.68507579377,7.65217391304,7.33333333333,5.5,3.63829000359,0.475458352741,0.249505928854,5.32278271304,1.39118184545,0.672924901186,3.27042079462,0.854769071322,0.442687747036,0.749191304359,0.444603920564,2.5,1.68507579377,0.749191304359,2.5,0.259446613992,0.18878248974,46,0.025974025974,0.333144633145,23,23,23,1,0,0.478260869565,0.217391304348,0.304347826087,23,0.156126482213,1.6921230943,6.86956521739,6.58333333333,4.9375,3.42854790129,0.499092416011,0.269675288938,4.85073646664,1.41223973079,0.680242157402,3.10170168773,0.903027073644,0.479911942763,0.80170513135,0.473786531282,3,1.6921230943,0.80170513135,3,0.183552954982,0.156829679595,31,0.0175042348955,0.290695920241,23,23,23,1,0,0.478260869565,0.217391304348,0.304347826087,23,81,0.160079051383,1.67433653303,7.04347826087,6.75,5.0625,3.37744202386,0.479513373757,0.257112184648,4.89776911384,1.39072456319,0.676328502415,3.14598684066,0.893304905371,0.469135802469,0.742819366386,0.443649978204,2.5,1.67433653303,0.742819366386,2.5,0.263521327158,0.156097560976,32,0.0180688876341,0.308271021907,23,23,23,1,0,0.478260869565,0.217391304348,0.304347826087,-7,-0.0138339920949,-0.0107392607393,-0.608695652174,-0.583333333333,-0.4375,-0.260847979731,0.00405502101586,0.00760625579466,-0.425013599203,-0.000457282265317,0.00340360122969,-0.124433953969,0.0385358340491,0.0264480554336,-0.00637193797274,-0.000953942360206,0,-0.0107392607393,-0.00637193797274,0,0.00407471316562,-0.0326849287645,-14,-0.00790513833992,-0.0248736112372,0,0,0,81,0,7,418,0.920454545455,1,0,0.0795454545455,1,0.920454545455,0.958579881657,0.951469451768,0.920454545455,0.920454545455,2,9,0,10,4,10
716,WLNM_dir_neg_kfold,0.87037037037,0.619658119658,00:00:01,10,90,20,16365,threshold_sweep,0.5,1,0.222222222222,0.363636363636,2,0,7,18,0.222222222222,1,0,0.777777777778,1,0.222222222222,0.363636363636,0.740740740741,0.641975308642,0.275862068966,0.4,0.222222222222,94,85,9,0,94,0,85,0,9,23,88,0.173913043478,1.68507579377,7.65217391304,7.33333333333,5.5,3.63829000359,0.475458352741,0.249505928854,5.32278271304,1.39118184545,0.672924901186,3.27042079462,0.854769071322,0.442687747036,0.749191304359,0.444603920564,2.5,1.68507579377,0.749191304359,2.5,0.259446613992,0.18878248974,46,0.025974025974,0.333144633145,23,23,23,1,0,0.478260869565,0.217391304348,0.304347826087,23,0.156126482213,1.6921230943,6.86956521739,6.58333333333,4.9375,3.42854790129,0.499092416011,0.269675288938,4.85073646664,1.41223973079,0.680242157402,3.10170168773,0.903027073644,0.479911942763,0.80170513135,0.473786531282,3,1.6921230943,0.80170513135,3,0.183552954982,0.156829679595,31,0.0175042348955,0.290695920241,23,23,23,1,0,0.478260869565,0.217391304348,0.304347826087,23,81,0.160079051383,1.67433653303,7.04347826087,6.75,5.0625,3.37744202386,0.479513373757,0.257112184648,4.89776911384,1.39072456319,0.676328502415,3.14598684066,0.893304905371,0.469135802469,0.742819366386,0.443649978204,2.5,1.67433653303,0.742819366386,2.5,0.263521327158,0.156097560976,32,0.0180688876341,0.308271021907,23,23,23,1,0,0.478260869565,0.217391304348,0.304347826087,-7,-0.0138339920949,-0.0107392607393,-0.608695652174,-0.583333333333,-0.4375,-0.260847979731,0.00405502101586,0.00760625579466,-0.425013599203,-0.000457282265317,0.00340360122969,-0.124433953969,0.0385358340491,0.0264480554336,-0.00637193797274,-0.000953942360206,0,-0.0107392607393,-0.00637193797274,0,0.00407471316562,-0.0326849287645,-14,-0.00790513833992,-0.0248736112372,0,0,0,81,0,7,418,0.920454545455,1,0,0.0795454545455,1,0.920454545455,0.958579881657,0.951469451768,0.920454545455,0.920454545455,2,9,0,10,4,10
717,WLNM_dir_neg_kfold,0.87037037037,0.619658119658,00:00:01,10,90,20,16365,threshold_sweep,0.6,1,0.222222222222,0.363636363636,2,0,7,18,0.222222222222,1,0,0.777777777778,1,0.222222222222,0.363636363636,0.740740740741,0.641975308642,0.275862068966,0.4,0.222222222222,94,85,9,0,94,0,85,0,9,23,88,0.173913043478,1.68507579377,7.65217391304,7.33333333333,5.5,3.63829000359,0.475458352741,0.249505928854,5.32278271304,1.39118184545,0.672924901186,3.27042079462,0.854769071322,0.442687747036,0.749191304359,0.444603920564,2.5,1.68507579377,0.749191304359,2.5,0.259446613992,0.18878248974,46,0.025974025974,0.333144633145,23,23,23,1,0,0.478260869565,0.217391304348,0.304347826087,23,0.156126482213,1.6921230943,6.86956521739,6.58333333333,4.9375,3.42854790129,0.499092416011,0.269675288938,4.85073646664,1.41223973079,0.680242157402,3.10170168773,0.903027073644,0.479911942763,0.80170513135,0.473786531282,3,1.6921230943,0.80170513135,3,0.183552954982,0.156829679595,31,0.0175042348955,0.290695920241,23,23,23,1,0,0.478260869565,0.217391304348,0.304347826087,23,81,0.160079051383,1.67433653303,7.04347826087,6.75,5.0625,3.37744202386,0.479513373757,0.257112184648,4.89776911384,1.39072456319,0.676328502415,3.14598684066,0.893304905371,0.469135802469,0.742819366386,0.443649978204,2.5,1.67433653303,0.742819366386,2.5,0.263521327158,0.156097560976,32,0.0180688876341,0.308271021907,23,23,23,1,0,0.478260869565,0.217391304348,0.304347826087,-7,-0.0138339920949,-0.0107392607393,-0.608695652174,-0.583333333333,-0.4375,-0.260847979731,0.00405502101586,0.00760625579466,-0.425013599203,-0.000457282265317,0.00340360122969,-0.124433953969,0.0385358340491,0.0264480554336,-0.00637193797274,-0.000953942360206,0,-0.0107392607393,-0.00637193797274,0,0.00407471316562,-0.0326849287645,-14,-0.00790513833992,-0.0248736112372,0,0,0,81,0,7,418,0.920454545455,1,0,0.0795454545455,1,0.920454545455,0.958579881657,0.951469451768,0.920454545455,0.920454545455,2,9,0,10,4,10
718,WLNM_dir_neg_kfold,0.87037037037,0.619658119658,00:00:01,10,90,20,16365,threshold_sweep,0.7,1,0.222222222222,0.363636363636,2,0,7,18,0.222222222222,1,0,0.777777777778,1,0.222222222222,0.363636363636,0.740740740741,0.641975308642,0.275862068966,0.4,0.222222222222,94,85,9,0,94,0,85,0,9,23,88,0.173913043478,1.68507579377,7.65217391304,7.33333333333,5.5,3.63829000359,0.475458352741,0.249505928854,5.32278271304,1.39118184545,0.672924901186,3.27042079462,0.854769071322,0.442687747036,0.749191304359,0.444603920564,2.5,1.68507579377,0.749191304359,2.5,0.259446613992,0.18878248974,46,0.025974025974,0.333144633145,23,23,23,1,0,0.478260869565,0.217391304348,0.304347826087,23,0.156126482213,1.6921230943,6.86956521739,6.58333333333,4.9375,3.42854790129,0.499092416011,0.269675288938,4.85073646664,1.41223973079,0.680242157402,3.10170168773,0.903027073644,0.479911942763,0.80170513135,0.473786531282,3,1.6921230943,0.80170513135,3,0.183552954982,0.156829679595,31,0.0175042348955,0.290695920241,23,23,23,1,0,0.478260869565,0.217391304348,0.304347826087,23,81,0.160079051383,1.67433653303,7.04347826087,6.75,5.0625,3.37744202386,0.479513373757,0.257112184648,4.89776911384,1.39072456319,0.676328502415,3.14598684066,0.893304905371,0.469135802469,0.742819366386,0.443649978204,2.5,1.67433653303,0.742819366386,2.5,0.263521327158,0.156097560976,32,0.0180688876341,0.308271021907,23,23,23,1,0,0.478260869565,0.217391304348,0.304347826087,-7,-0.0138339920949,-0.0107392607393,-0.608695652174,-0.583333333333,-0.4375,-0.260847979731,0.00405502101586,0.00760625579466,-0.425013599203,-0.000457282265317,0.00340360122969,-0.124433953969,0.0385358340491,0.0264480554336,-0.00637193797274,-0.000953942360206,0,-0.0107392607393,-0.00637193797274,0,0.00407471316562,-0.0326849287645,-14,-0.00790513833992,-0.0248736112372,0,0,0,81,0,7,418,0.920454545455,1,0,0.0795454545455,1,0.920454545455,0.958579881657,0.951469451768,0.920454545455,0.920454545455,2,9,0,10,4,10
719,WLNM_dir_neg_kfold,0.87037037037,0.619658119658,00:00:01,10,90,20,16365,threshold_sweep,0.8,1,0.222222222222,0.363636363636,2,0,7,18,0.222222222222,1,0,0.777777777778,1,0.222222222222,0.363636363636,0.740740740741,0.641975308642,0.275862068966,0.4,0.222222222222,94,85,9,0,94,0,85,0,9,23,88,0.173913043478,1.68507579377,7.65217391304,7.33333333333,5.5,3.63829000359,0.475458352741,0.249505928854,5.32278271304,1.39118184545,0.672924901186,3.27042079462,0.854769071322,0.442687747036,0.749191304359,0.444603920564,2.5,1.68507579377,0.749191304359,2.5,0.259446613992,0.18878248974,46,0.025974025974,0.333144633145,23,23,23,1,0,0.478260869565,0.217391304348,0.304347826087,23,0.156126482213,1.6921230943,6.86956521739,6.58333333333,4.9375,3.42854790129,0.499092416011,0.269675288938,4.85073646664,1.41223973079,0.680242157402,3.10170168773,0.903027073644,0.479911942763,0.80170513135,0.473786531282,3,1.6921230943,0.80170513135,3,0.183552954982,0.156829679595,31,0.0175042348955,0.290695920241,23,23,23,1,0,0.478260869565,0.217391304348,0.304347826087,23,81,0.160079051383,1.67433653303,7.04347826087,6.75,5.0625,3.37744202386,0.479513373757,0.257112184648,4.89776911384,1.39072456319,0.676328502415,3.14598684066,0.893304905371,0.469135802469,0.742819366386,0.443649978204,2.5,1.67433653303,0.742819366386,2.5,0.263521327158,0.156097560976,32,0.0180688876341,0.308271021907,23,23,23,1,0,0.478260869565,0.217391304348,0.304347826087,-7,-0.0138339920949,-0.0107392607393,-0.608695652174,-0.583333333333,-0.4375,-0.260847979731,0.00405502101586,0.00760625579466,-0.425013599203,-0.000457282265317,0.00340360122969,-0.124433953969,0.0385358340491,0.0264480554336,-0.00637193797274,-0.000953942360206,0,-0.0107392607393,-0.00637193797274,0,0.00407471316562,-0.0326849287645,-14,-0.00790513833992,-0.0248736112372,0,0,0,81,0,7,418,0.920454545455,1,0,0.0795454545455,1,0.920454545455,0.958579881657,0.951469451768,0.920454545455,0.920454545455,2,9,0,10,4,10
720,WLNM_dir_neg_kfold,0.87037037037,0.619658119658,00:00:01,10,90,20,16365,threshold_sweep,0.9,1,0.222222222222,0.363636363636,2,0,7,18,0.222222222222,1,0,0.777777777778,1,0.222222222222,0.363636363636,0.740740740741,0.641975308642,0.275862068966,0.4,0.222222222222,94,85,9,0,94,0,85,0,9,23,88,0.173913043478,1.68507579377,7.65217391304,7.33333333333,5.5,3.63829000359,0.475458352741,0.249505928854,5.32278271304,1.39118184545,0.672924901186,3.27042079462,0.854769071322,0.442687747036,0.749191304359,0.444603920564,2.5,1.68507579377,0.749191304359,2.5,0.259446613992,0.18878248974,46,0.025974025974,0.333144633145,23,23,23,1,0,0.478260869565,0.217391304348,0.304347826087,23,0.156126482213,1.6921230943,6.86956521739,6.58333333333,4.9375,3.42854790129,0.499092416011,0.269675288938,4.85073646664,1.41223973079,0.680242157402,3.10170168773,0.903027073644,0.479911942763,0.80170513135,0.473786531282,3,1.6921230943,0.80170513135,3,0.183552954982,0.156829679595,31,0.0175042348955,0.290695920241,23,23,23,1,0,0.478260869565,0.217391304348,0.304347826087,23,81,0.160079051383,1.67433653303,7.04347826087,6.75,5.0625,3.37744202386,0.479513373757,0.257112184648,4.89776911384,1.39072456319,0.676328502415,3.14598684066,0.893304905371,0.469135802469,0.742819366386,0.443649978204,2.5,1.67433653303,0.742819366386,2.5,0.263521327158,0.156097560976,32,0.0180688876341,0.308271021907,23,23,23,1,0,0.478260869565,0.217391304348,0.304347826087,-7,-0.0138339920949,-0.0107392607393,-0.608695652174,-0.583333333333,-0.4375,-0.260847979731,0.00405502101586,0.00760625579466,-0.425013599203,-0.000457282265317,0.00340360122969,-0.124433953969,0.0385358340491,0.0264480554336,-0.00637193797274,-0.000953942360206,0,-0.0107392607393,-0.00637193797274,0,0.00407471316562,-0.0326849287645,-14,-0.00790513833992,-0.0248736112372,0,0,0,81,0,7,418,0.920454545455,1,0,0.0795454545455,1,0.920454545455,0.958579881657,0.951469451768,0.920454545455,0.920454545455,2,9,0,10,4,10
721,WLNM_dir_neg_kfold,0.916666666667,0.590740740741,00:00:01,10,90,1,17346,threshold_sweep,0.1,1,0.333333333333,0.5,3,0,6,18,0.333333333333,1,0,0.666666666667,1,0.333333333333,0.5,0.777777777778,0.62962962963,0.4,0.5,0.333333333333,94,85,9,0,94,0,85,0,9,23,88,0.173913043478,1.68507579377,7.65217391304,7.33333333333,5.5,3.63829000359,0.475458352741,0.249505928854,5.32278271304,1.39118184545,0.672924901186,3.27042079462,0.854769071322,0.442687747036,0.749191304359,0.444603920564,2.5,1.68507579377,0.749191304359,2.5,0.259446613992,0.18878248974,46,0.025974025974,0.333144633145,23,23,23,1,0,0.478260869565,0.217391304348,0.304347826087,23,0.156126482213,1.6766798419,6.86956521739,6.58333333333,4.9375,3.13780971418,0.456769768519,0.246560264172,4.70807900371,1.37070654538,0.668134287287,3.01249046708,0.877054186617,0.465602641717,0.744273675988,0.443897312647,2.5,1.6766798419,0.744273675988,2.5,0.223424050697,0.141608391608,27,0.0152456239413,0.290834165834,23,23,23,1,0,0.478260869565,0.217391304348,0.304347826087,23,82,0.162055335968,1.67802089215,7.13043478261,6.83333333333,5.125,3.40192923643,0.477099831938,0.257688229056,4.96191025309,1.39175531489,0.677624602333,3.07225245998,0.861729348532,0.460233297985,0.745266613988,0.444134287883,2.5,1.67802089215,0.745266613988,2.5,0.264570278207,0.195238095238,41,0.0231507622812,0.300858232676,23,23,23,1,0,0.478260869565,0.217391304348,0.304347826087,-6,-0.0118577075099,-0.00705490162012,-0.521739130435,-0.5,-0.375,-0.236360767161,0.00164147919625,0.00818230020245,-0.360872459957,0.000573469435485,0.00469970114721,-0.198168334643,0.0069602772092,0.0175455509496,-0.00392469037079,-0.000469632681557,0,-0.00705490162012,-0.00392469037079,0,0.00512366421457,0.00645560549801,-5,-0.00282326369283,-0.0322864004682,0,0,0,82,0,6,418,0.931818181818,1,0,0.0681818181818,1,0.931818181818,0.964705882353,0.958452959446,0.931818181818,0.931818181818,3,9,0,10,5,10
722,WLNM_dir_neg_kfold,0.916666666667,0.590740740741,00:00:01,10,90,1,17346,threshold_sweep,0.2,1,0.333333333333,0.5,3,0,6,18,0.333333333333,1,0,0.666666666667,1,0.333333333333,0.5,0.777777777778,0.62962962963,0.4,0.5,0.333333333333,94,85,9,0,94,0,85,0,9,23,88,0.173913043478,1.68507579377,7.65217391304,7.33333333333,5.5,3.63829000359,0.475458352741,0.249505928854,5.32278271304,1.39118184545,0.672924901186,3.27042079462,0.854769071322,0.442687747036,0.749191304359,0.444603920564,2.5,1.68507579377,0.749191304359,2.5,0.259446613992,0.18878248974,46,0.025974025974,0.333144633145,23,23,23,1,0,0.478260869565,0.217391304348,0.304347826087,23,0.156126482213,1.6766798419,6.86956521739,6.58333333333,4.9375,3.13780971418,0.456769768519,0.246560264172,4.70807900371,1.37070654538,0.668134287287,3.01249046708,0.877054186617,0.465602641717,0.744273675988,0.443897312647,2.5,1.6766798419,0.744273675988,2.5,0.223424050697,0.141608391608,27,0.0152456239413,0.290834165834,23,23,23,1,0,0.478260869565,0.217391304348,0.304347826087,23,82,0.162055335968,1.67802089215,7.13043478261,6.83333333333,5.125,3.40192923643,0.477099831938,0.257688229056,4.96191025309,1.39175531489,0.677624602333,3.07225245998,0.861729348532,0.460233297985,0.745266613988,0.444134287883,2.5,1.67802089215,0.745266613988,2.5,0.264570278207,0.195238095238,41,0.0231507622812,0.300858232676,23,23,23,1,0,0.478260869565,0.217391304348,0.304347826087,-6,-0.0118577075099,-0.00705490162012,-0.521739130435,-0.5,-0.375,-0.236360767161,0.00164147919625,0.00818230020245,-0.360872459957,0.000573469435485,0.00469970114721,-0.198168334643,0.0069602772092,0.0175455509496,-0.00392469037079,-0.000469632681557,0,-0.00705490162012,-0.00392469037079,0,0.00512366421457,0.00645560549801,-5,-0.00282326369283,-0.0322864004682,0,0,0,82,0,6,418,0.931818181818,1,0,0.0681818181818,1,0.931818181818,0.964705882353,0.958452959446,0.931818181818,0.931818181818,3,9,0,10,5,10
723,WLNM_dir_neg_kfold,0.916666666667,0.590740740741,00:00:01,10,90,1,17346,threshold_sweep,0.3,1,0.333333333333,0.5,3,0,6,18,0.333333333333,1,0,0.666666666667,1,0.333333333333,0.5,0.777777777778,0.62962962963,0.4,0.5,0.333333333333,94,85,9,0,94,0,85,0,9,23,88,0.173913043478,1.68507579377,7.65217391304,7.33333333333,5.5,3.63829000359,0.475458352741,0.249505928854,5.32278271304,1.39118184545,0.672924901186,3.27042079462,0.854769071322,0.442687747036,0.749191304359,0.444603920564,2.5,1.68507579377,0.749191304359,2.5,0.259446613992,0.18878248974,46,0.025974025974,0.333144633145,23,23,23,1,0,0.478260869565,0.217391304348,0.304347826087,23,0.156126482213,1.6766798419,6.86956521739,6.58333333333,4.9375,3.13780971418,0.456769768519,0.246560264172,4.70807900371,1.37070654538,0.668134287287,3.01249046708,0.877054186617,0.465602641717,0.744273675988,0.443897312647,2.5,1.6766798419,0.744273675988,2.5,0.223424050697,0.141608391608,27,0.0152456239413,0.290834165834,23,23,23,1,0,0.478260869565,0.217391304348,0.304347826087,23,82,0.162055335968,1.67802089215,7.13043478261,6.83333333333,5.125,3.40192923643,0.477099831938,0.257688229056,4.96191025309,1.39175531489,0.677624602333,3.07225245998,0.861729348532,0.460233297985,0.745266613988,0.444134287883,2.5,1.67802089215,0.745266613988,2.5,0.264570278207,0.195238095238,41,0.0231507622812,0.300858232676,23,23,23,1,0,0.478260869565,0.217391304348,0.304347826087,-6,-0.0118577075099,-0.00705490162012,-0.521739130435,-0.5,-0.375,-0.236360767161,0.00164147919625,0.00818230020245,-0.360872459957,0.000573469435485,0.00469970114721,-0.198168334643,0.0069602772092,0.0175455509496,-0.00392469037079,-0.000469632681557,0,-0.00705490162012,-0.00392469037079,0,0.00512366421457,0.00645560549801,-5,-0.00282326369283,-0.0322864004682,0,0,0,82,0,6,418,0.931818181818,1,0,0.0681818181818,1,0.931818181818,0.964705882353,0.958452959446,0.931818181818,0.931818181818,3,9,0,10,5,10
724,WLNM_dir_neg_kfold,0.916666666667,0.590740740741,00:00:01,10,90,1,17346,threshold_sweep,0.4,1,0.333333333333,0.5,3,0,6,18,0.333333333333,1,0,0.666666666667,1,0.333333333333,0.5,0.777777777778,0.62962962963,0.4,0.5,0.333333333333,94,85,9,0,94,0,85,0,9,23,88,0.173913043478,1.68507579377,7.65217391304,7.33333333333,5.5,3.63829000359,0.475458352741,0.249505928854,5.32278271304,1.39118184545,0.672924901186,3.27042079462,0.854769071322,0.442687747036,0.749191304359,0.444603920564,2.5,1.68507579377,0.749191304359,2.5,0.259446613992,0.18878248974,46,0.025974025974,0.333144633145,23,23,23,1,0,0.478260869565,0.217391304348,0.304347826087,23,0.156126482213,1.6766798419,6.86956521739,6.58333333333,4.9375,3.13780971418,0.456769768519,0.246560264172,4.70807900371,1.37070654538,0.668134287287,3.01249046708,0.877054186617,0.465602641717,0.744273675988,0.443897312647,2.5,1.6766798419,0.744273675988,2.5,0.223424050697,0.141608391608,27,0.0152456239413,0.290834165834,23,23,23,1,0,0.478260869565,0.217391304348,0.304347826087,23,82,0.162055335968,1.67802089215,7.13043478261,6.83333333333,5.125,3.40192923643,0.477099831938,0.257688229056,4.96191025309,1.39175531489,0.677624602333,3.07225245998,0.861729348532,0.460233297985,0.745266613988,0.444134287883,2.5,1.67802089215,0.745266613988,2.5,0.264570278207,0.195238095238,41,0.0231507622812,0.300858232676,23,23,23,1,0,0.478260869565,0.217391304348,0.304347826087,-6,-0.0118577075099,-0.00705490162012,-0.521739130435,-0.5,-0.375,-0.236360767161,0.00164147919625,0.00818230020245,-0.360872459957,0.000573469435485,0.00469970114721,-0.198168334643,0.0069602772092,0.0175455509496,-0.00392469037079,-0.000469632681557,0,-0.00705490162012,-0.00392469037079,0,0.00512366421457,0.00645560549801,-5,-0.00282326369283,-0.0322864004682,0,0,0,82,0,6,418,0.931818181818,1,0,0.0681818181818,1,0.931818181818,0.964705882353,0.958452959446,0.931818181818,0.931818181818,3,9,0,10,5,10
725,WLNM_dir_neg_kfold,0.916666666667,0.590740740741,00:00:01,10,90,1,17346,threshold_sweep,0.5,1,0.333333333333,0.5,3,0,6,18,0.333333333333,1,0,0.666666666667,1,0.333333333333,0.5,0.777777777778,0.62962962963,0.4,0.5,0.333333333333,94,85,9,0,94,0,85,0,9,23,88,0.173913043478,1.68507579377,7.65217391304,7.33333333333,5.5,3.63829000359,0.475458352741,0.249505928854,5.32278271304,1.39118184545,0.672924901186,3.27042079462,0.854769071322,0.442687747036,0.749191304359,0.444603920564,2.5,1.68507579377,0.749191304359,2.5,0.259446613992,0.18878248974,46,0.025974025974,0.333144633145,23,23,23,1,0,0.478260869565,0.217391304348,0.304347826087,23,0.156126482213,1.6766798419,6.86956521739,6.58333333333,4.9375,3.13780971418,0.456769768519,0.246560264172,4.70807900371,1.37070654538,0.668134287287,3.01249046708,0.877054186617,0.465602641717,0.744273675988,0.443897312647,2.5,1.6766798419,0.744273675988,2.5,0.223424050697,0.141608391608,27,0.0152456239413,0.290834165834,23,23,23,1,0,0.478260869565,0.217391304348,0.304347826087,23,82,0.162055335968,1.67802089215,7.13043478261,6.83333333333,5.125,3.40192923643,0.477099831938,0.257688229056,4.96191025309,1.39175531489,0.677624602333,3.07225245998,0.861729348532,0.460233297985,0.745266613988,0.444134287883,2.5,1.67802089215,0.745266613988,2.5,0.264570278207,0.195238095238,41,0.0231507622812,0.300858232676,23,23,23,1,0,0.478260869565,0.217391304348,0.304347826087,-6,-0.0118577075099,-0.00705490162012,-0.521739130435,-0.5,-0.375,-0.236360767161,0.00164147919625,0.00818230020245,-0.360872459957,0.000573469435485,0.00469970114721,-0.198168334643,0.0069602772092,0.0175455509496,-0.00392469037079,-0.000469632681557,0,-0.00705490162012,-0.00392469037079,0,0.00512366421457,0.00645560549801,-5,-0.00282326369283,-0.0322864004682,0,0,0,82,0,6,418,0.931818181818,1,0,0.0681818181818,1,0.931818181818,0.964705882353,0.958452959446,0.931818181818,0.931818181818,3,9,0,10,5,10
726,WLNM_dir_neg_kfold,0.916666666667,0.590740740741,00:00:01,10,90,1,17346,threshold_sweep,0.6,1,0.333333333333,0.5,3,0,6,18,0.333333333333,1,0,0.666666666667,1,0.333333333333,0.5,0.777777777778,0.62962962963,0.4,0.5,0.333333333333,94,85,9,0,94,0,85,0,9,23,88,0.173913043478,1.68507579377,7.65217391304,7.33333333333,5.5,3.63829000359,0.475458352741,0.249505928854,5.32278271304,1.39118184545,0.672924901186,3.27042079462,0.854769071322,0.442687747036,0.749191304359,0.444603920564,2.5,1.68507579377,0.749191304359,2.5,0.259446613992,0.18878248974,46,0.025974025974,0.333144633145,23,23,23,1,0,0.478260869565,0.217391304348,0.304347826087,23,0.156126482213,1.6766798419,6.86956521739,6.58333333333,4.9375,3.13780971418,0.456769768519,0.246560264172,4.70807900371,1.37070654538,0.668134287287,3.01249046708,0.877054186617,0.465602641717,0.744273675988,0.443897312647,2.5,1.6766798419,0.744273675988,2.5,0.223424050697,0.141608391608,27,0.0152456239413,0.290834165834,23,23,23,1,0,0.478260869565,0.217391304348,0.304347826087,23,82,0.162055335968,1.67802089215,7.13043478261,6.83333333333,5.125,3.40192923643,0.477099831938,0.257688229056,4.96191025309,1.39175531489,0.677624602333,3.07225245998,0.861729348532,0.460233297985,0.745266613988,0.444134287883,2.5,1.67802089215,0.745266613988,2.5,0.264570278207,0.195238095238,41,0.0231507622812,0.300858232676,23,23,23,1,0,0.478260869565,0.217391304348,0.304347826087,-6,-0.0118577075099,-0.00705490162012,-0.521739130435,-0.5,-0.375,-0.236360767161,0.00164147919625,0.00818230020245,-0.360872459957,0.000573469435485,0.00469970114721,-0.198168334643,0.0069602772092,0.0175455509496,-0.00392469037079,-0.000469632681557,0,-0.00705490162012,-0.00392469037079,0,0.00512366421457,0.00645560549801,-5,-0.00282326369283,-0.0322864004682,0,0,0,82,0,6,418,0.931818181818,1,0,0.0681818181818,1,0.931818181818,0.964705882353,0.958452959446,0.931818181818,0.931818181818,3,9,0,10,5,10
727,WLNM_dir_neg_kfold,0.916666666667,0.590740740741,00:00:01,10,90,1,17346,threshold_sweep,0.7,1,0.333333333333,0.5,3,0,6,18,0.333333333333,1,0,0.666666666667,1,0.333333333333,0.5,0.777777777778,0.62962962963,0.4,0.5,0.333333333333,94,85,9,0,94,0,85,0,9,23,88,0.173913043478,1.68507579377,7.65217391304,7.33333333333,5.5,3.63829000359,0.475458352741,0.249505928854,5.32278271304,1.39118184545,0.672924901186,3.27042079462,0.854769071322,0.442687747036,0.749191304359,0.444603920564,2.5,1.68507579377,0.749191304359,2.5,0.259446613992,0.18878248974,46,0.025974025974,0.333144633145,23,23,23,1,0,0.478260869565,0.217391304348,0.304347826087,23,0.156126482213,1.6766798419,6.86956521739,6.58333333333,4.9375,3.13780971418,0.456769768519,0.246560264172,4.70807900371,1.37070654538,0.668134287287,3.01249046708,0.877054186617,0.465602641717,0.744273675988,0.443897312647,2.5,1.6766798419,0.744273675988,2.5,0.223424050697,0.141608391608,27,0.0152456239413,0.290834165834,23,23,23,1,0,0.478260869565,0.217391304348,0.304347826087,23,82,0.162055335968,1.67802089215,7.13043478261,6.83333333333,5.125,3.40192923643,0.477099831938,0.257688229056,4.96191025309,1.39175531489,0.677624602333,3.07225245998,0.861729348532,0.460233297985,0.745266613988,0.444134287883,2.5,1.67802089215,0.745266613988,2.5,0.264570278207,0.195238095238,41,0.0231507622812,0.300858232676,23,23,23,1,0,0.478260869565,0.217391304348,0.304347826087,-6,-0.0118577075099,-0.00705490162012,-0.521739130435,-0.5,-0.375,-0.236360767161,0.00164147919625,0.00818230020245,-0.360872459957,0.000573469435485,0.00469970114721,-0.198168334643,0.0069602772092,0.0175455509496,-0.00392469037079,-0.000469632681557,0,-0.00705490162012,-0.00392469037079,0,0.00512366421457,0.00645560549801,-5,-0.00282326369283,-0.0322864004682,0,0,0,82,0,6,418,0.931818181818,1,0,0.0681818181818,1,0.931818181818,0.964705882353,0.958452959446,0.931818181818,0.931818181818,3,9,0,10,5,10
728,WLNM_dir_neg_kfold,0.916666666667,0.590740740741,00:00:01,10,90,1,17346,threshold_sweep,0.8,1,0.333333333333,0.5,3,0,6,18,0.333333333333,1,0,0.666666666667,1,0.333333333333,0.5,0.777777777778,0.62962962963,0.4,0.5,0.333333333333,94,85,9,0,94,0,85,0,9,23,88,0.173913043478,1.68507579377,7.65217391304,7.33333333333,5.5,3.63829000359,0.475458352741,0.249505928854,5.32278271304,1.39118184545,0.672924901186,3.27042079462,0.854769071322,0.442687747036,0.749191304359,0.444603920564,2.5,1.68507579377,0.749191304359,2.5,0.259446613992,0.18878248974,46,0.025974025974,0.333144633145,23,23,23,1,0,0.478260869565,0.217391304348,0.304347826087,23,0.156126482213,1.6766798419,6.86956521739,6.58333333333,4.9375,3.13780971418,0.456769768519,0.246560264172,4.70807900371,1.37070654538,0.668134287287,3.01249046708,0.877054186617,0.465602641717,0.744273675988,0.443897312647,2.5,1.6766798419,0.744273675988,2.5,0.223424050697,0.141608391608,27,0.0152456239413,0.290834165834,23,23,23,1,0,0.478260869565,0.217391304348,0.304347826087,23,82,0.162055335968,1.67802089215,7.13043478261,6.83333333333,5.125,3.40192923643,0.477099831938,0.257688229056,4.96191025309,1.39175531489,0.677624602333,3.07225245998,0.861729348532,0.460233297985,0.745266613988,0.444134287883,2.5,1.67802089215,0.745266613988,2.5,0.264570278207,0.195238095238,41,0.0231507622812,0.300858232676,23,23,23,1,0,0.478260869565,0.217391304348,0.304347826087,-6,-0.0118577075099,-0.00705490162012,-0.521739130435,-0.5,-0.375,-0.236360767161,0.00164147919625,0.00818230020245,-0.360872459957,0.000573469435485,0.00469970114721,-0.198168334643,0.0069602772092,0.0175455509496,-0.00392469037079,-0.000469632681557,0,-0.00705490162012,-0.00392469037079,0,0.00512366421457,0.00645560549801,-5,-0.00282326369283,-0.0322864004682,0,0,0,82,0,6,418,0.931818181818,1,0,0.0681818181818,1,0.931818181818,0.964705882353,0.958452959446,0.931818181818,0.931818181818,3,9,0,10,5,10
729,WLNM_dir_neg_kfold,0.916666666667,0.590740740741,00:00:01,10,90,1,17346,threshold_sweep,0.9,1,0.333333333333,0.5,3,0,6,18,0.333333333333,1,0,0.666666666667,1,0.333333333333,0.5,0.777777777778,0.62962962963,0.4,0.5,0.333333333333,94,85,9,0,94,0,85,0,9,23,88,0.173913043478,1.68507579377,7.65217391304,7.33333333333,5.5,3.63829000359,0.475458352741,0.249505928854,5.32278271304,1.39118184545,0.672924901186,3.27042079462,0.854769071322,0.442687747036,0.749191304359,0.444603920564,2.5,1.68507579377,0.749191304359,2.5,0.259446613992,0.18878248974,46,0.025974025974,0.333144633145,23,23,23,1,0,0.478260869565,0.217391304348,0.304347826087,23,0.156126482213,1.6766798419,6.86956521739,6.58333333333,4.9375,3.13780971418,0.456769768519,0.246560264172,4.70807900371,1.37070654538,0.668134287287,3.01249046708,0.877054186617,0.465602641717,0.744273675988,0.443897312647,2.5,1.6766798419,0.744273675988,2.5,0.223424050697,0.141608391608,27,0.0152456239413,0.290834165834,23,23,23,1,0,0.478260869565,0.217391304348,0.304347826087,23,82,0.162055335968,1.67802089215,7.13043478261,6.83333333333,5.125,3.40192923643,0.477099831938,0.257688229056,4.96191025309,1.39175531489,0.677624602333,3.07225245998,0.861729348532,0.460233297985,0.745266613988,0.444134287883,2.5,1.67802089215,0.745266613988,2.5,0.264570278207,0.195238095238,41,0.0231507622812,0.300858232676,23,23,23,1,0,0.478260869565,0.217391304348,0.304347826087,-6,-0.0118577075099,-0.00705490162012,-0.521739130435,-0.5,-0.375,-0.236360767161,0.00164147919625,0.00818230020245,-0.360872459957,0.000573469435485,0.00469970114721,-0.198168334643,0.0069602772092,0.0175455509496,-0.00392469037079,-0.000469632681557,0,-0.00705490162012,-0.00392469037079,0,0.00512366421457,0.00645560549801,-5,-0.00282326369283,-0.0322864004682,0,0,0,82,0,6,418,0.931818181818,1,0,0.0681818181818,1,0.931818181818,0.964705882353,0.958452959446,0.931818181818,0.931818181818,3,9,0,10,5,10
730,WLNM_dir_neg_kfold,0.83024691358,0.512345679012,00:00:01,10,90,2,17347,threshold_sweep,0.1,1,0.444444444444,0.615384615385,4,0,5,18,0.444444444444,1,0,0.555555555556,1,0.444444444444,0.615384615385,0.814814814815,0.617283950617,0.516129032258,0.58976782462,0.444444444444,94,85,9,0,94,0,85,0,9,23,88,0.173913043478,1.68507579377,7.65217391304,7.33333333333,5.5,3.63829000359,0.475458352741,0.249505928854,5.32278271304,1.39118184545,0.672924901186,3.27042079462,0.854769071322,0.442687747036,0.749191304359,0.444603920564,2.5,1.68507579377,0.749191304359,2.5,0.259446613992,0.18878248974,46,0.025974025974,0.333144633145,23,23,23,1,0,0.478260869565,0.217391304348,0.304347826087,23,0.156126482213,1.6766798419,6.86956521739,6.58333333333,4.9375,3.13780971418,0.456769768519,0.246560264172,4.70807900371,1.37070654538,0.668134287287,3.01249046708,0.877054186617,0.465602641717,0.744273675988,0.443897312647,2.5,1.6766798419,0.744273675988,2.5,0.223424050697,0.141608391608,27,0.0152456239413,0.290834165834,23,23,23,1,0,0.478260869565,0.217391304348,0.304347826087,23,83,0.164031620553,1.683067476,7.21739130435,6.91666666667,5.1875,3.43718333072,0.476236244618,0.255631220534,5.01578535892,1.38991642476,0.675746464117,3.08573153894,0.855082233683,0.454688318491,0.747978403139,0.444413794339,2.5,1.683067476,0.747978403139,2.5,0.258922895287,0.19040247678,41,0.0231507622812,0.302043663407,23,23,23,1,0,0.478260869565,0.217391304348,0.304347826087,-5,-0.0098814229249,-0.00200831776919,-0.434782608696,-0.416666666667,-0.3125,-0.201106672862,0.000777891877064,0.00612529168056,-0.306997354119,-0.00126542069247,0.00282156293157,-0.18468925568,0.000313162360985,0.0120005714558,-0.00121290122029,-0.00019012622544,0,-0.00200831776919,-0.00121290122029,0,-0.000523718705537,0.0016199870401,-5,-0.00282326369283,-0.0311009697373,0,0,0,83,0,5,418,0.943181818182,1,0,0.0568181818182,1,0.943181818182,0.970760233918,0.965418612275,0.943181818182,0.943181818182,4,9,0,10,5,10
731,WLNM_dir_neg_kfold,0.83024691358,0.512345679012,00:00:01,10,90,2,17347,threshold_sweep,0.2,1,0.444444444444,0.615384615385,4,0,5,18,0.444444444444,1,0,0.555555555556,1,0.444444444444,0.615384615385,0.814814814815,0.617283950617,0.516129032258,0.58976782462,0.444444444444,94,85,9,0,94,0,85,0,9,23,88,0.173913043478,1.68507579377,7.65217391304,7.33333333333,5.5,3.63829000359,0.475458352741,0.249505928854,5.32278271304,1.39118184545,0.672924901186,3.27042079462,0.854769071322,0.442687747036,0.749191304359,0.444603920564,2.5,1.68507579377,0.749191304359,2.5,0.259446613992,0.18878248974,46,0.025974025974,0.333144633145,23,23,23,1,0,0.478260869565,0.217391304348,0.304347826087,23,0.156126482213,1.6766798419,6.86956521739,6.58333333333,4.9375,3.13780971418,0.456769768519,0.246560264172,4.70807900371,1.37070654538,0.668134287287,3.01249046708,0.877054186617,0.465602641717,0.744273675988,0.443897312647,2.5,1.6766798419,0.744273675988,2.5,0.223424050697,0.141608391608,27,0.0152456239413,0.290834165834,23,23,23,1,0,0.478260869565,0.217391304348,0.304347826087,23,83,0.164031620553,1.683067476,7.21739130435,6.91666666667,5.1875,3.43718333072,0.476236244618,0.255631220534,5.01578535892,1.38991642476,0.675746464117,3.08573153894,0.855082233683,0.454688318491,0.747978403139,0.444413794339,2.5,1.683067476,0.747978403139,2.5,0.258922895287,0.19040247678,41,0.0231507622812,0.302043663407,23,23,23,1,0,0.478260869565,0.217391304348,0.304347826087,-5,-0.0098814229249,-0.00200831776919,-0.434782608696,-0.416666666667,-0.3125,-0.201106672862,0.000777891877064,0.00612529168056,-0.306997354119,-0.00126542069247,0.00282156293157,-0.18468925568,0.000313162360985,0.0120005714558,-0.00121290122029,-0.00019012622544,0,-0.00200831776919,-0.00121290122029,0,-0.000523718705537,0.0016199870401,-5,-0.00282326369283,-0.0311009697373,0,0,0,83,0,5,418,0.943181818182,1,0,0.0568181818182,1,0.943181818182,0.970760233918,0.965418612275,0.943181818182,0.943181818182,4,9,0,10,5,10
732,WLNM_dir_neg_kfold,0.83024691358,0.512345679012,00:00:01,10,90,2,17347,threshold_sweep,0.3,1,0.444444444444,0.615384615385,4,0,5,18,0.444444444444,1,0,0.555555555556,1,0.444444444444,0.615384615385,0.814814814815,0.617283950617,0.516129032258,0.58976782462,0.444444444444,94,85,9,0,94,0,85,0,9,23,88,0.173913043478,1.68507579377,7.65217391304,7.33333333333,5.5,3.63829000359,0.475458352741,0.249505928854,5.32278271304,1.39118184545,0.672924901186,3.27042079462,0.854769071322,0.442687747036,0.749191304359,0.444603920564,2.5,1.68507579377,0.749191304359,2.5,0.259446613992,0.18878248974,46,0.025974025974,0.333144633145,23,23,23,1,0,0.478260869565,0.217391304348,0.304347826087,23,0.156126482213,1.6766798419,6.86956521739,6.58333333333,4.9375,3.13780971418,0.456769768519,0.246560264172,4.70807900371,1.37070654538,0.668134287287,3.01249046708,0.877054186617,0.465602641717,0.744273675988,0.443897312647,2.5,1.6766798419,0.744273675988,2.5,0.223424050697,0.141608391608,27,0.0152456239413,0.290834165834,23,23,23,1,0,0.478260869565,0.217391304348,0.304347826087,23,83,0.164031620553,1.683067476,7.21739130435,6.91666666667,5.1875,3.43718333072,0.476236244618,0.255631220534,5.01578535892,1.38991642476,0.675746464117,3.08573153894,0.855082233683,0.454688318491,0.747978403139,0.444413794339,2.5,1.683067476,0.747978403139,2.5,0.258922895287,0.19040247678,41,0.0231507622812,0.302043663407,23,23,23,1,0,0.478260869565,0.217391304348,0.304347826087,-5,-0.0098814229249,-0.00200831776919,-0.434782608696,-0.416666666667,-0.3125,-0.201106672862,0.000777891877064,0.00612529168056,-0.306997354119,-0.00126542069247,0.00282156293157,-0.18468925568,0.000313162360985,0.0120005714558,-0.00121290122029,-0.00019012622544,0,-0.00200831776919,-0.00121290122029,0,-0.000523718705537,0.0016199870401,-5,-0.00282326369283,-0.0311009697373,0,0,0,83,0,5,418,0.943181818182,1,0,0.0568181818182,1,0.943181818182,0.970760233918,0.965418612275,0.943181818182,0.943181818182,4,9,0,10,5,10
733,WLNM_dir_neg_kfold,0.83024691358,0.512345679012,00:00:01,10,90,2,17347,threshold_sweep,0.4,1,0.444444444444,0.615384615385,4,0,5,18,0.444444444444,1,0,0.555555555556,1,0.444444444444,0.615384615385,0.814814814815,0.617283950617,0.516129032258,0.58976782462,0.444444444444,94,85,9,0,94,0,85,0,9,23,88,0.173913043478,1.68507579377,7.65217391304,7.33333333333,5.5,3.63829000359,0.475458352741,0.249505928854,5.32278271304,1.39118184545,0.672924901186,3.27042079462,0.854769071322,0.442687747036,0.749191304359,0.444603920564,2.5,1.68507579377,0.749191304359,2.5,0.259446613992,0.18878248974,46,0.025974025974,0.333144633145,23,23,23,1,0,0.478260869565,0.217391304348,0.304347826087,23,0.156126482213,1.6766798419,6.86956521739,6.58333333333,4.9375,3.13780971418,0.456769768519,0.246560264172,4.70807900371,1.37070654538,0.668134287287,3.01249046708,0.877054186617,0.465602641717,0.744273675988,0.443897312647,2.5,1.6766798419,0.744273675988,2.5,0.223424050697,0.141608391608,27,0.0152456239413,0.290834165834,23,23,23,1,0,0.478260869565,0.217391304348,0.304347826087,23,83,0.164031620553,1.683067476,7.21739130435,6.91666666667,5.1875,3.43718333072,0.476236244618,0.255631220534,5.01578535892,1.38991642476,0.675746464117,3.08573153894,0.855082233683,0.454688318491,0.747978403139,0.444413794339,2.5,1.683067476,0.747978403139,2.5,0.258922895287,0.19040247678,41,0.0231507622812,0.302043663407,23,23,23,1,0,0.478260869565,0.217391304348,0.304347826087,-5,-0.0098814229249,-0.00200831776919,-0.434782608696,-0.416666666667,-0.3125,-0.201106672862,0.000777891877064,0.00612529168056,-0.306997354119,-0.00126542069247,0.00282156293157,-0.18468925568,0.000313162360985,0.0120005714558,-0.00121290122029,-0.00019012622544,0,-0.00200831776919,-0.00121290122029,0,-0.000523718705537,0.0016199870401,-5,-0.00282326369283,-0.0311009697373,0,0,0,83,0,5,418,0.943181818182,1,0,0.0568181818182,1,0.943181818182,0.970760233918,0.965418612275,0.943181818182,0.943181818182,4,9,0,10,5,10
734,WLNM_dir_neg_kfold,0.83024691358,0.512345679012,00:00:01,10,90,2,17347,threshold_sweep,0.5,1,0.444444444444,0.615384615385,4,0,5,18,0.444444444444,1,0,0.555555555556,1,0.444444444444,0.615384615385,0.814814814815,0.617283950617,0.516129032258,0.58976782462,0.444444444444,94,85,9,0,94,0,85,0,9,23,88,0.173913043478,1.68507579377,7.65217391304,7.33333333333,5.5,3.63829000359,0.475458352741,0.249505928854,5.32278271304,1.39118184545,0.672924901186,3.27042079462,0.854769071322,0.442687747036,0.749191304359,0.444603920564,2.5,1.68507579377,0.749191304359,2.5,0.259446613992,0.18878248974,46,0.025974025974,0.333144633145,23,23,23,1,0,0.478260869565,0.217391304348,0.304347826087,23,0.156126482213,1.6766798419,6.86956521739,6.58333333333,4.9375,3.13780971418,0.456769768519,0.246560264172,4.70807900371,1.37070654538,0.668134287287,3.01249046708,0.877054186617,0.465602641717,0.744273675988,0.443897312647,2.5,1.6766798419,0.744273675988,2.5,0.223424050697,0.141608391608,27,0.0152456239413,0.290834165834,23,23,23,1,0,0.478260869565,0.217391304348,0.304347826087,23,83,0.164031620553,1.683067476,7.21739130435,6.91666666667,5.1875,3.43718333072,0.476236244618,0.255631220534,5.01578535892,1.38991642476,0.675746464117,3.08573153894,0.855082233683,0.454688318491,0.747978403139,0.444413794339,2.5,1.683067476,0.747978403139,2.5,0.258922895287,0.19040247678,41,0.0231507622812,0.302043663407,23,23,23,1,0,0.478260869565,0.217391304348,0.304347826087,-5,-0.0098814229249,-0.00200831776919,-0.434782608696,-0.416666666667,-0.3125,-0.201106672862,0.000777891877064,0.00612529168056,-0.306997354119,-0.00126542069247,0.00282156293157,-0.18468925568,0.000313162360985,0.0120005714558,-0.00121290122029,-0.00019012622544,0,-0.00200831776919,-0.00121290122029,0,-0.000523718705537,0.0016199870401,-5,-0.00282326369283,-0.0311009697373,0,0,0,83,0,5,418,0.943181818182,1,0,0.0568181818182,1,0.943181818182,0.970760233918,0.965418612275,0.943181818182,0.943181818182,4,9,0,10,5,10
735,WLNM_dir_neg_kfold,0.83024691358,0.512345679012,00:00:01,10,90,2,17347,threshold_sweep,0.6,1,0.444444444444,0.615384615385,4,0,5,18,0.444444444444,1,0,0.555555555556,1,0.444444444444,0.615384615385,0.814814814815,0.617283950617,0.516129032258,0.58976782462,0.444444444444,94,85,9,0,94,0,85,0,9,23,88,0.173913043478,1.68507579377,7.65217391304,7.33333333333,5.5,3.63829000359,0.475458352741,0.249505928854,5.32278271304,1.39118184545,0.672924901186,3.27042079462,0.854769071322,0.442687747036,0.749191304359,0.444603920564,2.5,1.68507579377,0.749191304359,2.5,0.259446613992,0.18878248974,46,0.025974025974,0.333144633145,23,23,23,1,0,0.478260869565,0.217391304348,0.304347826087,23,0.156126482213,1.6766798419,6.86956521739,6.58333333333,4.9375,3.13780971418,0.456769768519,0.246560264172,4.70807900371,1.37070654538,0.668134287287,3.01249046708,0.877054186617,0.465602641717,0.744273675988,0.443897312647,2.5,1.6766798419,0.744273675988,2.5,0.223424050697,0.141608391608,27,0.0152456239413,0.290834165834,23,23,23,1,0,0.478260869565,0.217391304348,0.304347826087,23,83,0.164031620553,1.683067476,7.21739130435,6.91666666667,5.1875,3.43718333072,0.476236244618,0.255631220534,5.01578535892,1.38991642476,0.675746464117,3.08573153894,0.855082233683,0.454688318491,0.747978403139,0.444413794339,2.5,1.683067476,0.747978403139,2.5,0.258922895287,0.19040247678,41,0.0231507622812,0.302043663407,23,23,23,1,0,0.478260869565,0.217391304348,0.304347826087,-5,-0.0098814229249,-0.00200831776919,-0.434782608696,-0.416666666667,-0.3125,-0.201106672862,0.000777891877064,0.00612529168056,-0.306997354119,-0.00126542069247,0.00282156293157,-0.18468925568,0.000313162360985,0.0120005714558,-0.00121290122029,-0.00019012622544,0,-0.00200831776919,-0.00121290122029,0,-0.000523718705537,0.0016199870401,-5,-0.00282326369283,-0.0311009697373,0,0,0,83,0,5,418,0.943181818182,1,0,0.0568181818182,1,0.943181818182,0.970760233918,0.965418612275,0.943181818182,0.943181818182,4,9,0,10,5,10
736,WLNM_dir_neg_kfold,0.83024691358,0.512345679012,00:00:01,10,90,2,17347,threshold_sweep,0.7,1,0.444444444444,0.615384615385,4,0,5,18,0.444444444444,1,0,0.555555555556,1,0.444444444444,0.615384615385,0.814814814815,0.617283950617,0.516129032258,0.58976782462,0.444444444444,94,85,9,0,94,0,85,0,9,23,88,0.173913043478,1.68507579377,7.65217391304,7.33333333333,5.5,3.63829000359,0.475458352741,0.249505928854,5.32278271304,1.39118184545,0.672924901186,3.27042079462,0.854769071322,0.442687747036,0.749191304359,0.444603920564,2.5,1.68507579377,0.749191304359,2.5,0.259446613992,0.18878248974,46,0.025974025974,0.333144633145,23,23,23,1,0,0.478260869565,0.217391304348,0.304347826087,23,0.156126482213,1.6766798419,6.86956521739,6.58333333333,4.9375,3.13780971418,0.456769768519,0.246560264172,4.70807900371,1.37070654538,0.668134287287,3.01249046708,0.877054186617,0.465602641717,0.744273675988,0.443897312647,2.5,1.6766798419,0.744273675988,2.5,0.223424050697,0.141608391608,27,0.0152456239413,0.290834165834,23,23,23,1,0,0.478260869565,0.217391304348,0.304347826087,23,83,0.164031620553,1.683067476,7.21739130435,6.91666666667,5.1875,3.43718333072,0.476236244618,0.255631220534,5.01578535892,1.38991642476,0.675746464117,3.08573153894,0.855082233683,0.454688318491,0.747978403139,0.444413794339,2.5,1.683067476,0.747978403139,2.5,0.258922895287,0.19040247678,41,0.0231507622812,0.302043663407,23,23,23,1,0,0.478260869565,0.217391304348,0.304347826087,-5,-0.0098814229249,-0.00200831776919,-0.434782608696,-0.416666666667,-0.3125,-0.201106672862,0.000777891877064,0.00612529168056,-0.306997354119,-0.00126542069247,0.00282156293157,-0.18468925568,0.000313162360985,0.0120005714558,-0.00121290122029,-0.00019012622544,0,-0.00200831776919,-0.00121290122029,0,-0.000523718705537,0.0016199870401,-5,-0.00282326369283,-0.0311009697373,0,0,0,83,0,5,418,0.943181818182,1,0,0.0568181818182,1,0.943181818182,0.970760233918,0.965418612275,0.943181818182,0.943181818182,4,9,0,10,5,10
737,WLNM_dir_neg_kfold,0.83024691358,0.512345679012,00:00:01,10,90,2,17347,threshold_sweep,0.8,1,0.444444444444,0.615384615385,4,0,5,18,0.444444444444,1,0,0.555555555556,1,0.444444444444,0.615384615385,0.814814814815,0.617283950617,0.516129032258,0.58976782462,0.444444444444,94,85,9,0,94,0,85,0,9,23,88,0.173913043478,1.68507579377,7.65217391304,7.33333333333,5.5,3.63829000359,0.475458352741,0.249505928854,5.32278271304,1.39118184545,0.672924901186,3.27042079462,0.854769071322,0.442687747036,0.749191304359,0.444603920564,2.5,1.68507579377,0.749191304359,2.5,0.259446613992,0.18878248974,46,0.025974025974,0.333144633145,23,23,23,1,0,0.478260869565,0.217391304348,0.304347826087,23,0.156126482213,1.6766798419,6.86956521739,6.58333333333,4.9375,3.13780971418,0.456769768519,0.246560264172,4.70807900371,1.37070654538,0.668134287287,3.01249046708,0.877054186617,0.465602641717,0.744273675988,0.443897312647,2.5,1.6766798419,0.744273675988,2.5,0.223424050697,0.141608391608,27,0.0152456239413,0.290834165834,23,23,23,1,0,0.478260869565,0.217391304348,0.304347826087,23,83,0.164031620553,1.683067476,7.21739130435,6.91666666667,5.1875,3.43718333072,0.476236244618,0.255631220534,5.01578535892,1.38991642476,0.675746464117,3.08573153894,0.855082233683,0.454688318491,0.747978403139,0.444413794339,2.5,1.683067476,0.747978403139,2.5,0.258922895287,0.19040247678,41,0.0231507622812,0.302043663407,23,23,23,1,0,0.478260869565,0.217391304348,0.304347826087,-5,-0.0098814229249,-0.00200831776919,-0.434782608696,-0.416666666667,-0.3125,-0.201106672862,0.000777891877064,0.00612529168056,-0.306997354119,-0.00126542069247,0.00282156293157,-0.18468925568,0.000313162360985,0.0120005714558,-0.00121290122029,-0.00019012622544,0,-0.00200831776919,-0.00121290122029,0,-0.000523718705537,0.0016199870401,-5,-0.00282326369283,-0.0311009697373,0,0,0,83,0,5,418,0.943181818182,1,0,0.0568181818182,1,0.943181818182,0.970760233918,0.965418612275,0.943181818182,0.943181818182,4,9,0,10,5,10
738,WLNM_dir_neg_kfold,0.83024691358,0.512345679012,00:00:01,10,90,2,17347,threshold_sweep,0.9,1,0.444444444444,0.615384615385,4,0,5,18,0.444444444444,1,0,0.555555555556,1,0.444444444444,0.615384615385,0.814814814815,0.617283950617,0.516129032258,0.58976782462,0.444444444444,94,85,9,0,94,0,85,0,9,23,88,0.173913043478,1.68507579377,7.65217391304,7.33333333333,5.5,3.63829000359,0.475458352741,0.249505928854,5.32278271304,1.39118184545,0.672924901186,3.27042079462,0.854769071322,0.442687747036,0.749191304359,0.444603920564,2.5,1.68507579377,0.749191304359,2.5,0.259446613992,0.18878248974,46,0.025974025974,0.333144633145,23,23,23,1,0,0.478260869565,0.217391304348,0.304347826087,23,0.156126482213,1.6766798419,6.86956521739,6.58333333333,4.9375,3.13780971418,0.456769768519,0.246560264172,4.70807900371,1.37070654538,0.668134287287,3.01249046708,0.877054186617,0.465602641717,0.744273675988,0.443897312647,2.5,1.6766798419,0.744273675988,2.5,0.223424050697,0.141608391608,27,0.0152456239413,0.290834165834,23,23,23,1,0,0.478260869565,0.217391304348,0.304347826087,23,83,0.164031620553,1.683067476,7.21739130435,6.91666666667,5.1875,3.43718333072,0.476236244618,0.255631220534,5.01578535892,1.38991642476,0.675746464117,3.08573153894,0.855082233683,0.454688318491,0.747978403139,0.444413794339,2.5,1.683067476,0.747978403139,2.5,0.258922895287,0.19040247678,41,0.0231507622812,0.302043663407,23,23,23,1,0,0.478260869565,0.217391304348,0.304347826087,-5,-0.0098814229249,-0.00200831776919,-0.434782608696,-0.416666666667,-0.3125,-0.201106672862,0.000777891877064,0.00612529168056,-0.306997354119,-0.00126542069247,0.00282156293157,-0.18468925568,0.000313162360985,0.0120005714558,-0.00121290122029,-0.00019012622544,0,-0.00200831776919,-0.00121290122029,0,-0.000523718705537,0.0016199870401,-5,-0.00282326369283,-0.0311009697373,0,0,0,83,0,5,418,0.943181818182,1,0,0.0568181818182,1,0.943181818182,0.970760233918,0.965418612275,0.943181818182,0.943181818182,4,9,0,10,5,10
739,WLNM_dir_neg_kfold,0.891975308642,0.69708994709,00:00:01,10,90,3,17348,threshold_sweep,0.1,0.8,0.444444444444,0.571428571429,4,1,5,17,0.444444444444,0.944444444444,0.0555555555556,0.555555555556,0.8,0.444444444444,0.571428571429,0.777777777778,0.604938271605,0.4375,0.471939903724,0.388888888889,94,85,9,0,94,0,85,0,9,23,88,0.173913043478,1.68507579377,7.65217391304,7.33333333333,5.5,3.63829000359,0.475458352741,0.249505928854,5.32278271304,1.39118184545,0.672924901186,3.27042079462,0.854769071322,0.442687747036,0.749191304359,0.444603920564,2.5,1.68507579377,0.749191304359,2.5,0.259446613992,0.18878248974,46,0.025974025974,0.333144633145,23,23,23,1,0,0.478260869565,0.217391304348,0.304347826087,23,0.156126482213,1.6766798419,6.86956521739,6.58333333333,4.9375,3.13780971418,0.456769768519,0.246560264172,4.70807900371,1.37070654538,0.668134287287,3.01249046708,0.877054186617,0.465602641717,0.744273675988,0.443897312647,2.5,1.6766798419,0.744273675988,2.5,0.223424050697,0.141608391608,27,0.0152456239413,0.290834165834,23,23,23,1,0,0.478260869565,0.217391304348,0.304347826087,23,84,0.166007905138,1.68814935065,7.30434782609,7,4.94117647059,3.53469533995,0.483916623921,0.260351966874,5.0686980187,1.38785779083,0.672877846791,3.03926868674,0.832180711845,0.444099378882,0.75067805023,0.444675140823,2.5,1.68814935065,0.75067805023,2.5,0.292984288439,0.224887556222,50,0.0282326369283,0.296732308096,23,23,23,1,0,0.478260869565,0.260869565217,0.260869565217,-4,-0.00790513833992,0.0030735568779,-0.347826086957,-0.333333333333,-0.558823529412,-0.103594663639,0.00845827117993,0.01084603802,-0.254084694347,-0.00332405462089,-4.70543948805e-05,-0.231152107885,-0.0225883594769,0.00141163184641,0.00148674587145,7.1220258688e-05,0,0.0030735568779,0.00148674587145,0,0.0335376744468,0.0361050664818,4,0.00225861095426,-0.0364123250487,0,0.0434782608696,-0.0434782608696,83,1,5,417,0.943181818182,0.997607655502,0.00239234449761,0.0568181818182,0.988095238095,0.943181818182,0.96511627907,0.958354216501,0.940789473684,0.932584269663,5,9,0,10,5,10
740,WLNM_dir_neg_kfold,0.891975308642,0.69708994709,00:00:01,10,90,3,17348,threshold_sweep,0.2,0.8,0.444444444444,0.571428571429,4,1,5,17,0.444444444444,0.944444444444,0.0555555555556,0.555555555556,0.8,0.444444444444,0.571428571429,0.777777777778,0.604938271605,0.4375,0.471939903724,0.388888888889,94,85,9,0,94,0,85,0,9,23,88,0.173913043478,1.68507579377,7.65217391304,7.33333333333,5.5,3.63829000359,0.475458352741,0.249505928854,5.32278271304,1.39118184545,0.672924901186,3.27042079462,0.854769071322,0.442687747036,0.749191304359,0.444603920564,2.5,1.68507579377,0.749191304359,2.5,0.259446613992,0.18878248974,46,0.025974025974,0.333144633145,23,23,23,1,0,0.478260869565,0.217391304348,0.304347826087,23,0.156126482213,1.6766798419,6.86956521739,6.58333333333,4.9375,3.13780971418,0.456769768519,0.246560264172,4.70807900371,1.37070654538,0.668134287287,3.01249046708,0.877054186617,0.465602641717,0.744273675988,0.443897312647,2.5,1.6766798419,0.744273675988,2.5,0.223424050697,0.141608391608,27,0.0152456239413,0.290834165834,23,23,23,1,0,0.478260869565,0.217391304348,0.304347826087,23,84,0.166007905138,1.68814935065,7.30434782609,7,4.94117647059,3.53469533995,0.483916623921,0.260351966874,5.0686980187,1.38785779083,0.672877846791,3.03926868674,0.832180711845,0.444099378882,0.75067805023,0.444675140823,2.5,1.68814935065,0.75067805023,2.5,0.292984288439,0.224887556222,50,0.0282326369283,0.296732308096,23,23,23,1,0,0.478260869565,0.260869565217,0.260869565217,-4,-0.00790513833992,0.0030735568779,-0.347826086957,-0.333333333333,-0.558823529412,-0.103594663639,0.00845827117993,0.01084603802,-0.254084694347,-0.00332405462089,-4.70543948805e-05,-0.231152107885,-0.0225883594769,0.00141163184641,0.00148674587145,7.1220258688e-05,0,0.0030735568779,0.00148674587145,0,0.0335376744468,0.0361050664818,4,0.00225861095426,-0.0364123250487,0,0.0434782608696,-0.0434782608696,83,1,5,417,0.943181818182,0.997607655502,0.00239234449761,0.0568181818182,0.988095238095,0.943181818182,0.96511627907,0.958354216501,0.940789473684,0.932584269663,5,9,0,10,5,10
741,WLNM_dir_neg_kfold,0.891975308642,0.69708994709,00:00:01,10,90,3,17348,threshold_sweep,0.3,0.8,0.444444444444,0.571428571429,4,1,5,17,0.444444444444,0.944444444444,0.0555555555556,0.555555555556,0.8,0.444444444444,0.571428571429,0.777777777778,0.604938271605,0.4375,0.471939903724,0.388888888889,94,85,9,0,94,0,85,0,9,23,88,0.173913043478,1.68507579377,7.65217391304,7.33333333333,5.5,3.63829000359,0.475458352741,0.249505928854,5.32278271304,1.39118184545,0.672924901186,3.27042079462,0.854769071322,0.442687747036,0.749191304359,0.444603920564,2.5,1.68507579377,0.749191304359,2.5,0.259446613992,0.18878248974,46,0.025974025974,0.333144633145,23,23,23,1,0,0.478260869565,0.217391304348,0.304347826087,23,0.156126482213,1.6766798419,6.86956521739,6.58333333333,4.9375,3.13780971418,0.456769768519,0.246560264172,4.70807900371,1.37070654538,0.668134287287,3.01249046708,0.877054186617,0.465602641717,0.744273675988,0.443897312647,2.5,1.6766798419,0.744273675988,2.5,0.223424050697,0.141608391608,27,0.0152456239413,0.290834165834,23,23,23,1,0,0.478260869565,0.217391304348,0.304347826087,23,84,0.166007905138,1.68814935065,7.30434782609,7,4.94117647059,3.53469533995,0.483916623921,0.260351966874,5.0686980187,1.38785779083,0.672877846791,3.03926868674,0.832180711845,0.444099378882,0.75067805023,0.444675140823,2.5,1.68814935065,0.75067805023,2.5,0.292984288439,0.224887556222,50,0.0282326369283,0.296732308096,23,23,23,1,0,0.478260869565,0.260869565217,0.260869565217,-4,-0.00790513833992,0.0030735568779,-0.347826086957,-0.333333333333,-0.558823529412,-0.103594663639,0.00845827117993,0.01084603802,-0.254084694347,-0.00332405462089,-4.70543948805e-05,-0.231152107885,-0.0225883594769,0.00141163184641,0.00148674587145,7.1220258688e-05,0,0.0030735568779,0.00148674587145,0,0.0335376744468,0.0361050664818,4,0.00225861095426,-0.0364123250487,0,0.0434782608696,-0.0434782608696,83,1,5,417,0.943181818182,0.997607655502,0.00239234449761,0.0568181818182,0.988095238095,0.943181818182,0.96511627907,0.958354216501,0.940789473684,0.932584269663,5,9,0,10,5,10
742,WLNM_dir_neg_kfold,0.891975308642,0.69708994709,00:00:01,10,90,3,17348,threshold_sweep,0.4,0.8,0.444444444444,0.571428571429,4,1,5,17,0.444444444444,0.944444444444,0.0555555555556,0.555555555556,0.8,0.444444444444,0.571428571429,0.777777777778,0.604938271605,0.4375,0.471939903724,0.388888888889,94,85,9,0,94,0,85,0,9,23,88,0.173913043478,1.68507579377,7.65217391304,7.33333333333,5.5,3.63829000359,0.475458352741,0.249505928854,5.32278271304,1.39118184545,0.672924901186,3.27042079462,0.854769071322,0.442687747036,0.749191304359,0.444603920564,2.5,1.68507579377,0.749191304359,2.5,0.259446613992,0.18878248974,46,0.025974025974,0.333144633145,23,23,23,1,0,0.478260869565,0.217391304348,0.304347826087,23,0.156126482213,1.6766798419,6.86956521739,6.58333333333,4.9375,3.13780971418,0.456769768519,0.246560264172,4.70807900371,1.37070654538,0.668134287287,3.01249046708,0.877054186617,0.465602641717,0.744273675988,0.443897312647,2.5,1.6766798419,0.744273675988,2.5,0.223424050697,0.141608391608,27,0.0152456239413,0.290834165834,23,23,23,1,0,0.478260869565,0.217391304348,0.304347826087,23,84,0.166007905138,1.68814935065,7.30434782609,7,4.94117647059,3.53469533995,0.483916623921,0.260351966874,5.0686980187,1.38785779083,0.672877846791,3.03926868674,0.832180711845,0.444099378882,0.75067805023,0.444675140823,2.5,1.68814935065,0.75067805023,2.5,0.292984288439,0.224887556222,50,0.0282326369283,0.296732308096,23,23,23,1,0,0.478260869565,0.260869565217,0.260869565217,-4,-0.00790513833992,0.0030735568779,-0.347826086957,-0.333333333333,-0.558823529412,-0.103594663639,0.00845827117993,0.01084603802,-0.254084694347,-0.00332405462089,-4.70543948805e-05,-0.231152107885,-0.0225883594769,0.00141163184641,0.00148674587145,7.1220258688e-05,0,0.0030735568779,0.00148674587145,0,0.0335376744468,0.0361050664818,4,0.00225861095426,-0.0364123250487,0,0.0434782608696,-0.0434782608696,83,1,5,417,0.943181818182,0.997607655502,0.00239234449761,0.0568181818182,0.988095238095,0.943181818182,0.96511627907,0.958354216501,0.940789473684,0.932584269663,5,9,0,10,5,10
743,WLNM_dir_neg_kfold,0.891975308642,0.69708994709,00:00:01,10,90,3,17348,threshold_sweep,0.5,0.8,0.444444444444,0.571428571429,4,1,5,17,0.444444444444,0.944444444444,0.0555555555556,0.555555555556,0.8,0.444444444444,0.571428571429,0.777777777778,0.604938271605,0.4375,0.471939903724,0.388888888889,94,85,9,0,94,0,85,0,9,23,88,0.173913043478,1.68507579377,7.65217391304,7.33333333333,5.5,3.63829000359,0.475458352741,0.249505928854,5.32278271304,1.39118184545,0.672924901186,3.27042079462,0.854769071322,0.442687747036,0.749191304359,0.444603920564,2.5,1.68507579377,0.749191304359,2.5,0.259446613992,0.18878248974,46,0.025974025974,0.333144633145,23,23,23,1,0,0.478260869565,0.217391304348,0.304347826087,23,0.156126482213,1.6766798419,6.86956521739,6.58333333333,4.9375,3.13780971418,0.456769768519,0.246560264172,4.70807900371,1.37070654538,0.668134287287,3.01249046708,0.877054186617,0.465602641717,0.744273675988,0.443897312647,2.5,1.6766798419,0.744273675988,2.5,0.223424050697,0.141608391608,27,0.0152456239413,0.290834165834,23,23,23,1,0,0.478260869565,0.217391304348,0.304347826087,23,84,0.166007905138,1.68814935065,7.30434782609,7,4.94117647059,3.53469533995,0.483916623921,0.260351966874,5.0686980187,1.38785779083,0.672877846791,3.03926868674,0.832180711845,0.444099378882,0.75067805023,0.444675140823,2.5,1.68814935065,0.75067805023,2.5,0.292984288439,0.224887556222,50,0.0282326369283,0.296732308096,23,23,23,1,0,0.478260869565,0.260869565217,0.260869565217,-4,-0.00790513833992,0.0030735568779,-0.347826086957,-0.333333333333,-0.558823529412,-0.103594663639,0.00845827117993,0.01084603802,-0.254084694347,-0.00332405462089,-4.70543948805e-05,-0.231152107885,-0.0225883594769,0.00141163184641,0.00148674587145,7.1220258688e-05,0,0.0030735568779,0.00148674587145,0,0.0335376744468,0.0361050664818,4,0.00225861095426,-0.0364123250487,0,0.0434782608696,-0.0434782608696,83,1,5,417,0.943181818182,0.997607655502,0.00239234449761,0.0568181818182,0.988095238095,0.943181818182,0.96511627907,0.958354216501,0.940789473684,0.932584269663,5,9,0,10,5,10
744,WLNM_dir_neg_kfold,0.891975308642,0.69708994709,00:00:01,10,90,3,17348,threshold_sweep,0.6,0.8,0.444444444444,0.571428571429,4,1,5,17,0.444444444444,0.944444444444,0.0555555555556,0.555555555556,0.8,0.444444444444,0.571428571429,0.777777777778,0.604938271605,0.4375,0.471939903724,0.388888888889,94,85,9,0,94,0,85,0,9,23,88,0.173913043478,1.68507579377,7.65217391304,7.33333333333,5.5,3.63829000359,0.475458352741,0.249505928854,5.32278271304,1.39118184545,0.672924901186,3.27042079462,0.854769071322,0.442687747036,0.749191304359,0.444603920564,2.5,1.68507579377,0.749191304359,2.5,0.259446613992,0.18878248974,46,0.025974025974,0.333144633145,23,23,23,1,0,0.478260869565,0.217391304348,0.304347826087,23,0.156126482213,1.6766798419,6.86956521739,6.58333333333,4.9375,3.13780971418,0.456769768519,0.246560264172,4.70807900371,1.37070654538,0.668134287287,3.01249046708,0.877054186617,0.465602641717,0.744273675988,0.443897312647,2.5,1.6766798419,0.744273675988,2.5,0.223424050697,0.141608391608,27,0.0152456239413,0.290834165834,23,23,23,1,0,0.478260869565,0.217391304348,0.304347826087,23,84,0.166007905138,1.68814935065,7.30434782609,7,4.94117647059,3.53469533995,0.483916623921,0.260351966874,5.0686980187,1.38785779083,0.672877846791,3.03926868674,0.832180711845,0.444099378882,0.75067805023,0.444675140823,2.5,1.68814935065,0.75067805023,2.5,0.292984288439,0.224887556222,50,0.0282326369283,0.296732308096,23,23,23,1,0,0.478260869565,0.260869565217,0.260869565217,-4,-0.00790513833992,0.0030735568779,-0.347826086957,-0.333333333333,-0.558823529412,-0.103594663639,0.00845827117993,0.01084603802,-0.254084694347,-0.00332405462089,-4.70543948805e-05,-0.231152107885,-0.0225883594769,0.00141163184641,0.00148674587145,7.1220258688e-05,0,0.0030735568779,0.00148674587145,0,0.0335376744468,0.0361050664818,4,0.00225861095426,-0.0364123250487,0,0.0434782608696,-0.0434782608696,83,1,5,417,0.943181818182,0.997607655502,0.00239234449761,0.0568181818182,0.988095238095,0.943181818182,0.96511627907,0.958354216501,0.940789473684,0.932584269663,5,9,0,10,5,10
745,WLNM_dir_neg_kfold,0.891975308642,0.69708994709,00:00:01,10,90,3,17348,threshold_sweep,0.7,0.8,0.444444444444,0.571428571429,4,1,5,17,0.444444444444,0.944444444444,0.0555555555556,0.555555555556,0.8,0.444444444444,0.571428571429,0.777777777778,0.604938271605,0.4375,0.471939903724,0.388888888889,94,85,9,0,94,0,85,0,9,23,88,0.173913043478,1.68507579377,7.65217391304,7.33333333333,5.5,3.63829000359,0.475458352741,0.249505928854,5.32278271304,1.39118184545,0.672924901186,3.27042079462,0.854769071322,0.442687747036,0.749191304359,0.444603920564,2.5,1.68507579377,0.749191304359,2.5,0.259446613992,0.18878248974,46,0.025974025974,0.333144633145,23,23,23,1,0,0.478260869565,0.217391304348,0.304347826087,23,0.156126482213,1.6766798419,6.86956521739,6.58333333333,4.9375,3.13780971418,0.456769768519,0.246560264172,4.70807900371,1.37070654538,0.668134287287,3.01249046708,0.877054186617,0.465602641717,0.744273675988,0.443897312647,2.5,1.6766798419,0.744273675988,2.5,0.223424050697,0.141608391608,27,0.0152456239413,0.290834165834,23,23,23,1,0,0.478260869565,0.217391304348,0.304347826087,23,84,0.166007905138,1.68814935065,7.30434782609,7,4.94117647059,3.53469533995,0.483916623921,0.260351966874,5.0686980187,1.38785779083,0.672877846791,3.03926868674,0.832180711845,0.444099378882,0.75067805023,0.444675140823,2.5,1.68814935065,0.75067805023,2.5,0.292984288439,0.224887556222,50,0.0282326369283,0.296732308096,23,23,23,1,0,0.478260869565,0.260869565217,0.260869565217,-4,-0.00790513833992,0.0030735568779,-0.347826086957,-0.333333333333,-0.558823529412,-0.103594663639,0.00845827117993,0.01084603802,-0.254084694347,-0.00332405462089,-4.70543948805e-05,-0.231152107885,-0.0225883594769,0.00141163184641,0.00148674587145,7.1220258688e-05,0,0.0030735568779,0.00148674587145,0,0.0335376744468,0.0361050664818,4,0.00225861095426,-0.0364123250487,0,0.0434782608696,-0.0434782608696,83,1,5,417,0.943181818182,0.997607655502,0.00239234449761,0.0568181818182,0.988095238095,0.943181818182,0.96511627907,0.958354216501,0.940789473684,0.932584269663,5,9,0,10,5,10
746,WLNM_dir_neg_kfold,0.891975308642,0.69708994709,00:00:01,10,90,3,17348,threshold_sweep,0.8,0.8,0.444444444444,0.571428571429,4,1,5,17,0.444444444444,0.944444444444,0.0555555555556,0.555555555556,0.8,0.444444444444,0.571428571429,0.777777777778,0.604938271605,0.4375,0.471939903724,0.388888888889,94,85,9,0,94,0,85,0,9,23,88,0.173913043478,1.68507579377,7.65217391304,7.33333333333,5.5,3.63829000359,0.475458352741,0.249505928854,5.32278271304,1.39118184545,0.672924901186,3.27042079462,0.854769071322,0.442687747036,0.749191304359,0.444603920564,2.5,1.68507579377,0.749191304359,2.5,0.259446613992,0.18878248974,46,0.025974025974,0.333144633145,23,23,23,1,0,0.478260869565,0.217391304348,0.304347826087,23,0.156126482213,1.6766798419,6.86956521739,6.58333333333,4.9375,3.13780971418,0.456769768519,0.246560264172,4.70807900371,1.37070654538,0.668134287287,3.01249046708,0.877054186617,0.465602641717,0.744273675988,0.443897312647,2.5,1.6766798419,0.744273675988,2.5,0.223424050697,0.141608391608,27,0.0152456239413,0.290834165834,23,23,23,1,0,0.478260869565,0.217391304348,0.304347826087,23,84,0.166007905138,1.68814935065,7.30434782609,7,4.94117647059,3.53469533995,0.483916623921,0.260351966874,5.0686980187,1.38785779083,0.672877846791,3.03926868674,0.832180711845,0.444099378882,0.75067805023,0.444675140823,2.5,1.68814935065,0.75067805023,2.5,0.292984288439,0.224887556222,50,0.0282326369283,0.296732308096,23,23,23,1,0,0.478260869565,0.260869565217,0.260869565217,-4,-0.00790513833992,0.0030735568779,-0.347826086957,-0.333333333333,-0.558823529412,-0.103594663639,0.00845827117993,0.01084603802,-0.254084694347,-0.00332405462089,-4.70543948805e-05,-0.231152107885,-0.0225883594769,0.00141163184641,0.00148674587145,7.1220258688e-05,0,0.0030735568779,0.00148674587145,0,0.0335376744468,0.0361050664818,4,0.00225861095426,-0.0364123250487,0,0.0434782608696,-0.0434782608696,83,1,5,417,0.943181818182,0.997607655502,0.00239234449761,0.0568181818182,0.988095238095,0.943181818182,0.96511627907,0.958354216501,0.940789473684,0.932584269663,5,9,0,10,5,10
747,WLNM_dir_neg_kfold,0.891975308642,0.69708994709,00:00:01,10,90,3,17348,threshold_sweep,0.9,0.8,0.444444444444,0.571428571429,4,1,5,17,0.444444444444,0.944444444444,0.0555555555556,0.555555555556,0.8,0.444444444444,0.571428571429,0.777777777778,0.604938271605,0.4375,0.471939903724,0.388888888889,94,85,9,0,94,0,85,0,9,23,88,0.173913043478,1.68507579377,7.65217391304,7.33333333333,5.5,3.63829000359,0.475458352741,0.249505928854,5.32278271304,1.39118184545,0.672924901186,3.27042079462,0.854769071322,0.442687747036,0.749191304359,0.444603920564,2.5,1.68507579377,0.749191304359,2.5,0.259446613992,0.18878248974,46,0.025974025974,0.333144633145,23,23,23,1,0,0.478260869565,0.217391304348,0.304347826087,23,0.156126482213,1.6766798419,6.86956521739,6.58333333333,4.9375,3.13780971418,0.456769768519,0.246560264172,4.70807900371,1.37070654538,0.668134287287,3.01249046708,0.877054186617,0.465602641717,0.744273675988,0.443897312647,2.5,1.6766798419,0.744273675988,2.5,0.223424050697,0.141608391608,27,0.0152456239413,0.290834165834,23,23,23,1,0,0.478260869565,0.217391304348,0.304347826087,23,84,0.166007905138,1.68814935065,7.30434782609,7,4.94117647059,3.53469533995,0.483916623921,0.260351966874,5.0686980187,1.38785779083,0.672877846791,3.03926868674,0.832180711845,0.444099378882,0.75067805023,0.444675140823,2.5,1.68814935065,0.75067805023,2.5,0.292984288439,0.224887556222,50,0.0282326369283,0.296732308096,23,23,23,1,0,0.478260869565,0.260869565217,0.260869565217,-4,-0.00790513833992,0.0030735568779,-0.347826086957,-0.333333333333,-0.558823529412,-0.103594663639,0.00845827117993,0.01084603802,-0.254084694347,-0.00332405462089,-4.70543948805e-05,-0.231152107885,-0.0225883594769,0.00141163184641,0.00148674587145,7.1220258688e-05,0,0.0030735568779,0.00148674587145,0,0.0335376744468,0.0361050664818,4,0.00225861095426,-0.0364123250487,0,0.0434782608696,-0.0434782608696,83,1,5,417,0.943181818182,0.997607655502,0.00239234449761,0.0568181818182,0.988095238095,0.943181818182,0.96511627907,0.958354216501,0.940789473684,0.932584269663,5,9,0,10,5,10
748,WLNM_dir_neg_kfold,0.953703703704,0.708333333333,00:00:01,10,90,4,17349,threshold_sweep,0.1,1,0.333333333333,0.5,3,0,6,18,0.333333333333,1,0,0.666666666667,1,0.333333333333,0.5,0.777777777778,0.62962962963,0.4,0.5,0.333333333333,94,85,9,0,94,0,85,0,9,23,88,0.173913043478,1.68507579377,7.65217391304,7.33333333333,5.5,3.63829000359,0.475458352741,0.249505928854,5.32278271304,1.39118184545,0.672924901186,3.27042079462,0.854769071322,0.442687747036,0.749191304359,0.444603920564,2.5,1.68507579377,0.749191304359,2.5,0.259446613992,0.18878248974,46,0.025974025974,0.333144633145,23,23,23,1,0,0.478260869565,0.217391304348,0.304347826087,23,0.156126482213,1.6766798419,6.86956521739,6.58333333333,4.9375,3.13780971418,0.456769768519,0.246560264172,4.70807900371,1.37070654538,0.668134287287,3.01249046708,0.877054186617,0.465602641717,0.744273675988,0.443897312647,2.5,1.6766798419,0.744273675988,2.5,0.223424050697,0.141608391608,27,0.0152456239413,0.290834165834,23,23,23,1,0,0.478260869565,0.217391304348,0.304347826087,23,82,0.162055335968,1.67802089215,7.13043478261,6.83333333333,5.125,3.40192923643,0.477099831938,0.257688229056,4.96191025309,1.39175531489,0.677624602333,3.07225245998,0.861729348532,0.460233297985,0.745266613988,0.444134287883,2.5,1.67802089215,0.745266613988,2.5,0.264570278207,0.195238095238,41,0.0231507622812,0.300858232676,23,23,23,1,0,0.478260869565,0.217391304348,0.304347826087,-6,-0.0118577075099,-0.00705490162012,-0.521739130435,-0.5,-0.375,-0.236360767161,0.00164147919625,0.00818230020245,-0.360872459957,0.000573469435485,0.00469970114721,-0.198168334643,0.0069602772092,0.0175455509496,-0.00392469037079,-0.000469632681557,0,-0.00705490162012,-0.00392469037079,0,0.00512366421457,0.00645560549801,-5,-0.00282326369283,-0.0322864004682,0,0,0,82,0,6,418,0.931818181818,1,0,0.0681818181818,1,0.931818181818,0.964705882353,0.958452959446,0.931818181818,0.931818181818,3,9,0,10,5,10
749,WLNM_dir_neg_kfold,0.953703703704,0.708333333333,00:00:01,10,90,4,17349,threshold_sweep,0.2,1,0.333333333333,0.5,3,0,6,18,0.333333333333,1,0,0.666666666667,1,0.333333333333,0.5,0.777777777778,0.62962962963,0.4,0.5,0.333333333333,94,85,9,0,94,0,85,0,9,23,88,0.173913043478,1.68507579377,7.65217391304,7.33333333333,5.5,3.63829000359,0.475458352741,0.249505928854,5.32278271304,1.39118184545,0.672924901186,3.27042079462,0.854769071322,0.442687747036,0.749191304359,0.444603920564,2.5,1.68507579377,0.749191304359,2.5,0.259446613992,0.18878248974,46,0.025974025974,0.333144633145,23,23,23,1,0,0.478260869565,0.217391304348,0.304347826087,23,0.156126482213,1.6766798419,6.86956521739,6.58333333333,4.9375,3.13780971418,0.456769768519,0.246560264172,4.70807900371,1.37070654538,0.668134287287,3.01249046708,0.877054186617,0.465602641717,0.744273675988,0.443897312647,2.5,1.6766798419,0.744273675988,2.5,0.223424050697,0.141608391608,27,0.0152456239413,0.290834165834,23,23,23,1,0,0.478260869565,0.217391304348,0.304347826087,23,82,0.162055335968,1.67802089215,7.13043478261,6.83333333333,5.125,3.40192923643,0.477099831938,0.257688229056,4.96191025309,1.39175531489,0.677624602333,3.07225245998,0.861729348532,0.460233297985,0.745266613988,0.444134287883,2.5,1.67802089215,0.745266613988,2.5,0.264570278207,0.195238095238,41,0.0231507622812,0.300858232676,23,23,23,1,0,0.478260869565,0.217391304348,0.304347826087,-6,-0.0118577075099,-0.00705490162012,-0.521739130435,-0.5,-0.375,-0.236360767161,0.00164147919625,0.00818230020245,-0.360872459957,0.000573469435485,0.00469970114721,-0.198168334643,0.0069602772092,0.0175455509496,-0.00392469037079,-0.000469632681557,0,-0.00705490162012,-0.00392469037079,0,0.00512366421457,0.00645560549801,-5,-0.00282326369283,-0.0322864004682,0,0,0,82,0,6,418,0.931818181818,1,0,0.0681818181818,1,0.931818181818,0.964705882353,0.958452959446,0.931818181818,0.931818181818,3,9,0,10,5,10
750,WLNM_dir_neg_kfold,0.953703703704,0.708333333333,00:00:01,10,90,4,17349,threshold_sweep,0.3,1,0.333333333333,0.5,3,0,6,18,0.333333333333,1,0,0.666666666667,1,0.333333333333,0.5,0.777777777778,0.62962962963,0.4,0.5,0.333333333333,94,85,9,0,94,0,85,0,9,23,88,0.173913043478,1.68507579377,7.65217391304,7.33333333333,5.5,3.63829000359,0.475458352741,0.249505928854,5.32278271304,1.39118184545,0.672924901186,3.27042079462,0.854769071322,0.442687747036,0.749191304359,0.444603920564,2.5,1.68507579377,0.749191304359,2.5,0.259446613992,0.18878248974,46,0.025974025974,0.333144633145,23,23,23,1,0,0.478260869565,0.217391304348,0.304347826087,23,0.156126482213,1.6766798419,6.86956521739,6.58333333333,4.9375,3.13780971418,0.456769768519,0.246560264172,4.70807900371,1.37070654538,0.668134287287,3.01249046708,0.877054186617,0.465602641717,0.744273675988,0.443897312647,2.5,1.6766798419,0.744273675988,2.5,0.223424050697,0.141608391608,27,0.0152456239413,0.290834165834,23,23,23,1,0,0.478260869565,0.217391304348,0.304347826087,23,82,0.162055335968,1.67802089215,7.13043478261,6.83333333333,5.125,3.40192923643,0.477099831938,0.257688229056,4.96191025309,1.39175531489,0.677624602333,3.07225245998,0.861729348532,0.460233297985,0.745266613988,0.444134287883,2.5,1.67802089215,0.745266613988,2.5,0.264570278207,0.195238095238,41,0.0231507622812,0.300858232676,23,23,23,1,0,0.478260869565,0.217391304348,0.304347826087,-6,-0.0118577075099,-0.00705490162012,-0.521739130435,-0.5,-0.375,-0.236360767161,0.00164147919625,0.00818230020245,-0.360872459957,0.000573469435485,0.00469970114721,-0.198168334643,0.0069602772092,0.0175455509496,-0.00392469037079,-0.000469632681557,0,-0.00705490162012,-0.00392469037079,0,0.00512366421457,0.00645560549801,-5,-0.00282326369283,-0.0322864004682,0,0,0,82,0,6,418,0.931818181818,1,0,0.0681818181818,1,0.931818181818,0.964705882353,0.958452959446,0.931818181818,0.931818181818,3,9,0,10,5,10
751,WLNM_dir_neg_kfold,0.953703703704,0.708333333333,00:00:01,10,90,4,17349,threshold_sweep,0.4,1,0.333333333333,0.5,3,0,6,18,0.333333333333,1,0,0.666666666667,1,0.333333333333,0.5,0.777777777778,0.62962962963,0.4,0.5,0.333333333333,94,85,9,0,94,0,85,0,9,23,88,0.173913043478,1.68507579377,7.65217391304,7.33333333333,5.5,3.63829000359,0.475458352741,0.249505928854,5.32278271304,1.39118184545,0.672924901186,3.27042079462,0.854769071322,0.442687747036,0.749191304359,0.444603920564,2.5,1.68507579377,0.749191304359,2.5,0.259446613992,0.18878248974,46,0.025974025974,0.333144633145,23,23,23,1,0,0.478260869565,0.217391304348,0.304347826087,23,0.156126482213,1.6766798419,6.86956521739,6.58333333333,4.9375,3.13780971418,0.456769768519,0.246560264172,4.70807900371,1.37070654538,0.668134287287,3.01249046708,0.877054186617,0.465602641717,0.744273675988,0.443897312647,2.5,1.6766798419,0.744273675988,2.5,0.223424050697,0.141608391608,27,0.0152456239413,0.290834165834,23,23,23,1,0,0.478260869565,0.217391304348,0.304347826087,23,82,0.162055335968,1.67802089215,7.13043478261,6.83333333333,5.125,3.40192923643,0.477099831938,0.257688229056,4.96191025309,1.39175531489,0.677624602333,3.07225245998,0.861729348532,0.460233297985,0.745266613988,0.444134287883,2.5,1.67802089215,0.745266613988,2.5,0.264570278207,0.195238095238,41,0.0231507622812,0.300858232676,23,23,23,1,0,0.478260869565,0.217391304348,0.304347826087,-6,-0.0118577075099,-0.00705490162012,-0.521739130435,-0.5,-0.375,-0.236360767161,0.00164147919625,0.00818230020245,-0.360872459957,0.000573469435485,0.00469970114721,-0.198168334643,0.0069602772092,0.0175455509496,-0.00392469037079,-0.000469632681557,0,-0.00705490162012,-0.00392469037079,0,0.00512366421457,0.00645560549801,-5,-0.00282326369283,-0.0322864004682,0,0,0,82,0,6,418,0.931818181818,1,0,0.0681818181818,1,0.931818181818,0.964705882353,0.958452959446,0.931818181818,0.931818181818,3,9,0,10,5,10
752,WLNM_dir_neg_kfold,0.953703703704,0.708333333333,00:00:01,10,90,4,17349,threshold_sweep,0.5,1,0.333333333333,0.5,3,0,6,18,0.333333333333,1,0,0.666666666667,1,0.333333333333,0.5,0.777777777778,0.62962962963,0.4,0.5,0.333333333333,94,85,9,0,94,0,85,0,9,23,88,0.173913043478,1.68507579377,7.65217391304,7.33333333333,5.5,3.63829000359,0.475458352741,0.249505928854,5.32278271304,1.39118184545,0.672924901186,3.27042079462,0.854769071322,0.442687747036,0.749191304359,0.444603920564,2.5,1.68507579377,0.749191304359,2.5,0.259446613992,0.18878248974,46,0.025974025974,0.333144633145,23,23,23,1,0,0.478260869565,0.217391304348,0.304347826087,23,0.156126482213,1.6766798419,6.86956521739,6.58333333333,4.9375,3.13780971418,0.456769768519,0.246560264172,4.70807900371,1.37070654538,0.668134287287,3.01249046708,0.877054186617,0.465602641717,0.744273675988,0.443897312647,2.5,1.6766798419,0.744273675988,2.5,0.223424050697,0.141608391608,27,0.0152456239413,0.290834165834,23,23,23,1,0,0.478260869565,0.217391304348,0.304347826087,23,82,0.162055335968,1.67802089215,7.13043478261,6.83333333333,5.125,3.40192923643,0.477099831938,0.257688229056,4.96191025309,1.39175531489,0.677624602333,3.07225245998,0.861729348532,0.460233297985,0.745266613988,0.444134287883,2.5,1.67802089215,0.745266613988,2.5,0.264570278207,0.195238095238,41,0.0231507622812,0.300858232676,23,23,23,1,0,0.478260869565,0.217391304348,0.304347826087,-6,-0.0118577075099,-0.00705490162012,-0.521739130435,-0.5,-0.375,-0.236360767161,0.00164147919625,0.00818230020245,-0.360872459957,0.000573469435485,0.00469970114721,-0.198168334643,0.0069602772092,0.0175455509496,-0.00392469037079,-0.000469632681557,0,-0.00705490162012,-0.00392469037079,0,0.00512366421457,0.00645560549801,-5,-0.00282326369283,-0.0322864004682,0,0,0,82,0,6,418,0.931818181818,1,0,0.0681818181818,1,0.931818181818,0.964705882353,0.958452959446,0.931818181818,0.931818181818,3,9,0,10,5,10
753,WLNM_dir_neg_kfold,0.953703703704,0.708333333333,00:00:01,10,90,4,17349,threshold_sweep,0.6,1,0.333333333333,0.5,3,0,6,18,0.333333333333,1,0,0.666666666667,1,0.333333333333,0.5,0.777777777778,0.62962962963,0.4,0.5,0.333333333333,94,85,9,0,94,0,85,0,9,23,88,0.173913043478,1.68507579377,7.65217391304,7.33333333333,5.5,3.63829000359,0.475458352741,0.249505928854,5.32278271304,1.39118184545,0.672924901186,3.27042079462,0.854769071322,0.442687747036,0.749191304359,0.444603920564,2.5,1.68507579377,0.749191304359,2.5,0.259446613992,0.18878248974,46,0.025974025974,0.333144633145,23,23,23,1,0,0.478260869565,0.217391304348,0.304347826087,23,0.156126482213,1.6766798419,6.86956521739,6.58333333333,4.9375,3.13780971418,0.456769768519,0.246560264172,4.70807900371,1.37070654538,0.668134287287,3.01249046708,0.877054186617,0.465602641717,0.744273675988,0.443897312647,2.5,1.6766798419,0.744273675988,2.5,0.223424050697,0.141608391608,27,0.0152456239413,0.290834165834,23,23,23,1,0,0.478260869565,0.217391304348,0.304347826087,23,82,0.162055335968,1.67802089215,7.13043478261,6.83333333333,5.125,3.40192923643,0.477099831938,0.257688229056,4.96191025309,1.39175531489,0.677624602333,3.07225245998,0.861729348532,0.460233297985,0.745266613988,0.444134287883,2.5,1.67802089215,0.745266613988,2.5,0.264570278207,0.195238095238,41,0.0231507622812,0.300858232676,23,23,23,1,0,0.478260869565,0.217391304348,0.304347826087,-6,-0.0118577075099,-0.00705490162012,-0.521739130435,-0.5,-0.375,-0.236360767161,0.00164147919625,0.00818230020245,-0.360872459957,0.000573469435485,0.00469970114721,-0.198168334643,0.0069602772092,0.0175455509496,-0.00392469037079,-0.000469632681557,0,-0.00705490162012,-0.00392469037079,0,0.00512366421457,0.00645560549801,-5,-0.00282326369283,-0.0322864004682,0,0,0,82,0,6,418,0.931818181818,1,0,0.0681818181818,1,0.931818181818,0.964705882353,0.958452959446,0.931818181818,0.931818181818,3,9,0,10,5,10
754,WLNM_dir_neg_kfold,0.953703703704,0.708333333333,00:00:01,10,90,4,17349,threshold_sweep,0.7,1,0.333333333333,0.5,3,0,6,18,0.333333333333,1,0,0.666666666667,1,0.333333333333,0.5,0.777777777778,0.62962962963,0.4,0.5,0.333333333333,94,85,9,0,94,0,85,0,9,23,88,0.173913043478,1.68507579377,7.65217391304,7.33333333333,5.5,3.63829000359,0.475458352741,0.249505928854,5.32278271304,1.39118184545,0.672924901186,3.27042079462,0.854769071322,0.442687747036,0.749191304359,0.444603920564,2.5,1.68507579377,0.749191304359,2.5,0.259446613992,0.18878248974,46,0.025974025974,0.333144633145,23,23,23,1,0,0.478260869565,0.217391304348,0.304347826087,23,0.156126482213,1.6766798419,6.86956521739,6.58333333333,4.9375,3.13780971418,0.456769768519,0.246560264172,4.70807900371,1.37070654538,0.668134287287,3.01249046708,0.877054186617,0.465602641717,0.744273675988,0.443897312647,2.5,1.6766798419,0.744273675988,2.5,0.223424050697,0.141608391608,27,0.0152456239413,0.290834165834,23,23,23,1,0,0.478260869565,0.217391304348,0.304347826087,23,82,0.162055335968,1.67802089215,7.13043478261,6.83333333333,5.125,3.40192923643,0.477099831938,0.257688229056,4.96191025309,1.39175531489,0.677624602333,3.07225245998,0.861729348532,0.460233297985,0.745266613988,0.444134287883,2.5,1.67802089215,0.745266613988,2.5,0.264570278207,0.195238095238,41,0.0231507622812,0.300858232676,23,23,23,1,0,0.478260869565,0.217391304348,0.304347826087,-6,-0.0118577075099,-0.00705490162012,-0.521739130435,-0.5,-0.375,-0.236360767161,0.00164147919625,0.00818230020245,-0.360872459957,0.000573469435485,0.00469970114721,-0.198168334643,0.0069602772092,0.0175455509496,-0.00392469037079,-0.000469632681557,0,-0.00705490162012,-0.00392469037079,0,0.00512366421457,0.00645560549801,-5,-0.00282326369283,-0.0322864004682,0,0,0,82,0,6,418,0.931818181818,1,0,0.0681818181818,1,0.931818181818,0.964705882353,0.958452959446,0.931818181818,0.931818181818,3,9,0,10,5,10
755,WLNM_dir_neg_kfold,0.953703703704,0.708333333333,00:00:01,10,90,4,17349,threshold_sweep,0.8,1,0.333333333333,0.5,3,0,6,18,0.333333333333,1,0,0.666666666667,1,0.333333333333,0.5,0.777777777778,0.62962962963,0.4,0.5,0.333333333333,94,85,9,0,94,0,85,0,9,23,88,0.173913043478,1.68507579377,7.65217391304,7.33333333333,5.5,3.63829000359,0.475458352741,0.249505928854,5.32278271304,1.39118184545,0.672924901186,3.27042079462,0.854769071322,0.442687747036,0.749191304359,0.444603920564,2.5,1.68507579377,0.749191304359,2.5,0.259446613992,0.18878248974,46,0.025974025974,0.333144633145,23,23,23,1,0,0.478260869565,0.217391304348,0.304347826087,23,0.156126482213,1.6766798419,6.86956521739,6.58333333333,4.9375,3.13780971418,0.456769768519,0.246560264172,4.70807900371,1.37070654538,0.668134287287,3.01249046708,0.877054186617,0.465602641717,0.744273675988,0.443897312647,2.5,1.6766798419,0.744273675988,2.5,0.223424050697,0.141608391608,27,0.0152456239413,0.290834165834,23,23,23,1,0,0.478260869565,0.217391304348,0.304347826087,23,82,0.162055335968,1.67802089215,7.13043478261,6.83333333333,5.125,3.40192923643,0.477099831938,0.257688229056,4.96191025309,1.39175531489,0.677624602333,3.07225245998,0.861729348532,0.460233297985,0.745266613988,0.444134287883,2.5,1.67802089215,0.745266613988,2.5,0.264570278207,0.195238095238,41,0.0231507622812,0.300858232676,23,23,23,1,0,0.478260869565,0.217391304348,0.304347826087,-6,-0.0118577075099,-0.00705490162012,-0.521739130435,-0.5,-0.375,-0.236360767161,0.00164147919625,0.00818230020245,-0.360872459957,0.000573469435485,0.00469970114721,-0.198168334643,0.0069602772092,0.0175455509496,-0.00392469037079,-0.000469632681557,0,-0.00705490162012,-0.00392469037079,0,0.00512366421457,0.00645560549801,-5,-0.00282326369283,-0.0322864004682,0,0,0,82,0,6,418,0.931818181818,1,0,0.0681818181818,1,0.931818181818,0.964705882353,0.958452959446,0.931818181818,0.931818181818,3,9,0,10,5,10
756,WLNM_dir_neg_kfold,0.953703703704,0.708333333333,00:00:01,10,90,4,17349,threshold_sweep,0.9,1,0.333333333333,0.5,3,0,6,18,0.333333333333,1,0,0.666666666667,1,0.333333333333,0.5,0.777777777778,0.62962962963,0.4,0.5,0.333333333333,94,85,9,0,94,0,85,0,9,23,88,0.173913043478,1.68507579377,7.65217391304,7.33333333333,5.5,3.63829000359,0.475458352741,0.249505928854,5.32278271304,1.39118184545,0.672924901186,3.27042079462,0.854769071322,0.442687747036,0.749191304359,0.444603920564,2.5,1.68507579377,0.749191304359,2.5,0.259446613992,0.18878248974,46,0.025974025974,0.333144633145,23,23,23,1,0,0.478260869565,0.217391304348,0.304347826087,23,0.156126482213,1.6766798419,6.86956521739,6.58333333333,4.9375,3.13780971418,0.456769768519,0.246560264172,4.70807900371,1.37070654538,0.668134287287,3.01249046708,0.877054186617,0.465602641717,0.744273675988,0.443897312647,2.5,1.6766798419,0.744273675988,2.5,0.223424050697,0.141608391608,27,0.0152456239413,0.290834165834,23,23,23,1,0,0.478260869565,0.217391304348,0.304347826087,23,82,0.162055335968,1.67802089215,7.13043478261,6.83333333333,5.125,3.40192923643,0.477099831938,0.257688229056,4.96191025309,1.39175531489,0.677624602333,3.07225245998,0.861729348532,0.460233297985,0.745266613988,0.444134287883,2.5,1.67802089215,0.745266613988,2.5,0.264570278207,0.195238095238,41,0.0231507622812,0.300858232676,23,23,23,1,0,0.478260869565,0.217391304348,0.304347826087,-6,-0.0118577075099,-0.00705490162012,-0.521739130435,-0.5,-0.375,-0.236360767161,0.00164147919625,0.00818230020245,-0.360872459957,0.000573469435485,0.00469970114721,-0.198168334643,0.0069602772092,0.0175455509496,-0.00392469037079,-0.000469632681557,0,-0.00705490162012,-0.00392469037079,0,0.00512366421457,0.00645560549801,-5,-0.00282326369283,-0.0322864004682,0,0,0,82,0,6,418,0.931818181818,1,0,0.0681818181818,1,0.931818181818,0.964705882353,0.958452959446,0.931818181818,0.931818181818,3,9,0,10,5,10
757,WLNM_dir_neg_kfold,0.907407407407,0.591366966367,00:00:01,10,90,5,17350,threshold_sweep,0.1,1,0.222222222222,0.363636363636,2,0,7,18,0.222222222222,1,0,0.777777777778,1,0.222222222222,0.363636363636,0.740740740741,0.641975308642,0.275862068966,0.4,0.222222222222,94,85,9,0,94,0,85,0,9,23,88,0.173913043478,1.68507579377,7.65217391304,7.33333333333,5.5,3.63829000359,0.475458352741,0.249505928854,5.32278271304,1.39118184545,0.672924901186,3.27042079462,0.854769071322,0.442687747036,0.749191304359,0.444603920564,2.5,1.68507579377,0.749191304359,2.5,0.259446613992,0.18878248974,46,0.025974025974,0.333144633145,23,23,23,1,0,0.478260869565,0.217391304348,0.304347826087,23,0.156126482213,1.6766798419,6.86956521739,6.58333333333,4.9375,3.13780971418,0.456769768519,0.246560264172,4.70807900371,1.37070654538,0.668134287287,3.01249046708,0.877054186617,0.465602641717,0.744273675988,0.443897312647,2.5,1.6766798419,0.744273675988,2.5,0.223424050697,0.141608391608,27,0.0152456239413,0.290834165834,23,23,23,1,0,0.478260869565,0.217391304348,0.304347826087,23,81,0.160079051383,1.6754129928,7.04347826087,6.75,5.0625,3.26800273825,0.463975697406,0.250670960816,4.86984753558,1.38279621381,0.674181427805,3.1023387837,0.880911012656,0.468062265164,0.743385570572,0.443702880284,2.5,1.6754129928,0.743385570572,2.5,0.231968031968,0.153212520593,31,0.0175042348955,0.303716485535,23,23,23,1,0,0.478260869565,0.217391304348,0.304347826087,-7,-0.0138339920949,-0.00966280096715,-0.608695652174,-0.583333333333,-0.4375,-0.370287265333,-0.011482655335,0.00116503196213,-0.452935177467,-0.00838563164886,0.00125652661885,-0.168082010924,0.0261419413334,0.0253745181281,-0.00580573378703,-0.000901040280744,0,-0.00966280096715,-0.00580573378703,0,-0.027478582024,-0.035569969147,-15,-0.00846979107849,-0.02942814761,0,0,0,81,0,7,418,0.920454545455,1,0,0.0795454545455,1,0.920454545455,0.958579881657,0.951469451768,0.920454545455,0.920454545455,2,9,0,10,5,10
758,WLNM_dir_neg_kfold,0.907407407407,0.591366966367,00:00:01,10,90,5,17350,threshold_sweep,0.2,1,0.222222222222,0.363636363636,2,0,7,18,0.222222222222,1,0,0.777777777778,1,0.222222222222,0.363636363636,0.740740740741,0.641975308642,0.275862068966,0.4,0.222222222222,94,85,9,0,94,0,85,0,9,23,88,0.173913043478,1.68507579377,7.65217391304,7.33333333333,5.5,3.63829000359,0.475458352741,0.249505928854,5.32278271304,1.39118184545,0.672924901186,3.27042079462,0.854769071322,0.442687747036,0.749191304359,0.444603920564,2.5,1.68507579377,0.749191304359,2.5,0.259446613992,0.18878248974,46,0.025974025974,0.333144633145,23,23,23,1,0,0.478260869565,0.217391304348,0.304347826087,23,0.156126482213,1.6766798419,6.86956521739,6.58333333333,4.9375,3.13780971418,0.456769768519,0.246560264172,4.70807900371,1.37070654538,0.668134287287,3.01249046708,0.877054186617,0.465602641717,0.744273675988,0.443897312647,2.5,1.6766798419,0.744273675988,2.5,0.223424050697,0.141608391608,27,0.0152456239413,0.290834165834,23,23,23,1,0,0.478260869565,0.217391304348,0.304347826087,23,81,0.160079051383,1.6754129928,7.04347826087,6.75,5.0625,3.26800273825,0.463975697406,0.250670960816,4.86984753558,1.38279621381,0.674181427805,3.1023387837,0.880911012656,0.468062265164,0.743385570572,0.443702880284,2.5,1.6754129928,0.743385570572,2.5,0.231968031968,0.153212520593,31,0.0175042348955,0.303716485535,23,23,23,1,0,0.478260869565,0.217391304348,0.304347826087,-7,-0.0138339920949,-0.00966280096715,-0.608695652174,-0.583333333333,-0.4375,-0.370287265333,-0.011482655335,0.00116503196213,-0.452935177467,-0.00838563164886,0.00125652661885,-0.168082010924,0.0261419413334,0.0253745181281,-0.00580573378703,-0.000901040280744,0,-0.00966280096715,-0.00580573378703,0,-0.027478582024,-0.035569969147,-15,-0.00846979107849,-0.02942814761,0,0,0,81,0,7,418,0.920454545455,1,0,0.0795454545455,1,0.920454545455,0.958579881657,0.951469451768,0.920454545455,0.920454545455,2,9,0,10,5,10
759,WLNM_dir_neg_kfold,0.907407407407,0.591366966367,00:00:01,10,90,5,17350,threshold_sweep,0.3,1,0.222222222222,0.363636363636,2,0,7,18,0.222222222222,1,0,0.777777777778,1,0.222222222222,0.363636363636,0.740740740741,0.641975308642,0.275862068966,0.4,0.222222222222,94,85,9,0,94,0,85,0,9,23,88,0.173913043478,1.68507579377,7.65217391304,7.33333333333,5.5,3.63829000359,0.475458352741,0.249505928854,5.32278271304,1.39118184545,0.672924901186,3.27042079462,0.854769071322,0.442687747036,0.749191304359,0.444603920564,2.5,1.68507579377,0.749191304359,2.5,0.259446613992,0.18878248974,46,0.025974025974,0.333144633145,23,23,23,1,0,0.478260869565,0.217391304348,0.304347826087,23,0.156126482213,1.6766798419,6.86956521739,6.58333333333,4.9375,3.13780971418,0.456769768519,0.246560264172,4.70807900371,1.37070654538,0.668134287287,3.01249046708,0.877054186617,0.465602641717,0.744273675988,0.443897312647,2.5,1.6766798419,0.744273675988,2.5,0.223424050697,0.141608391608,27,0.0152456239413,0.290834165834,23,23,23,1,0,0.478260869565,0.217391304348,0.304347826087,23,81,0.160079051383,1.6754129928,7.04347826087,6.75,5.0625,3.26800273825,0.463975697406,0.250670960816,4.86984753558,1.38279621381,0.674181427805,3.1023387837,0.880911012656,0.468062265164,0.743385570572,0.443702880284,2.5,1.6754129928,0.743385570572,2.5,0.231968031968,0.153212520593,31,0.0175042348955,0.303716485535,23,23,23,1,0,0.478260869565,0.217391304348,0.304347826087,-7,-0.0138339920949,-0.00966280096715,-0.608695652174,-0.583333333333,-0.4375,-0.370287265333,-0.011482655335,0.00116503196213,-0.452935177467,-0.00838563164886,0.00125652661885,-0.168082010924,0.0261419413334,0.0253745181281,-0.00580573378703,-0.000901040280744,0,-0.00966280096715,-0.00580573378703,0,-0.027478582024,-0.035569969147,-15,-0.00846979107849,-0.02942814761,0,0,0,81,0,7,418,0.920454545455,1,0,0.0795454545455,1,0.920454545455,0.958579881657,0.951469451768,0.920454545455,0.920454545455,2,9,0,10,5,10
760,WLNM_dir_neg_kfold,0.907407407407,0.591366966367,00:00:01,10,90,5,17350,threshold_sweep,0.4,1,0.222222222222,0.363636363636,2,0,7,18,0.222222222222,1,0,0.777777777778,1,0.222222222222,0.363636363636,0.740740740741,0.641975308642,0.275862068966,0.4,0.222222222222,94,85,9,0,94,0,85,0,9,23,88,0.173913043478,1.68507579377,7.65217391304,7.33333333333,5.5,3.63829000359,0.475458352741,0.249505928854,5.32278271304,1.39118184545,0.672924901186,3.27042079462,0.854769071322,0.442687747036,0.749191304359,0.444603920564,2.5,1.68507579377,0.749191304359,2.5,0.259446613992,0.18878248974,46,0.025974025974,0.333144633145,23,23,23,1,0,0.478260869565,0.217391304348,0.304347826087,23,0.156126482213,1.6766798419,6.86956521739,6.58333333333,4.9375,3.13780971418,0.456769768519,0.246560264172,4.70807900371,1.37070654538,0.668134287287,3.01249046708,0.877054186617,0.465602641717,0.744273675988,0.443897312647,2.5,1.6766798419,0.744273675988,2.5,0.223424050697,0.141608391608,27,0.0152456239413,0.290834165834,23,23,23,1,0,0.478260869565,0.217391304348,0.304347826087,23,81,0.160079051383,1.6754129928,7.04347826087,6.75,5.0625,3.26800273825,0.463975697406,0.250670960816,4.86984753558,1.38279621381,0.674181427805,3.1023387837,0.880911012656,0.468062265164,0.743385570572,0.443702880284,2.5,1.6754129928,0.743385570572,2.5,0.231968031968,0.153212520593,31,0.0175042348955,0.303716485535,23,23,23,1,0,0.478260869565,0.217391304348,0.304347826087,-7,-0.0138339920949,-0.00966280096715,-0.608695652174,-0.583333333333,-0.4375,-0.370287265333,-0.011482655335,0.00116503196213,-0.452935177467,-0.00838563164886,0.00125652661885,-0.168082010924,0.0261419413334,0.0253745181281,-0.00580573378703,-0.000901040280744,0,-0.00966280096715,-0.00580573378703,0,-0.027478582024,-0.035569969147,-15,-0.00846979107849,-0.02942814761,0,0,0,81,0,7,418,0.920454545455,1,0,0.0795454545455,1,0.920454545455,0.958579881657,0.951469451768,0.920454545455,0.920454545455,2,9,0,10,5,10
761,WLNM_dir_neg_kfold,0.907407407407,0.591366966367,00:00:01,10,90,5,17350,threshold_sweep,0.5,1,0.222222222222,0.363636363636,2,0,7,18,0.222222222222,1,0,0.777777777778,1,0.222222222222,0.363636363636,0.740740740741,0.641975308642,0.275862068966,0.4,0.222222222222,94,85,9,0,94,0,85,0,9,23,88,0.173913043478,1.68507579377,7.65217391304,7.33333333333,5.5,3.63829000359,0.475458352741,0.249505928854,5.32278271304,1.39118184545,0.672924901186,3.27042079462,0.854769071322,0.442687747036,0.749191304359,0.444603920564,2.5,1.68507579377,0.749191304359,2.5,0.259446613992,0.18878248974,46,0.025974025974,0.333144633145,23,23,23,1,0,0.478260869565,0.217391304348,0.304347826087,23,0.156126482213,1.6766798419,6.86956521739,6.58333333333,4.9375,3.13780971418,0.456769768519,0.246560264172,4.70807900371,1.37070654538,0.668134287287,3.01249046708,0.877054186617,0.465602641717,0.744273675988,0.443897312647,2.5,1.6766798419,0.744273675988,2.5,0.223424050697,0.141608391608,27,0.0152456239413,0.290834165834,23,23,23,1,0,0.478260869565,0.217391304348,0.304347826087,23,81,0.160079051383,1.6754129928,7.04347826087,6.75,5.0625,3.26800273825,0.463975697406,0.250670960816,4.86984753558,1.38279621381,0.674181427805,3.1023387837,0.880911012656,0.468062265164,0.743385570572,0.443702880284,2.5,1.6754129928,0.743385570572,2.5,0.231968031968,0.153212520593,31,0.0175042348955,0.303716485535,23,23,23,1,0,0.478260869565,0.217391304348,0.304347826087,-7,-0.0138339920949,-0.00966280096715,-0.608695652174,-0.583333333333,-0.4375,-0.370287265333,-0.011482655335,0.00116503196213,-0.452935177467,-0.00838563164886,0.00125652661885,-0.168082010924,0.0261419413334,0.0253745181281,-0.00580573378703,-0.000901040280744,0,-0.00966280096715,-0.00580573378703,0,-0.027478582024,-0.035569969147,-15,-0.00846979107849,-0.02942814761,0,0,0,81,0,7,418,0.920454545455,1,0,0.0795454545455,1,0.920454545455,0.958579881657,0.951469451768,0.920454545455,0.920454545455,2,9,0,10,5,10
762,WLNM_dir_neg_kfold,0.907407407407,0.591366966367,00:00:01,10,90,5,17350,threshold_sweep,0.6,1,0.222222222222,0.363636363636,2,0,7,18,0.222222222222,1,0,0.777777777778,1,0.222222222222,0.363636363636,0.740740740741,0.641975308642,0.275862068966,0.4,0.222222222222,94,85,9,0,94,0,85,0,9,23,88,0.173913043478,1.68507579377,7.65217391304,7.33333333333,5.5,3.63829000359,0.475458352741,0.249505928854,5.32278271304,1.39118184545,0.672924901186,3.27042079462,0.854769071322,0.442687747036,0.749191304359,0.444603920564,2.5,1.68507579377,0.749191304359,2.5,0.259446613992,0.18878248974,46,0.025974025974,0.333144633145,23,23,23,1,0,0.478260869565,0.217391304348,0.304347826087,23,0.156126482213,1.6766798419,6.86956521739,6.58333333333,4.9375,3.13780971418,0.456769768519,0.246560264172,4.70807900371,1.37070654538,0.668134287287,3.01249046708,0.877054186617,0.465602641717,0.744273675988,0.443897312647,2.5,1.6766798419,0.744273675988,2.5,0.223424050697,0.141608391608,27,0.0152456239413,0.290834165834,23,23,23,1,0,0.478260869565,0.217391304348,0.304347826087,23,81,0.160079051383,1.6754129928,7.04347826087,6.75,5.0625,3.26800273825,0.463975697406,0.250670960816,4.86984753558,1.38279621381,0.674181427805,3.1023387837,0.880911012656,0.468062265164,0.743385570572,0.443702880284,2.5,1.6754129928,0.743385570572,2.5,0.231968031968,0.153212520593,31,0.0175042348955,0.303716485535,23,23,23,1,0,0.478260869565,0.217391304348,0.304347826087,-7,-0.0138339920949,-0.00966280096715,-0.608695652174,-0.583333333333,-0.4375,-0.370287265333,-0.011482655335,0.00116503196213,-0.452935177467,-0.00838563164886,0.00125652661885,-0.168082010924,0.0261419413334,0.0253745181281,-0.00580573378703,-0.000901040280744,0,-0.00966280096715,-0.00580573378703,0,-0.027478582024,-0.035569969147,-15,-0.00846979107849,-0.02942814761,0,0,0,81,0,7,418,0.920454545455,1,0,0.0795454545455,1,0.920454545455,0.958579881657,0.951469451768,0.920454545455,0.920454545455,2,9,0,10,5,10
763,WLNM_dir_neg_kfold,0.907407407407,0.591366966367,00:00:01,10,90,5,17350,threshold_sweep,0.7,1,0.222222222222,0.363636363636,2,0,7,18,0.222222222222,1,0,0.777777777778,1,0.222222222222,0.363636363636,0.740740740741,0.641975308642,0.275862068966,0.4,0.222222222222,94,85,9,0,94,0,85,0,9,23,88,0.173913043478,1.68507579377,7.65217391304,7.33333333333,5.5,3.63829000359,0.475458352741,0.249505928854,5.32278271304,1.39118184545,0.672924901186,3.27042079462,0.854769071322,0.442687747036,0.749191304359,0.444603920564,2.5,1.68507579377,0.749191304359,2.5,0.259446613992,0.18878248974,46,0.025974025974,0.333144633145,23,23,23,1,0,0.478260869565,0.217391304348,0.304347826087,23,0.156126482213,1.6766798419,6.86956521739,6.58333333333,4.9375,3.13780971418,0.456769768519,0.246560264172,4.70807900371,1.37070654538,0.668134287287,3.01249046708,0.877054186617,0.465602641717,0.744273675988,0.443897312647,2.5,1.6766798419,0.744273675988,2.5,0.223424050697,0.141608391608,27,0.0152456239413,0.290834165834,23,23,23,1,0,0.478260869565,0.217391304348,0.304347826087,23,81,0.160079051383,1.6754129928,7.04347826087,6.75,5.0625,3.26800273825,0.463975697406,0.250670960816,4.86984753558,1.38279621381,0.674181427805,3.1023387837,0.880911012656,0.468062265164,0.743385570572,0.443702880284,2.5,1.6754129928,0.743385570572,2.5,0.231968031968,0.153212520593,31,0.0175042348955,0.303716485535,23,23,23,1,0,0.478260869565,0.217391304348,0.304347826087,-7,-0.0138339920949,-0.00966280096715,-0.608695652174,-0.583333333333,-0.4375,-0.370287265333,-0.011482655335,0.00116503196213,-0.452935177467,-0.00838563164886,0.00125652661885,-0.168082010924,0.0261419413334,0.0253745181281,-0.00580573378703,-0.000901040280744,0,-0.00966280096715,-0.00580573378703,0,-0.027478582024,-0.035569969147,-15,-0.00846979107849,-0.02942814761,0,0,0,81,0,7,418,0.920454545455,1,0,0.0795454545455,1,0.920454545455,0.958579881657,0.951469451768,0.920454545455,0.920454545455,2,9,0,10,5,10
764,WLNM_dir_neg_kfold,0.907407407407,0.591366966367,00:00:01,10,90,5,17350,threshold_sweep,0.8,1,0.222222222222,0.363636363636,2,0,7,18,0.222222222222,1,0,0.777777777778,1,0.222222222222,0.363636363636,0.740740740741,0.641975308642,0.275862068966,0.4,0.222222222222,94,85,9,0,94,0,85,0,9,23,88,0.173913043478,1.68507579377,7.65217391304,7.33333333333,5.5,3.63829000359,0.475458352741,0.249505928854,5.32278271304,1.39118184545,0.672924901186,3.27042079462,0.854769071322,0.442687747036,0.749191304359,0.444603920564,2.5,1.68507579377,0.749191304359,2.5,0.259446613992,0.18878248974,46,0.025974025974,0.333144633145,23,23,23,1,0,0.478260869565,0.217391304348,0.304347826087,23,0.156126482213,1.6766798419,6.86956521739,6.58333333333,4.9375,3.13780971418,0.456769768519,0.246560264172,4.70807900371,1.37070654538,0.668134287287,3.01249046708,0.877054186617,0.465602641717,0.744273675988,0.443897312647,2.5,1.6766798419,0.744273675988,2.5,0.223424050697,0.141608391608,27,0.0152456239413,0.290834165834,23,23,23,1,0,0.478260869565,0.217391304348,0.304347826087,23,81,0.160079051383,1.6754129928,7.04347826087,6.75,5.0625,3.26800273825,0.463975697406,0.250670960816,4.86984753558,1.38279621381,0.674181427805,3.1023387837,0.880911012656,0.468062265164,0.743385570572,0.443702880284,2.5,1.6754129928,0.743385570572,2.5,0.231968031968,0.153212520593,31,0.0175042348955,0.303716485535,23,23,23,1,0,0.478260869565,0.217391304348,0.304347826087,-7,-0.0138339920949,-0.00966280096715,-0.608695652174,-0.583333333333,-0.4375,-0.370287265333,-0.011482655335,0.00116503196213,-0.452935177467,-0.00838563164886,0.00125652661885,-0.168082010924,0.0261419413334,0.0253745181281,-0.00580573378703,-0.000901040280744,0,-0.00966280096715,-0.00580573378703,0,-0.027478582024,-0.035569969147,-15,-0.00846979107849,-0.02942814761,0,0,0,81,0,7,418,0.920454545455,1,0,0.0795454545455,1,0.920454545455,0.958579881657,0.951469451768,0.920454545455,0.920454545455,2,9,0,10,5,10
765,WLNM_dir_neg_kfold,0.907407407407,0.591366966367,00:00:01,10,90,5,17350,threshold_sweep,0.9,1,0.222222222222,0.363636363636,2,0,7,18,0.222222222222,1,0,0.777777777778,1,0.222222222222,0.363636363636,0.740740740741,0.641975308642,0.275862068966,0.4,0.222222222222,94,85,9,0,94,0,85,0,9,23,88,0.173913043478,1.68507579377,7.65217391304,7.33333333333,5.5,3.63829000359,0.475458352741,0.249505928854,5.32278271304,1.39118184545,0.672924901186,3.27042079462,0.854769071322,0.442687747036,0.749191304359,0.444603920564,2.5,1.68507579377,0.749191304359,2.5,0.259446613992,0.18878248974,46,0.025974025974,0.333144633145,23,23,23,1,0,0.478260869565,0.217391304348,0.304347826087,23,0.156126482213,1.6766798419,6.86956521739,6.58333333333,4.9375,3.13780971418,0.456769768519,0.246560264172,4.70807900371,1.37070654538,0.668134287287,3.01249046708,0.877054186617,0.465602641717,0.744273675988,0.443897312647,2.5,1.6766798419,0.744273675988,2.5,0.223424050697,0.141608391608,27,0.0152456239413,0.290834165834,23,23,23,1,0,0.478260869565,0.217391304348,0.304347826087,23,81,0.160079051383,1.6754129928,7.04347826087,6.75,5.0625,3.26800273825,0.463975697406,0.250670960816,4.86984753558,1.38279621381,0.674181427805,3.1023387837,0.880911012656,0.468062265164,0.743385570572,0.443702880284,2.5,1.6754129928,0.743385570572,2.5,0.231968031968,0.153212520593,31,0.0175042348955,0.303716485535,23,23,23,1,0,0.478260869565,0.217391304348,0.304347826087,-7,-0.0138339920949,-0.00966280096715,-0.608695652174,-0.583333333333,-0.4375,-0.370287265333,-0.011482655335,0.00116503196213,-0.452935177467,-0.00838563164886,0.00125652661885,-0.168082010924,0.0261419413334,0.0253745181281,-0.00580573378703,-0.000901040280744,0,-0.00966280096715,-0.00580573378703,0,-0.027478582024,-0.035569969147,-15,-0.00846979107849,-0.02942814761,0,0,0,81,0,7,418,0.920454545455,1,0,0.0795454545455,1,0.920454545455,0.958579881657,0.951469451768,0.920454545455,0.920454545455,2,9,0,10,5,10
766,WLNM_dir_neg_kfold,0.907407407407,0.589285714286,00:00:01,10,90,6,17351,threshold_sweep,0.1,1,0.333333333333,0.5,3,0,6,18,0.333333333333,1,0,0.666666666667,1,0.333333333333,0.5,0.777777777778,0.62962962963,0.4,0.5,0.333333333333,94,85,9,0,94,0,85,0,9,23,88,0.173913043478,1.68507579377,7.65217391304,7.33333333333,5.5,3.63829000359,0.475458352741,0.249505928854,5.32278271304,1.39118184545,0.672924901186,3.27042079462,0.854769071322,0.442687747036,0.749191304359,0.444603920564,2.5,1.68507579377,0.749191304359,2.5,0.259446613992,0.18878248974,46,0.025974025974,0.333144633145,23,23,23,1,0,0.478260869565,0.217391304348,0.304347826087,23,0.156126482213,1.6766798419,6.86956521739,6.58333333333,4.9375,3.13780971418,0.456769768519,0.246560264172,4.70807900371,1.37070654538,0.668134287287,3.01249046708,0.877054186617,0.465602641717,0.744273675988,0.443897312647,2.5,1.6766798419,0.744273675988,2.5,0.223424050697,0.141608391608,27,0.0152456239413,0.290834165834,23,23,23,1,0,0.478260869565,0.217391304348,0.304347826087,23,82,0.162055335968,1.68015100841,7.13043478261,6.83333333333,5.125,3.29330378228,0.461865774344,0.248144220573,4.92513116536,1.38143922931,0.672322375398,3.11632194271,0.874090301003,0.462354188759,0.745885000422,0.443939263011,2.5,1.68015100841,0.745885000422,2.5,0.227284836376,0.149517684887,31,0.0175042348955,0.304802016166,23,23,23,1,0,0.478260869565,0.217391304348,0.304347826087,-6,-0.0118577075099,-0.00492478535957,-0.521739130435,-0.5,-0.375,-0.344986221308,-0.0135925783974,-0.00136170828111,-0.397651547679,-0.00974261614497,-0.000602525788104,-0.154098851918,0.0193212296807,0.0196664417237,-0.00330630393661,-0.00066465755293,0,-0.00492478535957,-0.00330630393661,0,-0.0321617776163,-0.0392648048526,-15,-0.00846979107849,-0.028342616979,0,0,0,82,0,6,418,0.931818181818,1,0,0.0681818181818,1,0.931818181818,0.964705882353,0.958452959446,0.931818181818,0.931818181818,3,9,0,10,5,10
767,WLNM_dir_neg_kfold,0.907407407407,0.589285714286,00:00:01,10,90,6,17351,threshold_sweep,0.2,1,0.333333333333,0.5,3,0,6,18,0.333333333333,1,0,0.666666666667,1,0.333333333333,0.5,0.777777777778,0.62962962963,0.4,0.5,0.333333333333,94,85,9,0,94,0,85,0,9,23,88,0.173913043478,1.68507579377,7.65217391304,7.33333333333,5.5,3.63829000359,0.475458352741,0.249505928854,5.32278271304,1.39118184545,0.672924901186,3.27042079462,0.854769071322,0.442687747036,0.749191304359,0.444603920564,2.5,1.68507579377,0.749191304359,2.5,0.259446613992,0.18878248974,46,0.025974025974,0.333144633145,23,23,23,1,0,0.478260869565,0.217391304348,0.304347826087,23,0.156126482213,1.6766798419,6.86956521739,6.58333333333,4.9375,3.13780971418,0.456769768519,0.246560264172,4.70807900371,1.37070654538,0.668134287287,3.01249046708,0.877054186617,0.465602641717,0.744273675988,0.443897312647,2.5,1.6766798419,0.744273675988,2.5,0.223424050697,0.141608391608,27,0.0152456239413,0.290834165834,23,23,23,1,0,0.478260869565,0.217391304348,0.304347826087,23,82,0.162055335968,1.68015100841,7.13043478261,6.83333333333,5.125,3.29330378228,0.461865774344,0.248144220573,4.92513116536,1.38143922931,0.672322375398,3.11632194271,0.874090301003,0.462354188759,0.745885000422,0.443939263011,2.5,1.68015100841,0.745885000422,2.5,0.227284836376,0.149517684887,31,0.0175042348955,0.304802016166,23,23,23,1,0,0.478260869565,0.217391304348,0.304347826087,-6,-0.0118577075099,-0.00492478535957,-0.521739130435,-0.5,-0.375,-0.344986221308,-0.0135925783974,-0.00136170828111,-0.397651547679,-0.00974261614497,-0.000602525788104,-0.154098851918,0.0193212296807,0.0196664417237,-0.00330630393661,-0.00066465755293,0,-0.00492478535957,-0.00330630393661,0,-0.0321617776163,-0.0392648048526,-15,-0.00846979107849,-0.028342616979,0,0,0,82,0,6,418,0.931818181818,1,0,0.0681818181818,1,0.931818181818,0.964705882353,0.958452959446,0.931818181818,0.931818181818,3,9,0,10,5,10
768,WLNM_dir_neg_kfold,0.907407407407,0.589285714286,00:00:01,10,90,6,17351,threshold_sweep,0.3,1,0.333333333333,0.5,3,0,6,18,0.333333333333,1,0,0.666666666667,1,0.333333333333,0.5,0.777777777778,0.62962962963,0.4,0.5,0.333333333333,94,85,9,0,94,0,85,0,9,23,88,0.173913043478,1.68507579377,7.65217391304,7.33333333333,5.5,3.63829000359,0.475458352741,0.249505928854,5.32278271304,1.39118184545,0.672924901186,3.27042079462,0.854769071322,0.442687747036,0.749191304359,0.444603920564,2.5,1.68507579377,0.749191304359,2.5,0.259446613992,0.18878248974,46,0.025974025974,0.333144633145,23,23,23,1,0,0.478260869565,0.217391304348,0.304347826087,23,0.156126482213,1.6766798419,6.86956521739,6.58333333333,4.9375,3.13780971418,0.456769768519,0.246560264172,4.70807900371,1.37070654538,0.668134287287,3.01249046708,0.877054186617,0.465602641717,0.744273675988,0.443897312647,2.5,1.6766798419,0.744273675988,2.5,0.223424050697,0.141608391608,27,0.0152456239413,0.290834165834,23,23,23,1,0,0.478260869565,0.217391304348,0.304347826087,23,82,0.162055335968,1.68015100841,7.13043478261,6.83333333333,5.125,3.29330378228,0.461865774344,0.248144220573,4.92513116536,1.38143922931,0.672322375398,3.11632194271,0.874090301003,0.462354188759,0.745885000422,0.443939263011,2.5,1.68015100841,0.745885000422,2.5,0.227284836376,0.149517684887,31,0.0175042348955,0.304802016166,23,23,23,1,0,0.478260869565,0.217391304348,0.304347826087,-6,-0.0118577075099,-0.00492478535957,-0.521739130435,-0.5,-0.375,-0.344986221308,-0.0135925783974,-0.00136170828111,-0.397651547679,-0.00974261614497,-0.000602525788104,-0.154098851918,0.0193212296807,0.0196664417237,-0.00330630393661,-0.00066465755293,0,-0.00492478535957,-0.00330630393661,0,-0.0321617776163,-0.0392648048526,-15,-0.00846979107849,-0.028342616979,0,0,0,82,0,6,418,0.931818181818,1,0,0.0681818181818,1,0.931818181818,0.964705882353,0.958452959446,0.931818181818,0.931818181818,3,9,0,10,5,10
769,WLNM_dir_neg_kfold,0.907407407407,0.589285714286,00:00:01,10,90,6,17351,threshold_sweep,0.4,1,0.333333333333,0.5,3,0,6,18,0.333333333333,1,0,0.666666666667,1,0.333333333333,0.5,0.777777777778,0.62962962963,0.4,0.5,0.333333333333,94,85,9,0,94,0,85,0,9,23,88,0.173913043478,1.68507579377,7.65217391304,7.33333333333,5.5,3.63829000359,0.475458352741,0.249505928854,5.32278271304,1.39118184545,0.672924901186,3.27042079462,0.854769071322,0.442687747036,0.749191304359,0.444603920564,2.5,1.68507579377,0.749191304359,2.5,0.259446613992,0.18878248974,46,0.025974025974,0.333144633145,23,23,23,1,0,0.478260869565,0.217391304348,0.304347826087,23,0.156126482213,1.6766798419,6.86956521739,6.58333333333,4.9375,3.13780971418,0.456769768519,0.246560264172,4.70807900371,1.37070654538,0.668134287287,3.01249046708,0.877054186617,0.465602641717,0.744273675988,0.443897312647,2.5,1.6766798419,0.744273675988,2.5,0.223424050697,0.141608391608,27,0.0152456239413,0.290834165834,23,23,23,1,0,0.478260869565,0.217391304348,0.304347826087,23,82,0.162055335968,1.68015100841,7.13043478261,6.83333333333,5.125,3.29330378228,0.461865774344,0.248144220573,4.92513116536,1.38143922931,0.672322375398,3.11632194271,0.874090301003,0.462354188759,0.745885000422,0.443939263011,2.5,1.68015100841,0.745885000422,2.5,0.227284836376,0.149517684887,31,0.0175042348955,0.304802016166,23,23,23,1,0,0.478260869565,0.217391304348,0.304347826087,-6,-0.0118577075099,-0.00492478535957,-0.521739130435,-0.5,-0.375,-0.344986221308,-0.0135925783974,-0.00136170828111,-0.397651547679,-0.00974261614497,-0.000602525788104,-0.154098851918,0.0193212296807,0.0196664417237,-0.00330630393661,-0.00066465755293,0,-0.00492478535957,-0.00330630393661,0,-0.0321617776163,-0.0392648048526,-15,-0.00846979107849,-0.028342616979,0,0,0,82,0,6,418,0.931818181818,1,0,0.0681818181818,1,0.931818181818,0.964705882353,0.958452959446,0.931818181818,0.931818181818,3,9,0,10,5,10
770,WLNM_dir_neg_kfold,0.907407407407,0.589285714286,00:00:01,10,90,6,17351,threshold_sweep,0.5,1,0.333333333333,0.5,3,0,6,18,0.333333333333,1,0,0.666666666667,1,0.333333333333,0.5,0.777777777778,0.62962962963,0.4,0.5,0.333333333333,94,85,9,0,94,0,85,0,9,23,88,0.173913043478,1.68507579377,7.65217391304,7.33333333333,5.5,3.63829000359,0.475458352741,0.249505928854,5.32278271304,1.39118184545,0.672924901186,3.27042079462,0.854769071322,0.442687747036,0.749191304359,0.444603920564,2.5,1.68507579377,0.749191304359,2.5,0.259446613992,0.18878248974,46,0.025974025974,0.333144633145,23,23,23,1,0,0.478260869565,0.217391304348,0.304347826087,23,0.156126482213,1.6766798419,6.86956521739,6.58333333333,4.9375,3.13780971418,0.456769768519,0.246560264172,4.70807900371,1.37070654538,0.668134287287,3.01249046708,0.877054186617,0.465602641717,0.744273675988,0.443897312647,2.5,1.6766798419,0.744273675988,2.5,0.223424050697,0.141608391608,27,0.0152456239413,0.290834165834,23,23,23,1,0,0.478260869565,0.217391304348,0.304347826087,23,82,0.162055335968,1.68015100841,7.13043478261,6.83333333333,5.125,3.29330378228,0.461865774344,0.248144220573,4.92513116536,1.38143922931,0.672322375398,3.11632194271,0.874090301003,0.462354188759,0.745885000422,0.443939263011,2.5,1.68015100841,0.745885000422,2.5,0.227284836376,0.149517684887,31,0.0175042348955,0.304802016166,23,23,23,1,0,0.478260869565,0.217391304348,0.304347826087,-6,-0.0118577075099,-0.00492478535957,-0.521739130435,-0.5,-0.375,-0.344986221308,-0.0135925783974,-0.00136170828111,-0.397651547679,-0.00974261614497,-0.000602525788104,-0.154098851918,0.0193212296807,0.0196664417237,-0.00330630393661,-0.00066465755293,0,-0.00492478535957,-0.00330630393661,0,-0.0321617776163,-0.0392648048526,-15,-0.00846979107849,-0.028342616979,0,0,0,82,0,6,418,0.931818181818,1,0,0.0681818181818,1,0.931818181818,0.964705882353,0.958452959446,0.931818181818,0.931818181818,3,9,0,10,5,10
771,WLNM_dir_neg_kfold,0.907407407407,0.589285714286,00:00:01,10,90,6,17351,threshold_sweep,0.6,1,0.333333333333,0.5,3,0,6,18,0.333333333333,1,0,0.666666666667,1,0.333333333333,0.5,0.777777777778,0.62962962963,0.4,0.5,0.333333333333,94,85,9,0,94,0,85,0,9,23,88,0.173913043478,1.68507579377,7.65217391304,7.33333333333,5.5,3.63829000359,0.475458352741,0.249505928854,5.32278271304,1.39118184545,0.672924901186,3.27042079462,0.854769071322,0.442687747036,0.749191304359,0.444603920564,2.5,1.68507579377,0.749191304359,2.5,0.259446613992,0.18878248974,46,0.025974025974,0.333144633145,23,23,23,1,0,0.478260869565,0.217391304348,0.304347826087,23,0.156126482213,1.6766798419,6.86956521739,6.58333333333,4.9375,3.13780971418,0.456769768519,0.246560264172,4.70807900371,1.37070654538,0.668134287287,3.01249046708,0.877054186617,0.465602641717,0.744273675988,0.443897312647,2.5,1.6766798419,0.744273675988,2.5,0.223424050697,0.141608391608,27,0.0152456239413,0.290834165834,23,23,23,1,0,0.478260869565,0.217391304348,0.304347826087,23,82,0.162055335968,1.68015100841,7.13043478261,6.83333333333,5.125,3.29330378228,0.461865774344,0.248144220573,4.92513116536,1.38143922931,0.672322375398,3.11632194271,0.874090301003,0.462354188759,0.745885000422,0.443939263011,2.5,1.68015100841,0.745885000422,2.5,0.227284836376,0.149517684887,31,0.0175042348955,0.304802016166,23,23,23,1,0,0.478260869565,0.217391304348,0.304347826087,-6,-0.0118577075099,-0.00492478535957,-0.521739130435,-0.5,-0.375,-0.344986221308,-0.0135925783974,-0.00136170828111,-0.397651547679,-0.00974261614497,-0.000602525788104,-0.154098851918,0.0193212296807,0.0196664417237,-0.00330630393661,-0.00066465755293,0,-0.00492478535957,-0.00330630393661,0,-0.0321617776163,-0.0392648048526,-15,-0.00846979107849,-0.028342616979,0,0,0,82,0,6,418,0.931818181818,1,0,0.0681818181818,1,0.931818181818,0.964705882353,0.958452959446,0.931818181818,0.931818181818,3,9,0,10,5,10
772,WLNM_dir_neg_kfold,0.907407407407,0.589285714286,00:00:01,10,90,6,17351,threshold_sweep,0.7,1,0.333333333333,0.5,3,0,6,18,0.333333333333,1,0,0.666666666667,1,0.333333333333,0.5,0.777777777778,0.62962962963,0.4,0.5,0.333333333333,94,85,9,0,94,0,85,0,9,23,88,0.173913043478,1.68507579377,7.65217391304,7.33333333333,5.5,3.63829000359,0.475458352741,0.249505928854,5.32278271304,1.39118184545,0.672924901186,3.27042079462,0.854769071322,0.442687747036,0.749191304359,0.444603920564,2.5,1.68507579377,0.749191304359,2.5,0.259446613992,0.18878248974,46,0.025974025974,0.333144633145,23,23,23,1,0,0.478260869565,0.217391304348,0.304347826087,23,0.156126482213,1.6766798419,6.86956521739,6.58333333333,4.9375,3.13780971418,0.456769768519,0.246560264172,4.70807900371,1.37070654538,0.668134287287,3.01249046708,0.877054186617,0.465602641717,0.744273675988,0.443897312647,2.5,1.6766798419,0.744273675988,2.5,0.223424050697,0.141608391608,27,0.0152456239413,0.290834165834,23,23,23,1,0,0.478260869565,0.217391304348,0.304347826087,23,82,0.162055335968,1.68015100841,7.13043478261,6.83333333333,5.125,3.29330378228,0.461865774344,0.248144220573,4.92513116536,1.38143922931,0.672322375398,3.11632194271,0.874090301003,0.462354188759,0.745885000422,0.443939263011,2.5,1.68015100841,0.745885000422,2.5,0.227284836376,0.149517684887,31,0.0175042348955,0.304802016166,23,23,23,1,0,0.478260869565,0.217391304348,0.304347826087,-6,-0.0118577075099,-0.00492478535957,-0.521739130435,-0.5,-0.375,-0.344986221308,-0.0135925783974,-0.00136170828111,-0.397651547679,-0.00974261614497,-0.000602525788104,-0.154098851918,0.0193212296807,0.0196664417237,-0.00330630393661,-0.00066465755293,0,-0.00492478535957,-0.00330630393661,0,-0.0321617776163,-0.0392648048526,-15,-0.00846979107849,-0.028342616979,0,0,0,82,0,6,418,0.931818181818,1,0,0.0681818181818,1,0.931818181818,0.964705882353,0.958452959446,0.931818181818,0.931818181818,3,9,0,10,5,10
773,WLNM_dir_neg_kfold,0.907407407407,0.589285714286,00:00:01,10,90,6,17351,threshold_sweep,0.8,1,0.333333333333,0.5,3,0,6,18,0.333333333333,1,0,0.666666666667,1,0.333333333333,0.5,0.777777777778,0.62962962963,0.4,0.5,0.333333333333,94,85,9,0,94,0,85,0,9,23,88,0.173913043478,1.68507579377,7.65217391304,7.33333333333,5.5,3.63829000359,0.475458352741,0.249505928854,5.32278271304,1.39118184545,0.672924901186,3.27042079462,0.854769071322,0.442687747036,0.749191304359,0.444603920564,2.5,1.68507579377,0.749191304359,2.5,0.259446613992,0.18878248974,46,0.025974025974,0.333144633145,23,23,23,1,0,0.478260869565,0.217391304348,0.304347826087,23,0.156126482213,1.6766798419,6.86956521739,6.58333333333,4.9375,3.13780971418,0.456769768519,0.246560264172,4.70807900371,1.37070654538,0.668134287287,3.01249046708,0.877054186617,0.465602641717,0.744273675988,0.443897312647,2.5,1.6766798419,0.744273675988,2.5,0.223424050697,0.141608391608,27,0.0152456239413,0.290834165834,23,23,23,1,0,0.478260869565,0.217391304348,0.304347826087,23,82,0.162055335968,1.68015100841,7.13043478261,6.83333333333,5.125,3.29330378228,0.461865774344,0.248144220573,4.92513116536,1.38143922931,0.672322375398,3.11632194271,0.874090301003,0.462354188759,0.745885000422,0.443939263011,2.5,1.68015100841,0.745885000422,2.5,0.227284836376,0.149517684887,31,0.0175042348955,0.304802016166,23,23,23,1,0,0.478260869565,0.217391304348,0.304347826087,-6,-0.0118577075099,-0.00492478535957,-0.521739130435,-0.5,-0.375,-0.344986221308,-0.0135925783974,-0.00136170828111,-0.397651547679,-0.00974261614497,-0.000602525788104,-0.154098851918,0.0193212296807,0.0196664417237,-0.00330630393661,-0.00066465755293,0,-0.00492478535957,-0.00330630393661,0,-0.0321617776163,-0.0392648048526,-15,-0.00846979107849,-0.028342616979,0,0,0,82,0,6,418,0.931818181818,1,0,0.0681818181818,1,0.931818181818,0.964705882353,0.958452959446,0.931818181818,0.931818181818,3,9,0,10,5,10
774,WLNM_dir_neg_kfold,0.907407407407,0.589285714286,00:00:01,10,90,6,17351,threshold_sweep,0.9,1,0.333333333333,0.5,3,0,6,18,0.333333333333,1,0,0.666666666667,1,0.333333333333,0.5,0.777777777778,0.62962962963,0.4,0.5,0.333333333333,94,85,9,0,94,0,85,0,9,23,88,0.173913043478,1.68507579377,7.65217391304,7.33333333333,5.5,3.63829000359,0.475458352741,0.249505928854,5.32278271304,1.39118184545,0.672924901186,3.27042079462,0.854769071322,0.442687747036,0.749191304359,0.444603920564,2.5,1.68507579377,0.749191304359,2.5,0.259446613992,0.18878248974,46,0.025974025974,0.333144633145,23,23,23,1,0,0.478260869565,0.217391304348,0.304347826087,23,0.156126482213,1.6766798419,6.86956521739,6.58333333333,4.9375,3.13780971418,0.456769768519,0.246560264172,4.70807900371,1.37070654538,0.668134287287,3.01249046708,0.877054186617,0.465602641717,0.744273675988,0.443897312647,2.5,1.6766798419,0.744273675988,2.5,0.223424050697,0.141608391608,27,0.0152456239413,0.290834165834,23,23,23,1,0,0.478260869565,0.217391304348,0.304347826087,23,82,0.162055335968,1.68015100841,7.13043478261,6.83333333333,5.125,3.29330378228,0.461865774344,0.248144220573,4.92513116536,1.38143922931,0.672322375398,3.11632194271,0.874090301003,0.462354188759,0.745885000422,0.443939263011,2.5,1.68015100841,0.745885000422,2.5,0.227284836376,0.149517684887,31,0.0175042348955,0.304802016166,23,23,23,1,0,0.478260869565,0.217391304348,0.304347826087,-6,-0.0118577075099,-0.00492478535957,-0.521739130435,-0.5,-0.375,-0.344986221308,-0.0135925783974,-0.00136170828111,-0.397651547679,-0.00974261614497,-0.000602525788104,-0.154098851918,0.0193212296807,0.0196664417237,-0.00330630393661,-0.00066465755293,0,-0.00492478535957,-0.00330630393661,0,-0.0321617776163,-0.0392648048526,-15,-0.00846979107849,-0.028342616979,0,0,0,82,0,6,418,0.931818181818,1,0,0.0681818181818,1,0.931818181818,0.964705882353,0.958452959446,0.931818181818,0.931818181818,3,9,0,10,5,10
775,WLNM_dir_neg_kfold,0.953703703704,0.782828282828,00:00:01,10,90,7,17352,threshold_sweep,0.1,0.8,0.444444444444,0.571428571429,4,1,5,17,0.444444444444,0.944444444444,0.0555555555556,0.555555555556,0.8,0.444444444444,0.571428571429,0.777777777778,0.604938271605,0.4375,0.471939903724,0.388888888889,94,85,9,0,94,0,85,0,9,23,88,0.173913043478,1.68507579377,7.65217391304,7.33333333333,5.5,3.63829000359,0.475458352741,0.249505928854,5.32278271304,1.39118184545,0.672924901186,3.27042079462,0.854769071322,0.442687747036,0.749191304359,0.444603920564,2.5,1.68507579377,0.749191304359,2.5,0.259446613992,0.18878248974,46,0.025974025974,0.333144633145,23,23,23,1,0,0.478260869565,0.217391304348,0.304347826087,23,0.156126482213,1.6766798419,6.86956521739,6.58333333333,4.9375,3.13780971418,0.456769768519,0.246560264172,4.70807900371,1.37070654538,0.668134287287,3.01249046708,0.877054186617,0.465602641717,0.744273675988,0.443897312647,2.5,1.6766798419,0.744273675988,2.5,0.223424050697,0.141608391608,27,0.0152456239413,0.290834165834,23,23,23,1,0,0.478260869565,0.217391304348,0.304347826087,23,84,0.166007905138,2.34062287931,7.30434782609,6.46153846154,5.25,3.50888201062,0.480382656215,0.256728778468,4.98733574031,1.36558002413,0.666666666667,3.05418782021,0.836265712676,0.446169772257,1.56040909781,0.666664036996,4.80275229358,2.34062287931,1.56040909781,4.80275229358,0.258922895287,0.19040247678,41,0.0231507622812,0.256491158414,23,23,23,1,0,0.434782608696,0.260869565217,0.304347826087,-4,-0.00790513833992,0.655547085543,-0.347826086957,-0.871794871795,-0.25,-0.12940799297,0.00492430347391,0.00722284961415,-0.335446972735,-0.0256018213224,-0.0062582345191,-0.216232974417,-0.0185033586463,0.00348202522116,0.81121779345,0.222060116432,2.30275229358,0.655547085543,0.81121779345,2.30275229358,-0.000523718705537,0.0016199870401,-5,-0.00282326369283,-0.0766534747304,-0.0434782608696,0.0434782608696,0,83,1,5,417,0.943181818182,0.997607655502,0.00239234449761,0.0568181818182,0.988095238095,0.943181818182,0.96511627907,0.958354216501,0.940789473684,0.932584269663,5,9,0,10,5,10
776,WLNM_dir_neg_kfold,0.953703703704,0.782828282828,00:00:01,10,90,7,17352,threshold_sweep,0.2,0.8,0.444444444444,0.571428571429,4,1,5,17,0.444444444444,0.944444444444,0.0555555555556,0.555555555556,0.8,0.444444444444,0.571428571429,0.777777777778,0.604938271605,0.4375,0.471939903724,0.388888888889,94,85,9,0,94,0,85,0,9,23,88,0.173913043478,1.68507579377,7.65217391304,7.33333333333,5.5,3.63829000359,0.475458352741,0.249505928854,5.32278271304,1.39118184545,0.672924901186,3.27042079462,0.854769071322,0.442687747036,0.749191304359,0.444603920564,2.5,1.68507579377,0.749191304359,2.5,0.259446613992,0.18878248974,46,0.025974025974,0.333144633145,23,23,23,1,0,0.478260869565,0.217391304348,0.304347826087,23,0.156126482213,1.6766798419,6.86956521739,6.58333333333,4.9375,3.13780971418,0.456769768519,0.246560264172,4.70807900371,1.37070654538,0.668134287287,3.01249046708,0.877054186617,0.465602641717,0.744273675988,0.443897312647,2.5,1.6766798419,0.744273675988,2.5,0.223424050697,0.141608391608,27,0.0152456239413,0.290834165834,23,23,23,1,0,0.478260869565,0.217391304348,0.304347826087,23,84,0.166007905138,2.34062287931,7.30434782609,6.46153846154,5.25,3.50888201062,0.480382656215,0.256728778468,4.98733574031,1.36558002413,0.666666666667,3.05418782021,0.836265712676,0.446169772257,1.56040909781,0.666664036996,4.80275229358,2.34062287931,1.56040909781,4.80275229358,0.258922895287,0.19040247678,41,0.0231507622812,0.256491158414,23,23,23,1,0,0.434782608696,0.260869565217,0.304347826087,-4,-0.00790513833992,0.655547085543,-0.347826086957,-0.871794871795,-0.25,-0.12940799297,0.00492430347391,0.00722284961415,-0.335446972735,-0.0256018213224,-0.0062582345191,-0.216232974417,-0.0185033586463,0.00348202522116,0.81121779345,0.222060116432,2.30275229358,0.655547085543,0.81121779345,2.30275229358,-0.000523718705537,0.0016199870401,-5,-0.00282326369283,-0.0766534747304,-0.0434782608696,0.0434782608696,0,83,1,5,417,0.943181818182,0.997607655502,0.00239234449761,0.0568181818182,0.988095238095,0.943181818182,0.96511627907,0.958354216501,0.940789473684,0.932584269663,5,9,0,10,5,10
777,WLNM_dir_neg_kfold,0.953703703704,0.782828282828,00:00:01,10,90,7,17352,threshold_sweep,0.3,0.8,0.444444444444,0.571428571429,4,1,5,17,0.444444444444,0.944444444444,0.0555555555556,0.555555555556,0.8,0.444444444444,0.571428571429,0.777777777778,0.604938271605,0.4375,0.471939903724,0.388888888889,94,85,9,0,94,0,85,0,9,23,88,0.173913043478,1.68507579377,7.65217391304,7.33333333333,5.5,3.63829000359,0.475458352741,0.249505928854,5.32278271304,1.39118184545,0.672924901186,3.27042079462,0.854769071322,0.442687747036,0.749191304359,0.444603920564,2.5,1.68507579377,0.749191304359,2.5,0.259446613992,0.18878248974,46,0.025974025974,0.333144633145,23,23,23,1,0,0.478260869565,0.217391304348,0.304347826087,23,0.156126482213,1.6766798419,6.86956521739,6.58333333333,4.9375,3.13780971418,0.456769768519,0.246560264172,4.70807900371,1.37070654538,0.668134287287,3.01249046708,0.877054186617,0.465602641717,0.744273675988,0.443897312647,2.5,1.6766798419,0.744273675988,2.5,0.223424050697,0.141608391608,27,0.0152456239413,0.290834165834,23,23,23,1,0,0.478260869565,0.217391304348,0.304347826087,23,84,0.166007905138,2.34062287931,7.30434782609,6.46153846154,5.25,3.50888201062,0.480382656215,0.256728778468,4.98733574031,1.36558002413,0.666666666667,3.05418782021,0.836265712676,0.446169772257,1.56040909781,0.666664036996,4.80275229358,2.34062287931,1.56040909781,4.80275229358,0.258922895287,0.19040247678,41,0.0231507622812,0.256491158414,23,23,23,1,0,0.434782608696,0.260869565217,0.304347826087,-4,-0.00790513833992,0.655547085543,-0.347826086957,-0.871794871795,-0.25,-0.12940799297,0.00492430347391,0.00722284961415,-0.335446972735,-0.0256018213224,-0.0062582345191,-0.216232974417,-0.0185033586463,0.00348202522116,0.81121779345,0.222060116432,2.30275229358,0.655547085543,0.81121779345,2.30275229358,-0.000523718705537,0.0016199870401,-5,-0.00282326369283,-0.0766534747304,-0.0434782608696,0.0434782608696,0,83,1,5,417,0.943181818182,0.997607655502,0.00239234449761,0.0568181818182,0.988095238095,0.943181818182,0.96511627907,0.958354216501,0.940789473684,0.932584269663,5,9,0,10,5,10
778,WLNM_dir_neg_kfold,0.953703703704,0.782828282828,00:00:01,10,90,7,17352,threshold_sweep,0.4,0.8,0.444444444444,0.571428571429,4,1,5,17,0.444444444444,0.944444444444,0.0555555555556,0.555555555556,0.8,0.444444444444,0.571428571429,0.777777777778,0.604938271605,0.4375,0.471939903724,0.388888888889,94,85,9,0,94,0,85,0,9,23,88,0.173913043478,1.68507579377,7.65217391304,7.33333333333,5.5,3.63829000359,0.475458352741,0.249505928854,5.32278271304,1.39118184545,0.672924901186,3.27042079462,0.854769071322,0.442687747036,0.749191304359,0.444603920564,2.5,1.68507579377,0.749191304359,2.5,0.259446613992,0.18878248974,46,0.025974025974,0.333144633145,23,23,23,1,0,0.478260869565,0.217391304348,0.304347826087,23,0.156126482213,1.6766798419,6.86956521739,6.58333333333,4.9375,3.13780971418,0.456769768519,0.246560264172,4.70807900371,1.37070654538,0.668134287287,3.01249046708,0.877054186617,0.465602641717,0.744273675988,0.443897312647,2.5,1.6766798419,0.744273675988,2.5,0.223424050697,0.141608391608,27,0.0152456239413,0.290834165834,23,23,23,1,0,0.478260869565,0.217391304348,0.304347826087,23,84,0.166007905138,2.34062287931,7.30434782609,6.46153846154,5.25,3.50888201062,0.480382656215,0.256728778468,4.98733574031,1.36558002413,0.666666666667,3.05418782021,0.836265712676,0.446169772257,1.56040909781,0.666664036996,4.80275229358,2.34062287931,1.56040909781,4.80275229358,0.258922895287,0.19040247678,41,0.0231507622812,0.256491158414,23,23,23,1,0,0.434782608696,0.260869565217,0.304347826087,-4,-0.00790513833992,0.655547085543,-0.347826086957,-0.871794871795,-0.25,-0.12940799297,0.00492430347391,0.00722284961415,-0.335446972735,-0.0256018213224,-0.0062582345191,-0.216232974417,-0.0185033586463,0.00348202522116,0.81121779345,0.222060116432,2.30275229358,0.655547085543,0.81121779345,2.30275229358,-0.000523718705537,0.0016199870401,-5,-0.00282326369283,-0.0766534747304,-0.0434782608696,0.0434782608696,0,83,1,5,417,0.943181818182,0.997607655502,0.00239234449761,0.0568181818182,0.988095238095,0.943181818182,0.96511627907,0.958354216501,0.940789473684,0.932584269663,5,9,0,10,5,10
779,WLNM_dir_neg_kfold,0.953703703704,0.782828282828,00:00:01,10,90,7,17352,threshold_sweep,0.5,0.8,0.444444444444,0.571428571429,4,1,5,17,0.444444444444,0.944444444444,0.0555555555556,0.555555555556,0.8,0.444444444444,0.571428571429,0.777777777778,0.604938271605,0.4375,0.471939903724,0.388888888889,94,85,9,0,94,0,85,0,9,23,88,0.173913043478,1.68507579377,7.65217391304,7.33333333333,5.5,3.63829000359,0.475458352741,0.249505928854,5.32278271304,1.39118184545,0.672924901186,3.27042079462,0.854769071322,0.442687747036,0.749191304359,0.444603920564,2.5,1.68507579377,0.749191304359,2.5,0.259446613992,0.18878248974,46,0.025974025974,0.333144633145,23,23,23,1,0,0.478260869565,0.217391304348,0.304347826087,23,0.156126482213,1.6766798419,6.86956521739,6.58333333333,4.9375,3.13780971418,0.456769768519,0.246560264172,4.70807900371,1.37070654538,0.668134287287,3.01249046708,0.877054186617,0.465602641717,0.744273675988,0.443897312647,2.5,1.6766798419,0.744273675988,2.5,0.223424050697,0.141608391608,27,0.0152456239413,0.290834165834,23,23,23,1,0,0.478260869565,0.217391304348,0.304347826087,23,84,0.166007905138,2.34062287931,7.30434782609,6.46153846154,5.25,3.50888201062,0.480382656215,0.256728778468,4.98733574031,1.36558002413,0.666666666667,3.05418782021,0.836265712676,0.446169772257,1.56040909781,0.666664036996,4.80275229358,2.34062287931,1.56040909781,4.80275229358,0.258922895287,0.19040247678,41,0.0231507622812,0.256491158414,23,23,23,1,0,0.434782608696,0.260869565217,0.304347826087,-4,-0.00790513833992,0.655547085543,-0.347826086957,-0.871794871795,-0.25,-0.12940799297,0.00492430347391,0.00722284961415,-0.335446972735,-0.0256018213224,-0.0062582345191,-0.216232974417,-0.0185033586463,0.00348202522116,0.81121779345,0.222060116432,2.30275229358,0.655547085543,0.81121779345,2.30275229358,-0.000523718705537,0.0016199870401,-5,-0.00282326369283,-0.0766534747304,-0.0434782608696,0.0434782608696,0,83,1,5,417,0.943181818182,0.997607655502,0.00239234449761,0.0568181818182,0.988095238095,0.943181818182,0.96511627907,0.958354216501,0.940789473684,0.932584269663,5,9,0,10,5,10
780,WLNM_dir_neg_kfold,0.953703703704,0.782828282828,00:00:01,10,90,7,17352,threshold_sweep,0.6,0.8,0.444444444444,0.571428571429,4,1,5,17,0.444444444444,0.944444444444,0.0555555555556,0.555555555556,0.8,0.444444444444,0.571428571429,0.777777777778,0.604938271605,0.4375,0.471939903724,0.388888888889,94,85,9,0,94,0,85,0,9,23,88,0.173913043478,1.68507579377,7.65217391304,7.33333333333,5.5,3.63829000359,0.475458352741,0.249505928854,5.32278271304,1.39118184545,0.672924901186,3.27042079462,0.854769071322,0.442687747036,0.749191304359,0.444603920564,2.5,1.68507579377,0.749191304359,2.5,0.259446613992,0.18878248974,46,0.025974025974,0.333144633145,23,23,23,1,0,0.478260869565,0.217391304348,0.304347826087,23,0.156126482213,1.6766798419,6.86956521739,6.58333333333,4.9375,3.13780971418,0.456769768519,0.246560264172,4.70807900371,1.37070654538,0.668134287287,3.01249046708,0.877054186617,0.465602641717,0.744273675988,0.443897312647,2.5,1.6766798419,0.744273675988,2.5,0.223424050697,0.141608391608,27,0.0152456239413,0.290834165834,23,23,23,1,0,0.478260869565,0.217391304348,0.304347826087,23,84,0.166007905138,2.34062287931,7.30434782609,6.46153846154,5.25,3.50888201062,0.480382656215,0.256728778468,4.98733574031,1.36558002413,0.666666666667,3.05418782021,0.836265712676,0.446169772257,1.56040909781,0.666664036996,4.80275229358,2.34062287931,1.56040909781,4.80275229358,0.258922895287,0.19040247678,41,0.0231507622812,0.256491158414,23,23,23,1,0,0.434782608696,0.260869565217,0.304347826087,-4,-0.00790513833992,0.655547085543,-0.347826086957,-0.871794871795,-0.25,-0.12940799297,0.00492430347391,0.00722284961415,-0.335446972735,-0.0256018213224,-0.0062582345191,-0.216232974417,-0.0185033586463,0.00348202522116,0.81121779345,0.222060116432,2.30275229358,0.655547085543,0.81121779345,2.30275229358,-0.000523718705537,0.0016199870401,-5,-0.00282326369283,-0.0766534747304,-0.0434782608696,0.0434782608696,0,83,1,5,417,0.943181818182,0.997607655502,0.00239234449761,0.0568181818182,0.988095238095,0.943181818182,0.96511627907,0.958354216501,0.940789473684,0.932584269663,5,9,0,10,5,10
781,WLNM_dir_neg_kfold,0.953703703704,0.782828282828,00:00:01,10,90,7,17352,threshold_sweep,0.7,0.8,0.444444444444,0.571428571429,4,1,5,17,0.444444444444,0.944444444444,0.0555555555556,0.555555555556,0.8,0.444444444444,0.571428571429,0.777777777778,0.604938271605,0.4375,0.471939903724,0.388888888889,94,85,9,0,94,0,85,0,9,23,88,0.173913043478,1.68507579377,7.65217391304,7.33333333333,5.5,3.63829000359,0.475458352741,0.249505928854,5.32278271304,1.39118184545,0.672924901186,3.27042079462,0.854769071322,0.442687747036,0.749191304359,0.444603920564,2.5,1.68507579377,0.749191304359,2.5,0.259446613992,0.18878248974,46,0.025974025974,0.333144633145,23,23,23,1,0,0.478260869565,0.217391304348,0.304347826087,23,0.156126482213,1.6766798419,6.86956521739,6.58333333333,4.9375,3.13780971418,0.456769768519,0.246560264172,4.70807900371,1.37070654538,0.668134287287,3.01249046708,0.877054186617,0.465602641717,0.744273675988,0.443897312647,2.5,1.6766798419,0.744273675988,2.5,0.223424050697,0.141608391608,27,0.0152456239413,0.290834165834,23,23,23,1,0,0.478260869565,0.217391304348,0.304347826087,23,84,0.166007905138,2.34062287931,7.30434782609,6.46153846154,5.25,3.50888201062,0.480382656215,0.256728778468,4.98733574031,1.36558002413,0.666666666667,3.05418782021,0.836265712676,0.446169772257,1.56040909781,0.666664036996,4.80275229358,2.34062287931,1.56040909781,4.80275229358,0.258922895287,0.19040247678,41,0.0231507622812,0.256491158414,23,23,23,1,0,0.434782608696,0.260869565217,0.304347826087,-4,-0.00790513833992,0.655547085543,-0.347826086957,-0.871794871795,-0.25,-0.12940799297,0.00492430347391,0.00722284961415,-0.335446972735,-0.0256018213224,-0.0062582345191,-0.216232974417,-0.0185033586463,0.00348202522116,0.81121779345,0.222060116432,2.30275229358,0.655547085543,0.81121779345,2.30275229358,-0.000523718705537,0.0016199870401,-5,-0.00282326369283,-0.0766534747304,-0.0434782608696,0.0434782608696,0,83,1,5,417,0.943181818182,0.997607655502,0.00239234449761,0.0568181818182,0.988095238095,0.943181818182,0.96511627907,0.958354216501,0.940789473684,0.932584269663,5,9,0,10,5,10
782,WLNM_dir_neg_kfold,0.953703703704,0.782828282828,00:00:01,10,90,7,17352,threshold_sweep,0.8,0.8,0.444444444444,0.571428571429,4,1,5,17,0.444444444444,0.944444444444,0.0555555555556,0.555555555556,0.8,0.444444444444,0.571428571429,0.777777777778,0.604938271605,0.4375,0.471939903724,0.388888888889,94,85,9,0,94,0,85,0,9,23,88,0.173913043478,1.68507579377,7.65217391304,7.33333333333,5.5,3.63829000359,0.475458352741,0.249505928854,5.32278271304,1.39118184545,0.672924901186,3.27042079462,0.854769071322,0.442687747036,0.749191304359,0.444603920564,2.5,1.68507579377,0.749191304359,2.5,0.259446613992,0.18878248974,46,0.025974025974,0.333144633145,23,23,23,1,0,0.478260869565,0.217391304348,0.304347826087,23,0.156126482213,1.6766798419,6.86956521739,6.58333333333,4.9375,3.13780971418,0.456769768519,0.246560264172,4.70807900371,1.37070654538,0.668134287287,3.01249046708,0.877054186617,0.465602641717,0.744273675988,0.443897312647,2.5,1.6766798419,0.744273675988,2.5,0.223424050697,0.141608391608,27,0.0152456239413,0.290834165834,23,23,23,1,0,0.478260869565,0.217391304348,0.304347826087,23,84,0.166007905138,2.34062287931,7.30434782609,6.46153846154,5.25,3.50888201062,0.480382656215,0.256728778468,4.98733574031,1.36558002413,0.666666666667,3.05418782021,0.836265712676,0.446169772257,1.56040909781,0.666664036996,4.80275229358,2.34062287931,1.56040909781,4.80275229358,0.258922895287,0.19040247678,41,0.0231507622812,0.256491158414,23,23,23,1,0,0.434782608696,0.260869565217,0.304347826087,-4,-0.00790513833992,0.655547085543,-0.347826086957,-0.871794871795,-0.25,-0.12940799297,0.00492430347391,0.00722284961415,-0.335446972735,-0.0256018213224,-0.0062582345191,-0.216232974417,-0.0185033586463,0.00348202522116,0.81121779345,0.222060116432,2.30275229358,0.655547085543,0.81121779345,2.30275229358,-0.000523718705537,0.0016199870401,-5,-0.00282326369283,-0.0766534747304,-0.0434782608696,0.0434782608696,0,83,1,5,417,0.943181818182,0.997607655502,0.00239234449761,0.0568181818182,0.988095238095,0.943181818182,0.96511627907,0.958354216501,0.940789473684,0.932584269663,5,9,0,10,5,10
783,WLNM_dir_neg_kfold,0.953703703704,0.782828282828,00:00:01,10,90,7,17352,threshold_sweep,0.9,0.8,0.444444444444,0.571428571429,4,1,5,17,0.444444444444,0.944444444444,0.0555555555556,0.555555555556,0.8,0.444444444444,0.571428571429,0.777777777778,0.604938271605,0.4375,0.471939903724,0.388888888889,94,85,9,0,94,0,85,0,9,23,88,0.173913043478,1.68507579377,7.65217391304,7.33333333333,5.5,3.63829000359,0.475458352741,0.249505928854,5.32278271304,1.39118184545,0.672924901186,3.27042079462,0.854769071322,0.442687747036,0.749191304359,0.444603920564,2.5,1.68507579377,0.749191304359,2.5,0.259446613992,0.18878248974,46,0.025974025974,0.333144633145,23,23,23,1,0,0.478260869565,0.217391304348,0.304347826087,23,0.156126482213,1.6766798419,6.86956521739,6.58333333333,4.9375,3.13780971418,0.456769768519,0.246560264172,4.70807900371,1.37070654538,0.668134287287,3.01249046708,0.877054186617,0.465602641717,0.744273675988,0.443897312647,2.5,1.6766798419,0.744273675988,2.5,0.223424050697,0.141608391608,27,0.0152456239413,0.290834165834,23,23,23,1,0,0.478260869565,0.217391304348,0.304347826087,23,84,0.166007905138,2.34062287931,7.30434782609,6.46153846154,5.25,3.50888201062,0.480382656215,0.256728778468,4.98733574031,1.36558002413,0.666666666667,3.05418782021,0.836265712676,0.446169772257,1.56040909781,0.666664036996,4.80275229358,2.34062287931,1.56040909781,4.80275229358,0.258922895287,0.19040247678,41,0.0231507622812,0.256491158414,23,23,23,1,0,0.434782608696,0.260869565217,0.304347826087,-4,-0.00790513833992,0.655547085543,-0.347826086957,-0.871794871795,-0.25,-0.12940799297,0.00492430347391,0.00722284961415,-0.335446972735,-0.0256018213224,-0.0062582345191,-0.216232974417,-0.0185033586463,0.00348202522116,0.81121779345,0.222060116432,2.30275229358,0.655547085543,0.81121779345,2.30275229358,-0.000523718705537,0.0016199870401,-5,-0.00282326369283,-0.0766534747304,-0.0434782608696,0.0434782608696,0,83,1,5,417,0.943181818182,0.997607655502,0.00239234449761,0.0568181818182,0.988095238095,0.943181818182,0.96511627907,0.958354216501,0.940789473684,0.932584269663,5,9,0,10,5,10
784,WLNM_dir_neg_kfold,0.762345679012,0.447222222222,00:00:01,10,90,8,17353,threshold_sweep,0.1,0.8,0.444444444444,0.571428571429,4,1,5,17,0.444444444444,0.944444444444,0.0555555555556,0.555555555556,0.8,0.444444444444,0.571428571429,0.777777777778,0.604938271605,0.4375,0.471939903724,0.388888888889,94,85,9,0,94,0,85,0,9,23,88,0.173913043478,1.68507579377,7.65217391304,7.33333333333,5.5,3.63829000359,0.475458352741,0.249505928854,5.32278271304,1.39118184545,0.672924901186,3.27042079462,0.854769071322,0.442687747036,0.749191304359,0.444603920564,2.5,1.68507579377,0.749191304359,2.5,0.259446613992,0.18878248974,46,0.025974025974,0.333144633145,23,23,23,1,0,0.478260869565,0.217391304348,0.304347826087,23,0.156126482213,1.6766798419,6.86956521739,6.58333333333,4.9375,3.13780971418,0.456769768519,0.246560264172,4.70807900371,1.37070654538,0.668134287287,3.01249046708,0.877054186617,0.465602641717,0.744273675988,0.443897312647,2.5,1.6766798419,0.744273675988,2.5,0.223424050697,0.141608391608,27,0.0152456239413,0.290834165834,23,23,23,1,0,0.478260869565,0.217391304348,0.304347826087,23,84,0.166007905138,1.68814935065,7.30434782609,7,4.94117647059,3.53469533995,0.483916623921,0.260351966874,5.0686980187,1.38785779083,0.672877846791,3.03926868674,0.832180711845,0.444099378882,0.75067805023,0.444675140823,2.5,1.68814935065,0.75067805023,2.5,0.292984288439,0.224887556222,50,0.0282326369283,0.296732308096,23,23,23,1,0,0.478260869565,0.260869565217,0.260869565217,-4,-0.00790513833992,0.0030735568779,-0.347826086957,-0.333333333333,-0.558823529412,-0.103594663639,0.00845827117993,0.01084603802,-0.254084694347,-0.00332405462089,-4.70543948805e-05,-0.231152107885,-0.0225883594769,0.00141163184641,0.00148674587145,7.1220258688e-05,0,0.0030735568779,0.00148674587145,0,0.0335376744468,0.0361050664818,4,0.00225861095426,-0.0364123250487,0,0.0434782608696,-0.0434782608696,83,1,5,417,0.943181818182,0.997607655502,0.00239234449761,0.0568181818182,0.988095238095,0.943181818182,0.96511627907,0.958354216501,0.940789473684,0.932584269663,5,9,0,10,5,10
785,WLNM_dir_neg_kfold,0.762345679012,0.447222222222,00:00:01,10,90,8,17353,threshold_sweep,0.2,0.8,0.444444444444,0.571428571429,4,1,5,17,0.444444444444,0.944444444444,0.0555555555556,0.555555555556,0.8,0.444444444444,0.571428571429,0.777777777778,0.604938271605,0.4375,0.471939903724,0.388888888889,94,85,9,0,94,0,85,0,9,23,88,0.173913043478,1.68507579377,7.65217391304,7.33333333333,5.5,3.63829000359,0.475458352741,0.249505928854,5.32278271304,1.39118184545,0.672924901186,3.27042079462,0.854769071322,0.442687747036,0.749191304359,0.444603920564,2.5,1.68507579377,0.749191304359,2.5,0.259446613992,0.18878248974,46,0.025974025974,0.333144633145,23,23,23,1,0,0.478260869565,0.217391304348,0.304347826087,23,0.156126482213,1.6766798419,6.86956521739,6.58333333333,4.9375,3.13780971418,0.456769768519,0.246560264172,4.70807900371,1.37070654538,0.668134287287,3.01249046708,0.877054186617,0.465602641717,0.744273675988,0.443897312647,2.5,1.6766798419,0.744273675988,2.5,0.223424050697,0.141608391608,27,0.0152456239413,0.290834165834,23,23,23,1,0,0.478260869565,0.217391304348,0.304347826087,23,84,0.166007905138,1.68814935065,7.30434782609,7,4.94117647059,3.53469533995,0.483916623921,0.260351966874,5.0686980187,1.38785779083,0.672877846791,3.03926868674,0.832180711845,0.444099378882,0.75067805023,0.444675140823,2.5,1.68814935065,0.75067805023,2.5,0.292984288439,0.224887556222,50,0.0282326369283,0.296732308096,23,23,23,1,0,0.478260869565,0.260869565217,0.260869565217,-4,-0.00790513833992,0.0030735568779,-0.347826086957,-0.333333333333,-0.558823529412,-0.103594663639,0.00845827117993,0.01084603802,-0.254084694347,-0.00332405462089,-4.70543948805e-05,-0.231152107885,-0.0225883594769,0.00141163184641,0.00148674587145,7.1220258688e-05,0,0.0030735568779,0.00148674587145,0,0.0335376744468,0.0361050664818,4,0.00225861095426,-0.0364123250487,0,0.0434782608696,-0.0434782608696,83,1,5,417,0.943181818182,0.997607655502,0.00239234449761,0.0568181818182,0.988095238095,0.943181818182,0.96511627907,0.958354216501,0.940789473684,0.932584269663,5,9,0,10,5,10
786,WLNM_dir_neg_kfold,0.762345679012,0.447222222222,00:00:01,10,90,8,17353,threshold_sweep,0.3,0.8,0.444444444444,0.571428571429,4,1,5,17,0.444444444444,0.944444444444,0.0555555555556,0.555555555556,0.8,0.444444444444,0.571428571429,0.777777777778,0.604938271605,0.4375,0.471939903724,0.388888888889,94,85,9,0,94,0,85,0,9,23,88,0.173913043478,1.68507579377,7.65217391304,7.33333333333,5.5,3.63829000359,0.475458352741,0.249505928854,5.32278271304,1.39118184545,0.672924901186,3.27042079462,0.854769071322,0.442687747036,0.749191304359,0.444603920564,2.5,1.68507579377,0.749191304359,2.5,0.259446613992,0.18878248974,46,0.025974025974,0.333144633145,23,23,23,1,0,0.478260869565,0.217391304348,0.304347826087,23,0.156126482213,1.6766798419,6.86956521739,6.58333333333,4.9375,3.13780971418,0.456769768519,0.246560264172,4.70807900371,1.37070654538,0.668134287287,3.01249046708,0.877054186617,0.465602641717,0.744273675988,0.443897312647,2.5,1.6766798419,0.744273675988,2.5,0.223424050697,0.141608391608,27,0.0152456239413,0.290834165834,23,23,23,1,0,0.478260869565,0.217391304348,0.304347826087,23,84,0.166007905138,1.68814935065,7.30434782609,7,4.94117647059,3.53469533995,0.483916623921,0.260351966874,5.0686980187,1.38785779083,0.672877846791,3.03926868674,0.832180711845,0.444099378882,0.75067805023,0.444675140823,2.5,1.68814935065,0.75067805023,2.5,0.292984288439,0.224887556222,50,0.0282326369283,0.296732308096,23,23,23,1,0,0.478260869565,0.260869565217,0.260869565217,-4,-0.00790513833992,0.0030735568779,-0.347826086957,-0.333333333333,-0.558823529412,-0.103594663639,0.00845827117993,0.01084603802,-0.254084694347,-0.00332405462089,-4.70543948805e-05,-0.231152107885,-0.0225883594769,0.00141163184641,0.00148674587145,7.1220258688e-05,0,0.0030735568779,0.00148674587145,0,0.0335376744468,0.0361050664818,4,0.00225861095426,-0.0364123250487,0,0.0434782608696,-0.0434782608696,83,1,5,417,0.943181818182,0.997607655502,0.00239234449761,0.0568181818182,0.988095238095,0.943181818182,0.96511627907,0.958354216501,0.940789473684,0.932584269663,5,9,0,10,5,10
787,WLNM_dir_neg_kfold,0.762345679012,0.447222222222,00:00:01,10,90,8,17353,threshold_sweep,0.4,0.8,0.444444444444,0.571428571429,4,1,5,17,0.444444444444,0.944444444444,0.0555555555556,0.555555555556,0.8,0.444444444444,0.571428571429,0.777777777778,0.604938271605,0.4375,0.471939903724,0.388888888889,94,85,9,0,94,0,85,0,9,23,88,0.173913043478,1.68507579377,7.65217391304,7.33333333333,5.5,3.63829000359,0.475458352741,0.249505928854,5.32278271304,1.39118184545,0.672924901186,3.27042079462,0.854769071322,0.442687747036,0.749191304359,0.444603920564,2.5,1.68507579377,0.749191304359,2.5,0.259446613992,0.18878248974,46,0.025974025974,0.333144633145,23,23,23,1,0,0.478260869565,0.217391304348,0.304347826087,23,0.156126482213,1.6766798419,6.86956521739,6.58333333333,4.9375,3.13780971418,0.456769768519,0.246560264172,4.70807900371,1.37070654538,0.668134287287,3.01249046708,0.877054186617,0.465602641717,0.744273675988,0.443897312647,2.5,1.6766798419,0.744273675988,2.5,0.223424050697,0.141608391608,27,0.0152456239413,0.290834165834,23,23,23,1,0,0.478260869565,0.217391304348,0.304347826087,23,84,0.166007905138,1.68814935065,7.30434782609,7,4.94117647059,3.53469533995,0.483916623921,0.260351966874,5.0686980187,1.38785779083,0.672877846791,3.03926868674,0.832180711845,0.444099378882,0.75067805023,0.444675140823,2.5,1.68814935065,0.75067805023,2.5,0.292984288439,0.224887556222,50,0.0282326369283,0.296732308096,23,23,23,1,0,0.478260869565,0.260869565217,0.260869565217,-4,-0.00790513833992,0.0030735568779,-0.347826086957,-0.333333333333,-0.558823529412,-0.103594663639,0.00845827117993,0.01084603802,-0.254084694347,-0.00332405462089,-4.70543948805e-05,-0.231152107885,-0.0225883594769,0.00141163184641,0.00148674587145,7.1220258688e-05,0,0.0030735568779,0.00148674587145,0,0.0335376744468,0.0361050664818,4,0.00225861095426,-0.0364123250487,0,0.0434782608696,-0.0434782608696,83,1,5,417,0.943181818182,0.997607655502,0.00239234449761,0.0568181818182,0.988095238095,0.943181818182,0.96511627907,0.958354216501,0.940789473684,0.932584269663,5,9,0,10,5,10
788,WLNM_dir_neg_kfold,0.762345679012,0.447222222222,00:00:01,10,90,8,17353,threshold_sweep,0.5,0.8,0.444444444444,0.571428571429,4,1,5,17,0.444444444444,0.944444444444,0.0555555555556,0.555555555556,0.8,0.444444444444,0.571428571429,0.777777777778,0.604938271605,0.4375,0.471939903724,0.388888888889,94,85,9,0,94,0,85,0,9,23,88,0.173913043478,1.68507579377,7.65217391304,7.33333333333,5.5,3.63829000359,0.475458352741,0.249505928854,5.32278271304,1.39118184545,0.672924901186,3.27042079462,0.854769071322,0.442687747036,0.749191304359,0.444603920564,2.5,1.68507579377,0.749191304359,2.5,0.259446613992,0.18878248974,46,0.025974025974,0.333144633145,23,23,23,1,0,0.478260869565,0.217391304348,0.304347826087,23,0.156126482213,1.6766798419,6.86956521739,6.58333333333,4.9375,3.13780971418,0.456769768519,0.246560264172,4.70807900371,1.37070654538,0.668134287287,3.01249046708,0.877054186617,0.465602641717,0.744273675988,0.443897312647,2.5,1.6766798419,0.744273675988,2.5,0.223424050697,0.141608391608,27,0.0152456239413,0.290834165834,23,23,23,1,0,0.478260869565,0.217391304348,0.304347826087,23,84,0.166007905138,1.68814935065,7.30434782609,7,4.94117647059,3.53469533995,0.483916623921,0.260351966874,5.0686980187,1.38785779083,0.672877846791,3.03926868674,0.832180711845,0.444099378882,0.75067805023,0.444675140823,2.5,1.68814935065,0.75067805023,2.5,0.292984288439,0.224887556222,50,0.0282326369283,0.296732308096,23,23,23,1,0,0.478260869565,0.260869565217,0.260869565217,-4,-0.00790513833992,0.0030735568779,-0.347826086957,-0.333333333333,-0.558823529412,-0.103594663639,0.00845827117993,0.01084603802,-0.254084694347,-0.00332405462089,-4.70543948805e-05,-0.231152107885,-0.0225883594769,0.00141163184641,0.00148674587145,7.1220258688e-05,0,0.0030735568779,0.00148674587145,0,0.0335376744468,0.0361050664818,4,0.00225861095426,-0.0364123250487,0,0.0434782608696,-0.0434782608696,83,1,5,417,0.943181818182,0.997607655502,0.00239234449761,0.0568181818182,0.988095238095,0.943181818182,0.96511627907,0.958354216501,0.940789473684,0.932584269663,5,9,0,10,5,10
789,WLNM_dir_neg_kfold,0.762345679012,0.447222222222,00:00:01,10,90,8,17353,threshold_sweep,0.6,0.8,0.444444444444,0.571428571429,4,1,5,17,0.444444444444,0.944444444444,0.0555555555556,0.555555555556,0.8,0.444444444444,0.571428571429,0.777777777778,0.604938271605,0.4375,0.471939903724,0.388888888889,94,85,9,0,94,0,85,0,9,23,88,0.173913043478,1.68507579377,7.65217391304,7.33333333333,5.5,3.63829000359,0.475458352741,0.249505928854,5.32278271304,1.39118184545,0.672924901186,3.27042079462,0.854769071322,0.442687747036,0.749191304359,0.444603920564,2.5,1.68507579377,0.749191304359,2.5,0.259446613992,0.18878248974,46,0.025974025974,0.333144633145,23,23,23,1,0,0.478260869565,0.217391304348,0.304347826087,23,0.156126482213,1.6766798419,6.86956521739,6.58333333333,4.9375,3.13780971418,0.456769768519,0.246560264172,4.70807900371,1.37070654538,0.668134287287,3.01249046708,0.877054186617,0.465602641717,0.744273675988,0.443897312647,2.5,1.6766798419,0.744273675988,2.5,0.223424050697,0.141608391608,27,0.0152456239413,0.290834165834,23,23,23,1,0,0.478260869565,0.217391304348,0.304347826087,23,84,0.166007905138,1.68814935065,7.30434782609,7,4.94117647059,3.53469533995,0.483916623921,0.260351966874,5.0686980187,1.38785779083,0.672877846791,3.03926868674,0.832180711845,0.444099378882,0.75067805023,0.444675140823,2.5,1.68814935065,0.75067805023,2.5,0.292984288439,0.224887556222,50,0.0282326369283,0.296732308096,23,23,23,1,0,0.478260869565,0.260869565217,0.260869565217,-4,-0.00790513833992,0.0030735568779,-0.347826086957,-0.333333333333,-0.558823529412,-0.103594663639,0.00845827117993,0.01084603802,-0.254084694347,-0.00332405462089,-4.70543948805e-05,-0.231152107885,-0.0225883594769,0.00141163184641,0.00148674587145,7.1220258688e-05,0,0.0030735568779,0.00148674587145,0,0.0335376744468,0.0361050664818,4,0.00225861095426,-0.0364123250487,0,0.0434782608696,-0.0434782608696,83,1,5,417,0.943181818182,0.997607655502,0.00239234449761,0.0568181818182,0.988095238095,0.943181818182,0.96511627907,0.958354216501,0.940789473684,0.932584269663,5,9,0,10,5,10
790,WLNM_dir_neg_kfold,0.762345679012,0.447222222222,00:00:01,10,90,8,17353,threshold_sweep,0.7,0.8,0.444444444444,0.571428571429,4,1,5,17,0.444444444444,0.944444444444,0.0555555555556,0.555555555556,0.8,0.444444444444,0.571428571429,0.777777777778,0.604938271605,0.4375,0.471939903724,0.388888888889,94,85,9,0,94,0,85,0,9,23,88,0.173913043478,1.68507579377,7.65217391304,7.33333333333,5.5,3.63829000359,0.475458352741,0.249505928854,5.32278271304,1.39118184545,0.672924901186,3.27042079462,0.854769071322,0.442687747036,0.749191304359,0.444603920564,2.5,1.68507579377,0.749191304359,2.5,0.259446613992,0.18878248974,46,0.025974025974,0.333144633145,23,23,23,1,0,0.478260869565,0.217391304348,0.304347826087,23,0.156126482213,1.6766798419,6.86956521739,6.58333333333,4.9375,3.13780971418,0.456769768519,0.246560264172,4.70807900371,1.37070654538,0.668134287287,3.01249046708,0.877054186617,0.465602641717,0.744273675988,0.443897312647,2.5,1.6766798419,0.744273675988,2.5,0.223424050697,0.141608391608,27,0.0152456239413,0.290834165834,23,23,23,1,0,0.478260869565,0.217391304348,0.304347826087,23,84,0.166007905138,1.68814935065,7.30434782609,7,4.94117647059,3.53469533995,0.483916623921,0.260351966874,5.0686980187,1.38785779083,0.672877846791,3.03926868674,0.832180711845,0.444099378882,0.75067805023,0.444675140823,2.5,1.68814935065,0.75067805023,2.5,0.292984288439,0.224887556222,50,0.0282326369283,0.296732308096,23,23,23,1,0,0.478260869565,0.260869565217,0.260869565217,-4,-0.00790513833992,0.0030735568779,-0.347826086957,-0.333333333333,-0.558823529412,-0.103594663639,0.00845827117993,0.01084603802,-0.254084694347,-0.00332405462089,-4.70543948805e-05,-0.231152107885,-0.0225883594769,0.00141163184641,0.00148674587145,7.1220258688e-05,0,0.0030735568779,0.00148674587145,0,0.0335376744468,0.0361050664818,4,0.00225861095426,-0.0364123250487,0,0.0434782608696,-0.0434782608696,83,1,5,417,0.943181818182,0.997607655502,0.00239234449761,0.0568181818182,0.988095238095,0.943181818182,0.96511627907,0.958354216501,0.940789473684,0.932584269663,5,9,0,10,5,10
791,WLNM_dir_neg_kfold,0.762345679012,0.447222222222,00:00:01,10,90,8,17353,threshold_sweep,0.8,0.8,0.444444444444,0.571428571429,4,1,5,17,0.444444444444,0.944444444444,0.0555555555556,0.555555555556,0.8,0.444444444444,0.571428571429,0.777777777778,0.604938271605,0.4375,0.471939903724,0.388888888889,94,85,9,0,94,0,85,0,9,23,88,0.173913043478,1.68507579377,7.65217391304,7.33333333333,5.5,3.63829000359,0.475458352741,0.249505928854,5.32278271304,1.39118184545,0.672924901186,3.27042079462,0.854769071322,0.442687747036,0.749191304359,0.444603920564,2.5,1.68507579377,0.749191304359,2.5,0.259446613992,0.18878248974,46,0.025974025974,0.333144633145,23,23,23,1,0,0.478260869565,0.217391304348,0.304347826087,23,0.156126482213,1.6766798419,6.86956521739,6.58333333333,4.9375,3.13780971418,0.456769768519,0.246560264172,4.70807900371,1.37070654538,0.668134287287,3.01249046708,0.877054186617,0.465602641717,0.744273675988,0.443897312647,2.5,1.6766798419,0.744273675988,2.5,0.223424050697,0.141608391608,27,0.0152456239413,0.290834165834,23,23,23,1,0,0.478260869565,0.217391304348,0.304347826087,23,84,0.166007905138,1.68814935065,7.30434782609,7,4.94117647059,3.53469533995,0.483916623921,0.260351966874,5.0686980187,1.38785779083,0.672877846791,3.03926868674,0.832180711845,0.444099378882,0.75067805023,0.444675140823,2.5,1.68814935065,0.75067805023,2.5,0.292984288439,0.224887556222,50,0.0282326369283,0.296732308096,23,23,23,1,0,0.478260869565,0.260869565217,0.260869565217,-4,-0.00790513833992,0.0030735568779,-0.347826086957,-0.333333333333,-0.558823529412,-0.103594663639,0.00845827117993,0.01084603802,-0.254084694347,-0.00332405462089,-4.70543948805e-05,-0.231152107885,-0.0225883594769,0.00141163184641,0.00148674587145,7.1220258688e-05,0,0.0030735568779,0.00148674587145,0,0.0335376744468,0.0361050664818,4,0.00225861095426,-0.0364123250487,0,0.0434782608696,-0.0434782608696,83,1,5,417,0.943181818182,0.997607655502,0.00239234449761,0.0568181818182,0.988095238095,0.943181818182,0.96511627907,0.958354216501,0.940789473684,0.932584269663,5,9,0,10,5,10
792,WLNM_dir_neg_kfold,0.762345679012,0.447222222222,00:00:01,10,90,8,17353,threshold_sweep,0.9,0.8,0.444444444444,0.571428571429,4,1,5,17,0.444444444444,0.944444444444,0.0555555555556,0.555555555556,0.8,0.444444444444,0.571428571429,0.777777777778,0.604938271605,0.4375,0.471939903724,0.388888888889,94,85,9,0,94,0,85,0,9,23,88,0.173913043478,1.68507579377,7.65217391304,7.33333333333,5.5,3.63829000359,0.475458352741,0.249505928854,5.32278271304,1.39118184545,0.672924901186,3.27042079462,0.854769071322,0.442687747036,0.749191304359,0.444603920564,2.5,1.68507579377,0.749191304359,2.5,0.259446613992,0.18878248974,46,0.025974025974,0.333144633145,23,23,23,1,0,0.478260869565,0.217391304348,0.304347826087,23,0.156126482213,1.6766798419,6.86956521739,6.58333333333,4.9375,3.13780971418,0.456769768519,0.246560264172,4.70807900371,1.37070654538,0.668134287287,3.01249046708,0.877054186617,0.465602641717,0.744273675988,0.443897312647,2.5,1.6766798419,0.744273675988,2.5,0.223424050697,0.141608391608,27,0.0152456239413,0.290834165834,23,23,23,1,0,0.478260869565,0.217391304348,0.304347826087,23,84,0.166007905138,1.68814935065,7.30434782609,7,4.94117647059,3.53469533995,0.483916623921,0.260351966874,5.0686980187,1.38785779083,0.672877846791,3.03926868674,0.832180711845,0.444099378882,0.75067805023,0.444675140823,2.5,1.68814935065,0.75067805023,2.5,0.292984288439,0.224887556222,50,0.0282326369283,0.296732308096,23,23,23,1,0,0.478260869565,0.260869565217,0.260869565217,-4,-0.00790513833992,0.0030735568779,-0.347826086957,-0.333333333333,-0.558823529412,-0.103594663639,0.00845827117993,0.01084603802,-0.254084694347,-0.00332405462089,-4.70543948805e-05,-0.231152107885,-0.0225883594769,0.00141163184641,0.00148674587145,7.1220258688e-05,0,0.0030735568779,0.00148674587145,0,0.0335376744468,0.0361050664818,4,0.00225861095426,-0.0364123250487,0,0.0434782608696,-0.0434782608696,83,1,5,417,0.943181818182,0.997607655502,0.00239234449761,0.0568181818182,0.988095238095,0.943181818182,0.96511627907,0.958354216501,0.940789473684,0.932584269663,5,9,0,10,5,10
793,WLNM_dir_neg_kfold,0.858024691358,0.486375661376,00:00:01,10,90,9,17354,threshold_sweep,0.1,0.6,0.333333333333,0.428571428571,3,2,6,16,0.333333333333,0.888888888889,0.111111111111,0.666666666667,0.6,0.333333333333,0.428571428571,0.703703703704,0.604938271605,0.25,0.269679944985,0.222222222222,94,85,9,0,94,0,85,0,9,23,88,0.173913043478,1.68507579377,7.65217391304,7.33333333333,5.5,3.63829000359,0.475458352741,0.249505928854,5.32278271304,1.39118184545,0.672924901186,3.27042079462,0.854769071322,0.442687747036,0.749191304359,0.444603920564,2.5,1.68507579377,0.749191304359,2.5,0.259446613992,0.18878248974,46,0.025974025974,0.333144633145,23,23,23,1,0,0.478260869565,0.217391304348,0.304347826087,23,0.156126482213,1.6766798419,6.86956521739,6.58333333333,4.9375,3.13780971418,0.456769768519,0.246560264172,4.70807900371,1.37070654538,0.668134287287,3.01249046708,0.877054186617,0.465602641717,0.744273675988,0.443897312647,2.5,1.6766798419,0.744273675988,2.5,0.223424050697,0.141608391608,27,0.0152456239413,0.290834165834,23,23,23,1,0,0.478260869565,0.217391304348,0.304347826087,23,84,0.166007905138,1,7.30434782609,6.46153846154,4.94117647059,3.417000048,0.467803578001,0.25,4.98733574031,1.36558002413,0.666666666667,3.09851424296,0.848402709382,0.446169772257,0,0,0,NaN,NaN,NaN,0.262610117156,0.19040247678,41,0.0231507622812,0.282076684,23,23,0,1,2,0.434782608696,0.304347826087,0.260869565217,-4,-0.00790513833992,-0.685075793771,-0.347826086957,-0.871794871795,-0.558823529412,-0.221289955582,-0.00765477474079,0.000494071146245,-0.335446972735,-0.0256018213224,-0.0062582345191,-0.171906551663,-0.00636636194008,0.00348202522116,-0.749191304359,-0.444603920564,-2.5,NaN,NaN,NaN,0.0031635031635,0.0016199870401,-5,-0.00282326369283,-0.0510679491449,-0.0434782608696,0.0869565217391,-0.0434782608696,82,2,6,416,0.931818181818,0.995215311005,0.00478468899522,0.0681818181818,0.97619047619,0.931818181818,0.953488372093,0.944341408504,0.927033492823,0.911111111111,5,9,0,10,5,10
794,WLNM_dir_neg_kfold,0.858024691358,0.486375661376,00:00:01,10,90,9,17354,threshold_sweep,0.2,0.75,0.333333333333,0.461538461538,3,1,6,17,0.333333333333,0.944444444444,0.0555555555556,0.666666666667,0.75,0.333333333333,0.461538461538,0.740740740741,0.617283950617,0.322580645161,0.368604890387,0.277777777778,94,85,9,0,94,0,85,0,9,23,88,0.173913043478,1.68507579377,7.65217391304,7.33333333333,5.5,3.63829000359,0.475458352741,0.249505928854,5.32278271304,1.39118184545,0.672924901186,3.27042079462,0.854769071322,0.442687747036,0.749191304359,0.444603920564,2.5,1.68507579377,0.749191304359,2.5,0.259446613992,0.18878248974,46,0.025974025974,0.333144633145,23,23,23,1,0,0.478260869565,0.217391304348,0.304347826087,23,0.156126482213,1.6766798419,6.86956521739,6.58333333333,4.9375,3.13780971418,0.456769768519,0.246560264172,4.70807900371,1.37070654538,0.668134287287,3.01249046708,0.877054186617,0.465602641717,0.744273675988,0.443897312647,2.5,1.6766798419,0.744273675988,2.5,0.223424050697,0.141608391608,27,0.0152456239413,0.290834165834,23,23,23,1,0,0.478260869565,0.217391304348,0.304347826087,23,83,0.164031620553,1,7.21739130435,6.38461538462,5.1875,3.27464809683,0.453716302573,0.242535358827,4.89655844293,1.35687764081,0.663174436878,3.14410169907,0.871257097332,0.456783656365,0,0,0,NaN,NaN,NaN,0.227284836376,0.149517684887,31,0.0175042348955,0.285997976383,23,23,0,1,2,0.434782608696,0.260869565217,0.304347826087,-5,-0.0098814229249,-0.685075793771,-0.434782608696,-0.948717948718,-0.3125,-0.363641906752,-0.0217420501679,-0.00697057002714,-0.426224270119,-0.0343042046441,-0.00975046430782,-0.126319095558,0.0164880260093,0.014095909329,-0.749191304359,-0.444603920564,-2.5,NaN,NaN,NaN,-0.0321617776163,-0.0392648048526,-15,-0.00846979107849,-0.047146656762,-0.0434782608696,0.0434782608696,0,82,1,6,417,0.931818181818,0.997607655502,0.00239234449761,0.0681818181818,0.987951807229,0.931818181818,0.959064327485,0.951338315457,0.929425837321,0.921348314607,4,9,0,10,5,10
795,WLNM_dir_neg_kfold,0.858024691358,0.486375661376,00:00:01,10,90,9,17354,threshold_sweep,0.3,0.75,0.333333333333,0.461538461538,3,1,6,17,0.333333333333,0.944444444444,0.0555555555556,0.666666666667,0.75,0.333333333333,0.461538461538,0.740740740741,0.617283950617,0.322580645161,0.368604890387,0.277777777778,94,85,9,0,94,0,85,0,9,23,88,0.173913043478,1.68507579377,7.65217391304,7.33333333333,5.5,3.63829000359,0.475458352741,0.249505928854,5.32278271304,1.39118184545,0.672924901186,3.27042079462,0.854769071322,0.442687747036,0.749191304359,0.444603920564,2.5,1.68507579377,0.749191304359,2.5,0.259446613992,0.18878248974,46,0.025974025974,0.333144633145,23,23,23,1,0,0.478260869565,0.217391304348,0.304347826087,23,0.156126482213,1.6766798419,6.86956521739,6.58333333333,4.9375,3.13780971418,0.456769768519,0.246560264172,4.70807900371,1.37070654538,0.668134287287,3.01249046708,0.877054186617,0.465602641717,0.744273675988,0.443897312647,2.5,1.6766798419,0.744273675988,2.5,0.223424050697,0.141608391608,27,0.0152456239413,0.290834165834,23,23,23,1,0,0.478260869565,0.217391304348,0.304347826087,23,83,0.164031620553,1,7.21739130435,6.38461538462,5.1875,3.27464809683,0.453716302573,0.242535358827,4.89655844293,1.35687764081,0.663174436878,3.14410169907,0.871257097332,0.456783656365,0,0,0,NaN,NaN,NaN,0.227284836376,0.149517684887,31,0.0175042348955,0.285997976383,23,23,0,1,2,0.434782608696,0.260869565217,0.304347826087,-5,-0.0098814229249,-0.685075793771,-0.434782608696,-0.948717948718,-0.3125,-0.363641906752,-0.0217420501679,-0.00697057002714,-0.426224270119,-0.0343042046441,-0.00975046430782,-0.126319095558,0.0164880260093,0.014095909329,-0.749191304359,-0.444603920564,-2.5,NaN,NaN,NaN,-0.0321617776163,-0.0392648048526,-15,-0.00846979107849,-0.047146656762,-0.0434782608696,0.0434782608696,0,82,1,6,417,0.931818181818,0.997607655502,0.00239234449761,0.0681818181818,0.987951807229,0.931818181818,0.959064327485,0.951338315457,0.929425837321,0.921348314607,4,9,0,10,5,10
796,WLNM_dir_neg_kfold,0.858024691358,0.486375661376,00:00:01,10,90,9,17354,threshold_sweep,0.4,0.75,0.333333333333,0.461538461538,3,1,6,17,0.333333333333,0.944444444444,0.0555555555556,0.666666666667,0.75,0.333333333333,0.461538461538,0.740740740741,0.617283950617,0.322580645161,0.368604890387,0.277777777778,94,85,9,0,94,0,85,0,9,23,88,0.173913043478,1.68507579377,7.65217391304,7.33333333333,5.5,3.63829000359,0.475458352741,0.249505928854,5.32278271304,1.39118184545,0.672924901186,3.27042079462,0.854769071322,0.442687747036,0.749191304359,0.444603920564,2.5,1.68507579377,0.749191304359,2.5,0.259446613992,0.18878248974,46,0.025974025974,0.333144633145,23,23,23,1,0,0.478260869565,0.217391304348,0.304347826087,23,0.156126482213,1.6766798419,6.86956521739,6.58333333333,4.9375,3.13780971418,0.456769768519,0.246560264172,4.70807900371,1.37070654538,0.668134287287,3.01249046708,0.877054186617,0.465602641717,0.744273675988,0.443897312647,2.5,1.6766798419,0.744273675988,2.5,0.223424050697,0.141608391608,27,0.0152456239413,0.290834165834,23,23,23,1,0,0.478260869565,0.217391304348,0.304347826087,23,83,0.164031620553,1,7.21739130435,6.38461538462,5.1875,3.27464809683,0.453716302573,0.242535358827,4.89655844293,1.35687764081,0.663174436878,3.14410169907,0.871257097332,0.456783656365,0,0,0,NaN,NaN,NaN,0.227284836376,0.149517684887,31,0.0175042348955,0.285997976383,23,23,0,1,2,0.434782608696,0.260869565217,0.304347826087,-5,-0.0098814229249,-0.685075793771,-0.434782608696,-0.948717948718,-0.3125,-0.363641906752,-0.0217420501679,-0.00697057002714,-0.426224270119,-0.0343042046441,-0.00975046430782,-0.126319095558,0.0164880260093,0.014095909329,-0.749191304359,-0.444603920564,-2.5,NaN,NaN,NaN,-0.0321617776163,-0.0392648048526,-15,-0.00846979107849,-0.047146656762,-0.0434782608696,0.0434782608696,0,82,1,6,417,0.931818181818,0.997607655502,0.00239234449761,0.0681818181818,0.987951807229,0.931818181818,0.959064327485,0.951338315457,0.929425837321,0.921348314607,4,9,0,10,5,10
797,WLNM_dir_neg_kfold,0.858024691358,0.486375661376,00:00:01,10,90,9,17354,threshold_sweep,0.5,0.75,0.333333333333,0.461538461538,3,1,6,17,0.333333333333,0.944444444444,0.0555555555556,0.666666666667,0.75,0.333333333333,0.461538461538,0.740740740741,0.617283950617,0.322580645161,0.368604890387,0.277777777778,94,85,9,0,94,0,85,0,9,23,88,0.173913043478,1.68507579377,7.65217391304,7.33333333333,5.5,3.63829000359,0.475458352741,0.249505928854,5.32278271304,1.39118184545,0.672924901186,3.27042079462,0.854769071322,0.442687747036,0.749191304359,0.444603920564,2.5,1.68507579377,0.749191304359,2.5,0.259446613992,0.18878248974,46,0.025974025974,0.333144633145,23,23,23,1,0,0.478260869565,0.217391304348,0.304347826087,23,0.156126482213,1.6766798419,6.86956521739,6.58333333333,4.9375,3.13780971418,0.456769768519,0.246560264172,4.70807900371,1.37070654538,0.668134287287,3.01249046708,0.877054186617,0.465602641717,0.744273675988,0.443897312647,2.5,1.6766798419,0.744273675988,2.5,0.223424050697,0.141608391608,27,0.0152456239413,0.290834165834,23,23,23,1,0,0.478260869565,0.217391304348,0.304347826087,23,83,0.164031620553,1,7.21739130435,6.38461538462,5.1875,3.27464809683,0.453716302573,0.242535358827,4.89655844293,1.35687764081,0.663174436878,3.14410169907,0.871257097332,0.456783656365,0,0,0,NaN,NaN,NaN,0.227284836376,0.149517684887,31,0.0175042348955,0.285997976383,23,23,0,1,2,0.434782608696,0.260869565217,0.304347826087,-5,-0.0098814229249,-0.685075793771,-0.434782608696,-0.948717948718,-0.3125,-0.363641906752,-0.0217420501679,-0.00697057002714,-0.426224270119,-0.0343042046441,-0.00975046430782,-0.126319095558,0.0164880260093,0.014095909329,-0.749191304359,-0.444603920564,-2.5,NaN,NaN,NaN,-0.0321617776163,-0.0392648048526,-15,-0.00846979107849,-0.047146656762,-0.0434782608696,0.0434782608696,0,82,1,6,417,0.931818181818,0.997607655502,0.00239234449761,0.0681818181818,0.987951807229,0.931818181818,0.959064327485,0.951338315457,0.929425837321,0.921348314607,4,9,0,10,5,10
798,WLNM_dir_neg_kfold,0.858024691358,0.486375661376,00:00:01,10,90,9,17354,threshold_sweep,0.6,0.75,0.333333333333,0.461538461538,3,1,6,17,0.333333333333,0.944444444444,0.0555555555556,0.666666666667,0.75,0.333333333333,0.461538461538,0.740740740741,0.617283950617,0.322580645161,0.368604890387,0.277777777778,94,85,9,0,94,0,85,0,9,23,88,0.173913043478,1.68507579377,7.65217391304,7.33333333333,5.5,3.63829000359,0.475458352741,0.249505928854,5.32278271304,1.39118184545,0.672924901186,3.27042079462,0.854769071322,0.442687747036,0.749191304359,0.444603920564,2.5,1.68507579377,0.749191304359,2.5,0.259446613992,0.18878248974,46,0.025974025974,0.333144633145,23,23,23,1,0,0.478260869565,0.217391304348,0.304347826087,23,0.156126482213,1.6766798419,6.86956521739,6.58333333333,4.9375,3.13780971418,0.456769768519,0.246560264172,4.70807900371,1.37070654538,0.668134287287,3.01249046708,0.877054186617,0.465602641717,0.744273675988,0.443897312647,2.5,1.6766798419,0.744273675988,2.5,0.223424050697,0.141608391608,27,0.0152456239413,0.290834165834,23,23,23,1,0,0.478260869565,0.217391304348,0.304347826087,23,83,0.164031620553,1,7.21739130435,6.38461538462,5.1875,3.27464809683,0.453716302573,0.242535358827,4.89655844293,1.35687764081,0.663174436878,3.14410169907,0.871257097332,0.456783656365,0,0,0,NaN,NaN,NaN,0.227284836376,0.149517684887,31,0.0175042348955,0.285997976383,23,23,0,1,2,0.434782608696,0.260869565217,0.304347826087,-5,-0.0098814229249,-0.685075793771,-0.434782608696,-0.948717948718,-0.3125,-0.363641906752,-0.0217420501679,-0.00697057002714,-0.426224270119,-0.0343042046441,-0.00975046430782,-0.126319095558,0.0164880260093,0.014095909329,-0.749191304359,-0.444603920564,-2.5,NaN,NaN,NaN,-0.0321617776163,-0.0392648048526,-15,-0.00846979107849,-0.047146656762,-0.0434782608696,0.0434782608696,0,82,1,6,417,0.931818181818,0.997607655502,0.00239234449761,0.0681818181818,0.987951807229,0.931818181818,0.959064327485,0.951338315457,0.929425837321,0.921348314607,4,9,0,10,5,10
799,WLNM_dir_neg_kfold,0.858024691358,0.486375661376,00:00:01,10,90,9,17354,threshold_sweep,0.7,0.75,0.333333333333,0.461538461538,3,1,6,17,0.333333333333,0.944444444444,0.0555555555556,0.666666666667,0.75,0.333333333333,0.461538461538,0.740740740741,0.617283950617,0.322580645161,0.368604890387,0.277777777778,94,85,9,0,94,0,85,0,9,23,88,0.173913043478,1.68507579377,7.65217391304,7.33333333333,5.5,3.63829000359,0.475458352741,0.249505928854,5.32278271304,1.39118184545,0.672924901186,3.27042079462,0.854769071322,0.442687747036,0.749191304359,0.444603920564,2.5,1.68507579377,0.749191304359,2.5,0.259446613992,0.18878248974,46,0.025974025974,0.333144633145,23,23,23,1,0,0.478260869565,0.217391304348,0.304347826087,23,0.156126482213,1.6766798419,6.86956521739,6.58333333333,4.9375,3.13780971418,0.456769768519,0.246560264172,4.70807900371,1.37070654538,0.668134287287,3.01249046708,0.877054186617,0.465602641717,0.744273675988,0.443897312647,2.5,1.6766798419,0.744273675988,2.5,0.223424050697,0.141608391608,27,0.0152456239413,0.290834165834,23,23,23,1,0,0.478260869565,0.217391304348,0.304347826087,23,83,0.164031620553,1,7.21739130435,6.38461538462,5.1875,3.27464809683,0.453716302573,0.242535358827,4.89655844293,1.35687764081,0.663174436878,3.14410169907,0.871257097332,0.456783656365,0,0,0,NaN,NaN,NaN,0.227284836376,0.149517684887,31,0.0175042348955,0.285997976383,23,23,0,1,2,0.434782608696,0.260869565217,0.304347826087,-5,-0.0098814229249,-0.685075793771,-0.434782608696,-0.948717948718,-0.3125,-0.363641906752,-0.0217420501679,-0.00697057002714,-0.426224270119,-0.0343042046441,-0.00975046430782,-0.126319095558,0.0164880260093,0.014095909329,-0.749191304359,-0.444603920564,-2.5,NaN,NaN,NaN,-0.0321617776163,-0.0392648048526,-15,-0.00846979107849,-0.047146656762,-0.0434782608696,0.0434782608696,0,82,1,6,417,0.931818181818,0.997607655502,0.00239234449761,0.0681818181818,0.987951807229,0.931818181818,0.959064327485,0.951338315457,0.929425837321,0.921348314607,4,9,0,10,5,10
800,WLNM_dir_neg_kfold,0.858024691358,0.486375661376,00:00:01,10,90,9,17354,threshold_sweep,0.8,0.75,0.333333333333,0.461538461538,3,1,6,17,0.333333333333,0.944444444444,0.0555555555556,0.666666666667,0.75,0.333333333333,0.461538461538,0.740740740741,0.617283950617,0.322580645161,0.368604890387,0.277777777778,94,85,9,0,94,0,85,0,9,23,88,0.173913043478,1.68507579377,7.65217391304,7.33333333333,5.5,3.63829000359,0.475458352741,0.249505928854,5.32278271304,1.39118184545,0.672924901186,3.27042079462,0.854769071322,0.442687747036,0.749191304359,0.444603920564,2.5,1.68507579377,0.749191304359,2.5,0.259446613992,0.18878248974,46,0.025974025974,0.333144633145,23,23,23,1,0,0.478260869565,0.217391304348,0.304347826087,23,0.156126482213,1.6766798419,6.86956521739,6.58333333333,4.9375,3.13780971418,0.456769768519,0.246560264172,4.70807900371,1.37070654538,0.668134287287,3.01249046708,0.877054186617,0.465602641717,0.744273675988,0.443897312647,2.5,1.6766798419,0.744273675988,2.5,0.223424050697,0.141608391608,27,0.0152456239413,0.290834165834,23,23,23,1,0,0.478260869565,0.217391304348,0.304347826087,23,83,0.164031620553,1,7.21739130435,6.38461538462,5.1875,3.27464809683,0.453716302573,0.242535358827,4.89655844293,1.35687764081,0.663174436878,3.14410169907,0.871257097332,0.456783656365,0,0,0,NaN,NaN,NaN,0.227284836376,0.149517684887,31,0.0175042348955,0.285997976383,23,23,0,1,2,0.434782608696,0.260869565217,0.304347826087,-5,-0.0098814229249,-0.685075793771,-0.434782608696,-0.948717948718,-0.3125,-0.363641906752,-0.0217420501679,-0.00697057002714,-0.426224270119,-0.0343042046441,-0.00975046430782,-0.126319095558,0.0164880260093,0.014095909329,-0.749191304359,-0.444603920564,-2.5,NaN,NaN,NaN,-0.0321617776163,-0.0392648048526,-15,-0.00846979107849,-0.047146656762,-0.0434782608696,0.0434782608696,0,82,1,6,417,0.931818181818,0.997607655502,0.00239234449761,0.0681818181818,0.987951807229,0.931818181818,0.959064327485,0.951338315457,0.929425837321,0.921348314607,4,9,0,10,5,10
801,WLNM_dir_neg_kfold,0.858024691358,0.486375661376,00:00:01,10,90,9,17354,threshold_sweep,0.9,0.75,0.333333333333,0.461538461538,3,1,6,17,0.333333333333,0.944444444444,0.0555555555556,0.666666666667,0.75,0.333333333333,0.461538461538,0.740740740741,0.617283950617,0.322580645161,0.368604890387,0.277777777778,94,85,9,0,94,0,85,0,9,23,88,0.173913043478,1.68507579377,7.65217391304,7.33333333333,5.5,3.63829000359,0.475458352741,0.249505928854,5.32278271304,1.39118184545,0.672924901186,3.27042079462,0.854769071322,0.442687747036,0.749191304359,0.444603920564,2.5,1.68507579377,0.749191304359,2.5,0.259446613992,0.18878248974,46,0.025974025974,0.333144633145,23,23,23,1,0,0.478260869565,0.217391304348,0.304347826087,23,0.156126482213,1.6766798419,6.86956521739,6.58333333333,4.9375,3.13780971418,0.456769768519,0.246560264172,4.70807900371,1.37070654538,0.668134287287,3.01249046708,0.877054186617,0.465602641717,0.744273675988,0.443897312647,2.5,1.6766798419,0.744273675988,2.5,0.223424050697,0.141608391608,27,0.0152456239413,0.290834165834,23,23,23,1,0,0.478260869565,0.217391304348,0.304347826087,23,83,0.164031620553,1,7.21739130435,6.38461538462,5.1875,3.27464809683,0.453716302573,0.242535358827,4.89655844293,1.35687764081,0.663174436878,3.14410169907,0.871257097332,0.456783656365,0,0,0,NaN,NaN,NaN,0.227284836376,0.149517684887,31,0.0175042348955,0.285997976383,23,23,0,1,2,0.434782608696,0.260869565217,0.304347826087,-5,-0.0098814229249,-0.685075793771,-0.434782608696,-0.948717948718,-0.3125,-0.363641906752,-0.0217420501679,-0.00697057002714,-0.426224270119,-0.0343042046441,-0.00975046430782,-0.126319095558,0.0164880260093,0.014095909329,-0.749191304359,-0.444603920564,-2.5,NaN,NaN,NaN,-0.0321617776163,-0.0392648048526,-15,-0.00846979107849,-0.047146656762,-0.0434782608696,0.0434782608696,0,82,1,6,417,0.931818181818,0.997607655502,0.00239234449761,0.0681818181818,0.987951807229,0.931818181818,0.959064327485,0.951338315457,0.929425837321,0.921348314607,4,9,0,10,5,10
802,WLNM_dir_neg_kfold,0.907407407407,0.599715099715,00:00:01,10,90,10,17355,threshold_sweep,0.1,1,0.444444444444,0.615384615385,4,0,5,18,0.444444444444,1,0,0.555555555556,1,0.444444444444,0.615384615385,0.814814814815,0.617283950617,0.516129032258,0.58976782462,0.444444444444,94,85,9,0,94,0,85,0,9,23,88,0.173913043478,1.68507579377,7.65217391304,7.33333333333,5.5,3.63829000359,0.475458352741,0.249505928854,5.32278271304,1.39118184545,0.672924901186,3.27042079462,0.854769071322,0.442687747036,0.749191304359,0.444603920564,2.5,1.68507579377,0.749191304359,2.5,0.259446613992,0.18878248974,46,0.025974025974,0.333144633145,23,23,23,1,0,0.478260869565,0.217391304348,0.304347826087,23,0.156126482213,1.6766798419,6.86956521739,6.58333333333,4.9375,3.13780971418,0.456769768519,0.246560264172,4.70807900371,1.37070654538,0.668134287287,3.01249046708,0.877054186617,0.465602641717,0.744273675988,0.443897312647,2.5,1.6766798419,0.744273675988,2.5,0.223424050697,0.141608391608,27,0.0152456239413,0.290834165834,23,23,23,1,0,0.478260869565,0.217391304348,0.304347826087,23,83,0.164031620553,1.683067476,7.21739130435,6.91666666667,5.1875,3.43718333072,0.476236244618,0.255631220534,5.01578535892,1.38991642476,0.675746464117,3.08573153894,0.855082233683,0.454688318491,0.747978403139,0.444413794339,2.5,1.683067476,0.747978403139,2.5,0.258922895287,0.19040247678,41,0.0231507622812,0.302043663407,23,23,23,1,0,0.478260869565,0.217391304348,0.304347826087,-5,-0.0098814229249,-0.00200831776919,-0.434782608696,-0.416666666667,-0.3125,-0.201106672862,0.000777891877064,0.00612529168056,-0.306997354119,-0.00126542069247,0.00282156293157,-0.18468925568,0.000313162360985,0.0120005714558,-0.00121290122029,-0.00019012622544,0,-0.00200831776919,-0.00121290122029,0,-0.000523718705537,0.0016199870401,-5,-0.00282326369283,-0.0311009697373,0,0,0,83,0,5,418,0.943181818182,1,0,0.0568181818182,1,0.943181818182,0.970760233918,0.965418612275,0.943181818182,0.943181818182,4,9,0,10,5,10
803,WLNM_dir_neg_kfold,0.907407407407,0.599715099715,00:00:01,10,90,10,17355,threshold_sweep,0.2,1,0.444444444444,0.615384615385,4,0,5,18,0.444444444444,1,0,0.555555555556,1,0.444444444444,0.615384615385,0.814814814815,0.617283950617,0.516129032258,0.58976782462,0.444444444444,94,85,9,0,94,0,85,0,9,23,88,0.173913043478,1.68507579377,7.65217391304,7.33333333333,5.5,3.63829000359,0.475458352741,0.249505928854,5.32278271304,1.39118184545,0.672924901186,3.27042079462,0.854769071322,0.442687747036,0.749191304359,0.444603920564,2.5,1.68507579377,0.749191304359,2.5,0.259446613992,0.18878248974,46,0.025974025974,0.333144633145,23,23,23,1,0,0.478260869565,0.217391304348,0.304347826087,23,0.156126482213,1.6766798419,6.86956521739,6.58333333333,4.9375,3.13780971418,0.456769768519,0.246560264172,4.70807900371,1.37070654538,0.668134287287,3.01249046708,0.877054186617,0.465602641717,0.744273675988,0.443897312647,2.5,1.6766798419,0.744273675988,2.5,0.223424050697,0.141608391608,27,0.0152456239413,0.290834165834,23,23,23,1,0,0.478260869565,0.217391304348,0.304347826087,23,83,0.164031620553,1.683067476,7.21739130435,6.91666666667,5.1875,3.43718333072,0.476236244618,0.255631220534,5.01578535892,1.38991642476,0.675746464117,3.08573153894,0.855082233683,0.454688318491,0.747978403139,0.444413794339,2.5,1.683067476,0.747978403139,2.5,0.258922895287,0.19040247678,41,0.0231507622812,0.302043663407,23,23,23,1,0,0.478260869565,0.217391304348,0.304347826087,-5,-0.0098814229249,-0.00200831776919,-0.434782608696,-0.416666666667,-0.3125,-0.201106672862,0.000777891877064,0.00612529168056,-0.306997354119,-0.00126542069247,0.00282156293157,-0.18468925568,0.000313162360985,0.0120005714558,-0.00121290122029,-0.00019012622544,0,-0.00200831776919,-0.00121290122029,0,-0.000523718705537,0.0016199870401,-5,-0.00282326369283,-0.0311009697373,0,0,0,83,0,5,418,0.943181818182,1,0,0.0568181818182,1,0.943181818182,0.970760233918,0.965418612275,0.943181818182,0.943181818182,4,9,0,10,5,10
804,WLNM_dir_neg_kfold,0.907407407407,0.599715099715,00:00:01,10,90,10,17355,threshold_sweep,0.3,1,0.444444444444,0.615384615385,4,0,5,18,0.444444444444,1,0,0.555555555556,1,0.444444444444,0.615384615385,0.814814814815,0.617283950617,0.516129032258,0.58976782462,0.444444444444,94,85,9,0,94,0,85,0,9,23,88,0.173913043478,1.68507579377,7.65217391304,7.33333333333,5.5,3.63829000359,0.475458352741,0.249505928854,5.32278271304,1.39118184545,0.672924901186,3.27042079462,0.854769071322,0.442687747036,0.749191304359,0.444603920564,2.5,1.68507579377,0.749191304359,2.5,0.259446613992,0.18878248974,46,0.025974025974,0.333144633145,23,23,23,1,0,0.478260869565,0.217391304348,0.304347826087,23,0.156126482213,1.6766798419,6.86956521739,6.58333333333,4.9375,3.13780971418,0.456769768519,0.246560264172,4.70807900371,1.37070654538,0.668134287287,3.01249046708,0.877054186617,0.465602641717,0.744273675988,0.443897312647,2.5,1.6766798419,0.744273675988,2.5,0.223424050697,0.141608391608,27,0.0152456239413,0.290834165834,23,23,23,1,0,0.478260869565,0.217391304348,0.304347826087,23,83,0.164031620553,1.683067476,7.21739130435,6.91666666667,5.1875,3.43718333072,0.476236244618,0.255631220534,5.01578535892,1.38991642476,0.675746464117,3.08573153894,0.855082233683,0.454688318491,0.747978403139,0.444413794339,2.5,1.683067476,0.747978403139,2.5,0.258922895287,0.19040247678,41,0.0231507622812,0.302043663407,23,23,23,1,0,0.478260869565,0.217391304348,0.304347826087,-5,-0.0098814229249,-0.00200831776919,-0.434782608696,-0.416666666667,-0.3125,-0.201106672862,0.000777891877064,0.00612529168056,-0.306997354119,-0.00126542069247,0.00282156293157,-0.18468925568,0.000313162360985,0.0120005714558,-0.00121290122029,-0.00019012622544,0,-0.00200831776919,-0.00121290122029,0,-0.000523718705537,0.0016199870401,-5,-0.00282326369283,-0.0311009697373,0,0,0,83,0,5,418,0.943181818182,1,0,0.0568181818182,1,0.943181818182,0.970760233918,0.965418612275,0.943181818182,0.943181818182,4,9,0,10,5,10
805,WLNM_dir_neg_kfold,0.907407407407,0.599715099715,00:00:01,10,90,10,17355,threshold_sweep,0.4,1,0.444444444444,0.615384615385,4,0,5,18,0.444444444444,1,0,0.555555555556,1,0.444444444444,0.615384615385,0.814814814815,0.617283950617,0.516129032258,0.58976782462,0.444444444444,94,85,9,0,94,0,85,0,9,23,88,0.173913043478,1.68507579377,7.65217391304,7.33333333333,5.5,3.63829000359,0.475458352741,0.249505928854,5.32278271304,1.39118184545,0.672924901186,3.27042079462,0.854769071322,0.442687747036,0.749191304359,0.444603920564,2.5,1.68507579377,0.749191304359,2.5,0.259446613992,0.18878248974,46,0.025974025974,0.333144633145,23,23,23,1,0,0.478260869565,0.217391304348,0.304347826087,23,0.156126482213,1.6766798419,6.86956521739,6.58333333333,4.9375,3.13780971418,0.456769768519,0.246560264172,4.70807900371,1.37070654538,0.668134287287,3.01249046708,0.877054186617,0.465602641717,0.744273675988,0.443897312647,2.5,1.6766798419,0.744273675988,2.5,0.223424050697,0.141608391608,27,0.0152456239413,0.290834165834,23,23,23,1,0,0.478260869565,0.217391304348,0.304347826087,23,83,0.164031620553,1.683067476,7.21739130435,6.91666666667,5.1875,3.43718333072,0.476236244618,0.255631220534,5.01578535892,1.38991642476,0.675746464117,3.08573153894,0.855082233683,0.454688318491,0.747978403139,0.444413794339,2.5,1.683067476,0.747978403139,2.5,0.258922895287,0.19040247678,41,0.0231507622812,0.302043663407,23,23,23,1,0,0.478260869565,0.217391304348,0.304347826087,-5,-0.0098814229249,-0.00200831776919,-0.434782608696,-0.416666666667,-0.3125,-0.201106672862,0.000777891877064,0.00612529168056,-0.306997354119,-0.00126542069247,0.00282156293157,-0.18468925568,0.000313162360985,0.0120005714558,-0.00121290122029,-0.00019012622544,0,-0.00200831776919,-0.00121290122029,0,-0.000523718705537,0.0016199870401,-5,-0.00282326369283,-0.0311009697373,0,0,0,83,0,5,418,0.943181818182,1,0,0.0568181818182,1,0.943181818182,0.970760233918,0.965418612275,0.943181818182,0.943181818182,4,9,0,10,5,10
806,WLNM_dir_neg_kfold,0.907407407407,0.599715099715,00:00:01,10,90,10,17355,threshold_sweep,0.5,1,0.444444444444,0.615384615385,4,0,5,18,0.444444444444,1,0,0.555555555556,1,0.444444444444,0.615384615385,0.814814814815,0.617283950617,0.516129032258,0.58976782462,0.444444444444,94,85,9,0,94,0,85,0,9,23,88,0.173913043478,1.68507579377,7.65217391304,7.33333333333,5.5,3.63829000359,0.475458352741,0.249505928854,5.32278271304,1.39118184545,0.672924901186,3.27042079462,0.854769071322,0.442687747036,0.749191304359,0.444603920564,2.5,1.68507579377,0.749191304359,2.5,0.259446613992,0.18878248974,46,0.025974025974,0.333144633145,23,23,23,1,0,0.478260869565,0.217391304348,0.304347826087,23,0.156126482213,1.6766798419,6.86956521739,6.58333333333,4.9375,3.13780971418,0.456769768519,0.246560264172,4.70807900371,1.37070654538,0.668134287287,3.01249046708,0.877054186617,0.465602641717,0.744273675988,0.443897312647,2.5,1.6766798419,0.744273675988,2.5,0.223424050697,0.141608391608,27,0.0152456239413,0.290834165834,23,23,23,1,0,0.478260869565,0.217391304348,0.304347826087,23,83,0.164031620553,1.683067476,7.21739130435,6.91666666667,5.1875,3.43718333072,0.476236244618,0.255631220534,5.01578535892,1.38991642476,0.675746464117,3.08573153894,0.855082233683,0.454688318491,0.747978403139,0.444413794339,2.5,1.683067476,0.747978403139,2.5,0.258922895287,0.19040247678,41,0.0231507622812,0.302043663407,23,23,23,1,0,0.478260869565,0.217391304348,0.304347826087,-5,-0.0098814229249,-0.00200831776919,-0.434782608696,-0.416666666667,-0.3125,-0.201106672862,0.000777891877064,0.00612529168056,-0.306997354119,-0.00126542069247,0.00282156293157,-0.18468925568,0.000313162360985,0.0120005714558,-0.00121290122029,-0.00019012622544,0,-0.00200831776919,-0.00121290122029,0,-0.000523718705537,0.0016199870401,-5,-0.00282326369283,-0.0311009697373,0,0,0,83,0,5,418,0.943181818182,1,0,0.0568181818182,1,0.943181818182,0.970760233918,0.965418612275,0.943181818182,0.943181818182,4,9,0,10,5,10
807,WLNM_dir_neg_kfold,0.907407407407,0.599715099715,00:00:01,10,90,10,17355,threshold_sweep,0.6,1,0.444444444444,0.615384615385,4,0,5,18,0.444444444444,1,0,0.555555555556,1,0.444444444444,0.615384615385,0.814814814815,0.617283950617,0.516129032258,0.58976782462,0.444444444444,94,85,9,0,94,0,85,0,9,23,88,0.173913043478,1.68507579377,7.65217391304,7.33333333333,5.5,3.63829000359,0.475458352741,0.249505928854,5.32278271304,1.39118184545,0.672924901186,3.27042079462,0.854769071322,0.442687747036,0.749191304359,0.444603920564,2.5,1.68507579377,0.749191304359,2.5,0.259446613992,0.18878248974,46,0.025974025974,0.333144633145,23,23,23,1,0,0.478260869565,0.217391304348,0.304347826087,23,0.156126482213,1.6766798419,6.86956521739,6.58333333333,4.9375,3.13780971418,0.456769768519,0.246560264172,4.70807900371,1.37070654538,0.668134287287,3.01249046708,0.877054186617,0.465602641717,0.744273675988,0.443897312647,2.5,1.6766798419,0.744273675988,2.5,0.223424050697,0.141608391608,27,0.0152456239413,0.290834165834,23,23,23,1,0,0.478260869565,0.217391304348,0.304347826087,23,83,0.164031620553,1.683067476,7.21739130435,6.91666666667,5.1875,3.43718333072,0.476236244618,0.255631220534,5.01578535892,1.38991642476,0.675746464117,3.08573153894,0.855082233683,0.454688318491,0.747978403139,0.444413794339,2.5,1.683067476,0.747978403139,2.5,0.258922895287,0.19040247678,41,0.0231507622812,0.302043663407,23,23,23,1,0,0.478260869565,0.217391304348,0.304347826087,-5,-0.0098814229249,-0.00200831776919,-0.434782608696,-0.416666666667,-0.3125,-0.201106672862,0.000777891877064,0.00612529168056,-0.306997354119,-0.00126542069247,0.00282156293157,-0.18468925568,0.000313162360985,0.0120005714558,-0.00121290122029,-0.00019012622544,0,-0.00200831776919,-0.00121290122029,0,-0.000523718705537,0.0016199870401,-5,-0.00282326369283,-0.0311009697373,0,0,0,83,0,5,418,0.943181818182,1,0,0.0568181818182,1,0.943181818182,0.970760233918,0.965418612275,0.943181818182,0.943181818182,4,9,0,10,5,10
808,WLNM_dir_neg_kfold,0.907407407407,0.599715099715,00:00:01,10,90,10,17355,threshold_sweep,0.7,1,0.444444444444,0.615384615385,4,0,5,18,0.444444444444,1,0,0.555555555556,1,0.444444444444,0.615384615385,0.814814814815,0.617283950617,0.516129032258,0.58976782462,0.444444444444,94,85,9,0,94,0,85,0,9,23,88,0.173913043478,1.68507579377,7.65217391304,7.33333333333,5.5,3.63829000359,0.475458352741,0.249505928854,5.32278271304,1.39118184545,0.672924901186,3.27042079462,0.854769071322,0.442687747036,0.749191304359,0.444603920564,2.5,1.68507579377,0.749191304359,2.5,0.259446613992,0.18878248974,46,0.025974025974,0.333144633145,23,23,23,1,0,0.478260869565,0.217391304348,0.304347826087,23,0.156126482213,1.6766798419,6.86956521739,6.58333333333,4.9375,3.13780971418,0.456769768519,0.246560264172,4.70807900371,1.37070654538,0.668134287287,3.01249046708,0.877054186617,0.465602641717,0.744273675988,0.443897312647,2.5,1.6766798419,0.744273675988,2.5,0.223424050697,0.141608391608,27,0.0152456239413,0.290834165834,23,23,23,1,0,0.478260869565,0.217391304348,0.304347826087,23,83,0.164031620553,1.683067476,7.21739130435,6.91666666667,5.1875,3.43718333072,0.476236244618,0.255631220534,5.01578535892,1.38991642476,0.675746464117,3.08573153894,0.855082233683,0.454688318491,0.747978403139,0.444413794339,2.5,1.683067476,0.747978403139,2.5,0.258922895287,0.19040247678,41,0.0231507622812,0.302043663407,23,23,23,1,0,0.478260869565,0.217391304348,0.304347826087,-5,-0.0098814229249,-0.00200831776919,-0.434782608696,-0.416666666667,-0.3125,-0.201106672862,0.000777891877064,0.00612529168056,-0.306997354119,-0.00126542069247,0.00282156293157,-0.18468925568,0.000313162360985,0.0120005714558,-0.00121290122029,-0.00019012622544,0,-0.00200831776919,-0.00121290122029,0,-0.000523718705537,0.0016199870401,-5,-0.00282326369283,-0.0311009697373,0,0,0,83,0,5,418,0.943181818182,1,0,0.0568181818182,1,0.943181818182,0.970760233918,0.965418612275,0.943181818182,0.943181818182,4,9,0,10,5,10
809,WLNM_dir_neg_kfold,0.907407407407,0.599715099715,00:00:01,10,90,10,17355,threshold_sweep,0.8,1,0.444444444444,0.615384615385,4,0,5,18,0.444444444444,1,0,0.555555555556,1,0.444444444444,0.615384615385,0.814814814815,0.617283950617,0.516129032258,0.58976782462,0.444444444444,94,85,9,0,94,0,85,0,9,23,88,0.173913043478,1.68507579377,7.65217391304,7.33333333333,5.5,3.63829000359,0.475458352741,0.249505928854,5.32278271304,1.39118184545,0.672924901186,3.27042079462,0.854769071322,0.442687747036,0.749191304359,0.444603920564,2.5,1.68507579377,0.749191304359,2.5,0.259446613992,0.18878248974,46,0.025974025974,0.333144633145,23,23,23,1,0,0.478260869565,0.217391304348,0.304347826087,23,0.156126482213,1.6766798419,6.86956521739,6.58333333333,4.9375,3.13780971418,0.456769768519,0.246560264172,4.70807900371,1.37070654538,0.668134287287,3.01249046708,0.877054186617,0.465602641717,0.744273675988,0.443897312647,2.5,1.6766798419,0.744273675988,2.5,0.223424050697,0.141608391608,27,0.0152456239413,0.290834165834,23,23,23,1,0,0.478260869565,0.217391304348,0.304347826087,23,83,0.164031620553,1.683067476,7.21739130435,6.91666666667,5.1875,3.43718333072,0.476236244618,0.255631220534,5.01578535892,1.38991642476,0.675746464117,3.08573153894,0.855082233683,0.454688318491,0.747978403139,0.444413794339,2.5,1.683067476,0.747978403139,2.5,0.258922895287,0.19040247678,41,0.0231507622812,0.302043663407,23,23,23,1,0,0.478260869565,0.217391304348,0.304347826087,-5,-0.0098814229249,-0.00200831776919,-0.434782608696,-0.416666666667,-0.3125,-0.201106672862,0.000777891877064,0.00612529168056,-0.306997354119,-0.00126542069247,0.00282156293157,-0.18468925568,0.000313162360985,0.0120005714558,-0.00121290122029,-0.00019012622544,0,-0.00200831776919,-0.00121290122029,0,-0.000523718705537,0.0016199870401,-5,-0.00282326369283,-0.0311009697373,0,0,0,83,0,5,418,0.943181818182,1,0,0.0568181818182,1,0.943181818182,0.970760233918,0.965418612275,0.943181818182,0.943181818182,4,9,0,10,5,10
810,WLNM_dir_neg_kfold,0.907407407407,0.599715099715,00:00:01,10,90,10,17355,threshold_sweep,0.9,1,0.444444444444,0.615384615385,4,0,5,18,0.444444444444,1,0,0.555555555556,1,0.444444444444,0.615384615385,0.814814814815,0.617283950617,0.516129032258,0.58976782462,0.444444444444,94,85,9,0,94,0,85,0,9,23,88,0.173913043478,1.68507579377,7.65217391304,7.33333333333,5.5,3.63829000359,0.475458352741,0.249505928854,5.32278271304,1.39118184545,0.672924901186,3.27042079462,0.854769071322,0.442687747036,0.749191304359,0.444603920564,2.5,1.68507579377,0.749191304359,2.5,0.259446613992,0.18878248974,46,0.025974025974,0.333144633145,23,23,23,1,0,0.478260869565,0.217391304348,0.304347826087,23,0.156126482213,1.6766798419,6.86956521739,6.58333333333,4.9375,3.13780971418,0.456769768519,0.246560264172,4.70807900371,1.37070654538,0.668134287287,3.01249046708,0.877054186617,0.465602641717,0.744273675988,0.443897312647,2.5,1.6766798419,0.744273675988,2.5,0.223424050697,0.141608391608,27,0.0152456239413,0.290834165834,23,23,23,1,0,0.478260869565,0.217391304348,0.304347826087,23,83,0.164031620553,1.683067476,7.21739130435,6.91666666667,5.1875,3.43718333072,0.476236244618,0.255631220534,5.01578535892,1.38991642476,0.675746464117,3.08573153894,0.855082233683,0.454688318491,0.747978403139,0.444413794339,2.5,1.683067476,0.747978403139,2.5,0.258922895287,0.19040247678,41,0.0231507622812,0.302043663407,23,23,23,1,0,0.478260869565,0.217391304348,0.304347826087,-5,-0.0098814229249,-0.00200831776919,-0.434782608696,-0.416666666667,-0.3125,-0.201106672862,0.000777891877064,0.00612529168056,-0.306997354119,-0.00126542069247,0.00282156293157,-0.18468925568,0.000313162360985,0.0120005714558,-0.00121290122029,-0.00019012622544,0,-0.00200831776919,-0.00121290122029,0,-0.000523718705537,0.0016199870401,-5,-0.00282326369283,-0.0311009697373,0,0,0,83,0,5,418,0.943181818182,1,0,0.0568181818182,1,0.943181818182,0.970760233918,0.965418612275,0.943181818182,0.943181818182,4,9,0,10,5,10
811,WLNM_dir_neg_kfold,0.876543209877,0.559523809524,00:00:01,10,90,11,17356,threshold_sweep,0.1,1,0.444444444444,0.615384615385,4,0,5,18,0.444444444444,1,0,0.555555555556,1,0.444444444444,0.615384615385,0.814814814815,0.617283950617,0.516129032258,0.58976782462,0.444444444444,94,85,9,0,94,0,85,0,9,23,88,0.173913043478,1.68507579377,7.65217391304,7.33333333333,5.5,3.63829000359,0.475458352741,0.249505928854,5.32278271304,1.39118184545,0.672924901186,3.27042079462,0.854769071322,0.442687747036,0.749191304359,0.444603920564,2.5,1.68507579377,0.749191304359,2.5,0.259446613992,0.18878248974,46,0.025974025974,0.333144633145,23,23,23,1,0,0.478260869565,0.217391304348,0.304347826087,23,0.156126482213,1.6766798419,6.86956521739,6.58333333333,4.9375,3.13780971418,0.456769768519,0.246560264172,4.70807900371,1.37070654538,0.668134287287,3.01249046708,0.877054186617,0.465602641717,0.744273675988,0.443897312647,2.5,1.6766798419,0.744273675988,2.5,0.223424050697,0.141608391608,27,0.0152456239413,0.290834165834,23,23,23,1,0,0.478260869565,0.217391304348,0.304347826087,23,83,0.164031620553,1.683067476,7.21739130435,6.91666666667,5.1875,3.43718333072,0.476236244618,0.255631220534,5.01578535892,1.38991642476,0.675746464117,3.08573153894,0.855082233683,0.454688318491,0.747978403139,0.444413794339,2.5,1.683067476,0.747978403139,2.5,0.258922895287,0.19040247678,41,0.0231507622812,0.302043663407,23,23,23,1,0,0.478260869565,0.217391304348,0.304347826087,-5,-0.0098814229249,-0.00200831776919,-0.434782608696,-0.416666666667,-0.3125,-0.201106672862,0.000777891877064,0.00612529168056,-0.306997354119,-0.00126542069247,0.00282156293157,-0.18468925568,0.000313162360985,0.0120005714558,-0.00121290122029,-0.00019012622544,0,-0.00200831776919,-0.00121290122029,0,-0.000523718705537,0.0016199870401,-5,-0.00282326369283,-0.0311009697373,0,0,0,83,0,5,418,0.943181818182,1,0,0.0568181818182,1,0.943181818182,0.970760233918,0.965418612275,0.943181818182,0.943181818182,4,9,0,10,5,10
812,WLNM_dir_neg_kfold,0.876543209877,0.559523809524,00:00:01,10,90,11,17356,threshold_sweep,0.2,1,0.444444444444,0.615384615385,4,0,5,18,0.444444444444,1,0,0.555555555556,1,0.444444444444,0.615384615385,0.814814814815,0.617283950617,0.516129032258,0.58976782462,0.444444444444,94,85,9,0,94,0,85,0,9,23,88,0.173913043478,1.68507579377,7.65217391304,7.33333333333,5.5,3.63829000359,0.475458352741,0.249505928854,5.32278271304,1.39118184545,0.672924901186,3.27042079462,0.854769071322,0.442687747036,0.749191304359,0.444603920564,2.5,1.68507579377,0.749191304359,2.5,0.259446613992,0.18878248974,46,0.025974025974,0.333144633145,23,23,23,1,0,0.478260869565,0.217391304348,0.304347826087,23,0.156126482213,1.6766798419,6.86956521739,6.58333333333,4.9375,3.13780971418,0.456769768519,0.246560264172,4.70807900371,1.37070654538,0.668134287287,3.01249046708,0.877054186617,0.465602641717,0.744273675988,0.443897312647,2.5,1.6766798419,0.744273675988,2.5,0.223424050697,0.141608391608,27,0.0152456239413,0.290834165834,23,23,23,1,0,0.478260869565,0.217391304348,0.304347826087,23,83,0.164031620553,1.683067476,7.21739130435,6.91666666667,5.1875,3.43718333072,0.476236244618,0.255631220534,5.01578535892,1.38991642476,0.675746464117,3.08573153894,0.855082233683,0.454688318491,0.747978403139,0.444413794339,2.5,1.683067476,0.747978403139,2.5,0.258922895287,0.19040247678,41,0.0231507622812,0.302043663407,23,23,23,1,0,0.478260869565,0.217391304348,0.304347826087,-5,-0.0098814229249,-0.00200831776919,-0.434782608696,-0.416666666667,-0.3125,-0.201106672862,0.000777891877064,0.00612529168056,-0.306997354119,-0.00126542069247,0.00282156293157,-0.18468925568,0.000313162360985,0.0120005714558,-0.00121290122029,-0.00019012622544,0,-0.00200831776919,-0.00121290122029,0,-0.000523718705537,0.0016199870401,-5,-0.00282326369283,-0.0311009697373,0,0,0,83,0,5,418,0.943181818182,1,0,0.0568181818182,1,0.943181818182,0.970760233918,0.965418612275,0.943181818182,0.943181818182,4,9,0,10,5,10
813,WLNM_dir_neg_kfold,0.876543209877,0.559523809524,00:00:01,10,90,11,17356,threshold_sweep,0.3,1,0.444444444444,0.615384615385,4,0,5,18,0.444444444444,1,0,0.555555555556,1,0.444444444444,0.615384615385,0.814814814815,0.617283950617,0.516129032258,0.58976782462,0.444444444444,94,85,9,0,94,0,85,0,9,23,88,0.173913043478,1.68507579377,7.65217391304,7.33333333333,5.5,3.63829000359,0.475458352741,0.249505928854,5.32278271304,1.39118184545,0.672924901186,3.27042079462,0.854769071322,0.442687747036,0.749191304359,0.444603920564,2.5,1.68507579377,0.749191304359,2.5,0.259446613992,0.18878248974,46,0.025974025974,0.333144633145,23,23,23,1,0,0.478260869565,0.217391304348,0.304347826087,23,0.156126482213,1.6766798419,6.86956521739,6.58333333333,4.9375,3.13780971418,0.456769768519,0.246560264172,4.70807900371,1.37070654538,0.668134287287,3.01249046708,0.877054186617,0.465602641717,0.744273675988,0.443897312647,2.5,1.6766798419,0.744273675988,2.5,0.223424050697,0.141608391608,27,0.0152456239413,0.290834165834,23,23,23,1,0,0.478260869565,0.217391304348,0.304347826087,23,83,0.164031620553,1.683067476,7.21739130435,6.91666666667,5.1875,3.43718333072,0.476236244618,0.255631220534,5.01578535892,1.38991642476,0.675746464117,3.08573153894,0.855082233683,0.454688318491,0.747978403139,0.444413794339,2.5,1.683067476,0.747978403139,2.5,0.258922895287,0.19040247678,41,0.0231507622812,0.302043663407,23,23,23,1,0,0.478260869565,0.217391304348,0.304347826087,-5,-0.0098814229249,-0.00200831776919,-0.434782608696,-0.416666666667,-0.3125,-0.201106672862,0.000777891877064,0.00612529168056,-0.306997354119,-0.00126542069247,0.00282156293157,-0.18468925568,0.000313162360985,0.0120005714558,-0.00121290122029,-0.00019012622544,0,-0.00200831776919,-0.00121290122029,0,-0.000523718705537,0.0016199870401,-5,-0.00282326369283,-0.0311009697373,0,0,0,83,0,5,418,0.943181818182,1,0,0.0568181818182,1,0.943181818182,0.970760233918,0.965418612275,0.943181818182,0.943181818182,4,9,0,10,5,10
814,WLNM_dir_neg_kfold,0.876543209877,0.559523809524,00:00:01,10,90,11,17356,threshold_sweep,0.4,1,0.444444444444,0.615384615385,4,0,5,18,0.444444444444,1,0,0.555555555556,1,0.444444444444,0.615384615385,0.814814814815,0.617283950617,0.516129032258,0.58976782462,0.444444444444,94,85,9,0,94,0,85,0,9,23,88,0.173913043478,1.68507579377,7.65217391304,7.33333333333,5.5,3.63829000359,0.475458352741,0.249505928854,5.32278271304,1.39118184545,0.672924901186,3.27042079462,0.854769071322,0.442687747036,0.749191304359,0.444603920564,2.5,1.68507579377,0.749191304359,2.5,0.259446613992,0.18878248974,46,0.025974025974,0.333144633145,23,23,23,1,0,0.478260869565,0.217391304348,0.304347826087,23,0.156126482213,1.6766798419,6.86956521739,6.58333333333,4.9375,3.13780971418,0.456769768519,0.246560264172,4.70807900371,1.37070654538,0.668134287287,3.01249046708,0.877054186617,0.465602641717,0.744273675988,0.443897312647,2.5,1.6766798419,0.744273675988,2.5,0.223424050697,0.141608391608,27,0.0152456239413,0.290834165834,23,23,23,1,0,0.478260869565,0.217391304348,0.304347826087,23,83,0.164031620553,1.683067476,7.21739130435,6.91666666667,5.1875,3.43718333072,0.476236244618,0.255631220534,5.01578535892,1.38991642476,0.675746464117,3.08573153894,0.855082233683,0.454688318491,0.747978403139,0.444413794339,2.5,1.683067476,0.747978403139,2.5,0.258922895287,0.19040247678,41,0.0231507622812,0.302043663407,23,23,23,1,0,0.478260869565,0.217391304348,0.304347826087,-5,-0.0098814229249,-0.00200831776919,-0.434782608696,-0.416666666667,-0.3125,-0.201106672862,0.000777891877064,0.00612529168056,-0.306997354119,-0.00126542069247,0.00282156293157,-0.18468925568,0.000313162360985,0.0120005714558,-0.00121290122029,-0.00019012622544,0,-0.00200831776919,-0.00121290122029,0,-0.000523718705537,0.0016199870401,-5,-0.00282326369283,-0.0311009697373,0,0,0,83,0,5,418,0.943181818182,1,0,0.0568181818182,1,0.943181818182,0.970760233918,0.965418612275,0.943181818182,0.943181818182,4,9,0,10,5,10
815,WLNM_dir_neg_kfold,0.876543209877,0.559523809524,00:00:01,10,90,11,17356,threshold_sweep,0.5,1,0.444444444444,0.615384615385,4,0,5,18,0.444444444444,1,0,0.555555555556,1,0.444444444444,0.615384615385,0.814814814815,0.617283950617,0.516129032258,0.58976782462,0.444444444444,94,85,9,0,94,0,85,0,9,23,88,0.173913043478,1.68507579377,7.65217391304,7.33333333333,5.5,3.63829000359,0.475458352741,0.249505928854,5.32278271304,1.39118184545,0.672924901186,3.27042079462,0.854769071322,0.442687747036,0.749191304359,0.444603920564,2.5,1.68507579377,0.749191304359,2.5,0.259446613992,0.18878248974,46,0.025974025974,0.333144633145,23,23,23,1,0,0.478260869565,0.217391304348,0.304347826087,23,0.156126482213,1.6766798419,6.86956521739,6.58333333333,4.9375,3.13780971418,0.456769768519,0.246560264172,4.70807900371,1.37070654538,0.668134287287,3.01249046708,0.877054186617,0.465602641717,0.744273675988,0.443897312647,2.5,1.6766798419,0.744273675988,2.5,0.223424050697,0.141608391608,27,0.0152456239413,0.290834165834,23,23,23,1,0,0.478260869565,0.217391304348,0.304347826087,23,83,0.164031620553,1.683067476,7.21739130435,6.91666666667,5.1875,3.43718333072,0.476236244618,0.255631220534,5.01578535892,1.38991642476,0.675746464117,3.08573153894,0.855082233683,0.454688318491,0.747978403139,0.444413794339,2.5,1.683067476,0.747978403139,2.5,0.258922895287,0.19040247678,41,0.0231507622812,0.302043663407,23,23,23,1,0,0.478260869565,0.217391304348,0.304347826087,-5,-0.0098814229249,-0.00200831776919,-0.434782608696,-0.416666666667,-0.3125,-0.201106672862,0.000777891877064,0.00612529168056,-0.306997354119,-0.00126542069247,0.00282156293157,-0.18468925568,0.000313162360985,0.0120005714558,-0.00121290122029,-0.00019012622544,0,-0.00200831776919,-0.00121290122029,0,-0.000523718705537,0.0016199870401,-5,-0.00282326369283,-0.0311009697373,0,0,0,83,0,5,418,0.943181818182,1,0,0.0568181818182,1,0.943181818182,0.970760233918,0.965418612275,0.943181818182,0.943181818182,4,9,0,10,5,10
816,WLNM_dir_neg_kfold,0.876543209877,0.559523809524,00:00:01,10,90,11,17356,threshold_sweep,0.6,1,0.444444444444,0.615384615385,4,0,5,18,0.444444444444,1,0,0.555555555556,1,0.444444444444,0.615384615385,0.814814814815,0.617283950617,0.516129032258,0.58976782462,0.444444444444,94,85,9,0,94,0,85,0,9,23,88,0.173913043478,1.68507579377,7.65217391304,7.33333333333,5.5,3.63829000359,0.475458352741,0.249505928854,5.32278271304,1.39118184545,0.672924901186,3.27042079462,0.854769071322,0.442687747036,0.749191304359,0.444603920564,2.5,1.68507579377,0.749191304359,2.5,0.259446613992,0.18878248974,46,0.025974025974,0.333144633145,23,23,23,1,0,0.478260869565,0.217391304348,0.304347826087,23,0.156126482213,1.6766798419,6.86956521739,6.58333333333,4.9375,3.13780971418,0.456769768519,0.246560264172,4.70807900371,1.37070654538,0.668134287287,3.01249046708,0.877054186617,0.465602641717,0.744273675988,0.443897312647,2.5,1.6766798419,0.744273675988,2.5,0.223424050697,0.141608391608,27,0.0152456239413,0.290834165834,23,23,23,1,0,0.478260869565,0.217391304348,0.304347826087,23,83,0.164031620553,1.683067476,7.21739130435,6.91666666667,5.1875,3.43718333072,0.476236244618,0.255631220534,5.01578535892,1.38991642476,0.675746464117,3.08573153894,0.855082233683,0.454688318491,0.747978403139,0.444413794339,2.5,1.683067476,0.747978403139,2.5,0.258922895287,0.19040247678,41,0.0231507622812,0.302043663407,23,23,23,1,0,0.478260869565,0.217391304348,0.304347826087,-5,-0.0098814229249,-0.00200831776919,-0.434782608696,-0.416666666667,-0.3125,-0.201106672862,0.000777891877064,0.00612529168056,-0.306997354119,-0.00126542069247,0.00282156293157,-0.18468925568,0.000313162360985,0.0120005714558,-0.00121290122029,-0.00019012622544,0,-0.00200831776919,-0.00121290122029,0,-0.000523718705537,0.0016199870401,-5,-0.00282326369283,-0.0311009697373,0,0,0,83,0,5,418,0.943181818182,1,0,0.0568181818182,1,0.943181818182,0.970760233918,0.965418612275,0.943181818182,0.943181818182,4,9,0,10,5,10
817,WLNM_dir_neg_kfold,0.876543209877,0.559523809524,00:00:01,10,90,11,17356,threshold_sweep,0.7,1,0.444444444444,0.615384615385,4,0,5,18,0.444444444444,1,0,0.555555555556,1,0.444444444444,0.615384615385,0.814814814815,0.617283950617,0.516129032258,0.58976782462,0.444444444444,94,85,9,0,94,0,85,0,9,23,88,0.173913043478,1.68507579377,7.65217391304,7.33333333333,5.5,3.63829000359,0.475458352741,0.249505928854,5.32278271304,1.39118184545,0.672924901186,3.27042079462,0.854769071322,0.442687747036,0.749191304359,0.444603920564,2.5,1.68507579377,0.749191304359,2.5,0.259446613992,0.18878248974,46,0.025974025974,0.333144633145,23,23,23,1,0,0.478260869565,0.217391304348,0.304347826087,23,0.156126482213,1.6766798419,6.86956521739,6.58333333333,4.9375,3.13780971418,0.456769768519,0.246560264172,4.70807900371,1.37070654538,0.668134287287,3.01249046708,0.877054186617,0.465602641717,0.744273675988,0.443897312647,2.5,1.6766798419,0.744273675988,2.5,0.223424050697,0.141608391608,27,0.0152456239413,0.290834165834,23,23,23,1,0,0.478260869565,0.217391304348,0.304347826087,23,83,0.164031620553,1.683067476,7.21739130435,6.91666666667,5.1875,3.43718333072,0.476236244618,0.255631220534,5.01578535892,1.38991642476,0.675746464117,3.08573153894,0.855082233683,0.454688318491,0.747978403139,0.444413794339,2.5,1.683067476,0.747978403139,2.5,0.258922895287,0.19040247678,41,0.0231507622812,0.302043663407,23,23,23,1,0,0.478260869565,0.217391304348,0.304347826087,-5,-0.0098814229249,-0.00200831776919,-0.434782608696,-0.416666666667,-0.3125,-0.201106672862,0.000777891877064,0.00612529168056,-0.306997354119,-0.00126542069247,0.00282156293157,-0.18468925568,0.000313162360985,0.0120005714558,-0.00121290122029,-0.00019012622544,0,-0.00200831776919,-0.00121290122029,0,-0.000523718705537,0.0016199870401,-5,-0.00282326369283,-0.0311009697373,0,0,0,83,0,5,418,0.943181818182,1,0,0.0568181818182,1,0.943181818182,0.970760233918,0.965418612275,0.943181818182,0.943181818182,4,9,0,10,5,10
818,WLNM_dir_neg_kfold,0.876543209877,0.559523809524,00:00:01,10,90,11,17356,threshold_sweep,0.8,1,0.444444444444,0.615384615385,4,0,5,18,0.444444444444,1,0,0.555555555556,1,0.444444444444,0.615384615385,0.814814814815,0.617283950617,0.516129032258,0.58976782462,0.444444444444,94,85,9,0,94,0,85,0,9,23,88,0.173913043478,1.68507579377,7.65217391304,7.33333333333,5.5,3.63829000359,0.475458352741,0.249505928854,5.32278271304,1.39118184545,0.672924901186,3.27042079462,0.854769071322,0.442687747036,0.749191304359,0.444603920564,2.5,1.68507579377,0.749191304359,2.5,0.259446613992,0.18878248974,46,0.025974025974,0.333144633145,23,23,23,1,0,0.478260869565,0.217391304348,0.304347826087,23,0.156126482213,1.6766798419,6.86956521739,6.58333333333,4.9375,3.13780971418,0.456769768519,0.246560264172,4.70807900371,1.37070654538,0.668134287287,3.01249046708,0.877054186617,0.465602641717,0.744273675988,0.443897312647,2.5,1.6766798419,0.744273675988,2.5,0.223424050697,0.141608391608,27,0.0152456239413,0.290834165834,23,23,23,1,0,0.478260869565,0.217391304348,0.304347826087,23,83,0.164031620553,1.683067476,7.21739130435,6.91666666667,5.1875,3.43718333072,0.476236244618,0.255631220534,5.01578535892,1.38991642476,0.675746464117,3.08573153894,0.855082233683,0.454688318491,0.747978403139,0.444413794339,2.5,1.683067476,0.747978403139,2.5,0.258922895287,0.19040247678,41,0.0231507622812,0.302043663407,23,23,23,1,0,0.478260869565,0.217391304348,0.304347826087,-5,-0.0098814229249,-0.00200831776919,-0.434782608696,-0.416666666667,-0.3125,-0.201106672862,0.000777891877064,0.00612529168056,-0.306997354119,-0.00126542069247,0.00282156293157,-0.18468925568,0.000313162360985,0.0120005714558,-0.00121290122029,-0.00019012622544,0,-0.00200831776919,-0.00121290122029,0,-0.000523718705537,0.0016199870401,-5,-0.00282326369283,-0.0311009697373,0,0,0,83,0,5,418,0.943181818182,1,0,0.0568181818182,1,0.943181818182,0.970760233918,0.965418612275,0.943181818182,0.943181818182,4,9,0,10,5,10
819,WLNM_dir_neg_kfold,0.876543209877,0.559523809524,00:00:01,10,90,11,17356,threshold_sweep,0.9,1,0.444444444444,0.615384615385,4,0,5,18,0.444444444444,1,0,0.555555555556,1,0.444444444444,0.615384615385,0.814814814815,0.617283950617,0.516129032258,0.58976782462,0.444444444444,94,85,9,0,94,0,85,0,9,23,88,0.173913043478,1.68507579377,7.65217391304,7.33333333333,5.5,3.63829000359,0.475458352741,0.249505928854,5.32278271304,1.39118184545,0.672924901186,3.27042079462,0.854769071322,0.442687747036,0.749191304359,0.444603920564,2.5,1.68507579377,0.749191304359,2.5,0.259446613992,0.18878248974,46,0.025974025974,0.333144633145,23,23,23,1,0,0.478260869565,0.217391304348,0.304347826087,23,0.156126482213,1.6766798419,6.86956521739,6.58333333333,4.9375,3.13780971418,0.456769768519,0.246560264172,4.70807900371,1.37070654538,0.668134287287,3.01249046708,0.877054186617,0.465602641717,0.744273675988,0.443897312647,2.5,1.6766798419,0.744273675988,2.5,0.223424050697,0.141608391608,27,0.0152456239413,0.290834165834,23,23,23,1,0,0.478260869565,0.217391304348,0.304347826087,23,83,0.164031620553,1.683067476,7.21739130435,6.91666666667,5.1875,3.43718333072,0.476236244618,0.255631220534,5.01578535892,1.38991642476,0.675746464117,3.08573153894,0.855082233683,0.454688318491,0.747978403139,0.444413794339,2.5,1.683067476,0.747978403139,2.5,0.258922895287,0.19040247678,41,0.0231507622812,0.302043663407,23,23,23,1,0,0.478260869565,0.217391304348,0.304347826087,-5,-0.0098814229249,-0.00200831776919,-0.434782608696,-0.416666666667,-0.3125,-0.201106672862,0.000777891877064,0.00612529168056,-0.306997354119,-0.00126542069247,0.00282156293157,-0.18468925568,0.000313162360985,0.0120005714558,-0.00121290122029,-0.00019012622544,0,-0.00200831776919,-0.00121290122029,0,-0.000523718705537,0.0016199870401,-5,-0.00282326369283,-0.0311009697373,0,0,0,83,0,5,418,0.943181818182,1,0,0.0568181818182,1,0.943181818182,0.970760233918,0.965418612275,0.943181818182,0.943181818182,4,9,0,10,5,10
820,WLNM_dir_neg_kfold,0.876543209877,0.559523809524,00:00:01,10,90,12,17357,threshold_sweep,0.1,1,0.444444444444,0.615384615385,4,0,5,18,0.444444444444,1,0,0.555555555556,1,0.444444444444,0.615384615385,0.814814814815,0.617283950617,0.516129032258,0.58976782462,0.444444444444,94,85,9,0,94,0,85,0,9,23,88,0.173913043478,1.68507579377,7.65217391304,7.33333333333,5.5,3.63829000359,0.475458352741,0.249505928854,5.32278271304,1.39118184545,0.672924901186,3.27042079462,0.854769071322,0.442687747036,0.749191304359,0.444603920564,2.5,1.68507579377,0.749191304359,2.5,0.259446613992,0.18878248974,46,0.025974025974,0.333144633145,23,23,23,1,0,0.478260869565,0.217391304348,0.304347826087,23,0.156126482213,1.6766798419,6.86956521739,6.58333333333,4.9375,3.13780971418,0.456769768519,0.246560264172,4.70807900371,1.37070654538,0.668134287287,3.01249046708,0.877054186617,0.465602641717,0.744273675988,0.443897312647,2.5,1.6766798419,0.744273675988,2.5,0.223424050697,0.141608391608,27,0.0152456239413,0.290834165834,23,23,23,1,0,0.478260869565,0.217391304348,0.304347826087,23,83,0.164031620553,1.683067476,7.21739130435,6.91666666667,5.1875,3.43718333072,0.476236244618,0.255631220534,5.01578535892,1.38991642476,0.675746464117,3.08573153894,0.855082233683,0.454688318491,0.747978403139,0.444413794339,2.5,1.683067476,0.747978403139,2.5,0.258922895287,0.19040247678,41,0.0231507622812,0.302043663407,23,23,23,1,0,0.478260869565,0.217391304348,0.304347826087,-5,-0.0098814229249,-0.00200831776919,-0.434782608696,-0.416666666667,-0.3125,-0.201106672862,0.000777891877064,0.00612529168056,-0.306997354119,-0.00126542069247,0.00282156293157,-0.18468925568,0.000313162360985,0.0120005714558,-0.00121290122029,-0.00019012622544,0,-0.00200831776919,-0.00121290122029,0,-0.000523718705537,0.0016199870401,-5,-0.00282326369283,-0.0311009697373,0,0,0,83,0,5,418,0.943181818182,1,0,0.0568181818182,1,0.943181818182,0.970760233918,0.965418612275,0.943181818182,0.943181818182,4,9,0,10,5,10
821,WLNM_dir_neg_kfold,0.876543209877,0.559523809524,00:00:01,10,90,12,17357,threshold_sweep,0.2,1,0.444444444444,0.615384615385,4,0,5,18,0.444444444444,1,0,0.555555555556,1,0.444444444444,0.615384615385,0.814814814815,0.617283950617,0.516129032258,0.58976782462,0.444444444444,94,85,9,0,94,0,85,0,9,23,88,0.173913043478,1.68507579377,7.65217391304,7.33333333333,5.5,3.63829000359,0.475458352741,0.249505928854,5.32278271304,1.39118184545,0.672924901186,3.27042079462,0.854769071322,0.442687747036,0.749191304359,0.444603920564,2.5,1.68507579377,0.749191304359,2.5,0.259446613992,0.18878248974,46,0.025974025974,0.333144633145,23,23,23,1,0,0.478260869565,0.217391304348,0.304347826087,23,0.156126482213,1.6766798419,6.86956521739,6.58333333333,4.9375,3.13780971418,0.456769768519,0.246560264172,4.70807900371,1.37070654538,0.668134287287,3.01249046708,0.877054186617,0.465602641717,0.744273675988,0.443897312647,2.5,1.6766798419,0.744273675988,2.5,0.223424050697,0.141608391608,27,0.0152456239413,0.290834165834,23,23,23,1,0,0.478260869565,0.217391304348,0.304347826087,23,83,0.164031620553,1.683067476,7.21739130435,6.91666666667,5.1875,3.43718333072,0.476236244618,0.255631220534,5.01578535892,1.38991642476,0.675746464117,3.08573153894,0.855082233683,0.454688318491,0.747978403139,0.444413794339,2.5,1.683067476,0.747978403139,2.5,0.258922895287,0.19040247678,41,0.0231507622812,0.302043663407,23,23,23,1,0,0.478260869565,0.217391304348,0.304347826087,-5,-0.0098814229249,-0.00200831776919,-0.434782608696,-0.416666666667,-0.3125,-0.201106672862,0.000777891877064,0.00612529168056,-0.306997354119,-0.00126542069247,0.00282156293157,-0.18468925568,0.000313162360985,0.0120005714558,-0.00121290122029,-0.00019012622544,0,-0.00200831776919,-0.00121290122029,0,-0.000523718705537,0.0016199870401,-5,-0.00282326369283,-0.0311009697373,0,0,0,83,0,5,418,0.943181818182,1,0,0.0568181818182,1,0.943181818182,0.970760233918,0.965418612275,0.943181818182,0.943181818182,4,9,0,10,5,10
822,WLNM_dir_neg_kfold,0.876543209877,0.559523809524,00:00:01,10,90,12,17357,threshold_sweep,0.3,1,0.444444444444,0.615384615385,4,0,5,18,0.444444444444,1,0,0.555555555556,1,0.444444444444,0.615384615385,0.814814814815,0.617283950617,0.516129032258,0.58976782462,0.444444444444,94,85,9,0,94,0,85,0,9,23,88,0.173913043478,1.68507579377,7.65217391304,7.33333333333,5.5,3.63829000359,0.475458352741,0.249505928854,5.32278271304,1.39118184545,0.672924901186,3.27042079462,0.854769071322,0.442687747036,0.749191304359,0.444603920564,2.5,1.68507579377,0.749191304359,2.5,0.259446613992,0.18878248974,46,0.025974025974,0.333144633145,23,23,23,1,0,0.478260869565,0.217391304348,0.304347826087,23,0.156126482213,1.6766798419,6.86956521739,6.58333333333,4.9375,3.13780971418,0.456769768519,0.246560264172,4.70807900371,1.37070654538,0.668134287287,3.01249046708,0.877054186617,0.465602641717,0.744273675988,0.443897312647,2.5,1.6766798419,0.744273675988,2.5,0.223424050697,0.141608391608,27,0.0152456239413,0.290834165834,23,23,23,1,0,0.478260869565,0.217391304348,0.304347826087,23,83,0.164031620553,1.683067476,7.21739130435,6.91666666667,5.1875,3.43718333072,0.476236244618,0.255631220534,5.01578535892,1.38991642476,0.675746464117,3.08573153894,0.855082233683,0.454688318491,0.747978403139,0.444413794339,2.5,1.683067476,0.747978403139,2.5,0.258922895287,0.19040247678,41,0.0231507622812,0.302043663407,23,23,23,1,0,0.478260869565,0.217391304348,0.304347826087,-5,-0.0098814229249,-0.00200831776919,-0.434782608696,-0.416666666667,-0.3125,-0.201106672862,0.000777891877064,0.00612529168056,-0.306997354119,-0.00126542069247,0.00282156293157,-0.18468925568,0.000313162360985,0.0120005714558,-0.00121290122029,-0.00019012622544,0,-0.00200831776919,-0.00121290122029,0,-0.000523718705537,0.0016199870401,-5,-0.00282326369283,-0.0311009697373,0,0,0,83,0,5,418,0.943181818182,1,0,0.0568181818182,1,0.943181818182,0.970760233918,0.965418612275,0.943181818182,0.943181818182,4,9,0,10,5,10
823,WLNM_dir_neg_kfold,0.876543209877,0.559523809524,00:00:01,10,90,12,17357,threshold_sweep,0.4,1,0.444444444444,0.615384615385,4,0,5,18,0.444444444444,1,0,0.555555555556,1,0.444444444444,0.615384615385,0.814814814815,0.617283950617,0.516129032258,0.58976782462,0.444444444444,94,85,9,0,94,0,85,0,9,23,88,0.173913043478,1.68507579377,7.65217391304,7.33333333333,5.5,3.63829000359,0.475458352741,0.249505928854,5.32278271304,1.39118184545,0.672924901186,3.27042079462,0.854769071322,0.442687747036,0.749191304359,0.444603920564,2.5,1.68507579377,0.749191304359,2.5,0.259446613992,0.18878248974,46,0.025974025974,0.333144633145,23,23,23,1,0,0.478260869565,0.217391304348,0.304347826087,23,0.156126482213,1.6766798419,6.86956521739,6.58333333333,4.9375,3.13780971418,0.456769768519,0.246560264172,4.70807900371,1.37070654538,0.668134287287,3.01249046708,0.877054186617,0.465602641717,0.744273675988,0.443897312647,2.5,1.6766798419,0.744273675988,2.5,0.223424050697,0.141608391608,27,0.0152456239413,0.290834165834,23,23,23,1,0,0.478260869565,0.217391304348,0.304347826087,23,83,0.164031620553,1.683067476,7.21739130435,6.91666666667,5.1875,3.43718333072,0.476236244618,0.255631220534,5.01578535892,1.38991642476,0.675746464117,3.08573153894,0.855082233683,0.454688318491,0.747978403139,0.444413794339,2.5,1.683067476,0.747978403139,2.5,0.258922895287,0.19040247678,41,0.0231507622812,0.302043663407,23,23,23,1,0,0.478260869565,0.217391304348,0.304347826087,-5,-0.0098814229249,-0.00200831776919,-0.434782608696,-0.416666666667,-0.3125,-0.201106672862,0.000777891877064,0.00612529168056,-0.306997354119,-0.00126542069247,0.00282156293157,-0.18468925568,0.000313162360985,0.0120005714558,-0.00121290122029,-0.00019012622544,0,-0.00200831776919,-0.00121290122029,0,-0.000523718705537,0.0016199870401,-5,-0.00282326369283,-0.0311009697373,0,0,0,83,0,5,418,0.943181818182,1,0,0.0568181818182,1,0.943181818182,0.970760233918,0.965418612275,0.943181818182,0.943181818182,4,9,0,10,5,10
824,WLNM_dir_neg_kfold,0.876543209877,0.559523809524,00:00:01,10,90,12,17357,threshold_sweep,0.5,1,0.444444444444,0.615384615385,4,0,5,18,0.444444444444,1,0,0.555555555556,1,0.444444444444,0.615384615385,0.814814814815,0.617283950617,0.516129032258,0.58976782462,0.444444444444,94,85,9,0,94,0,85,0,9,23,88,0.173913043478,1.68507579377,7.65217391304,7.33333333333,5.5,3.63829000359,0.475458352741,0.249505928854,5.32278271304,1.39118184545,0.672924901186,3.27042079462,0.854769071322,0.442687747036,0.749191304359,0.444603920564,2.5,1.68507579377,0.749191304359,2.5,0.259446613992,0.18878248974,46,0.025974025974,0.333144633145,23,23,23,1,0,0.478260869565,0.217391304348,0.304347826087,23,0.156126482213,1.6766798419,6.86956521739,6.58333333333,4.9375,3.13780971418,0.456769768519,0.246560264172,4.70807900371,1.37070654538,0.668134287287,3.01249046708,0.877054186617,0.465602641717,0.744273675988,0.443897312647,2.5,1.6766798419,0.744273675988,2.5,0.223424050697,0.141608391608,27,0.0152456239413,0.290834165834,23,23,23,1,0,0.478260869565,0.217391304348,0.304347826087,23,83,0.164031620553,1.683067476,7.21739130435,6.91666666667,5.1875,3.43718333072,0.476236244618,0.255631220534,5.01578535892,1.38991642476,0.675746464117,3.08573153894,0.855082233683,0.454688318491,0.747978403139,0.444413794339,2.5,1.683067476,0.747978403139,2.5,0.258922895287,0.19040247678,41,0.0231507622812,0.302043663407,23,23,23,1,0,0.478260869565,0.217391304348,0.304347826087,-5,-0.0098814229249,-0.00200831776919,-0.434782608696,-0.416666666667,-0.3125,-0.201106672862,0.000777891877064,0.00612529168056,-0.306997354119,-0.00126542069247,0.00282156293157,-0.18468925568,0.000313162360985,0.0120005714558,-0.00121290122029,-0.00019012622544,0,-0.00200831776919,-0.00121290122029,0,-0.000523718705537,0.0016199870401,-5,-0.00282326369283,-0.0311009697373,0,0,0,83,0,5,418,0.943181818182,1,0,0.0568181818182,1,0.943181818182,0.970760233918,0.965418612275,0.943181818182,0.943181818182,4,9,0,10,5,10
825,WLNM_dir_neg_kfold,0.876543209877,0.559523809524,00:00:01,10,90,12,17357,threshold_sweep,0.6,1,0.444444444444,0.615384615385,4,0,5,18,0.444444444444,1,0,0.555555555556,1,0.444444444444,0.615384615385,0.814814814815,0.617283950617,0.516129032258,0.58976782462,0.444444444444,94,85,9,0,94,0,85,0,9,23,88,0.173913043478,1.68507579377,7.65217391304,7.33333333333,5.5,3.63829000359,0.475458352741,0.249505928854,5.32278271304,1.39118184545,0.672924901186,3.27042079462,0.854769071322,0.442687747036,0.749191304359,0.444603920564,2.5,1.68507579377,0.749191304359,2.5,0.259446613992,0.18878248974,46,0.025974025974,0.333144633145,23,23,23,1,0,0.478260869565,0.217391304348,0.304347826087,23,0.156126482213,1.6766798419,6.86956521739,6.58333333333,4.9375,3.13780971418,0.456769768519,0.246560264172,4.70807900371,1.37070654538,0.668134287287,3.01249046708,0.877054186617,0.465602641717,0.744273675988,0.443897312647,2.5,1.6766798419,0.744273675988,2.5,0.223424050697,0.141608391608,27,0.0152456239413,0.290834165834,23,23,23,1,0,0.478260869565,0.217391304348,0.304347826087,23,83,0.164031620553,1.683067476,7.21739130435,6.91666666667,5.1875,3.43718333072,0.476236244618,0.255631220534,5.01578535892,1.38991642476,0.675746464117,3.08573153894,0.855082233683,0.454688318491,0.747978403139,0.444413794339,2.5,1.683067476,0.747978403139,2.5,0.258922895287,0.19040247678,41,0.0231507622812,0.302043663407,23,23,23,1,0,0.478260869565,0.217391304348,0.304347826087,-5,-0.0098814229249,-0.00200831776919,-0.434782608696,-0.416666666667,-0.3125,-0.201106672862,0.000777891877064,0.00612529168056,-0.306997354119,-0.00126542069247,0.00282156293157,-0.18468925568,0.000313162360985,0.0120005714558,-0.00121290122029,-0.00019012622544,0,-0.00200831776919,-0.00121290122029,0,-0.000523718705537,0.0016199870401,-5,-0.00282326369283,-0.0311009697373,0,0,0,83,0,5,418,0.943181818182,1,0,0.0568181818182,1,0.943181818182,0.970760233918,0.965418612275,0.943181818182,0.943181818182,4,9,0,10,5,10
826,WLNM_dir_neg_kfold,0.876543209877,0.559523809524,00:00:01,10,90,12,17357,threshold_sweep,0.7,1,0.444444444444,0.615384615385,4,0,5,18,0.444444444444,1,0,0.555555555556,1,0.444444444444,0.615384615385,0.814814814815,0.617283950617,0.516129032258,0.58976782462,0.444444444444,94,85,9,0,94,0,85,0,9,23,88,0.173913043478,1.68507579377,7.65217391304,7.33333333333,5.5,3.63829000359,0.475458352741,0.249505928854,5.32278271304,1.39118184545,0.672924901186,3.27042079462,0.854769071322,0.442687747036,0.749191304359,0.444603920564,2.5,1.68507579377,0.749191304359,2.5,0.259446613992,0.18878248974,46,0.025974025974,0.333144633145,23,23,23,1,0,0.478260869565,0.217391304348,0.304347826087,23,0.156126482213,1.6766798419,6.86956521739,6.58333333333,4.9375,3.13780971418,0.456769768519,0.246560264172,4.70807900371,1.37070654538,0.668134287287,3.01249046708,0.877054186617,0.465602641717,0.744273675988,0.443897312647,2.5,1.6766798419,0.744273675988,2.5,0.223424050697,0.141608391608,27,0.0152456239413,0.290834165834,23,23,23,1,0,0.478260869565,0.217391304348,0.304347826087,23,83,0.164031620553,1.683067476,7.21739130435,6.91666666667,5.1875,3.43718333072,0.476236244618,0.255631220534,5.01578535892,1.38991642476,0.675746464117,3.08573153894,0.855082233683,0.454688318491,0.747978403139,0.444413794339,2.5,1.683067476,0.747978403139,2.5,0.258922895287,0.19040247678,41,0.0231507622812,0.302043663407,23,23,23,1,0,0.478260869565,0.217391304348,0.304347826087,-5,-0.0098814229249,-0.00200831776919,-0.434782608696,-0.416666666667,-0.3125,-0.201106672862,0.000777891877064,0.00612529168056,-0.306997354119,-0.00126542069247,0.00282156293157,-0.18468925568,0.000313162360985,0.0120005714558,-0.00121290122029,-0.00019012622544,0,-0.00200831776919,-0.00121290122029,0,-0.000523718705537,0.0016199870401,-5,-0.00282326369283,-0.0311009697373,0,0,0,83,0,5,418,0.943181818182,1,0,0.0568181818182,1,0.943181818182,0.970760233918,0.965418612275,0.943181818182,0.943181818182,4,9,0,10,5,10
827,WLNM_dir_neg_kfold,0.876543209877,0.559523809524,00:00:01,10,90,12,17357,threshold_sweep,0.8,1,0.444444444444,0.615384615385,4,0,5,18,0.444444444444,1,0,0.555555555556,1,0.444444444444,0.615384615385,0.814814814815,0.617283950617,0.516129032258,0.58976782462,0.444444444444,94,85,9,0,94,0,85,0,9,23,88,0.173913043478,1.68507579377,7.65217391304,7.33333333333,5.5,3.63829000359,0.475458352741,0.249505928854,5.32278271304,1.39118184545,0.672924901186,3.27042079462,0.854769071322,0.442687747036,0.749191304359,0.444603920564,2.5,1.68507579377,0.749191304359,2.5,0.259446613992,0.18878248974,46,0.025974025974,0.333144633145,23,23,23,1,0,0.478260869565,0.217391304348,0.304347826087,23,0.156126482213,1.6766798419,6.86956521739,6.58333333333,4.9375,3.13780971418,0.456769768519,0.246560264172,4.70807900371,1.37070654538,0.668134287287,3.01249046708,0.877054186617,0.465602641717,0.744273675988,0.443897312647,2.5,1.6766798419,0.744273675988,2.5,0.223424050697,0.141608391608,27,0.0152456239413,0.290834165834,23,23,23,1,0,0.478260869565,0.217391304348,0.304347826087,23,83,0.164031620553,1.683067476,7.21739130435,6.91666666667,5.1875,3.43718333072,0.476236244618,0.255631220534,5.01578535892,1.38991642476,0.675746464117,3.08573153894,0.855082233683,0.454688318491,0.747978403139,0.444413794339,2.5,1.683067476,0.747978403139,2.5,0.258922895287,0.19040247678,41,0.0231507622812,0.302043663407,23,23,23,1,0,0.478260869565,0.217391304348,0.304347826087,-5,-0.0098814229249,-0.00200831776919,-0.434782608696,-0.416666666667,-0.3125,-0.201106672862,0.000777891877064,0.00612529168056,-0.306997354119,-0.00126542069247,0.00282156293157,-0.18468925568,0.000313162360985,0.0120005714558,-0.00121290122029,-0.00019012622544,0,-0.00200831776919,-0.00121290122029,0,-0.000523718705537,0.0016199870401,-5,-0.00282326369283,-0.0311009697373,0,0,0,83,0,5,418,0.943181818182,1,0,0.0568181818182,1,0.943181818182,0.970760233918,0.965418612275,0.943181818182,0.943181818182,4,9,0,10,5,10
828,WLNM_dir_neg_kfold,0.876543209877,0.559523809524,00:00:01,10,90,12,17357,threshold_sweep,0.9,1,0.444444444444,0.615384615385,4,0,5,18,0.444444444444,1,0,0.555555555556,1,0.444444444444,0.615384615385,0.814814814815,0.617283950617,0.516129032258,0.58976782462,0.444444444444,94,85,9,0,94,0,85,0,9,23,88,0.173913043478,1.68507579377,7.65217391304,7.33333333333,5.5,3.63829000359,0.475458352741,0.249505928854,5.32278271304,1.39118184545,0.672924901186,3.27042079462,0.854769071322,0.442687747036,0.749191304359,0.444603920564,2.5,1.68507579377,0.749191304359,2.5,0.259446613992,0.18878248974,46,0.025974025974,0.333144633145,23,23,23,1,0,0.478260869565,0.217391304348,0.304347826087,23,0.156126482213,1.6766798419,6.86956521739,6.58333333333,4.9375,3.13780971418,0.456769768519,0.246560264172,4.70807900371,1.37070654538,0.668134287287,3.01249046708,0.877054186617,0.465602641717,0.744273675988,0.443897312647,2.5,1.6766798419,0.744273675988,2.5,0.223424050697,0.141608391608,27,0.0152456239413,0.290834165834,23,23,23,1,0,0.478260869565,0.217391304348,0.304347826087,23,83,0.164031620553,1.683067476,7.21739130435,6.91666666667,5.1875,3.43718333072,0.476236244618,0.255631220534,5.01578535892,1.38991642476,0.675746464117,3.08573153894,0.855082233683,0.454688318491,0.747978403139,0.444413794339,2.5,1.683067476,0.747978403139,2.5,0.258922895287,0.19040247678,41,0.0231507622812,0.302043663407,23,23,23,1,0,0.478260869565,0.217391304348,0.304347826087,-5,-0.0098814229249,-0.00200831776919,-0.434782608696,-0.416666666667,-0.3125,-0.201106672862,0.000777891877064,0.00612529168056,-0.306997354119,-0.00126542069247,0.00282156293157,-0.18468925568,0.000313162360985,0.0120005714558,-0.00121290122029,-0.00019012622544,0,-0.00200831776919,-0.00121290122029,0,-0.000523718705537,0.0016199870401,-5,-0.00282326369283,-0.0311009697373,0,0,0,83,0,5,418,0.943181818182,1,0,0.0568181818182,1,0.943181818182,0.970760233918,0.965418612275,0.943181818182,0.943181818182,4,9,0,10,5,10
829,WLNM_dir_neg_kfold,0.984567901235,0.75,00:00:01,10,90,13,17358,threshold_sweep,0.1,1,0.333333333333,0.5,3,0,6,18,0.333333333333,1,0,0.666666666667,1,0.333333333333,0.5,0.777777777778,0.62962962963,0.4,0.5,0.333333333333,94,85,9,0,94,0,85,0,9,23,88,0.173913043478,1.68507579377,7.65217391304,7.33333333333,5.5,3.63829000359,0.475458352741,0.249505928854,5.32278271304,1.39118184545,0.672924901186,3.27042079462,0.854769071322,0.442687747036,0.749191304359,0.444603920564,2.5,1.68507579377,0.749191304359,2.5,0.259446613992,0.18878248974,46,0.025974025974,0.333144633145,23,23,23,1,0,0.478260869565,0.217391304348,0.304347826087,23,0.156126482213,1.6766798419,6.86956521739,6.58333333333,4.9375,3.13780971418,0.456769768519,0.246560264172,4.70807900371,1.37070654538,0.668134287287,3.01249046708,0.877054186617,0.465602641717,0.744273675988,0.443897312647,2.5,1.6766798419,0.744273675988,2.5,0.223424050697,0.141608391608,27,0.0152456239413,0.290834165834,23,23,23,1,0,0.478260869565,0.217391304348,0.304347826087,23,82,0.162055335968,1.67802089215,7.13043478261,6.83333333333,5.125,3.40192923643,0.477099831938,0.257688229056,4.96191025309,1.39175531489,0.677624602333,3.07225245998,0.861729348532,0.460233297985,0.745266613988,0.444134287883,2.5,1.67802089215,0.745266613988,2.5,0.264570278207,0.195238095238,41,0.0231507622812,0.300858232676,23,23,23,1,0,0.478260869565,0.217391304348,0.304347826087,-6,-0.0118577075099,-0.00705490162012,-0.521739130435,-0.5,-0.375,-0.236360767161,0.00164147919625,0.00818230020245,-0.360872459957,0.000573469435485,0.00469970114721,-0.198168334643,0.0069602772092,0.0175455509496,-0.00392469037079,-0.000469632681557,0,-0.00705490162012,-0.00392469037079,0,0.00512366421457,0.00645560549801,-5,-0.00282326369283,-0.0322864004682,0,0,0,82,0,6,418,0.931818181818,1,0,0.0681818181818,1,0.931818181818,0.964705882353,0.958452959446,0.931818181818,0.931818181818,3,9,0,10,5,10
830,WLNM_dir_neg_kfold,0.984567901235,0.75,00:00:01,10,90,13,17358,threshold_sweep,0.2,1,0.333333333333,0.5,3,0,6,18,0.333333333333,1,0,0.666666666667,1,0.333333333333,0.5,0.777777777778,0.62962962963,0.4,0.5,0.333333333333,94,85,9,0,94,0,85,0,9,23,88,0.173913043478,1.68507579377,7.65217391304,7.33333333333,5.5,3.63829000359,0.475458352741,0.249505928854,5.32278271304,1.39118184545,0.672924901186,3.27042079462,0.854769071322,0.442687747036,0.749191304359,0.444603920564,2.5,1.68507579377,0.749191304359,2.5,0.259446613992,0.18878248974,46,0.025974025974,0.333144633145,23,23,23,1,0,0.478260869565,0.217391304348,0.304347826087,23,0.156126482213,1.6766798419,6.86956521739,6.58333333333,4.9375,3.13780971418,0.456769768519,0.246560264172,4.70807900371,1.37070654538,0.668134287287,3.01249046708,0.877054186617,0.465602641717,0.744273675988,0.443897312647,2.5,1.6766798419,0.744273675988,2.5,0.223424050697,0.141608391608,27,0.0152456239413,0.290834165834,23,23,23,1,0,0.478260869565,0.217391304348,0.304347826087,23,82,0.162055335968,1.67802089215,7.13043478261,6.83333333333,5.125,3.40192923643,0.477099831938,0.257688229056,4.96191025309,1.39175531489,0.677624602333,3.07225245998,0.861729348532,0.460233297985,0.745266613988,0.444134287883,2.5,1.67802089215,0.745266613988,2.5,0.264570278207,0.195238095238,41,0.0231507622812,0.300858232676,23,23,23,1,0,0.478260869565,0.217391304348,0.304347826087,-6,-0.0118577075099,-0.00705490162012,-0.521739130435,-0.5,-0.375,-0.236360767161,0.00164147919625,0.00818230020245,-0.360872459957,0.000573469435485,0.00469970114721,-0.198168334643,0.0069602772092,0.0175455509496,-0.00392469037079,-0.000469632681557,0,-0.00705490162012,-0.00392469037079,0,0.00512366421457,0.00645560549801,-5,-0.00282326369283,-0.0322864004682,0,0,0,82,0,6,418,0.931818181818,1,0,0.0681818181818,1,0.931818181818,0.964705882353,0.958452959446,0.931818181818,0.931818181818,3,9,0,10,5,10
831,WLNM_dir_neg_kfold,0.984567901235,0.75,00:00:01,10,90,13,17358,threshold_sweep,0.3,1,0.333333333333,0.5,3,0,6,18,0.333333333333,1,0,0.666666666667,1,0.333333333333,0.5,0.777777777778,0.62962962963,0.4,0.5,0.333333333333,94,85,9,0,94,0,85,0,9,23,88,0.173913043478,1.68507579377,7.65217391304,7.33333333333,5.5,3.63829000359,0.475458352741,0.249505928854,5.32278271304,1.39118184545,0.672924901186,3.27042079462,0.854769071322,0.442687747036,0.749191304359,0.444603920564,2.5,1.68507579377,0.749191304359,2.5,0.259446613992,0.18878248974,46,0.025974025974,0.333144633145,23,23,23,1,0,0.478260869565,0.217391304348,0.304347826087,23,0.156126482213,1.6766798419,6.86956521739,6.58333333333,4.9375,3.13780971418,0.456769768519,0.246560264172,4.70807900371,1.37070654538,0.668134287287,3.01249046708,0.877054186617,0.465602641717,0.744273675988,0.443897312647,2.5,1.6766798419,0.744273675988,2.5,0.223424050697,0.141608391608,27,0.0152456239413,0.290834165834,23,23,23,1,0,0.478260869565,0.217391304348,0.304347826087,23,82,0.162055335968,1.67802089215,7.13043478261,6.83333333333,5.125,3.40192923643,0.477099831938,0.257688229056,4.96191025309,1.39175531489,0.677624602333,3.07225245998,0.861729348532,0.460233297985,0.745266613988,0.444134287883,2.5,1.67802089215,0.745266613988,2.5,0.264570278207,0.195238095238,41,0.0231507622812,0.300858232676,23,23,23,1,0,0.478260869565,0.217391304348,0.304347826087,-6,-0.0118577075099,-0.00705490162012,-0.521739130435,-0.5,-0.375,-0.236360767161,0.00164147919625,0.00818230020245,-0.360872459957,0.000573469435485,0.00469970114721,-0.198168334643,0.0069602772092,0.0175455509496,-0.00392469037079,-0.000469632681557,0,-0.00705490162012,-0.00392469037079,0,0.00512366421457,0.00645560549801,-5,-0.00282326369283,-0.0322864004682,0,0,0,82,0,6,418,0.931818181818,1,0,0.0681818181818,1,0.931818181818,0.964705882353,0.958452959446,0.931818181818,0.931818181818,3,9,0,10,5,10
832,WLNM_dir_neg_kfold,0.984567901235,0.75,00:00:01,10,90,13,17358,threshold_sweep,0.4,1,0.333333333333,0.5,3,0,6,18,0.333333333333,1,0,0.666666666667,1,0.333333333333,0.5,0.777777777778,0.62962962963,0.4,0.5,0.333333333333,94,85,9,0,94,0,85,0,9,23,88,0.173913043478,1.68507579377,7.65217391304,7.33333333333,5.5,3.63829000359,0.475458352741,0.249505928854,5.32278271304,1.39118184545,0.672924901186,3.27042079462,0.854769071322,0.442687747036,0.749191304359,0.444603920564,2.5,1.68507579377,0.749191304359,2.5,0.259446613992,0.18878248974,46,0.025974025974,0.333144633145,23,23,23,1,0,0.478260869565,0.217391304348,0.304347826087,23,0.156126482213,1.6766798419,6.86956521739,6.58333333333,4.9375,3.13780971418,0.456769768519,0.246560264172,4.70807900371,1.37070654538,0.668134287287,3.01249046708,0.877054186617,0.465602641717,0.744273675988,0.443897312647,2.5,1.6766798419,0.744273675988,2.5,0.223424050697,0.141608391608,27,0.0152456239413,0.290834165834,23,23,23,1,0,0.478260869565,0.217391304348,0.304347826087,23,82,0.162055335968,1.67802089215,7.13043478261,6.83333333333,5.125,3.40192923643,0.477099831938,0.257688229056,4.96191025309,1.39175531489,0.677624602333,3.07225245998,0.861729348532,0.460233297985,0.745266613988,0.444134287883,2.5,1.67802089215,0.745266613988,2.5,0.264570278207,0.195238095238,41,0.0231507622812,0.300858232676,23,23,23,1,0,0.478260869565,0.217391304348,0.304347826087,-6,-0.0118577075099,-0.00705490162012,-0.521739130435,-0.5,-0.375,-0.236360767161,0.00164147919625,0.00818230020245,-0.360872459957,0.000573469435485,0.00469970114721,-0.198168334643,0.0069602772092,0.0175455509496,-0.00392469037079,-0.000469632681557,0,-0.00705490162012,-0.00392469037079,0,0.00512366421457,0.00645560549801,-5,-0.00282326369283,-0.0322864004682,0,0,0,82,0,6,418,0.931818181818,1,0,0.0681818181818,1,0.931818181818,0.964705882353,0.958452959446,0.931818181818,0.931818181818,3,9,0,10,5,10
833,WLNM_dir_neg_kfold,0.984567901235,0.75,00:00:01,10,90,13,17358,threshold_sweep,0.5,1,0.333333333333,0.5,3,0,6,18,0.333333333333,1,0,0.666666666667,1,0.333333333333,0.5,0.777777777778,0.62962962963,0.4,0.5,0.333333333333,94,85,9,0,94,0,85,0,9,23,88,0.173913043478,1.68507579377,7.65217391304,7.33333333333,5.5,3.63829000359,0.475458352741,0.249505928854,5.32278271304,1.39118184545,0.672924901186,3.27042079462,0.854769071322,0.442687747036,0.749191304359,0.444603920564,2.5,1.68507579377,0.749191304359,2.5,0.259446613992,0.18878248974,46,0.025974025974,0.333144633145,23,23,23,1,0,0.478260869565,0.217391304348,0.304347826087,23,0.156126482213,1.6766798419,6.86956521739,6.58333333333,4.9375,3.13780971418,0.456769768519,0.246560264172,4.70807900371,1.37070654538,0.668134287287,3.01249046708,0.877054186617,0.465602641717,0.744273675988,0.443897312647,2.5,1.6766798419,0.744273675988,2.5,0.223424050697,0.141608391608,27,0.0152456239413,0.290834165834,23,23,23,1,0,0.478260869565,0.217391304348,0.304347826087,23,82,0.162055335968,1.67802089215,7.13043478261,6.83333333333,5.125,3.40192923643,0.477099831938,0.257688229056,4.96191025309,1.39175531489,0.677624602333,3.07225245998,0.861729348532,0.460233297985,0.745266613988,0.444134287883,2.5,1.67802089215,0.745266613988,2.5,0.264570278207,0.195238095238,41,0.0231507622812,0.300858232676,23,23,23,1,0,0.478260869565,0.217391304348,0.304347826087,-6,-0.0118577075099,-0.00705490162012,-0.521739130435,-0.5,-0.375,-0.236360767161,0.00164147919625,0.00818230020245,-0.360872459957,0.000573469435485,0.00469970114721,-0.198168334643,0.0069602772092,0.0175455509496,-0.00392469037079,-0.000469632681557,0,-0.00705490162012,-0.00392469037079,0,0.00512366421457,0.00645560549801,-5,-0.00282326369283,-0.0322864004682,0,0,0,82,0,6,418,0.931818181818,1,0,0.0681818181818,1,0.931818181818,0.964705882353,0.958452959446,0.931818181818,0.931818181818,3,9,0,10,5,10
834,WLNM_dir_neg_kfold,0.984567901235,0.75,00:00:01,10,90,13,17358,threshold_sweep,0.6,1,0.333333333333,0.5,3,0,6,18,0.333333333333,1,0,0.666666666667,1,0.333333333333,0.5,0.777777777778,0.62962962963,0.4,0.5,0.333333333333,94,85,9,0,94,0,85,0,9,23,88,0.173913043478,1.68507579377,7.65217391304,7.33333333333,5.5,3.63829000359,0.475458352741,0.249505928854,5.32278271304,1.39118184545,0.672924901186,3.27042079462,0.854769071322,0.442687747036,0.749191304359,0.444603920564,2.5,1.68507579377,0.749191304359,2.5,0.259446613992,0.18878248974,46,0.025974025974,0.333144633145,23,23,23,1,0,0.478260869565,0.217391304348,0.304347826087,23,0.156126482213,1.6766798419,6.86956521739,6.58333333333,4.9375,3.13780971418,0.456769768519,0.246560264172,4.70807900371,1.37070654538,0.668134287287,3.01249046708,0.877054186617,0.465602641717,0.744273675988,0.443897312647,2.5,1.6766798419,0.744273675988,2.5,0.223424050697,0.141608391608,27,0.0152456239413,0.290834165834,23,23,23,1,0,0.478260869565,0.217391304348,0.304347826087,23,82,0.162055335968,1.67802089215,7.13043478261,6.83333333333,5.125,3.40192923643,0.477099831938,0.257688229056,4.96191025309,1.39175531489,0.677624602333,3.07225245998,0.861729348532,0.460233297985,0.745266613988,0.444134287883,2.5,1.67802089215,0.745266613988,2.5,0.264570278207,0.195238095238,41,0.0231507622812,0.300858232676,23,23,23,1,0,0.478260869565,0.217391304348,0.304347826087,-6,-0.0118577075099,-0.00705490162012,-0.521739130435,-0.5,-0.375,-0.236360767161,0.00164147919625,0.00818230020245,-0.360872459957,0.000573469435485,0.00469970114721,-0.198168334643,0.0069602772092,0.0175455509496,-0.00392469037079,-0.000469632681557,0,-0.00705490162012,-0.00392469037079,0,0.00512366421457,0.00645560549801,-5,-0.00282326369283,-0.0322864004682,0,0,0,82,0,6,418,0.931818181818,1,0,0.0681818181818,1,0.931818181818,0.964705882353,0.958452959446,0.931818181818,0.931818181818,3,9,0,10,5,10
835,WLNM_dir_neg_kfold,0.984567901235,0.75,00:00:01,10,90,13,17358,threshold_sweep,0.7,1,0.333333333333,0.5,3,0,6,18,0.333333333333,1,0,0.666666666667,1,0.333333333333,0.5,0.777777777778,0.62962962963,0.4,0.5,0.333333333333,94,85,9,0,94,0,85,0,9,23,88,0.173913043478,1.68507579377,7.65217391304,7.33333333333,5.5,3.63829000359,0.475458352741,0.249505928854,5.32278271304,1.39118184545,0.672924901186,3.27042079462,0.854769071322,0.442687747036,0.749191304359,0.444603920564,2.5,1.68507579377,0.749191304359,2.5,0.259446613992,0.18878248974,46,0.025974025974,0.333144633145,23,23,23,1,0,0.478260869565,0.217391304348,0.304347826087,23,0.156126482213,1.6766798419,6.86956521739,6.58333333333,4.9375,3.13780971418,0.456769768519,0.246560264172,4.70807900371,1.37070654538,0.668134287287,3.01249046708,0.877054186617,0.465602641717,0.744273675988,0.443897312647,2.5,1.6766798419,0.744273675988,2.5,0.223424050697,0.141608391608,27,0.0152456239413,0.290834165834,23,23,23,1,0,0.478260869565,0.217391304348,0.304347826087,23,82,0.162055335968,1.67802089215,7.13043478261,6.83333333333,5.125,3.40192923643,0.477099831938,0.257688229056,4.96191025309,1.39175531489,0.677624602333,3.07225245998,0.861729348532,0.460233297985,0.745266613988,0.444134287883,2.5,1.67802089215,0.745266613988,2.5,0.264570278207,0.195238095238,41,0.0231507622812,0.300858232676,23,23,23,1,0,0.478260869565,0.217391304348,0.304347826087,-6,-0.0118577075099,-0.00705490162012,-0.521739130435,-0.5,-0.375,-0.236360767161,0.00164147919625,0.00818230020245,-0.360872459957,0.000573469435485,0.00469970114721,-0.198168334643,0.0069602772092,0.0175455509496,-0.00392469037079,-0.000469632681557,0,-0.00705490162012,-0.00392469037079,0,0.00512366421457,0.00645560549801,-5,-0.00282326369283,-0.0322864004682,0,0,0,82,0,6,418,0.931818181818,1,0,0.0681818181818,1,0.931818181818,0.964705882353,0.958452959446,0.931818181818,0.931818181818,3,9,0,10,5,10
836,WLNM_dir_neg_kfold,0.984567901235,0.75,00:00:01,10,90,13,17358,threshold_sweep,0.8,1,0.333333333333,0.5,3,0,6,18,0.333333333333,1,0,0.666666666667,1,0.333333333333,0.5,0.777777777778,0.62962962963,0.4,0.5,0.333333333333,94,85,9,0,94,0,85,0,9,23,88,0.173913043478,1.68507579377,7.65217391304,7.33333333333,5.5,3.63829000359,0.475458352741,0.249505928854,5.32278271304,1.39118184545,0.672924901186,3.27042079462,0.854769071322,0.442687747036,0.749191304359,0.444603920564,2.5,1.68507579377,0.749191304359,2.5,0.259446613992,0.18878248974,46,0.025974025974,0.333144633145,23,23,23,1,0,0.478260869565,0.217391304348,0.304347826087,23,0.156126482213,1.6766798419,6.86956521739,6.58333333333,4.9375,3.13780971418,0.456769768519,0.246560264172,4.70807900371,1.37070654538,0.668134287287,3.01249046708,0.877054186617,0.465602641717,0.744273675988,0.443897312647,2.5,1.6766798419,0.744273675988,2.5,0.223424050697,0.141608391608,27,0.0152456239413,0.290834165834,23,23,23,1,0,0.478260869565,0.217391304348,0.304347826087,23,82,0.162055335968,1.67802089215,7.13043478261,6.83333333333,5.125,3.40192923643,0.477099831938,0.257688229056,4.96191025309,1.39175531489,0.677624602333,3.07225245998,0.861729348532,0.460233297985,0.745266613988,0.444134287883,2.5,1.67802089215,0.745266613988,2.5,0.264570278207,0.195238095238,41,0.0231507622812,0.300858232676,23,23,23,1,0,0.478260869565,0.217391304348,0.304347826087,-6,-0.0118577075099,-0.00705490162012,-0.521739130435,-0.5,-0.375,-0.236360767161,0.00164147919625,0.00818230020245,-0.360872459957,0.000573469435485,0.00469970114721,-0.198168334643,0.0069602772092,0.0175455509496,-0.00392469037079,-0.000469632681557,0,-0.00705490162012,-0.00392469037079,0,0.00512366421457,0.00645560549801,-5,-0.00282326369283,-0.0322864004682,0,0,0,82,0,6,418,0.931818181818,1,0,0.0681818181818,1,0.931818181818,0.964705882353,0.958452959446,0.931818181818,0.931818181818,3,9,0,10,5,10
837,WLNM_dir_neg_kfold,0.984567901235,0.75,00:00:01,10,90,13,17358,threshold_sweep,0.9,1,0.333333333333,0.5,3,0,6,18,0.333333333333,1,0,0.666666666667,1,0.333333333333,0.5,0.777777777778,0.62962962963,0.4,0.5,0.333333333333,94,85,9,0,94,0,85,0,9,23,88,0.173913043478,1.68507579377,7.65217391304,7.33333333333,5.5,3.63829000359,0.475458352741,0.249505928854,5.32278271304,1.39118184545,0.672924901186,3.27042079462,0.854769071322,0.442687747036,0.749191304359,0.444603920564,2.5,1.68507579377,0.749191304359,2.5,0.259446613992,0.18878248974,46,0.025974025974,0.333144633145,23,23,23,1,0,0.478260869565,0.217391304348,0.304347826087,23,0.156126482213,1.6766798419,6.86956521739,6.58333333333,4.9375,3.13780971418,0.456769768519,0.246560264172,4.70807900371,1.37070654538,0.668134287287,3.01249046708,0.877054186617,0.465602641717,0.744273675988,0.443897312647,2.5,1.6766798419,0.744273675988,2.5,0.223424050697,0.141608391608,27,0.0152456239413,0.290834165834,23,23,23,1,0,0.478260869565,0.217391304348,0.304347826087,23,82,0.162055335968,1.67802089215,7.13043478261,6.83333333333,5.125,3.40192923643,0.477099831938,0.257688229056,4.96191025309,1.39175531489,0.677624602333,3.07225245998,0.861729348532,0.460233297985,0.745266613988,0.444134287883,2.5,1.67802089215,0.745266613988,2.5,0.264570278207,0.195238095238,41,0.0231507622812,0.300858232676,23,23,23,1,0,0.478260869565,0.217391304348,0.304347826087,-6,-0.0118577075099,-0.00705490162012,-0.521739130435,-0.5,-0.375,-0.236360767161,0.00164147919625,0.00818230020245,-0.360872459957,0.000573469435485,0.00469970114721,-0.198168334643,0.0069602772092,0.0175455509496,-0.00392469037079,-0.000469632681557,0,-0.00705490162012,-0.00392469037079,0,0.00512366421457,0.00645560549801,-5,-0.00282326369283,-0.0322864004682,0,0,0,82,0,6,418,0.931818181818,1,0,0.0681818181818,1,0.931818181818,0.964705882353,0.958452959446,0.931818181818,0.931818181818,3,9,0,10,5,10
838,WLNM_dir_neg_kfold,0.537037037037,0.384868421053,00:00:01,10,90,14,17359,threshold_sweep,0.1,1,0.444444444444,0.615384615385,4,0,5,18,0.444444444444,1,0,0.555555555556,1,0.444444444444,0.615384615385,0.814814814815,0.617283950617,0.516129032258,0.58976782462,0.444444444444,94,85,9,0,94,0,85,0,9,23,88,0.173913043478,1.68507579377,7.65217391304,7.33333333333,5.5,3.63829000359,0.475458352741,0.249505928854,5.32278271304,1.39118184545,0.672924901186,3.27042079462,0.854769071322,0.442687747036,0.749191304359,0.444603920564,2.5,1.68507579377,0.749191304359,2.5,0.259446613992,0.18878248974,46,0.025974025974,0.333144633145,23,23,23,1,0,0.478260869565,0.217391304348,0.304347826087,23,0.156126482213,1.6766798419,6.86956521739,6.58333333333,4.9375,3.13780971418,0.456769768519,0.246560264172,4.70807900371,1.37070654538,0.668134287287,3.01249046708,0.877054186617,0.465602641717,0.744273675988,0.443897312647,2.5,1.6766798419,0.744273675988,2.5,0.223424050697,0.141608391608,27,0.0152456239413,0.290834165834,23,23,23,1,0,0.478260869565,0.217391304348,0.304347826087,23,83,0.164031620553,1.683067476,7.21739130435,6.91666666667,5.1875,3.43718333072,0.476236244618,0.255631220534,5.01578535892,1.38991642476,0.675746464117,3.08573153894,0.855082233683,0.454688318491,0.747978403139,0.444413794339,2.5,1.683067476,0.747978403139,2.5,0.258922895287,0.19040247678,41,0.0231507622812,0.302043663407,23,23,23,1,0,0.478260869565,0.217391304348,0.304347826087,-5,-0.0098814229249,-0.00200831776919,-0.434782608696,-0.416666666667,-0.3125,-0.201106672862,0.000777891877064,0.00612529168056,-0.306997354119,-0.00126542069247,0.00282156293157,-0.18468925568,0.000313162360985,0.0120005714558,-0.00121290122029,-0.00019012622544,0,-0.00200831776919,-0.00121290122029,0,-0.000523718705537,0.0016199870401,-5,-0.00282326369283,-0.0311009697373,0,0,0,83,0,5,418,0.943181818182,1,0,0.0568181818182,1,0.943181818182,0.970760233918,0.965418612275,0.943181818182,0.943181818182,4,9,0,10,5,10
839,WLNM_dir_neg_kfold,0.537037037037,0.384868421053,00:00:01,10,90,14,17359,threshold_sweep,0.2,1,0.444444444444,0.615384615385,4,0,5,18,0.444444444444,1,0,0.555555555556,1,0.444444444444,0.615384615385,0.814814814815,0.617283950617,0.516129032258,0.58976782462,0.444444444444,94,85,9,0,94,0,85,0,9,23,88,0.173913043478,1.68507579377,7.65217391304,7.33333333333,5.5,3.63829000359,0.475458352741,0.249505928854,5.32278271304,1.39118184545,0.672924901186,3.27042079462,0.854769071322,0.442687747036,0.749191304359,0.444603920564,2.5,1.68507579377,0.749191304359,2.5,0.259446613992,0.18878248974,46,0.025974025974,0.333144633145,23,23,23,1,0,0.478260869565,0.217391304348,0.304347826087,23,0.156126482213,1.6766798419,6.86956521739,6.58333333333,4.9375,3.13780971418,0.456769768519,0.246560264172,4.70807900371,1.37070654538,0.668134287287,3.01249046708,0.877054186617,0.465602641717,0.744273675988,0.443897312647,2.5,1.6766798419,0.744273675988,2.5,0.223424050697,0.141608391608,27,0.0152456239413,0.290834165834,23,23,23,1,0,0.478260869565,0.217391304348,0.304347826087,23,83,0.164031620553,1.683067476,7.21739130435,6.91666666667,5.1875,3.43718333072,0.476236244618,0.255631220534,5.01578535892,1.38991642476,0.675746464117,3.08573153894,0.855082233683,0.454688318491,0.747978403139,0.444413794339,2.5,1.683067476,0.747978403139,2.5,0.258922895287,0.19040247678,41,0.0231507622812,0.302043663407,23,23,23,1,0,0.478260869565,0.217391304348,0.304347826087,-5,-0.0098814229249,-0.00200831776919,-0.434782608696,-0.416666666667,-0.3125,-0.201106672862,0.000777891877064,0.00612529168056,-0.306997354119,-0.00126542069247,0.00282156293157,-0.18468925568,0.000313162360985,0.0120005714558,-0.00121290122029,-0.00019012622544,0,-0.00200831776919,-0.00121290122029,0,-0.000523718705537,0.0016199870401,-5,-0.00282326369283,-0.0311009697373,0,0,0,83,0,5,418,0.943181818182,1,0,0.0568181818182,1,0.943181818182,0.970760233918,0.965418612275,0.943181818182,0.943181818182,4,9,0,10,5,10
840,WLNM_dir_neg_kfold,0.537037037037,0.384868421053,00:00:01,10,90,14,17359,threshold_sweep,0.3,1,0.444444444444,0.615384615385,4,0,5,18,0.444444444444,1,0,0.555555555556,1,0.444444444444,0.615384615385,0.814814814815,0.617283950617,0.516129032258,0.58976782462,0.444444444444,94,85,9,0,94,0,85,0,9,23,88,0.173913043478,1.68507579377,7.65217391304,7.33333333333,5.5,3.63829000359,0.475458352741,0.249505928854,5.32278271304,1.39118184545,0.672924901186,3.27042079462,0.854769071322,0.442687747036,0.749191304359,0.444603920564,2.5,1.68507579377,0.749191304359,2.5,0.259446613992,0.18878248974,46,0.025974025974,0.333144633145,23,23,23,1,0,0.478260869565,0.217391304348,0.304347826087,23,0.156126482213,1.6766798419,6.86956521739,6.58333333333,4.9375,3.13780971418,0.456769768519,0.246560264172,4.70807900371,1.37070654538,0.668134287287,3.01249046708,0.877054186617,0.465602641717,0.744273675988,0.443897312647,2.5,1.6766798419,0.744273675988,2.5,0.223424050697,0.141608391608,27,0.0152456239413,0.290834165834,23,23,23,1,0,0.478260869565,0.217391304348,0.304347826087,23,83,0.164031620553,1.683067476,7.21739130435,6.91666666667,5.1875,3.43718333072,0.476236244618,0.255631220534,5.01578535892,1.38991642476,0.675746464117,3.08573153894,0.855082233683,0.454688318491,0.747978403139,0.444413794339,2.5,1.683067476,0.747978403139,2.5,0.258922895287,0.19040247678,41,0.0231507622812,0.302043663407,23,23,23,1,0,0.478260869565,0.217391304348,0.304347826087,-5,-0.0098814229249,-0.00200831776919,-0.434782608696,-0.416666666667,-0.3125,-0.201106672862,0.000777891877064,0.00612529168056,-0.306997354119,-0.00126542069247,0.00282156293157,-0.18468925568,0.000313162360985,0.0120005714558,-0.00121290122029,-0.00019012622544,0,-0.00200831776919,-0.00121290122029,0,-0.000523718705537,0.0016199870401,-5,-0.00282326369283,-0.0311009697373,0,0,0,83,0,5,418,0.943181818182,1,0,0.0568181818182,1,0.943181818182,0.970760233918,0.965418612275,0.943181818182,0.943181818182,4,9,0,10,5,10
841,WLNM_dir_neg_kfold,0.537037037037,0.384868421053,00:00:01,10,90,14,17359,threshold_sweep,0.4,1,0.444444444444,0.615384615385,4,0,5,18,0.444444444444,1,0,0.555555555556,1,0.444444444444,0.615384615385,0.814814814815,0.617283950617,0.516129032258,0.58976782462,0.444444444444,94,85,9,0,94,0,85,0,9,23,88,0.173913043478,1.68507579377,7.65217391304,7.33333333333,5.5,3.63829000359,0.475458352741,0.249505928854,5.32278271304,1.39118184545,0.672924901186,3.27042079462,0.854769071322,0.442687747036,0.749191304359,0.444603920564,2.5,1.68507579377,0.749191304359,2.5,0.259446613992,0.18878248974,46,0.025974025974,0.333144633145,23,23,23,1,0,0.478260869565,0.217391304348,0.304347826087,23,0.156126482213,1.6766798419,6.86956521739,6.58333333333,4.9375,3.13780971418,0.456769768519,0.246560264172,4.70807900371,1.37070654538,0.668134287287,3.01249046708,0.877054186617,0.465602641717,0.744273675988,0.443897312647,2.5,1.6766798419,0.744273675988,2.5,0.223424050697,0.141608391608,27,0.0152456239413,0.290834165834,23,23,23,1,0,0.478260869565,0.217391304348,0.304347826087,23,83,0.164031620553,1.683067476,7.21739130435,6.91666666667,5.1875,3.43718333072,0.476236244618,0.255631220534,5.01578535892,1.38991642476,0.675746464117,3.08573153894,0.855082233683,0.454688318491,0.747978403139,0.444413794339,2.5,1.683067476,0.747978403139,2.5,0.258922895287,0.19040247678,41,0.0231507622812,0.302043663407,23,23,23,1,0,0.478260869565,0.217391304348,0.304347826087,-5,-0.0098814229249,-0.00200831776919,-0.434782608696,-0.416666666667,-0.3125,-0.201106672862,0.000777891877064,0.00612529168056,-0.306997354119,-0.00126542069247,0.00282156293157,-0.18468925568,0.000313162360985,0.0120005714558,-0.00121290122029,-0.00019012622544,0,-0.00200831776919,-0.00121290122029,0,-0.000523718705537,0.0016199870401,-5,-0.00282326369283,-0.0311009697373,0,0,0,83,0,5,418,0.943181818182,1,0,0.0568181818182,1,0.943181818182,0.970760233918,0.965418612275,0.943181818182,0.943181818182,4,9,0,10,5,10
842,WLNM_dir_neg_kfold,0.537037037037,0.384868421053,00:00:01,10,90,14,17359,threshold_sweep,0.5,1,0.444444444444,0.615384615385,4,0,5,18,0.444444444444,1,0,0.555555555556,1,0.444444444444,0.615384615385,0.814814814815,0.617283950617,0.516129032258,0.58976782462,0.444444444444,94,85,9,0,94,0,85,0,9,23,88,0.173913043478,1.68507579377,7.65217391304,7.33333333333,5.5,3.63829000359,0.475458352741,0.249505928854,5.32278271304,1.39118184545,0.672924901186,3.27042079462,0.854769071322,0.442687747036,0.749191304359,0.444603920564,2.5,1.68507579377,0.749191304359,2.5,0.259446613992,0.18878248974,46,0.025974025974,0.333144633145,23,23,23,1,0,0.478260869565,0.217391304348,0.304347826087,23,0.156126482213,1.6766798419,6.86956521739,6.58333333333,4.9375,3.13780971418,0.456769768519,0.246560264172,4.70807900371,1.37070654538,0.668134287287,3.01249046708,0.877054186617,0.465602641717,0.744273675988,0.443897312647,2.5,1.6766798419,0.744273675988,2.5,0.223424050697,0.141608391608,27,0.0152456239413,0.290834165834,23,23,23,1,0,0.478260869565,0.217391304348,0.304347826087,23,83,0.164031620553,1.683067476,7.21739130435,6.91666666667,5.1875,3.43718333072,0.476236244618,0.255631220534,5.01578535892,1.38991642476,0.675746464117,3.08573153894,0.855082233683,0.454688318491,0.747978403139,0.444413794339,2.5,1.683067476,0.747978403139,2.5,0.258922895287,0.19040247678,41,0.0231507622812,0.302043663407,23,23,23,1,0,0.478260869565,0.217391304348,0.304347826087,-5,-0.0098814229249,-0.00200831776919,-0.434782608696,-0.416666666667,-0.3125,-0.201106672862,0.000777891877064,0.00612529168056,-0.306997354119,-0.00126542069247,0.00282156293157,-0.18468925568,0.000313162360985,0.0120005714558,-0.00121290122029,-0.00019012622544,0,-0.00200831776919,-0.00121290122029,0,-0.000523718705537,0.0016199870401,-5,-0.00282326369283,-0.0311009697373,0,0,0,83,0,5,418,0.943181818182,1,0,0.0568181818182,1,0.943181818182,0.970760233918,0.965418612275,0.943181818182,0.943181818182,4,9,0,10,5,10
843,WLNM_dir_neg_kfold,0.537037037037,0.384868421053,00:00:01,10,90,14,17359,threshold_sweep,0.6,1,0.444444444444,0.615384615385,4,0,5,18,0.444444444444,1,0,0.555555555556,1,0.444444444444,0.615384615385,0.814814814815,0.617283950617,0.516129032258,0.58976782462,0.444444444444,94,85,9,0,94,0,85,0,9,23,88,0.173913043478,1.68507579377,7.65217391304,7.33333333333,5.5,3.63829000359,0.475458352741,0.249505928854,5.32278271304,1.39118184545,0.672924901186,3.27042079462,0.854769071322,0.442687747036,0.749191304359,0.444603920564,2.5,1.68507579377,0.749191304359,2.5,0.259446613992,0.18878248974,46,0.025974025974,0.333144633145,23,23,23,1,0,0.478260869565,0.217391304348,0.304347826087,23,0.156126482213,1.6766798419,6.86956521739,6.58333333333,4.9375,3.13780971418,0.456769768519,0.246560264172,4.70807900371,1.37070654538,0.668134287287,3.01249046708,0.877054186617,0.465602641717,0.744273675988,0.443897312647,2.5,1.6766798419,0.744273675988,2.5,0.223424050697,0.141608391608,27,0.0152456239413,0.290834165834,23,23,23,1,0,0.478260869565,0.217391304348,0.304347826087,23,83,0.164031620553,1.683067476,7.21739130435,6.91666666667,5.1875,3.43718333072,0.476236244618,0.255631220534,5.01578535892,1.38991642476,0.675746464117,3.08573153894,0.855082233683,0.454688318491,0.747978403139,0.444413794339,2.5,1.683067476,0.747978403139,2.5,0.258922895287,0.19040247678,41,0.0231507622812,0.302043663407,23,23,23,1,0,0.478260869565,0.217391304348,0.304347826087,-5,-0.0098814229249,-0.00200831776919,-0.434782608696,-0.416666666667,-0.3125,-0.201106672862,0.000777891877064,0.00612529168056,-0.306997354119,-0.00126542069247,0.00282156293157,-0.18468925568,0.000313162360985,0.0120005714558,-0.00121290122029,-0.00019012622544,0,-0.00200831776919,-0.00121290122029,0,-0.000523718705537,0.0016199870401,-5,-0.00282326369283,-0.0311009697373,0,0,0,83,0,5,418,0.943181818182,1,0,0.0568181818182,1,0.943181818182,0.970760233918,0.965418612275,0.943181818182,0.943181818182,4,9,0,10,5,10
844,WLNM_dir_neg_kfold,0.537037037037,0.384868421053,00:00:01,10,90,14,17359,threshold_sweep,0.7,1,0.444444444444,0.615384615385,4,0,5,18,0.444444444444,1,0,0.555555555556,1,0.444444444444,0.615384615385,0.814814814815,0.617283950617,0.516129032258,0.58976782462,0.444444444444,94,85,9,0,94,0,85,0,9,23,88,0.173913043478,1.68507579377,7.65217391304,7.33333333333,5.5,3.63829000359,0.475458352741,0.249505928854,5.32278271304,1.39118184545,0.672924901186,3.27042079462,0.854769071322,0.442687747036,0.749191304359,0.444603920564,2.5,1.68507579377,0.749191304359,2.5,0.259446613992,0.18878248974,46,0.025974025974,0.333144633145,23,23,23,1,0,0.478260869565,0.217391304348,0.304347826087,23,0.156126482213,1.6766798419,6.86956521739,6.58333333333,4.9375,3.13780971418,0.456769768519,0.246560264172,4.70807900371,1.37070654538,0.668134287287,3.01249046708,0.877054186617,0.465602641717,0.744273675988,0.443897312647,2.5,1.6766798419,0.744273675988,2.5,0.223424050697,0.141608391608,27,0.0152456239413,0.290834165834,23,23,23,1,0,0.478260869565,0.217391304348,0.304347826087,23,83,0.164031620553,1.683067476,7.21739130435,6.91666666667,5.1875,3.43718333072,0.476236244618,0.255631220534,5.01578535892,1.38991642476,0.675746464117,3.08573153894,0.855082233683,0.454688318491,0.747978403139,0.444413794339,2.5,1.683067476,0.747978403139,2.5,0.258922895287,0.19040247678,41,0.0231507622812,0.302043663407,23,23,23,1,0,0.478260869565,0.217391304348,0.304347826087,-5,-0.0098814229249,-0.00200831776919,-0.434782608696,-0.416666666667,-0.3125,-0.201106672862,0.000777891877064,0.00612529168056,-0.306997354119,-0.00126542069247,0.00282156293157,-0.18468925568,0.000313162360985,0.0120005714558,-0.00121290122029,-0.00019012622544,0,-0.00200831776919,-0.00121290122029,0,-0.000523718705537,0.0016199870401,-5,-0.00282326369283,-0.0311009697373,0,0,0,83,0,5,418,0.943181818182,1,0,0.0568181818182,1,0.943181818182,0.970760233918,0.965418612275,0.943181818182,0.943181818182,4,9,0,10,5,10
845,WLNM_dir_neg_kfold,0.537037037037,0.384868421053,00:00:01,10,90,14,17359,threshold_sweep,0.8,1,0.444444444444,0.615384615385,4,0,5,18,0.444444444444,1,0,0.555555555556,1,0.444444444444,0.615384615385,0.814814814815,0.617283950617,0.516129032258,0.58976782462,0.444444444444,94,85,9,0,94,0,85,0,9,23,88,0.173913043478,1.68507579377,7.65217391304,7.33333333333,5.5,3.63829000359,0.475458352741,0.249505928854,5.32278271304,1.39118184545,0.672924901186,3.27042079462,0.854769071322,0.442687747036,0.749191304359,0.444603920564,2.5,1.68507579377,0.749191304359,2.5,0.259446613992,0.18878248974,46,0.025974025974,0.333144633145,23,23,23,1,0,0.478260869565,0.217391304348,0.304347826087,23,0.156126482213,1.6766798419,6.86956521739,6.58333333333,4.9375,3.13780971418,0.456769768519,0.246560264172,4.70807900371,1.37070654538,0.668134287287,3.01249046708,0.877054186617,0.465602641717,0.744273675988,0.443897312647,2.5,1.6766798419,0.744273675988,2.5,0.223424050697,0.141608391608,27,0.0152456239413,0.290834165834,23,23,23,1,0,0.478260869565,0.217391304348,0.304347826087,23,83,0.164031620553,1.683067476,7.21739130435,6.91666666667,5.1875,3.43718333072,0.476236244618,0.255631220534,5.01578535892,1.38991642476,0.675746464117,3.08573153894,0.855082233683,0.454688318491,0.747978403139,0.444413794339,2.5,1.683067476,0.747978403139,2.5,0.258922895287,0.19040247678,41,0.0231507622812,0.302043663407,23,23,23,1,0,0.478260869565,0.217391304348,0.304347826087,-5,-0.0098814229249,-0.00200831776919,-0.434782608696,-0.416666666667,-0.3125,-0.201106672862,0.000777891877064,0.00612529168056,-0.306997354119,-0.00126542069247,0.00282156293157,-0.18468925568,0.000313162360985,0.0120005714558,-0.00121290122029,-0.00019012622544,0,-0.00200831776919,-0.00121290122029,0,-0.000523718705537,0.0016199870401,-5,-0.00282326369283,-0.0311009697373,0,0,0,83,0,5,418,0.943181818182,1,0,0.0568181818182,1,0.943181818182,0.970760233918,0.965418612275,0.943181818182,0.943181818182,4,9,0,10,5,10
846,WLNM_dir_neg_kfold,0.537037037037,0.384868421053,00:00:01,10,90,14,17359,threshold_sweep,0.9,1,0.444444444444,0.615384615385,4,0,5,18,0.444444444444,1,0,0.555555555556,1,0.444444444444,0.615384615385,0.814814814815,0.617283950617,0.516129032258,0.58976782462,0.444444444444,94,85,9,0,94,0,85,0,9,23,88,0.173913043478,1.68507579377,7.65217391304,7.33333333333,5.5,3.63829000359,0.475458352741,0.249505928854,5.32278271304,1.39118184545,0.672924901186,3.27042079462,0.854769071322,0.442687747036,0.749191304359,0.444603920564,2.5,1.68507579377,0.749191304359,2.5,0.259446613992,0.18878248974,46,0.025974025974,0.333144633145,23,23,23,1,0,0.478260869565,0.217391304348,0.304347826087,23,0.156126482213,1.6766798419,6.86956521739,6.58333333333,4.9375,3.13780971418,0.456769768519,0.246560264172,4.70807900371,1.37070654538,0.668134287287,3.01249046708,0.877054186617,0.465602641717,0.744273675988,0.443897312647,2.5,1.6766798419,0.744273675988,2.5,0.223424050697,0.141608391608,27,0.0152456239413,0.290834165834,23,23,23,1,0,0.478260869565,0.217391304348,0.304347826087,23,83,0.164031620553,1.683067476,7.21739130435,6.91666666667,5.1875,3.43718333072,0.476236244618,0.255631220534,5.01578535892,1.38991642476,0.675746464117,3.08573153894,0.855082233683,0.454688318491,0.747978403139,0.444413794339,2.5,1.683067476,0.747978403139,2.5,0.258922895287,0.19040247678,41,0.0231507622812,0.302043663407,23,23,23,1,0,0.478260869565,0.217391304348,0.304347826087,-5,-0.0098814229249,-0.00200831776919,-0.434782608696,-0.416666666667,-0.3125,-0.201106672862,0.000777891877064,0.00612529168056,-0.306997354119,-0.00126542069247,0.00282156293157,-0.18468925568,0.000313162360985,0.0120005714558,-0.00121290122029,-0.00019012622544,0,-0.00200831776919,-0.00121290122029,0,-0.000523718705537,0.0016199870401,-5,-0.00282326369283,-0.0311009697373,0,0,0,83,0,5,418,0.943181818182,1,0,0.0568181818182,1,0.943181818182,0.970760233918,0.965418612275,0.943181818182,0.943181818182,4,9,0,10,5,10
847,WLNM_dir_neg_kfold,1,0.777777777778,00:00:01,10,90,15,17360,threshold_sweep,0.1,1,0.333333333333,0.5,3,0,6,18,0.333333333333,1,0,0.666666666667,1,0.333333333333,0.5,0.777777777778,0.62962962963,0.4,0.5,0.333333333333,94,85,9,0,94,0,85,0,9,23,88,0.173913043478,1.68507579377,7.65217391304,7.33333333333,5.5,3.63829000359,0.475458352741,0.249505928854,5.32278271304,1.39118184545,0.672924901186,3.27042079462,0.854769071322,0.442687747036,0.749191304359,0.444603920564,2.5,1.68507579377,0.749191304359,2.5,0.259446613992,0.18878248974,46,0.025974025974,0.333144633145,23,23,23,1,0,0.478260869565,0.217391304348,0.304347826087,23,0.156126482213,1.6766798419,6.86956521739,6.58333333333,4.9375,3.13780971418,0.456769768519,0.246560264172,4.70807900371,1.37070654538,0.668134287287,3.01249046708,0.877054186617,0.465602641717,0.744273675988,0.443897312647,2.5,1.6766798419,0.744273675988,2.5,0.223424050697,0.141608391608,27,0.0152456239413,0.290834165834,23,23,23,1,0,0.478260869565,0.217391304348,0.304347826087,23,82,0.162055335968,1.68015100841,7.13043478261,6.83333333333,5.125,3.29330378228,0.461865774344,0.248144220573,4.92513116536,1.38143922931,0.672322375398,3.11632194271,0.874090301003,0.462354188759,0.745885000422,0.443939263011,2.5,1.68015100841,0.745885000422,2.5,0.227284836376,0.149517684887,31,0.0175042348955,0.304802016166,23,23,23,1,0,0.478260869565,0.217391304348,0.304347826087,-6,-0.0118577075099,-0.00492478535957,-0.521739130435,-0.5,-0.375,-0.344986221308,-0.0135925783974,-0.00136170828111,-0.397651547679,-0.00974261614497,-0.000602525788104,-0.154098851918,0.0193212296807,0.0196664417237,-0.00330630393661,-0.00066465755293,0,-0.00492478535957,-0.00330630393661,0,-0.0321617776163,-0.0392648048526,-15,-0.00846979107849,-0.028342616979,0,0,0,82,0,6,418,0.931818181818,1,0,0.0681818181818,1,0.931818181818,0.964705882353,0.958452959446,0.931818181818,0.931818181818,3,9,0,10,5,10
848,WLNM_dir_neg_kfold,1,0.777777777778,00:00:01,10,90,15,17360,threshold_sweep,0.2,1,0.333333333333,0.5,3,0,6,18,0.333333333333,1,0,0.666666666667,1,0.333333333333,0.5,0.777777777778,0.62962962963,0.4,0.5,0.333333333333,94,85,9,0,94,0,85,0,9,23,88,0.173913043478,1.68507579377,7.65217391304,7.33333333333,5.5,3.63829000359,0.475458352741,0.249505928854,5.32278271304,1.39118184545,0.672924901186,3.27042079462,0.854769071322,0.442687747036,0.749191304359,0.444603920564,2.5,1.68507579377,0.749191304359,2.5,0.259446613992,0.18878248974,46,0.025974025974,0.333144633145,23,23,23,1,0,0.478260869565,0.217391304348,0.304347826087,23,0.156126482213,1.6766798419,6.86956521739,6.58333333333,4.9375,3.13780971418,0.456769768519,0.246560264172,4.70807900371,1.37070654538,0.668134287287,3.01249046708,0.877054186617,0.465602641717,0.744273675988,0.443897312647,2.5,1.6766798419,0.744273675988,2.5,0.223424050697,0.141608391608,27,0.0152456239413,0.290834165834,23,23,23,1,0,0.478260869565,0.217391304348,0.304347826087,23,82,0.162055335968,1.68015100841,7.13043478261,6.83333333333,5.125,3.29330378228,0.461865774344,0.248144220573,4.92513116536,1.38143922931,0.672322375398,3.11632194271,0.874090301003,0.462354188759,0.745885000422,0.443939263011,2.5,1.68015100841,0.745885000422,2.5,0.227284836376,0.149517684887,31,0.0175042348955,0.304802016166,23,23,23,1,0,0.478260869565,0.217391304348,0.304347826087,-6,-0.0118577075099,-0.00492478535957,-0.521739130435,-0.5,-0.375,-0.344986221308,-0.0135925783974,-0.00136170828111,-0.397651547679,-0.00974261614497,-0.000602525788104,-0.154098851918,0.0193212296807,0.0196664417237,-0.00330630393661,-0.00066465755293,0,-0.00492478535957,-0.00330630393661,0,-0.0321617776163,-0.0392648048526,-15,-0.00846979107849,-0.028342616979,0,0,0,82,0,6,418,0.931818181818,1,0,0.0681818181818,1,0.931818181818,0.964705882353,0.958452959446,0.931818181818,0.931818181818,3,9,0,10,5,10
849,WLNM_dir_neg_kfold,1,0.777777777778,00:00:01,10,90,15,17360,threshold_sweep,0.3,1,0.333333333333,0.5,3,0,6,18,0.333333333333,1,0,0.666666666667,1,0.333333333333,0.5,0.777777777778,0.62962962963,0.4,0.5,0.333333333333,94,85,9,0,94,0,85,0,9,23,88,0.173913043478,1.68507579377,7.65217391304,7.33333333333,5.5,3.63829000359,0.475458352741,0.249505928854,5.32278271304,1.39118184545,0.672924901186,3.27042079462,0.854769071322,0.442687747036,0.749191304359,0.444603920564,2.5,1.68507579377,0.749191304359,2.5,0.259446613992,0.18878248974,46,0.025974025974,0.333144633145,23,23,23,1,0,0.478260869565,0.217391304348,0.304347826087,23,0.156126482213,1.6766798419,6.86956521739,6.58333333333,4.9375,3.13780971418,0.456769768519,0.246560264172,4.70807900371,1.37070654538,0.668134287287,3.01249046708,0.877054186617,0.465602641717,0.744273675988,0.443897312647,2.5,1.6766798419,0.744273675988,2.5,0.223424050697,0.141608391608,27,0.0152456239413,0.290834165834,23,23,23,1,0,0.478260869565,0.217391304348,0.304347826087,23,82,0.162055335968,1.68015100841,7.13043478261,6.83333333333,5.125,3.29330378228,0.461865774344,0.248144220573,4.92513116536,1.38143922931,0.672322375398,3.11632194271,0.874090301003,0.462354188759,0.745885000422,0.443939263011,2.5,1.68015100841,0.745885000422,2.5,0.227284836376,0.149517684887,31,0.0175042348955,0.304802016166,23,23,23,1,0,0.478260869565,0.217391304348,0.304347826087,-6,-0.0118577075099,-0.00492478535957,-0.521739130435,-0.5,-0.375,-0.344986221308,-0.0135925783974,-0.00136170828111,-0.397651547679,-0.00974261614497,-0.000602525788104,-0.154098851918,0.0193212296807,0.0196664417237,-0.00330630393661,-0.00066465755293,0,-0.00492478535957,-0.00330630393661,0,-0.0321617776163,-0.0392648048526,-15,-0.00846979107849,-0.028342616979,0,0,0,82,0,6,418,0.931818181818,1,0,0.0681818181818,1,0.931818181818,0.964705882353,0.958452959446,0.931818181818,0.931818181818,3,9,0,10,5,10
850,WLNM_dir_neg_kfold,1,0.777777777778,00:00:01,10,90,15,17360,threshold_sweep,0.4,1,0.333333333333,0.5,3,0,6,18,0.333333333333,1,0,0.666666666667,1,0.333333333333,0.5,0.777777777778,0.62962962963,0.4,0.5,0.333333333333,94,85,9,0,94,0,85,0,9,23,88,0.173913043478,1.68507579377,7.65217391304,7.33333333333,5.5,3.63829000359,0.475458352741,0.249505928854,5.32278271304,1.39118184545,0.672924901186,3.27042079462,0.854769071322,0.442687747036,0.749191304359,0.444603920564,2.5,1.68507579377,0.749191304359,2.5,0.259446613992,0.18878248974,46,0.025974025974,0.333144633145,23,23,23,1,0,0.478260869565,0.217391304348,0.304347826087,23,0.156126482213,1.6766798419,6.86956521739,6.58333333333,4.9375,3.13780971418,0.456769768519,0.246560264172,4.70807900371,1.37070654538,0.668134287287,3.01249046708,0.877054186617,0.465602641717,0.744273675988,0.443897312647,2.5,1.6766798419,0.744273675988,2.5,0.223424050697,0.141608391608,27,0.0152456239413,0.290834165834,23,23,23,1,0,0.478260869565,0.217391304348,0.304347826087,23,82,0.162055335968,1.68015100841,7.13043478261,6.83333333333,5.125,3.29330378228,0.461865774344,0.248144220573,4.92513116536,1.38143922931,0.672322375398,3.11632194271,0.874090301003,0.462354188759,0.745885000422,0.443939263011,2.5,1.68015100841,0.745885000422,2.5,0.227284836376,0.149517684887,31,0.0175042348955,0.304802016166,23,23,23,1,0,0.478260869565,0.217391304348,0.304347826087,-6,-0.0118577075099,-0.00492478535957,-0.521739130435,-0.5,-0.375,-0.344986221308,-0.0135925783974,-0.00136170828111,-0.397651547679,-0.00974261614497,-0.000602525788104,-0.154098851918,0.0193212296807,0.0196664417237,-0.00330630393661,-0.00066465755293,0,-0.00492478535957,-0.00330630393661,0,-0.0321617776163,-0.0392648048526,-15,-0.00846979107849,-0.028342616979,0,0,0,82,0,6,418,0.931818181818,1,0,0.0681818181818,1,0.931818181818,0.964705882353,0.958452959446,0.931818181818,0.931818181818,3,9,0,10,5,10
851,WLNM_dir_neg_kfold,1,0.777777777778,00:00:01,10,90,15,17360,threshold_sweep,0.5,1,0.333333333333,0.5,3,0,6,18,0.333333333333,1,0,0.666666666667,1,0.333333333333,0.5,0.777777777778,0.62962962963,0.4,0.5,0.333333333333,94,85,9,0,94,0,85,0,9,23,88,0.173913043478,1.68507579377,7.65217391304,7.33333333333,5.5,3.63829000359,0.475458352741,0.249505928854,5.32278271304,1.39118184545,0.672924901186,3.27042079462,0.854769071322,0.442687747036,0.749191304359,0.444603920564,2.5,1.68507579377,0.749191304359,2.5,0.259446613992,0.18878248974,46,0.025974025974,0.333144633145,23,23,23,1,0,0.478260869565,0.217391304348,0.304347826087,23,0.156126482213,1.6766798419,6.86956521739,6.58333333333,4.9375,3.13780971418,0.456769768519,0.246560264172,4.70807900371,1.37070654538,0.668134287287,3.01249046708,0.877054186617,0.465602641717,0.744273675988,0.443897312647,2.5,1.6766798419,0.744273675988,2.5,0.223424050697,0.141608391608,27,0.0152456239413,0.290834165834,23,23,23,1,0,0.478260869565,0.217391304348,0.304347826087,23,82,0.162055335968,1.68015100841,7.13043478261,6.83333333333,5.125,3.29330378228,0.461865774344,0.248144220573,4.92513116536,1.38143922931,0.672322375398,3.11632194271,0.874090301003,0.462354188759,0.745885000422,0.443939263011,2.5,1.68015100841,0.745885000422,2.5,0.227284836376,0.149517684887,31,0.0175042348955,0.304802016166,23,23,23,1,0,0.478260869565,0.217391304348,0.304347826087,-6,-0.0118577075099,-0.00492478535957,-0.521739130435,-0.5,-0.375,-0.344986221308,-0.0135925783974,-0.00136170828111,-0.397651547679,-0.00974261614497,-0.000602525788104,-0.154098851918,0.0193212296807,0.0196664417237,-0.00330630393661,-0.00066465755293,0,-0.00492478535957,-0.00330630393661,0,-0.0321617776163,-0.0392648048526,-15,-0.00846979107849,-0.028342616979,0,0,0,82,0,6,418,0.931818181818,1,0,0.0681818181818,1,0.931818181818,0.964705882353,0.958452959446,0.931818181818,0.931818181818,3,9,0,10,5,10
852,WLNM_dir_neg_kfold,1,0.777777777778,00:00:01,10,90,15,17360,threshold_sweep,0.6,1,0.333333333333,0.5,3,0,6,18,0.333333333333,1,0,0.666666666667,1,0.333333333333,0.5,0.777777777778,0.62962962963,0.4,0.5,0.333333333333,94,85,9,0,94,0,85,0,9,23,88,0.173913043478,1.68507579377,7.65217391304,7.33333333333,5.5,3.63829000359,0.475458352741,0.249505928854,5.32278271304,1.39118184545,0.672924901186,3.27042079462,0.854769071322,0.442687747036,0.749191304359,0.444603920564,2.5,1.68507579377,0.749191304359,2.5,0.259446613992,0.18878248974,46,0.025974025974,0.333144633145,23,23,23,1,0,0.478260869565,0.217391304348,0.304347826087,23,0.156126482213,1.6766798419,6.86956521739,6.58333333333,4.9375,3.13780971418,0.456769768519,0.246560264172,4.70807900371,1.37070654538,0.668134287287,3.01249046708,0.877054186617,0.465602641717,0.744273675988,0.443897312647,2.5,1.6766798419,0.744273675988,2.5,0.223424050697,0.141608391608,27,0.0152456239413,0.290834165834,23,23,23,1,0,0.478260869565,0.217391304348,0.304347826087,23,82,0.162055335968,1.68015100841,7.13043478261,6.83333333333,5.125,3.29330378228,0.461865774344,0.248144220573,4.92513116536,1.38143922931,0.672322375398,3.11632194271,0.874090301003,0.462354188759,0.745885000422,0.443939263011,2.5,1.68015100841,0.745885000422,2.5,0.227284836376,0.149517684887,31,0.0175042348955,0.304802016166,23,23,23,1,0,0.478260869565,0.217391304348,0.304347826087,-6,-0.0118577075099,-0.00492478535957,-0.521739130435,-0.5,-0.375,-0.344986221308,-0.0135925783974,-0.00136170828111,-0.397651547679,-0.00974261614497,-0.000602525788104,-0.154098851918,0.0193212296807,0.0196664417237,-0.00330630393661,-0.00066465755293,0,-0.00492478535957,-0.00330630393661,0,-0.0321617776163,-0.0392648048526,-15,-0.00846979107849,-0.028342616979,0,0,0,82,0,6,418,0.931818181818,1,0,0.0681818181818,1,0.931818181818,0.964705882353,0.958452959446,0.931818181818,0.931818181818,3,9,0,10,5,10
853,WLNM_dir_neg_kfold,1,0.777777777778,00:00:01,10,90,15,17360,threshold_sweep,0.7,1,0.333333333333,0.5,3,0,6,18,0.333333333333,1,0,0.666666666667,1,0.333333333333,0.5,0.777777777778,0.62962962963,0.4,0.5,0.333333333333,94,85,9,0,94,0,85,0,9,23,88,0.173913043478,1.68507579377,7.65217391304,7.33333333333,5.5,3.63829000359,0.475458352741,0.249505928854,5.32278271304,1.39118184545,0.672924901186,3.27042079462,0.854769071322,0.442687747036,0.749191304359,0.444603920564,2.5,1.68507579377,0.749191304359,2.5,0.259446613992,0.18878248974,46,0.025974025974,0.333144633145,23,23,23,1,0,0.478260869565,0.217391304348,0.304347826087,23,0.156126482213,1.6766798419,6.86956521739,6.58333333333,4.9375,3.13780971418,0.456769768519,0.246560264172,4.70807900371,1.37070654538,0.668134287287,3.01249046708,0.877054186617,0.465602641717,0.744273675988,0.443897312647,2.5,1.6766798419,0.744273675988,2.5,0.223424050697,0.141608391608,27,0.0152456239413,0.290834165834,23,23,23,1,0,0.478260869565,0.217391304348,0.304347826087,23,82,0.162055335968,1.68015100841,7.13043478261,6.83333333333,5.125,3.29330378228,0.461865774344,0.248144220573,4.92513116536,1.38143922931,0.672322375398,3.11632194271,0.874090301003,0.462354188759,0.745885000422,0.443939263011,2.5,1.68015100841,0.745885000422,2.5,0.227284836376,0.149517684887,31,0.0175042348955,0.304802016166,23,23,23,1,0,0.478260869565,0.217391304348,0.304347826087,-6,-0.0118577075099,-0.00492478535957,-0.521739130435,-0.5,-0.375,-0.344986221308,-0.0135925783974,-0.00136170828111,-0.397651547679,-0.00974261614497,-0.000602525788104,-0.154098851918,0.0193212296807,0.0196664417237,-0.00330630393661,-0.00066465755293,0,-0.00492478535957,-0.00330630393661,0,-0.0321617776163,-0.0392648048526,-15,-0.00846979107849,-0.028342616979,0,0,0,82,0,6,418,0.931818181818,1,0,0.0681818181818,1,0.931818181818,0.964705882353,0.958452959446,0.931818181818,0.931818181818,3,9,0,10,5,10
854,WLNM_dir_neg_kfold,1,0.777777777778,00:00:01,10,90,15,17360,threshold_sweep,0.8,1,0.333333333333,0.5,3,0,6,18,0.333333333333,1,0,0.666666666667,1,0.333333333333,0.5,0.777777777778,0.62962962963,0.4,0.5,0.333333333333,94,85,9,0,94,0,85,0,9,23,88,0.173913043478,1.68507579377,7.65217391304,7.33333333333,5.5,3.63829000359,0.475458352741,0.249505928854,5.32278271304,1.39118184545,0.672924901186,3.27042079462,0.854769071322,0.442687747036,0.749191304359,0.444603920564,2.5,1.68507579377,0.749191304359,2.5,0.259446613992,0.18878248974,46,0.025974025974,0.333144633145,23,23,23,1,0,0.478260869565,0.217391304348,0.304347826087,23,0.156126482213,1.6766798419,6.86956521739,6.58333333333,4.9375,3.13780971418,0.456769768519,0.246560264172,4.70807900371,1.37070654538,0.668134287287,3.01249046708,0.877054186617,0.465602641717,0.744273675988,0.443897312647,2.5,1.6766798419,0.744273675988,2.5,0.223424050697,0.141608391608,27,0.0152456239413,0.290834165834,23,23,23,1,0,0.478260869565,0.217391304348,0.304347826087,23,82,0.162055335968,1.68015100841,7.13043478261,6.83333333333,5.125,3.29330378228,0.461865774344,0.248144220573,4.92513116536,1.38143922931,0.672322375398,3.11632194271,0.874090301003,0.462354188759,0.745885000422,0.443939263011,2.5,1.68015100841,0.745885000422,2.5,0.227284836376,0.149517684887,31,0.0175042348955,0.304802016166,23,23,23,1,0,0.478260869565,0.217391304348,0.304347826087,-6,-0.0118577075099,-0.00492478535957,-0.521739130435,-0.5,-0.375,-0.344986221308,-0.0135925783974,-0.00136170828111,-0.397651547679,-0.00974261614497,-0.000602525788104,-0.154098851918,0.0193212296807,0.0196664417237,-0.00330630393661,-0.00066465755293,0,-0.00492478535957,-0.00330630393661,0,-0.0321617776163,-0.0392648048526,-15,-0.00846979107849,-0.028342616979,0,0,0,82,0,6,418,0.931818181818,1,0,0.0681818181818,1,0.931818181818,0.964705882353,0.958452959446,0.931818181818,0.931818181818,3,9,0,10,5,10
855,WLNM_dir_neg_kfold,1,0.777777777778,00:00:01,10,90,15,17360,threshold_sweep,0.9,1,0.333333333333,0.5,3,0,6,18,0.333333333333,1,0,0.666666666667,1,0.333333333333,0.5,0.777777777778,0.62962962963,0.4,0.5,0.333333333333,94,85,9,0,94,0,85,0,9,23,88,0.173913043478,1.68507579377,7.65217391304,7.33333333333,5.5,3.63829000359,0.475458352741,0.249505928854,5.32278271304,1.39118184545,0.672924901186,3.27042079462,0.854769071322,0.442687747036,0.749191304359,0.444603920564,2.5,1.68507579377,0.749191304359,2.5,0.259446613992,0.18878248974,46,0.025974025974,0.333144633145,23,23,23,1,0,0.478260869565,0.217391304348,0.304347826087,23,0.156126482213,1.6766798419,6.86956521739,6.58333333333,4.9375,3.13780971418,0.456769768519,0.246560264172,4.70807900371,1.37070654538,0.668134287287,3.01249046708,0.877054186617,0.465602641717,0.744273675988,0.443897312647,2.5,1.6766798419,0.744273675988,2.5,0.223424050697,0.141608391608,27,0.0152456239413,0.290834165834,23,23,23,1,0,0.478260869565,0.217391304348,0.304347826087,23,82,0.162055335968,1.68015100841,7.13043478261,6.83333333333,5.125,3.29330378228,0.461865774344,0.248144220573,4.92513116536,1.38143922931,0.672322375398,3.11632194271,0.874090301003,0.462354188759,0.745885000422,0.443939263011,2.5,1.68015100841,0.745885000422,2.5,0.227284836376,0.149517684887,31,0.0175042348955,0.304802016166,23,23,23,1,0,0.478260869565,0.217391304348,0.304347826087,-6,-0.0118577075099,-0.00492478535957,-0.521739130435,-0.5,-0.375,-0.344986221308,-0.0135925783974,-0.00136170828111,-0.397651547679,-0.00974261614497,-0.000602525788104,-0.154098851918,0.0193212296807,0.0196664417237,-0.00330630393661,-0.00066465755293,0,-0.00492478535957,-0.00330630393661,0,-0.0321617776163,-0.0392648048526,-15,-0.00846979107849,-0.028342616979,0,0,0,82,0,6,418,0.931818181818,1,0,0.0681818181818,1,0.931818181818,0.964705882353,0.958452959446,0.931818181818,0.931818181818,3,9,0,10,5,10
856,WLNM_dir_neg_kfold,0.691358024691,0.433166248956,00:00:01,10,90,16,17361,threshold_sweep,0.1,1,0.444444444444,0.615384615385,4,0,5,18,0.444444444444,1,0,0.555555555556,1,0.444444444444,0.615384615385,0.814814814815,0.617283950617,0.516129032258,0.58976782462,0.444444444444,94,85,9,0,94,0,85,0,9,23,88,0.173913043478,1.68507579377,7.65217391304,7.33333333333,5.5,3.63829000359,0.475458352741,0.249505928854,5.32278271304,1.39118184545,0.672924901186,3.27042079462,0.854769071322,0.442687747036,0.749191304359,0.444603920564,2.5,1.68507579377,0.749191304359,2.5,0.259446613992,0.18878248974,46,0.025974025974,0.333144633145,23,23,23,1,0,0.478260869565,0.217391304348,0.304347826087,23,0.156126482213,1.6766798419,6.86956521739,6.58333333333,4.9375,3.13780971418,0.456769768519,0.246560264172,4.70807900371,1.37070654538,0.668134287287,3.01249046708,0.877054186617,0.465602641717,0.744273675988,0.443897312647,2.5,1.6766798419,0.744273675988,2.5,0.223424050697,0.141608391608,27,0.0152456239413,0.290834165834,23,23,23,1,0,0.478260869565,0.217391304348,0.304347826087,23,83,0.164031620553,1.683067476,7.21739130435,6.91666666667,5.1875,3.43718333072,0.476236244618,0.255631220534,5.01578535892,1.38991642476,0.675746464117,3.08573153894,0.855082233683,0.454688318491,0.747978403139,0.444413794339,2.5,1.683067476,0.747978403139,2.5,0.258922895287,0.19040247678,41,0.0231507622812,0.302043663407,23,23,23,1,0,0.478260869565,0.217391304348,0.304347826087,-5,-0.0098814229249,-0.00200831776919,-0.434782608696,-0.416666666667,-0.3125,-0.201106672862,0.000777891877064,0.00612529168056,-0.306997354119,-0.00126542069247,0.00282156293157,-0.18468925568,0.000313162360985,0.0120005714558,-0.00121290122029,-0.00019012622544,0,-0.00200831776919,-0.00121290122029,0,-0.000523718705537,0.0016199870401,-5,-0.00282326369283,-0.0311009697373,0,0,0,83,0,5,418,0.943181818182,1,0,0.0568181818182,1,0.943181818182,0.970760233918,0.965418612275,0.943181818182,0.943181818182,4,9,0,10,5,10
857,WLNM_dir_neg_kfold,0.691358024691,0.433166248956,00:00:01,10,90,16,17361,threshold_sweep,0.2,1,0.444444444444,0.615384615385,4,0,5,18,0.444444444444,1,0,0.555555555556,1,0.444444444444,0.615384615385,0.814814814815,0.617283950617,0.516129032258,0.58976782462,0.444444444444,94,85,9,0,94,0,85,0,9,23,88,0.173913043478,1.68507579377,7.65217391304,7.33333333333,5.5,3.63829000359,0.475458352741,0.249505928854,5.32278271304,1.39118184545,0.672924901186,3.27042079462,0.854769071322,0.442687747036,0.749191304359,0.444603920564,2.5,1.68507579377,0.749191304359,2.5,0.259446613992,0.18878248974,46,0.025974025974,0.333144633145,23,23,23,1,0,0.478260869565,0.217391304348,0.304347826087,23,0.156126482213,1.6766798419,6.86956521739,6.58333333333,4.9375,3.13780971418,0.456769768519,0.246560264172,4.70807900371,1.37070654538,0.668134287287,3.01249046708,0.877054186617,0.465602641717,0.744273675988,0.443897312647,2.5,1.6766798419,0.744273675988,2.5,0.223424050697,0.141608391608,27,0.0152456239413,0.290834165834,23,23,23,1,0,0.478260869565,0.217391304348,0.304347826087,23,83,0.164031620553,1.683067476,7.21739130435,6.91666666667,5.1875,3.43718333072,0.476236244618,0.255631220534,5.01578535892,1.38991642476,0.675746464117,3.08573153894,0.855082233683,0.454688318491,0.747978403139,0.444413794339,2.5,1.683067476,0.747978403139,2.5,0.258922895287,0.19040247678,41,0.0231507622812,0.302043663407,23,23,23,1,0,0.478260869565,0.217391304348,0.304347826087,-5,-0.0098814229249,-0.00200831776919,-0.434782608696,-0.416666666667,-0.3125,-0.201106672862,0.000777891877064,0.00612529168056,-0.306997354119,-0.00126542069247,0.00282156293157,-0.18468925568,0.000313162360985,0.0120005714558,-0.00121290122029,-0.00019012622544,0,-0.00200831776919,-0.00121290122029,0,-0.000523718705537,0.0016199870401,-5,-0.00282326369283,-0.0311009697373,0,0,0,83,0,5,418,0.943181818182,1,0,0.0568181818182,1,0.943181818182,0.970760233918,0.965418612275,0.943181818182,0.943181818182,4,9,0,10,5,10
858,WLNM_dir_neg_kfold,0.691358024691,0.433166248956,00:00:01,10,90,16,17361,threshold_sweep,0.3,1,0.444444444444,0.615384615385,4,0,5,18,0.444444444444,1,0,0.555555555556,1,0.444444444444,0.615384615385,0.814814814815,0.617283950617,0.516129032258,0.58976782462,0.444444444444,94,85,9,0,94,0,85,0,9,23,88,0.173913043478,1.68507579377,7.65217391304,7.33333333333,5.5,3.63829000359,0.475458352741,0.249505928854,5.32278271304,1.39118184545,0.672924901186,3.27042079462,0.854769071322,0.442687747036,0.749191304359,0.444603920564,2.5,1.68507579377,0.749191304359,2.5,0.259446613992,0.18878248974,46,0.025974025974,0.333144633145,23,23,23,1,0,0.478260869565,0.217391304348,0.304347826087,23,0.156126482213,1.6766798419,6.86956521739,6.58333333333,4.9375,3.13780971418,0.456769768519,0.246560264172,4.70807900371,1.37070654538,0.668134287287,3.01249046708,0.877054186617,0.465602641717,0.744273675988,0.443897312647,2.5,1.6766798419,0.744273675988,2.5,0.223424050697,0.141608391608,27,0.0152456239413,0.290834165834,23,23,23,1,0,0.478260869565,0.217391304348,0.304347826087,23,83,0.164031620553,1.683067476,7.21739130435,6.91666666667,5.1875,3.43718333072,0.476236244618,0.255631220534,5.01578535892,1.38991642476,0.675746464117,3.08573153894,0.855082233683,0.454688318491,0.747978403139,0.444413794339,2.5,1.683067476,0.747978403139,2.5,0.258922895287,0.19040247678,41,0.0231507622812,0.302043663407,23,23,23,1,0,0.478260869565,0.217391304348,0.304347826087,-5,-0.0098814229249,-0.00200831776919,-0.434782608696,-0.416666666667,-0.3125,-0.201106672862,0.000777891877064,0.00612529168056,-0.306997354119,-0.00126542069247,0.00282156293157,-0.18468925568,0.000313162360985,0.0120005714558,-0.00121290122029,-0.00019012622544,0,-0.00200831776919,-0.00121290122029,0,-0.000523718705537,0.0016199870401,-5,-0.00282326369283,-0.0311009697373,0,0,0,83,0,5,418,0.943181818182,1,0,0.0568181818182,1,0.943181818182,0.970760233918,0.965418612275,0.943181818182,0.943181818182,4,9,0,10,5,10
859,WLNM_dir_neg_kfold,0.691358024691,0.433166248956,00:00:01,10,90,16,17361,threshold_sweep,0.4,1,0.444444444444,0.615384615385,4,0,5,18,0.444444444444,1,0,0.555555555556,1,0.444444444444,0.615384615385,0.814814814815,0.617283950617,0.516129032258,0.58976782462,0.444444444444,94,85,9,0,94,0,85,0,9,23,88,0.173913043478,1.68507579377,7.65217391304,7.33333333333,5.5,3.63829000359,0.475458352741,0.249505928854,5.32278271304,1.39118184545,0.672924901186,3.27042079462,0.854769071322,0.442687747036,0.749191304359,0.444603920564,2.5,1.68507579377,0.749191304359,2.5,0.259446613992,0.18878248974,46,0.025974025974,0.333144633145,23,23,23,1,0,0.478260869565,0.217391304348,0.304347826087,23,0.156126482213,1.6766798419,6.86956521739,6.58333333333,4.9375,3.13780971418,0.456769768519,0.246560264172,4.70807900371,1.37070654538,0.668134287287,3.01249046708,0.877054186617,0.465602641717,0.744273675988,0.443897312647,2.5,1.6766798419,0.744273675988,2.5,0.223424050697,0.141608391608,27,0.0152456239413,0.290834165834,23,23,23,1,0,0.478260869565,0.217391304348,0.304347826087,23,83,0.164031620553,1.683067476,7.21739130435,6.91666666667,5.1875,3.43718333072,0.476236244618,0.255631220534,5.01578535892,1.38991642476,0.675746464117,3.08573153894,0.855082233683,0.454688318491,0.747978403139,0.444413794339,2.5,1.683067476,0.747978403139,2.5,0.258922895287,0.19040247678,41,0.0231507622812,0.302043663407,23,23,23,1,0,0.478260869565,0.217391304348,0.304347826087,-5,-0.0098814229249,-0.00200831776919,-0.434782608696,-0.416666666667,-0.3125,-0.201106672862,0.000777891877064,0.00612529168056,-0.306997354119,-0.00126542069247,0.00282156293157,-0.18468925568,0.000313162360985,0.0120005714558,-0.00121290122029,-0.00019012622544,0,-0.00200831776919,-0.00121290122029,0,-0.000523718705537,0.0016199870401,-5,-0.00282326369283,-0.0311009697373,0,0,0,83,0,5,418,0.943181818182,1,0,0.0568181818182,1,0.943181818182,0.970760233918,0.965418612275,0.943181818182,0.943181818182,4,9,0,10,5,10
860,WLNM_dir_neg_kfold,0.691358024691,0.433166248956,00:00:01,10,90,16,17361,threshold_sweep,0.5,1,0.444444444444,0.615384615385,4,0,5,18,0.444444444444,1,0,0.555555555556,1,0.444444444444,0.615384615385,0.814814814815,0.617283950617,0.516129032258,0.58976782462,0.444444444444,94,85,9,0,94,0,85,0,9,23,88,0.173913043478,1.68507579377,7.65217391304,7.33333333333,5.5,3.63829000359,0.475458352741,0.249505928854,5.32278271304,1.39118184545,0.672924901186,3.27042079462,0.854769071322,0.442687747036,0.749191304359,0.444603920564,2.5,1.68507579377,0.749191304359,2.5,0.259446613992,0.18878248974,46,0.025974025974,0.333144633145,23,23,23,1,0,0.478260869565,0.217391304348,0.304347826087,23,0.156126482213,1.6766798419,6.86956521739,6.58333333333,4.9375,3.13780971418,0.456769768519,0.246560264172,4.70807900371,1.37070654538,0.668134287287,3.01249046708,0.877054186617,0.465602641717,0.744273675988,0.443897312647,2.5,1.6766798419,0.744273675988,2.5,0.223424050697,0.141608391608,27,0.0152456239413,0.290834165834,23,23,23,1,0,0.478260869565,0.217391304348,0.304347826087,23,83,0.164031620553,1.683067476,7.21739130435,6.91666666667,5.1875,3.43718333072,0.476236244618,0.255631220534,5.01578535892,1.38991642476,0.675746464117,3.08573153894,0.855082233683,0.454688318491,0.747978403139,0.444413794339,2.5,1.683067476,0.747978403139,2.5,0.258922895287,0.19040247678,41,0.0231507622812,0.302043663407,23,23,23,1,0,0.478260869565,0.217391304348,0.304347826087,-5,-0.0098814229249,-0.00200831776919,-0.434782608696,-0.416666666667,-0.3125,-0.201106672862,0.000777891877064,0.00612529168056,-0.306997354119,-0.00126542069247,0.00282156293157,-0.18468925568,0.000313162360985,0.0120005714558,-0.00121290122029,-0.00019012622544,0,-0.00200831776919,-0.00121290122029,0,-0.000523718705537,0.0016199870401,-5,-0.00282326369283,-0.0311009697373,0,0,0,83,0,5,418,0.943181818182,1,0,0.0568181818182,1,0.943181818182,0.970760233918,0.965418612275,0.943181818182,0.943181818182,4,9,0,10,5,10
861,WLNM_dir_neg_kfold,0.691358024691,0.433166248956,00:00:01,10,90,16,17361,threshold_sweep,0.6,1,0.444444444444,0.615384615385,4,0,5,18,0.444444444444,1,0,0.555555555556,1,0.444444444444,0.615384615385,0.814814814815,0.617283950617,0.516129032258,0.58976782462,0.444444444444,94,85,9,0,94,0,85,0,9,23,88,0.173913043478,1.68507579377,7.65217391304,7.33333333333,5.5,3.63829000359,0.475458352741,0.249505928854,5.32278271304,1.39118184545,0.672924901186,3.27042079462,0.854769071322,0.442687747036,0.749191304359,0.444603920564,2.5,1.68507579377,0.749191304359,2.5,0.259446613992,0.18878248974,46,0.025974025974,0.333144633145,23,23,23,1,0,0.478260869565,0.217391304348,0.304347826087,23,0.156126482213,1.6766798419,6.86956521739,6.58333333333,4.9375,3.13780971418,0.456769768519,0.246560264172,4.70807900371,1.37070654538,0.668134287287,3.01249046708,0.877054186617,0.465602641717,0.744273675988,0.443897312647,2.5,1.6766798419,0.744273675988,2.5,0.223424050697,0.141608391608,27,0.0152456239413,0.290834165834,23,23,23,1,0,0.478260869565,0.217391304348,0.304347826087,23,83,0.164031620553,1.683067476,7.21739130435,6.91666666667,5.1875,3.43718333072,0.476236244618,0.255631220534,5.01578535892,1.38991642476,0.675746464117,3.08573153894,0.855082233683,0.454688318491,0.747978403139,0.444413794339,2.5,1.683067476,0.747978403139,2.5,0.258922895287,0.19040247678,41,0.0231507622812,0.302043663407,23,23,23,1,0,0.478260869565,0.217391304348,0.304347826087,-5,-0.0098814229249,-0.00200831776919,-0.434782608696,-0.416666666667,-0.3125,-0.201106672862,0.000777891877064,0.00612529168056,-0.306997354119,-0.00126542069247,0.00282156293157,-0.18468925568,0.000313162360985,0.0120005714558,-0.00121290122029,-0.00019012622544,0,-0.00200831776919,-0.00121290122029,0,-0.000523718705537,0.0016199870401,-5,-0.00282326369283,-0.0311009697373,0,0,0,83,0,5,418,0.943181818182,1,0,0.0568181818182,1,0.943181818182,0.970760233918,0.965418612275,0.943181818182,0.943181818182,4,9,0,10,5,10
862,WLNM_dir_neg_kfold,0.691358024691,0.433166248956,00:00:01,10,90,16,17361,threshold_sweep,0.7,1,0.444444444444,0.615384615385,4,0,5,18,0.444444444444,1,0,0.555555555556,1,0.444444444444,0.615384615385,0.814814814815,0.617283950617,0.516129032258,0.58976782462,0.444444444444,94,85,9,0,94,0,85,0,9,23,88,0.173913043478,1.68507579377,7.65217391304,7.33333333333,5.5,3.63829000359,0.475458352741,0.249505928854,5.32278271304,1.39118184545,0.672924901186,3.27042079462,0.854769071322,0.442687747036,0.749191304359,0.444603920564,2.5,1.68507579377,0.749191304359,2.5,0.259446613992,0.18878248974,46,0.025974025974,0.333144633145,23,23,23,1,0,0.478260869565,0.217391304348,0.304347826087,23,0.156126482213,1.6766798419,6.86956521739,6.58333333333,4.9375,3.13780971418,0.456769768519,0.246560264172,4.70807900371,1.37070654538,0.668134287287,3.01249046708,0.877054186617,0.465602641717,0.744273675988,0.443897312647,2.5,1.6766798419,0.744273675988,2.5,0.223424050697,0.141608391608,27,0.0152456239413,0.290834165834,23,23,23,1,0,0.478260869565,0.217391304348,0.304347826087,23,83,0.164031620553,1.683067476,7.21739130435,6.91666666667,5.1875,3.43718333072,0.476236244618,0.255631220534,5.01578535892,1.38991642476,0.675746464117,3.08573153894,0.855082233683,0.454688318491,0.747978403139,0.444413794339,2.5,1.683067476,0.747978403139,2.5,0.258922895287,0.19040247678,41,0.0231507622812,0.302043663407,23,23,23,1,0,0.478260869565,0.217391304348,0.304347826087,-5,-0.0098814229249,-0.00200831776919,-0.434782608696,-0.416666666667,-0.3125,-0.201106672862,0.000777891877064,0.00612529168056,-0.306997354119,-0.00126542069247,0.00282156293157,-0.18468925568,0.000313162360985,0.0120005714558,-0.00121290122029,-0.00019012622544,0,-0.00200831776919,-0.00121290122029,0,-0.000523718705537,0.0016199870401,-5,-0.00282326369283,-0.0311009697373,0,0,0,83,0,5,418,0.943181818182,1,0,0.0568181818182,1,0.943181818182,0.970760233918,0.965418612275,0.943181818182,0.943181818182,4,9,0,10,5,10
863,WLNM_dir_neg_kfold,0.691358024691,0.433166248956,00:00:01,10,90,16,17361,threshold_sweep,0.8,1,0.444444444444,0.615384615385,4,0,5,18,0.444444444444,1,0,0.555555555556,1,0.444444444444,0.615384615385,0.814814814815,0.617283950617,0.516129032258,0.58976782462,0.444444444444,94,85,9,0,94,0,85,0,9,23,88,0.173913043478,1.68507579377,7.65217391304,7.33333333333,5.5,3.63829000359,0.475458352741,0.249505928854,5.32278271304,1.39118184545,0.672924901186,3.27042079462,0.854769071322,0.442687747036,0.749191304359,0.444603920564,2.5,1.68507579377,0.749191304359,2.5,0.259446613992,0.18878248974,46,0.025974025974,0.333144633145,23,23,23,1,0,0.478260869565,0.217391304348,0.304347826087,23,0.156126482213,1.6766798419,6.86956521739,6.58333333333,4.9375,3.13780971418,0.456769768519,0.246560264172,4.70807900371,1.37070654538,0.668134287287,3.01249046708,0.877054186617,0.465602641717,0.744273675988,0.443897312647,2.5,1.6766798419,0.744273675988,2.5,0.223424050697,0.141608391608,27,0.0152456239413,0.290834165834,23,23,23,1,0,0.478260869565,0.217391304348,0.304347826087,23,83,0.164031620553,1.683067476,7.21739130435,6.91666666667,5.1875,3.43718333072,0.476236244618,0.255631220534,5.01578535892,1.38991642476,0.675746464117,3.08573153894,0.855082233683,0.454688318491,0.747978403139,0.444413794339,2.5,1.683067476,0.747978403139,2.5,0.258922895287,0.19040247678,41,0.0231507622812,0.302043663407,23,23,23,1,0,0.478260869565,0.217391304348,0.304347826087,-5,-0.0098814229249,-0.00200831776919,-0.434782608696,-0.416666666667,-0.3125,-0.201106672862,0.000777891877064,0.00612529168056,-0.306997354119,-0.00126542069247,0.00282156293157,-0.18468925568,0.000313162360985,0.0120005714558,-0.00121290122029,-0.00019012622544,0,-0.00200831776919,-0.00121290122029,0,-0.000523718705537,0.0016199870401,-5,-0.00282326369283,-0.0311009697373,0,0,0,83,0,5,418,0.943181818182,1,0,0.0568181818182,1,0.943181818182,0.970760233918,0.965418612275,0.943181818182,0.943181818182,4,9,0,10,5,10
864,WLNM_dir_neg_kfold,0.691358024691,0.433166248956,00:00:01,10,90,16,17361,threshold_sweep,0.9,1,0.333333333333,0.5,3,0,6,18,0.333333333333,1,0,0.666666666667,1,0.333333333333,0.5,0.777777777778,0.62962962963,0.4,0.5,0.333333333333,94,85,9,0,94,0,85,0,9,23,88,0.173913043478,1.68507579377,7.65217391304,7.33333333333,5.5,3.63829000359,0.475458352741,0.249505928854,5.32278271304,1.39118184545,0.672924901186,3.27042079462,0.854769071322,0.442687747036,0.749191304359,0.444603920564,2.5,1.68507579377,0.749191304359,2.5,0.259446613992,0.18878248974,46,0.025974025974,0.333144633145,23,23,23,1,0,0.478260869565,0.217391304348,0.304347826087,23,0.156126482213,1.6766798419,6.86956521739,6.58333333333,4.9375,3.13780971418,0.456769768519,0.246560264172,4.70807900371,1.37070654538,0.668134287287,3.01249046708,0.877054186617,0.465602641717,0.744273675988,0.443897312647,2.5,1.6766798419,0.744273675988,2.5,0.223424050697,0.141608391608,27,0.0152456239413,0.290834165834,23,23,23,1,0,0.478260869565,0.217391304348,0.304347826087,23,82,0.162055335968,1.68015100841,7.13043478261,6.83333333333,5.125,3.29330378228,0.461865774344,0.248144220573,4.92513116536,1.38143922931,0.672322375398,3.11632194271,0.874090301003,0.462354188759,0.745885000422,0.443939263011,2.5,1.68015100841,0.745885000422,2.5,0.227284836376,0.149517684887,31,0.0175042348955,0.304802016166,23,23,23,1,0,0.478260869565,0.217391304348,0.304347826087,-6,-0.0118577075099,-0.00492478535957,-0.521739130435,-0.5,-0.375,-0.344986221308,-0.0135925783974,-0.00136170828111,-0.397651547679,-0.00974261614497,-0.000602525788104,-0.154098851918,0.0193212296807,0.0196664417237,-0.00330630393661,-0.00066465755293,0,-0.00492478535957,-0.00330630393661,0,-0.0321617776163,-0.0392648048526,-15,-0.00846979107849,-0.028342616979,0,0,0,82,0,6,418,0.931818181818,1,0,0.0681818181818,1,0.931818181818,0.964705882353,0.958452959446,0.931818181818,0.931818181818,3,9,0,10,5,10
865,WLNM_dir_neg_kfold,0.907407407407,0.599715099715,00:00:01,10,90,17,17362,threshold_sweep,0.1,1,0.444444444444,0.615384615385,4,0,5,18,0.444444444444,1,0,0.555555555556,1,0.444444444444,0.615384615385,0.814814814815,0.617283950617,0.516129032258,0.58976782462,0.444444444444,94,85,9,0,94,0,85,0,9,23,88,0.173913043478,1.68507579377,7.65217391304,7.33333333333,5.5,3.63829000359,0.475458352741,0.249505928854,5.32278271304,1.39118184545,0.672924901186,3.27042079462,0.854769071322,0.442687747036,0.749191304359,0.444603920564,2.5,1.68507579377,0.749191304359,2.5,0.259446613992,0.18878248974,46,0.025974025974,0.333144633145,23,23,23,1,0,0.478260869565,0.217391304348,0.304347826087,23,0.156126482213,1.6766798419,6.86956521739,6.58333333333,4.9375,3.13780971418,0.456769768519,0.246560264172,4.70807900371,1.37070654538,0.668134287287,3.01249046708,0.877054186617,0.465602641717,0.744273675988,0.443897312647,2.5,1.6766798419,0.744273675988,2.5,0.223424050697,0.141608391608,27,0.0152456239413,0.290834165834,23,23,23,1,0,0.478260869565,0.217391304348,0.304347826087,23,83,0.164031620553,1.683067476,7.21739130435,6.91666666667,5.1875,3.43718333072,0.476236244618,0.255631220534,5.01578535892,1.38991642476,0.675746464117,3.08573153894,0.855082233683,0.454688318491,0.747978403139,0.444413794339,2.5,1.683067476,0.747978403139,2.5,0.258922895287,0.19040247678,41,0.0231507622812,0.302043663407,23,23,23,1,0,0.478260869565,0.217391304348,0.304347826087,-5,-0.0098814229249,-0.00200831776919,-0.434782608696,-0.416666666667,-0.3125,-0.201106672862,0.000777891877064,0.00612529168056,-0.306997354119,-0.00126542069247,0.00282156293157,-0.18468925568,0.000313162360985,0.0120005714558,-0.00121290122029,-0.00019012622544,0,-0.00200831776919,-0.00121290122029,0,-0.000523718705537,0.0016199870401,-5,-0.00282326369283,-0.0311009697373,0,0,0,83,0,5,418,0.943181818182,1,0,0.0568181818182,1,0.943181818182,0.970760233918,0.965418612275,0.943181818182,0.943181818182,4,9,0,10,5,10
866,WLNM_dir_neg_kfold,0.907407407407,0.599715099715,00:00:01,10,90,17,17362,threshold_sweep,0.2,1,0.444444444444,0.615384615385,4,0,5,18,0.444444444444,1,0,0.555555555556,1,0.444444444444,0.615384615385,0.814814814815,0.617283950617,0.516129032258,0.58976782462,0.444444444444,94,85,9,0,94,0,85,0,9,23,88,0.173913043478,1.68507579377,7.65217391304,7.33333333333,5.5,3.63829000359,0.475458352741,0.249505928854,5.32278271304,1.39118184545,0.672924901186,3.27042079462,0.854769071322,0.442687747036,0.749191304359,0.444603920564,2.5,1.68507579377,0.749191304359,2.5,0.259446613992,0.18878248974,46,0.025974025974,0.333144633145,23,23,23,1,0,0.478260869565,0.217391304348,0.304347826087,23,0.156126482213,1.6766798419,6.86956521739,6.58333333333,4.9375,3.13780971418,0.456769768519,0.246560264172,4.70807900371,1.37070654538,0.668134287287,3.01249046708,0.877054186617,0.465602641717,0.744273675988,0.443897312647,2.5,1.6766798419,0.744273675988,2.5,0.223424050697,0.141608391608,27,0.0152456239413,0.290834165834,23,23,23,1,0,0.478260869565,0.217391304348,0.304347826087,23,83,0.164031620553,1.683067476,7.21739130435,6.91666666667,5.1875,3.43718333072,0.476236244618,0.255631220534,5.01578535892,1.38991642476,0.675746464117,3.08573153894,0.855082233683,0.454688318491,0.747978403139,0.444413794339,2.5,1.683067476,0.747978403139,2.5,0.258922895287,0.19040247678,41,0.0231507622812,0.302043663407,23,23,23,1,0,0.478260869565,0.217391304348,0.304347826087,-5,-0.0098814229249,-0.00200831776919,-0.434782608696,-0.416666666667,-0.3125,-0.201106672862,0.000777891877064,0.00612529168056,-0.306997354119,-0.00126542069247,0.00282156293157,-0.18468925568,0.000313162360985,0.0120005714558,-0.00121290122029,-0.00019012622544,0,-0.00200831776919,-0.00121290122029,0,-0.000523718705537,0.0016199870401,-5,-0.00282326369283,-0.0311009697373,0,0,0,83,0,5,418,0.943181818182,1,0,0.0568181818182,1,0.943181818182,0.970760233918,0.965418612275,0.943181818182,0.943181818182,4,9,0,10,5,10
867,WLNM_dir_neg_kfold,0.907407407407,0.599715099715,00:00:01,10,90,17,17362,threshold_sweep,0.3,1,0.444444444444,0.615384615385,4,0,5,18,0.444444444444,1,0,0.555555555556,1,0.444444444444,0.615384615385,0.814814814815,0.617283950617,0.516129032258,0.58976782462,0.444444444444,94,85,9,0,94,0,85,0,9,23,88,0.173913043478,1.68507579377,7.65217391304,7.33333333333,5.5,3.63829000359,0.475458352741,0.249505928854,5.32278271304,1.39118184545,0.672924901186,3.27042079462,0.854769071322,0.442687747036,0.749191304359,0.444603920564,2.5,1.68507579377,0.749191304359,2.5,0.259446613992,0.18878248974,46,0.025974025974,0.333144633145,23,23,23,1,0,0.478260869565,0.217391304348,0.304347826087,23,0.156126482213,1.6766798419,6.86956521739,6.58333333333,4.9375,3.13780971418,0.456769768519,0.246560264172,4.70807900371,1.37070654538,0.668134287287,3.01249046708,0.877054186617,0.465602641717,0.744273675988,0.443897312647,2.5,1.6766798419,0.744273675988,2.5,0.223424050697,0.141608391608,27,0.0152456239413,0.290834165834,23,23,23,1,0,0.478260869565,0.217391304348,0.304347826087,23,83,0.164031620553,1.683067476,7.21739130435,6.91666666667,5.1875,3.43718333072,0.476236244618,0.255631220534,5.01578535892,1.38991642476,0.675746464117,3.08573153894,0.855082233683,0.454688318491,0.747978403139,0.444413794339,2.5,1.683067476,0.747978403139,2.5,0.258922895287,0.19040247678,41,0.0231507622812,0.302043663407,23,23,23,1,0,0.478260869565,0.217391304348,0.304347826087,-5,-0.0098814229249,-0.00200831776919,-0.434782608696,-0.416666666667,-0.3125,-0.201106672862,0.000777891877064,0.00612529168056,-0.306997354119,-0.00126542069247,0.00282156293157,-0.18468925568,0.000313162360985,0.0120005714558,-0.00121290122029,-0.00019012622544,0,-0.00200831776919,-0.00121290122029,0,-0.000523718705537,0.0016199870401,-5,-0.00282326369283,-0.0311009697373,0,0,0,83,0,5,418,0.943181818182,1,0,0.0568181818182,1,0.943181818182,0.970760233918,0.965418612275,0.943181818182,0.943181818182,4,9,0,10,5,10
868,WLNM_dir_neg_kfold,0.907407407407,0.599715099715,00:00:01,10,90,17,17362,threshold_sweep,0.4,1,0.444444444444,0.615384615385,4,0,5,18,0.444444444444,1,0,0.555555555556,1,0.444444444444,0.615384615385,0.814814814815,0.617283950617,0.516129032258,0.58976782462,0.444444444444,94,85,9,0,94,0,85,0,9,23,88,0.173913043478,1.68507579377,7.65217391304,7.33333333333,5.5,3.63829000359,0.475458352741,0.249505928854,5.32278271304,1.39118184545,0.672924901186,3.27042079462,0.854769071322,0.442687747036,0.749191304359,0.444603920564,2.5,1.68507579377,0.749191304359,2.5,0.259446613992,0.18878248974,46,0.025974025974,0.333144633145,23,23,23,1,0,0.478260869565,0.217391304348,0.304347826087,23,0.156126482213,1.6766798419,6.86956521739,6.58333333333,4.9375,3.13780971418,0.456769768519,0.246560264172,4.70807900371,1.37070654538,0.668134287287,3.01249046708,0.877054186617,0.465602641717,0.744273675988,0.443897312647,2.5,1.6766798419,0.744273675988,2.5,0.223424050697,0.141608391608,27,0.0152456239413,0.290834165834,23,23,23,1,0,0.478260869565,0.217391304348,0.304347826087,23,83,0.164031620553,1.683067476,7.21739130435,6.91666666667,5.1875,3.43718333072,0.476236244618,0.255631220534,5.01578535892,1.38991642476,0.675746464117,3.08573153894,0.855082233683,0.454688318491,0.747978403139,0.444413794339,2.5,1.683067476,0.747978403139,2.5,0.258922895287,0.19040247678,41,0.0231507622812,0.302043663407,23,23,23,1,0,0.478260869565,0.217391304348,0.304347826087,-5,-0.0098814229249,-0.00200831776919,-0.434782608696,-0.416666666667,-0.3125,-0.201106672862,0.000777891877064,0.00612529168056,-0.306997354119,-0.00126542069247,0.00282156293157,-0.18468925568,0.000313162360985,0.0120005714558,-0.00121290122029,-0.00019012622544,0,-0.00200831776919,-0.00121290122029,0,-0.000523718705537,0.0016199870401,-5,-0.00282326369283,-0.0311009697373,0,0,0,83,0,5,418,0.943181818182,1,0,0.0568181818182,1,0.943181818182,0.970760233918,0.965418612275,0.943181818182,0.943181818182,4,9,0,10,5,10
869,WLNM_dir_neg_kfold,0.907407407407,0.599715099715,00:00:01,10,90,17,17362,threshold_sweep,0.5,1,0.444444444444,0.615384615385,4,0,5,18,0.444444444444,1,0,0.555555555556,1,0.444444444444,0.615384615385,0.814814814815,0.617283950617,0.516129032258,0.58976782462,0.444444444444,94,85,9,0,94,0,85,0,9,23,88,0.173913043478,1.68507579377,7.65217391304,7.33333333333,5.5,3.63829000359,0.475458352741,0.249505928854,5.32278271304,1.39118184545,0.672924901186,3.27042079462,0.854769071322,0.442687747036,0.749191304359,0.444603920564,2.5,1.68507579377,0.749191304359,2.5,0.259446613992,0.18878248974,46,0.025974025974,0.333144633145,23,23,23,1,0,0.478260869565,0.217391304348,0.304347826087,23,0.156126482213,1.6766798419,6.86956521739,6.58333333333,4.9375,3.13780971418,0.456769768519,0.246560264172,4.70807900371,1.37070654538,0.668134287287,3.01249046708,0.877054186617,0.465602641717,0.744273675988,0.443897312647,2.5,1.6766798419,0.744273675988,2.5,0.223424050697,0.141608391608,27,0.0152456239413,0.290834165834,23,23,23,1,0,0.478260869565,0.217391304348,0.304347826087,23,83,0.164031620553,1.683067476,7.21739130435,6.91666666667,5.1875,3.43718333072,0.476236244618,0.255631220534,5.01578535892,1.38991642476,0.675746464117,3.08573153894,0.855082233683,0.454688318491,0.747978403139,0.444413794339,2.5,1.683067476,0.747978403139,2.5,0.258922895287,0.19040247678,41,0.0231507622812,0.302043663407,23,23,23,1,0,0.478260869565,0.217391304348,0.304347826087,-5,-0.0098814229249,-0.00200831776919,-0.434782608696,-0.416666666667,-0.3125,-0.201106672862,0.000777891877064,0.00612529168056,-0.306997354119,-0.00126542069247,0.00282156293157,-0.18468925568,0.000313162360985,0.0120005714558,-0.00121290122029,-0.00019012622544,0,-0.00200831776919,-0.00121290122029,0,-0.000523718705537,0.0016199870401,-5,-0.00282326369283,-0.0311009697373,0,0,0,83,0,5,418,0.943181818182,1,0,0.0568181818182,1,0.943181818182,0.970760233918,0.965418612275,0.943181818182,0.943181818182,4,9,0,10,5,10
870,WLNM_dir_neg_kfold,0.907407407407,0.599715099715,00:00:01,10,90,17,17362,threshold_sweep,0.6,1,0.444444444444,0.615384615385,4,0,5,18,0.444444444444,1,0,0.555555555556,1,0.444444444444,0.615384615385,0.814814814815,0.617283950617,0.516129032258,0.58976782462,0.444444444444,94,85,9,0,94,0,85,0,9,23,88,0.173913043478,1.68507579377,7.65217391304,7.33333333333,5.5,3.63829000359,0.475458352741,0.249505928854,5.32278271304,1.39118184545,0.672924901186,3.27042079462,0.854769071322,0.442687747036,0.749191304359,0.444603920564,2.5,1.68507579377,0.749191304359,2.5,0.259446613992,0.18878248974,46,0.025974025974,0.333144633145,23,23,23,1,0,0.478260869565,0.217391304348,0.304347826087,23,0.156126482213,1.6766798419,6.86956521739,6.58333333333,4.9375,3.13780971418,0.456769768519,0.246560264172,4.70807900371,1.37070654538,0.668134287287,3.01249046708,0.877054186617,0.465602641717,0.744273675988,0.443897312647,2.5,1.6766798419,0.744273675988,2.5,0.223424050697,0.141608391608,27,0.0152456239413,0.290834165834,23,23,23,1,0,0.478260869565,0.217391304348,0.304347826087,23,83,0.164031620553,1.683067476,7.21739130435,6.91666666667,5.1875,3.43718333072,0.476236244618,0.255631220534,5.01578535892,1.38991642476,0.675746464117,3.08573153894,0.855082233683,0.454688318491,0.747978403139,0.444413794339,2.5,1.683067476,0.747978403139,2.5,0.258922895287,0.19040247678,41,0.0231507622812,0.302043663407,23,23,23,1,0,0.478260869565,0.217391304348,0.304347826087,-5,-0.0098814229249,-0.00200831776919,-0.434782608696,-0.416666666667,-0.3125,-0.201106672862,0.000777891877064,0.00612529168056,-0.306997354119,-0.00126542069247,0.00282156293157,-0.18468925568,0.000313162360985,0.0120005714558,-0.00121290122029,-0.00019012622544,0,-0.00200831776919,-0.00121290122029,0,-0.000523718705537,0.0016199870401,-5,-0.00282326369283,-0.0311009697373,0,0,0,83,0,5,418,0.943181818182,1,0,0.0568181818182,1,0.943181818182,0.970760233918,0.965418612275,0.943181818182,0.943181818182,4,9,0,10,5,10
871,WLNM_dir_neg_kfold,0.907407407407,0.599715099715,00:00:01,10,90,17,17362,threshold_sweep,0.7,1,0.444444444444,0.615384615385,4,0,5,18,0.444444444444,1,0,0.555555555556,1,0.444444444444,0.615384615385,0.814814814815,0.617283950617,0.516129032258,0.58976782462,0.444444444444,94,85,9,0,94,0,85,0,9,23,88,0.173913043478,1.68507579377,7.65217391304,7.33333333333,5.5,3.63829000359,0.475458352741,0.249505928854,5.32278271304,1.39118184545,0.672924901186,3.27042079462,0.854769071322,0.442687747036,0.749191304359,0.444603920564,2.5,1.68507579377,0.749191304359,2.5,0.259446613992,0.18878248974,46,0.025974025974,0.333144633145,23,23,23,1,0,0.478260869565,0.217391304348,0.304347826087,23,0.156126482213,1.6766798419,6.86956521739,6.58333333333,4.9375,3.13780971418,0.456769768519,0.246560264172,4.70807900371,1.37070654538,0.668134287287,3.01249046708,0.877054186617,0.465602641717,0.744273675988,0.443897312647,2.5,1.6766798419,0.744273675988,2.5,0.223424050697,0.141608391608,27,0.0152456239413,0.290834165834,23,23,23,1,0,0.478260869565,0.217391304348,0.304347826087,23,83,0.164031620553,1.683067476,7.21739130435,6.91666666667,5.1875,3.43718333072,0.476236244618,0.255631220534,5.01578535892,1.38991642476,0.675746464117,3.08573153894,0.855082233683,0.454688318491,0.747978403139,0.444413794339,2.5,1.683067476,0.747978403139,2.5,0.258922895287,0.19040247678,41,0.0231507622812,0.302043663407,23,23,23,1,0,0.478260869565,0.217391304348,0.304347826087,-5,-0.0098814229249,-0.00200831776919,-0.434782608696,-0.416666666667,-0.3125,-0.201106672862,0.000777891877064,0.00612529168056,-0.306997354119,-0.00126542069247,0.00282156293157,-0.18468925568,0.000313162360985,0.0120005714558,-0.00121290122029,-0.00019012622544,0,-0.00200831776919,-0.00121290122029,0,-0.000523718705537,0.0016199870401,-5,-0.00282326369283,-0.0311009697373,0,0,0,83,0,5,418,0.943181818182,1,0,0.0568181818182,1,0.943181818182,0.970760233918,0.965418612275,0.943181818182,0.943181818182,4,9,0,10,5,10
872,WLNM_dir_neg_kfold,0.907407407407,0.599715099715,00:00:01,10,90,17,17362,threshold_sweep,0.8,1,0.444444444444,0.615384615385,4,0,5,18,0.444444444444,1,0,0.555555555556,1,0.444444444444,0.615384615385,0.814814814815,0.617283950617,0.516129032258,0.58976782462,0.444444444444,94,85,9,0,94,0,85,0,9,23,88,0.173913043478,1.68507579377,7.65217391304,7.33333333333,5.5,3.63829000359,0.475458352741,0.249505928854,5.32278271304,1.39118184545,0.672924901186,3.27042079462,0.854769071322,0.442687747036,0.749191304359,0.444603920564,2.5,1.68507579377,0.749191304359,2.5,0.259446613992,0.18878248974,46,0.025974025974,0.333144633145,23,23,23,1,0,0.478260869565,0.217391304348,0.304347826087,23,0.156126482213,1.6766798419,6.86956521739,6.58333333333,4.9375,3.13780971418,0.456769768519,0.246560264172,4.70807900371,1.37070654538,0.668134287287,3.01249046708,0.877054186617,0.465602641717,0.744273675988,0.443897312647,2.5,1.6766798419,0.744273675988,2.5,0.223424050697,0.141608391608,27,0.0152456239413,0.290834165834,23,23,23,1,0,0.478260869565,0.217391304348,0.304347826087,23,83,0.164031620553,1.683067476,7.21739130435,6.91666666667,5.1875,3.43718333072,0.476236244618,0.255631220534,5.01578535892,1.38991642476,0.675746464117,3.08573153894,0.855082233683,0.454688318491,0.747978403139,0.444413794339,2.5,1.683067476,0.747978403139,2.5,0.258922895287,0.19040247678,41,0.0231507622812,0.302043663407,23,23,23,1,0,0.478260869565,0.217391304348,0.304347826087,-5,-0.0098814229249,-0.00200831776919,-0.434782608696,-0.416666666667,-0.3125,-0.201106672862,0.000777891877064,0.00612529168056,-0.306997354119,-0.00126542069247,0.00282156293157,-0.18468925568,0.000313162360985,0.0120005714558,-0.00121290122029,-0.00019012622544,0,-0.00200831776919,-0.00121290122029,0,-0.000523718705537,0.0016199870401,-5,-0.00282326369283,-0.0311009697373,0,0,0,83,0,5,418,0.943181818182,1,0,0.0568181818182,1,0.943181818182,0.970760233918,0.965418612275,0.943181818182,0.943181818182,4,9,0,10,5,10
873,WLNM_dir_neg_kfold,0.907407407407,0.599715099715,00:00:01,10,90,17,17362,threshold_sweep,0.9,1,0.444444444444,0.615384615385,4,0,5,18,0.444444444444,1,0,0.555555555556,1,0.444444444444,0.615384615385,0.814814814815,0.617283950617,0.516129032258,0.58976782462,0.444444444444,94,85,9,0,94,0,85,0,9,23,88,0.173913043478,1.68507579377,7.65217391304,7.33333333333,5.5,3.63829000359,0.475458352741,0.249505928854,5.32278271304,1.39118184545,0.672924901186,3.27042079462,0.854769071322,0.442687747036,0.749191304359,0.444603920564,2.5,1.68507579377,0.749191304359,2.5,0.259446613992,0.18878248974,46,0.025974025974,0.333144633145,23,23,23,1,0,0.478260869565,0.217391304348,0.304347826087,23,0.156126482213,1.6766798419,6.86956521739,6.58333333333,4.9375,3.13780971418,0.456769768519,0.246560264172,4.70807900371,1.37070654538,0.668134287287,3.01249046708,0.877054186617,0.465602641717,0.744273675988,0.443897312647,2.5,1.6766798419,0.744273675988,2.5,0.223424050697,0.141608391608,27,0.0152456239413,0.290834165834,23,23,23,1,0,0.478260869565,0.217391304348,0.304347826087,23,83,0.164031620553,1.683067476,7.21739130435,6.91666666667,5.1875,3.43718333072,0.476236244618,0.255631220534,5.01578535892,1.38991642476,0.675746464117,3.08573153894,0.855082233683,0.454688318491,0.747978403139,0.444413794339,2.5,1.683067476,0.747978403139,2.5,0.258922895287,0.19040247678,41,0.0231507622812,0.302043663407,23,23,23,1,0,0.478260869565,0.217391304348,0.304347826087,-5,-0.0098814229249,-0.00200831776919,-0.434782608696,-0.416666666667,-0.3125,-0.201106672862,0.000777891877064,0.00612529168056,-0.306997354119,-0.00126542069247,0.00282156293157,-0.18468925568,0.000313162360985,0.0120005714558,-0.00121290122029,-0.00019012622544,0,-0.00200831776919,-0.00121290122029,0,-0.000523718705537,0.0016199870401,-5,-0.00282326369283,-0.0311009697373,0,0,0,83,0,5,418,0.943181818182,1,0,0.0568181818182,1,0.943181818182,0.970760233918,0.965418612275,0.943181818182,0.943181818182,4,9,0,10,5,10
874,WLNM_dir_neg_kfold,0.907407407407,0.599715099715,00:00:01,10,90,18,17363,threshold_sweep,0.1,1,0.444444444444,0.615384615385,4,0,5,18,0.444444444444,1,0,0.555555555556,1,0.444444444444,0.615384615385,0.814814814815,0.617283950617,0.516129032258,0.58976782462,0.444444444444,94,85,9,0,94,0,85,0,9,23,88,0.173913043478,1.68507579377,7.65217391304,7.33333333333,5.5,3.63829000359,0.475458352741,0.249505928854,5.32278271304,1.39118184545,0.672924901186,3.27042079462,0.854769071322,0.442687747036,0.749191304359,0.444603920564,2.5,1.68507579377,0.749191304359,2.5,0.259446613992,0.18878248974,46,0.025974025974,0.333144633145,23,23,23,1,0,0.478260869565,0.217391304348,0.304347826087,23,0.156126482213,1.6766798419,6.86956521739,6.58333333333,4.9375,3.13780971418,0.456769768519,0.246560264172,4.70807900371,1.37070654538,0.668134287287,3.01249046708,0.877054186617,0.465602641717,0.744273675988,0.443897312647,2.5,1.6766798419,0.744273675988,2.5,0.223424050697,0.141608391608,27,0.0152456239413,0.290834165834,23,23,23,1,0,0.478260869565,0.217391304348,0.304347826087,23,83,0.164031620553,1.683067476,7.21739130435,6.91666666667,5.1875,3.43718333072,0.476236244618,0.255631220534,5.01578535892,1.38991642476,0.675746464117,3.08573153894,0.855082233683,0.454688318491,0.747978403139,0.444413794339,2.5,1.683067476,0.747978403139,2.5,0.258922895287,0.19040247678,41,0.0231507622812,0.302043663407,23,23,23,1,0,0.478260869565,0.217391304348,0.304347826087,-5,-0.0098814229249,-0.00200831776919,-0.434782608696,-0.416666666667,-0.3125,-0.201106672862,0.000777891877064,0.00612529168056,-0.306997354119,-0.00126542069247,0.00282156293157,-0.18468925568,0.000313162360985,0.0120005714558,-0.00121290122029,-0.00019012622544,0,-0.00200831776919,-0.00121290122029,0,-0.000523718705537,0.0016199870401,-5,-0.00282326369283,-0.0311009697373,0,0,0,83,0,5,418,0.943181818182,1,0,0.0568181818182,1,0.943181818182,0.970760233918,0.965418612275,0.943181818182,0.943181818182,4,9,0,10,5,10
875,WLNM_dir_neg_kfold,0.907407407407,0.599715099715,00:00:01,10,90,18,17363,threshold_sweep,0.2,1,0.444444444444,0.615384615385,4,0,5,18,0.444444444444,1,0,0.555555555556,1,0.444444444444,0.615384615385,0.814814814815,0.617283950617,0.516129032258,0.58976782462,0.444444444444,94,85,9,0,94,0,85,0,9,23,88,0.173913043478,1.68507579377,7.65217391304,7.33333333333,5.5,3.63829000359,0.475458352741,0.249505928854,5.32278271304,1.39118184545,0.672924901186,3.27042079462,0.854769071322,0.442687747036,0.749191304359,0.444603920564,2.5,1.68507579377,0.749191304359,2.5,0.259446613992,0.18878248974,46,0.025974025974,0.333144633145,23,23,23,1,0,0.478260869565,0.217391304348,0.304347826087,23,0.156126482213,1.6766798419,6.86956521739,6.58333333333,4.9375,3.13780971418,0.456769768519,0.246560264172,4.70807900371,1.37070654538,0.668134287287,3.01249046708,0.877054186617,0.465602641717,0.744273675988,0.443897312647,2.5,1.6766798419,0.744273675988,2.5,0.223424050697,0.141608391608,27,0.0152456239413,0.290834165834,23,23,23,1,0,0.478260869565,0.217391304348,0.304347826087,23,83,0.164031620553,1.683067476,7.21739130435,6.91666666667,5.1875,3.43718333072,0.476236244618,0.255631220534,5.01578535892,1.38991642476,0.675746464117,3.08573153894,0.855082233683,0.454688318491,0.747978403139,0.444413794339,2.5,1.683067476,0.747978403139,2.5,0.258922895287,0.19040247678,41,0.0231507622812,0.302043663407,23,23,23,1,0,0.478260869565,0.217391304348,0.304347826087,-5,-0.0098814229249,-0.00200831776919,-0.434782608696,-0.416666666667,-0.3125,-0.201106672862,0.000777891877064,0.00612529168056,-0.306997354119,-0.00126542069247,0.00282156293157,-0.18468925568,0.000313162360985,0.0120005714558,-0.00121290122029,-0.00019012622544,0,-0.00200831776919,-0.00121290122029,0,-0.000523718705537,0.0016199870401,-5,-0.00282326369283,-0.0311009697373,0,0,0,83,0,5,418,0.943181818182,1,0,0.0568181818182,1,0.943181818182,0.970760233918,0.965418612275,0.943181818182,0.943181818182,4,9,0,10,5,10
876,WLNM_dir_neg_kfold,0.907407407407,0.599715099715,00:00:01,10,90,18,17363,threshold_sweep,0.3,1,0.444444444444,0.615384615385,4,0,5,18,0.444444444444,1,0,0.555555555556,1,0.444444444444,0.615384615385,0.814814814815,0.617283950617,0.516129032258,0.58976782462,0.444444444444,94,85,9,0,94,0,85,0,9,23,88,0.173913043478,1.68507579377,7.65217391304,7.33333333333,5.5,3.63829000359,0.475458352741,0.249505928854,5.32278271304,1.39118184545,0.672924901186,3.27042079462,0.854769071322,0.442687747036,0.749191304359,0.444603920564,2.5,1.68507579377,0.749191304359,2.5,0.259446613992,0.18878248974,46,0.025974025974,0.333144633145,23,23,23,1,0,0.478260869565,0.217391304348,0.304347826087,23,0.156126482213,1.6766798419,6.86956521739,6.58333333333,4.9375,3.13780971418,0.456769768519,0.246560264172,4.70807900371,1.37070654538,0.668134287287,3.01249046708,0.877054186617,0.465602641717,0.744273675988,0.443897312647,2.5,1.6766798419,0.744273675988,2.5,0.223424050697,0.141608391608,27,0.0152456239413,0.290834165834,23,23,23,1,0,0.478260869565,0.217391304348,0.304347826087,23,83,0.164031620553,1.683067476,7.21739130435,6.91666666667,5.1875,3.43718333072,0.476236244618,0.255631220534,5.01578535892,1.38991642476,0.675746464117,3.08573153894,0.855082233683,0.454688318491,0.747978403139,0.444413794339,2.5,1.683067476,0.747978403139,2.5,0.258922895287,0.19040247678,41,0.0231507622812,0.302043663407,23,23,23,1,0,0.478260869565,0.217391304348,0.304347826087,-5,-0.0098814229249,-0.00200831776919,-0.434782608696,-0.416666666667,-0.3125,-0.201106672862,0.000777891877064,0.00612529168056,-0.306997354119,-0.00126542069247,0.00282156293157,-0.18468925568,0.000313162360985,0.0120005714558,-0.00121290122029,-0.00019012622544,0,-0.00200831776919,-0.00121290122029,0,-0.000523718705537,0.0016199870401,-5,-0.00282326369283,-0.0311009697373,0,0,0,83,0,5,418,0.943181818182,1,0,0.0568181818182,1,0.943181818182,0.970760233918,0.965418612275,0.943181818182,0.943181818182,4,9,0,10,5,10
877,WLNM_dir_neg_kfold,0.907407407407,0.599715099715,00:00:01,10,90,18,17363,threshold_sweep,0.4,1,0.444444444444,0.615384615385,4,0,5,18,0.444444444444,1,0,0.555555555556,1,0.444444444444,0.615384615385,0.814814814815,0.617283950617,0.516129032258,0.58976782462,0.444444444444,94,85,9,0,94,0,85,0,9,23,88,0.173913043478,1.68507579377,7.65217391304,7.33333333333,5.5,3.63829000359,0.475458352741,0.249505928854,5.32278271304,1.39118184545,0.672924901186,3.27042079462,0.854769071322,0.442687747036,0.749191304359,0.444603920564,2.5,1.68507579377,0.749191304359,2.5,0.259446613992,0.18878248974,46,0.025974025974,0.333144633145,23,23,23,1,0,0.478260869565,0.217391304348,0.304347826087,23,0.156126482213,1.6766798419,6.86956521739,6.58333333333,4.9375,3.13780971418,0.456769768519,0.246560264172,4.70807900371,1.37070654538,0.668134287287,3.01249046708,0.877054186617,0.465602641717,0.744273675988,0.443897312647,2.5,1.6766798419,0.744273675988,2.5,0.223424050697,0.141608391608,27,0.0152456239413,0.290834165834,23,23,23,1,0,0.478260869565,0.217391304348,0.304347826087,23,83,0.164031620553,1.683067476,7.21739130435,6.91666666667,5.1875,3.43718333072,0.476236244618,0.255631220534,5.01578535892,1.38991642476,0.675746464117,3.08573153894,0.855082233683,0.454688318491,0.747978403139,0.444413794339,2.5,1.683067476,0.747978403139,2.5,0.258922895287,0.19040247678,41,0.0231507622812,0.302043663407,23,23,23,1,0,0.478260869565,0.217391304348,0.304347826087,-5,-0.0098814229249,-0.00200831776919,-0.434782608696,-0.416666666667,-0.3125,-0.201106672862,0.000777891877064,0.00612529168056,-0.306997354119,-0.00126542069247,0.00282156293157,-0.18468925568,0.000313162360985,0.0120005714558,-0.00121290122029,-0.00019012622544,0,-0.00200831776919,-0.00121290122029,0,-0.000523718705537,0.0016199870401,-5,-0.00282326369283,-0.0311009697373,0,0,0,83,0,5,418,0.943181818182,1,0,0.0568181818182,1,0.943181818182,0.970760233918,0.965418612275,0.943181818182,0.943181818182,4,9,0,10,5,10
878,WLNM_dir_neg_kfold,0.907407407407,0.599715099715,00:00:01,10,90,18,17363,threshold_sweep,0.5,1,0.444444444444,0.615384615385,4,0,5,18,0.444444444444,1,0,0.555555555556,1,0.444444444444,0.615384615385,0.814814814815,0.617283950617,0.516129032258,0.58976782462,0.444444444444,94,85,9,0,94,0,85,0,9,23,88,0.173913043478,1.68507579377,7.65217391304,7.33333333333,5.5,3.63829000359,0.475458352741,0.249505928854,5.32278271304,1.39118184545,0.672924901186,3.27042079462,0.854769071322,0.442687747036,0.749191304359,0.444603920564,2.5,1.68507579377,0.749191304359,2.5,0.259446613992,0.18878248974,46,0.025974025974,0.333144633145,23,23,23,1,0,0.478260869565,0.217391304348,0.304347826087,23,0.156126482213,1.6766798419,6.86956521739,6.58333333333,4.9375,3.13780971418,0.456769768519,0.246560264172,4.70807900371,1.37070654538,0.668134287287,3.01249046708,0.877054186617,0.465602641717,0.744273675988,0.443897312647,2.5,1.6766798419,0.744273675988,2.5,0.223424050697,0.141608391608,27,0.0152456239413,0.290834165834,23,23,23,1,0,0.478260869565,0.217391304348,0.304347826087,23,83,0.164031620553,1.683067476,7.21739130435,6.91666666667,5.1875,3.43718333072,0.476236244618,0.255631220534,5.01578535892,1.38991642476,0.675746464117,3.08573153894,0.855082233683,0.454688318491,0.747978403139,0.444413794339,2.5,1.683067476,0.747978403139,2.5,0.258922895287,0.19040247678,41,0.0231507622812,0.302043663407,23,23,23,1,0,0.478260869565,0.217391304348,0.304347826087,-5,-0.0098814229249,-0.00200831776919,-0.434782608696,-0.416666666667,-0.3125,-0.201106672862,0.000777891877064,0.00612529168056,-0.306997354119,-0.00126542069247,0.00282156293157,-0.18468925568,0.000313162360985,0.0120005714558,-0.00121290122029,-0.00019012622544,0,-0.00200831776919,-0.00121290122029,0,-0.000523718705537,0.0016199870401,-5,-0.00282326369283,-0.0311009697373,0,0,0,83,0,5,418,0.943181818182,1,0,0.0568181818182,1,0.943181818182,0.970760233918,0.965418612275,0.943181818182,0.943181818182,4,9,0,10,5,10
879,WLNM_dir_neg_kfold,0.907407407407,0.599715099715,00:00:01,10,90,18,17363,threshold_sweep,0.6,1,0.444444444444,0.615384615385,4,0,5,18,0.444444444444,1,0,0.555555555556,1,0.444444444444,0.615384615385,0.814814814815,0.617283950617,0.516129032258,0.58976782462,0.444444444444,94,85,9,0,94,0,85,0,9,23,88,0.173913043478,1.68507579377,7.65217391304,7.33333333333,5.5,3.63829000359,0.475458352741,0.249505928854,5.32278271304,1.39118184545,0.672924901186,3.27042079462,0.854769071322,0.442687747036,0.749191304359,0.444603920564,2.5,1.68507579377,0.749191304359,2.5,0.259446613992,0.18878248974,46,0.025974025974,0.333144633145,23,23,23,1,0,0.478260869565,0.217391304348,0.304347826087,23,0.156126482213,1.6766798419,6.86956521739,6.58333333333,4.9375,3.13780971418,0.456769768519,0.246560264172,4.70807900371,1.37070654538,0.668134287287,3.01249046708,0.877054186617,0.465602641717,0.744273675988,0.443897312647,2.5,1.6766798419,0.744273675988,2.5,0.223424050697,0.141608391608,27,0.0152456239413,0.290834165834,23,23,23,1,0,0.478260869565,0.217391304348,0.304347826087,23,83,0.164031620553,1.683067476,7.21739130435,6.91666666667,5.1875,3.43718333072,0.476236244618,0.255631220534,5.01578535892,1.38991642476,0.675746464117,3.08573153894,0.855082233683,0.454688318491,0.747978403139,0.444413794339,2.5,1.683067476,0.747978403139,2.5,0.258922895287,0.19040247678,41,0.0231507622812,0.302043663407,23,23,23,1,0,0.478260869565,0.217391304348,0.304347826087,-5,-0.0098814229249,-0.00200831776919,-0.434782608696,-0.416666666667,-0.3125,-0.201106672862,0.000777891877064,0.00612529168056,-0.306997354119,-0.00126542069247,0.00282156293157,-0.18468925568,0.000313162360985,0.0120005714558,-0.00121290122029,-0.00019012622544,0,-0.00200831776919,-0.00121290122029,0,-0.000523718705537,0.0016199870401,-5,-0.00282326369283,-0.0311009697373,0,0,0,83,0,5,418,0.943181818182,1,0,0.0568181818182,1,0.943181818182,0.970760233918,0.965418612275,0.943181818182,0.943181818182,4,9,0,10,5,10
880,WLNM_dir_neg_kfold,0.907407407407,0.599715099715,00:00:01,10,90,18,17363,threshold_sweep,0.7,1,0.444444444444,0.615384615385,4,0,5,18,0.444444444444,1,0,0.555555555556,1,0.444444444444,0.615384615385,0.814814814815,0.617283950617,0.516129032258,0.58976782462,0.444444444444,94,85,9,0,94,0,85,0,9,23,88,0.173913043478,1.68507579377,7.65217391304,7.33333333333,5.5,3.63829000359,0.475458352741,0.249505928854,5.32278271304,1.39118184545,0.672924901186,3.27042079462,0.854769071322,0.442687747036,0.749191304359,0.444603920564,2.5,1.68507579377,0.749191304359,2.5,0.259446613992,0.18878248974,46,0.025974025974,0.333144633145,23,23,23,1,0,0.478260869565,0.217391304348,0.304347826087,23,0.156126482213,1.6766798419,6.86956521739,6.58333333333,4.9375,3.13780971418,0.456769768519,0.246560264172,4.70807900371,1.37070654538,0.668134287287,3.01249046708,0.877054186617,0.465602641717,0.744273675988,0.443897312647,2.5,1.6766798419,0.744273675988,2.5,0.223424050697,0.141608391608,27,0.0152456239413,0.290834165834,23,23,23,1,0,0.478260869565,0.217391304348,0.304347826087,23,83,0.164031620553,1.683067476,7.21739130435,6.91666666667,5.1875,3.43718333072,0.476236244618,0.255631220534,5.01578535892,1.38991642476,0.675746464117,3.08573153894,0.855082233683,0.454688318491,0.747978403139,0.444413794339,2.5,1.683067476,0.747978403139,2.5,0.258922895287,0.19040247678,41,0.0231507622812,0.302043663407,23,23,23,1,0,0.478260869565,0.217391304348,0.304347826087,-5,-0.0098814229249,-0.00200831776919,-0.434782608696,-0.416666666667,-0.3125,-0.201106672862,0.000777891877064,0.00612529168056,-0.306997354119,-0.00126542069247,0.00282156293157,-0.18468925568,0.000313162360985,0.0120005714558,-0.00121290122029,-0.00019012622544,0,-0.00200831776919,-0.00121290122029,0,-0.000523718705537,0.0016199870401,-5,-0.00282326369283,-0.0311009697373,0,0,0,83,0,5,418,0.943181818182,1,0,0.0568181818182,1,0.943181818182,0.970760233918,0.965418612275,0.943181818182,0.943181818182,4,9,0,10,5,10
881,WLNM_dir_neg_kfold,0.907407407407,0.599715099715,00:00:01,10,90,18,17363,threshold_sweep,0.8,1,0.444444444444,0.615384615385,4,0,5,18,0.444444444444,1,0,0.555555555556,1,0.444444444444,0.615384615385,0.814814814815,0.617283950617,0.516129032258,0.58976782462,0.444444444444,94,85,9,0,94,0,85,0,9,23,88,0.173913043478,1.68507579377,7.65217391304,7.33333333333,5.5,3.63829000359,0.475458352741,0.249505928854,5.32278271304,1.39118184545,0.672924901186,3.27042079462,0.854769071322,0.442687747036,0.749191304359,0.444603920564,2.5,1.68507579377,0.749191304359,2.5,0.259446613992,0.18878248974,46,0.025974025974,0.333144633145,23,23,23,1,0,0.478260869565,0.217391304348,0.304347826087,23,0.156126482213,1.6766798419,6.86956521739,6.58333333333,4.9375,3.13780971418,0.456769768519,0.246560264172,4.70807900371,1.37070654538,0.668134287287,3.01249046708,0.877054186617,0.465602641717,0.744273675988,0.443897312647,2.5,1.6766798419,0.744273675988,2.5,0.223424050697,0.141608391608,27,0.0152456239413,0.290834165834,23,23,23,1,0,0.478260869565,0.217391304348,0.304347826087,23,83,0.164031620553,1.683067476,7.21739130435,6.91666666667,5.1875,3.43718333072,0.476236244618,0.255631220534,5.01578535892,1.38991642476,0.675746464117,3.08573153894,0.855082233683,0.454688318491,0.747978403139,0.444413794339,2.5,1.683067476,0.747978403139,2.5,0.258922895287,0.19040247678,41,0.0231507622812,0.302043663407,23,23,23,1,0,0.478260869565,0.217391304348,0.304347826087,-5,-0.0098814229249,-0.00200831776919,-0.434782608696,-0.416666666667,-0.3125,-0.201106672862,0.000777891877064,0.00612529168056,-0.306997354119,-0.00126542069247,0.00282156293157,-0.18468925568,0.000313162360985,0.0120005714558,-0.00121290122029,-0.00019012622544,0,-0.00200831776919,-0.00121290122029,0,-0.000523718705537,0.0016199870401,-5,-0.00282326369283,-0.0311009697373,0,0,0,83,0,5,418,0.943181818182,1,0,0.0568181818182,1,0.943181818182,0.970760233918,0.965418612275,0.943181818182,0.943181818182,4,9,0,10,5,10
882,WLNM_dir_neg_kfold,0.907407407407,0.599715099715,00:00:01,10,90,18,17363,threshold_sweep,0.9,1,0.444444444444,0.615384615385,4,0,5,18,0.444444444444,1,0,0.555555555556,1,0.444444444444,0.615384615385,0.814814814815,0.617283950617,0.516129032258,0.58976782462,0.444444444444,94,85,9,0,94,0,85,0,9,23,88,0.173913043478,1.68507579377,7.65217391304,7.33333333333,5.5,3.63829000359,0.475458352741,0.249505928854,5.32278271304,1.39118184545,0.672924901186,3.27042079462,0.854769071322,0.442687747036,0.749191304359,0.444603920564,2.5,1.68507579377,0.749191304359,2.5,0.259446613992,0.18878248974,46,0.025974025974,0.333144633145,23,23,23,1,0,0.478260869565,0.217391304348,0.304347826087,23,0.156126482213,1.6766798419,6.86956521739,6.58333333333,4.9375,3.13780971418,0.456769768519,0.246560264172,4.70807900371,1.37070654538,0.668134287287,3.01249046708,0.877054186617,0.465602641717,0.744273675988,0.443897312647,2.5,1.6766798419,0.744273675988,2.5,0.223424050697,0.141608391608,27,0.0152456239413,0.290834165834,23,23,23,1,0,0.478260869565,0.217391304348,0.304347826087,23,83,0.164031620553,1.683067476,7.21739130435,6.91666666667,5.1875,3.43718333072,0.476236244618,0.255631220534,5.01578535892,1.38991642476,0.675746464117,3.08573153894,0.855082233683,0.454688318491,0.747978403139,0.444413794339,2.5,1.683067476,0.747978403139,2.5,0.258922895287,0.19040247678,41,0.0231507622812,0.302043663407,23,23,23,1,0,0.478260869565,0.217391304348,0.304347826087,-5,-0.0098814229249,-0.00200831776919,-0.434782608696,-0.416666666667,-0.3125,-0.201106672862,0.000777891877064,0.00612529168056,-0.306997354119,-0.00126542069247,0.00282156293157,-0.18468925568,0.000313162360985,0.0120005714558,-0.00121290122029,-0.00019012622544,0,-0.00200831776919,-0.00121290122029,0,-0.000523718705537,0.0016199870401,-5,-0.00282326369283,-0.0311009697373,0,0,0,83,0,5,418,0.943181818182,1,0,0.0568181818182,1,0.943181818182,0.970760233918,0.965418612275,0.943181818182,0.943181818182,4,9,0,10,5,10
883,WLNM_dir_neg_kfold,0.891975308642,0.585978835979,00:00:01,10,90,19,17364,threshold_sweep,0.1,1,0.444444444444,0.615384615385,4,0,5,18,0.444444444444,1,0,0.555555555556,1,0.444444444444,0.615384615385,0.814814814815,0.617283950617,0.516129032258,0.58976782462,0.444444444444,94,85,9,0,94,0,85,0,9,23,88,0.173913043478,1.68507579377,7.65217391304,7.33333333333,5.5,3.63829000359,0.475458352741,0.249505928854,5.32278271304,1.39118184545,0.672924901186,3.27042079462,0.854769071322,0.442687747036,0.749191304359,0.444603920564,2.5,1.68507579377,0.749191304359,2.5,0.259446613992,0.18878248974,46,0.025974025974,0.333144633145,23,23,23,1,0,0.478260869565,0.217391304348,0.304347826087,23,0.156126482213,1.6766798419,6.86956521739,6.58333333333,4.9375,3.13780971418,0.456769768519,0.246560264172,4.70807900371,1.37070654538,0.668134287287,3.01249046708,0.877054186617,0.465602641717,0.744273675988,0.443897312647,2.5,1.6766798419,0.744273675988,2.5,0.223424050697,0.141608391608,27,0.0152456239413,0.290834165834,23,23,23,1,0,0.478260869565,0.217391304348,0.304347826087,23,83,0.164031620553,1.683067476,7.21739130435,6.91666666667,5.1875,3.43718333072,0.476236244618,0.255631220534,5.01578535892,1.38991642476,0.675746464117,3.08573153894,0.855082233683,0.454688318491,0.747978403139,0.444413794339,2.5,1.683067476,0.747978403139,2.5,0.258922895287,0.19040247678,41,0.0231507622812,0.302043663407,23,23,23,1,0,0.478260869565,0.217391304348,0.304347826087,-5,-0.0098814229249,-0.00200831776919,-0.434782608696,-0.416666666667,-0.3125,-0.201106672862,0.000777891877064,0.00612529168056,-0.306997354119,-0.00126542069247,0.00282156293157,-0.18468925568,0.000313162360985,0.0120005714558,-0.00121290122029,-0.00019012622544,0,-0.00200831776919,-0.00121290122029,0,-0.000523718705537,0.0016199870401,-5,-0.00282326369283,-0.0311009697373,0,0,0,83,0,5,418,0.943181818182,1,0,0.0568181818182,1,0.943181818182,0.970760233918,0.965418612275,0.943181818182,0.943181818182,4,9,0,10,5,10
884,WLNM_dir_neg_kfold,0.891975308642,0.585978835979,00:00:01,10,90,19,17364,threshold_sweep,0.2,1,0.444444444444,0.615384615385,4,0,5,18,0.444444444444,1,0,0.555555555556,1,0.444444444444,0.615384615385,0.814814814815,0.617283950617,0.516129032258,0.58976782462,0.444444444444,94,85,9,0,94,0,85,0,9,23,88,0.173913043478,1.68507579377,7.65217391304,7.33333333333,5.5,3.63829000359,0.475458352741,0.249505928854,5.32278271304,1.39118184545,0.672924901186,3.27042079462,0.854769071322,0.442687747036,0.749191304359,0.444603920564,2.5,1.68507579377,0.749191304359,2.5,0.259446613992,0.18878248974,46,0.025974025974,0.333144633145,23,23,23,1,0,0.478260869565,0.217391304348,0.304347826087,23,0.156126482213,1.6766798419,6.86956521739,6.58333333333,4.9375,3.13780971418,0.456769768519,0.246560264172,4.70807900371,1.37070654538,0.668134287287,3.01249046708,0.877054186617,0.465602641717,0.744273675988,0.443897312647,2.5,1.6766798419,0.744273675988,2.5,0.223424050697,0.141608391608,27,0.0152456239413,0.290834165834,23,23,23,1,0,0.478260869565,0.217391304348,0.304347826087,23,83,0.164031620553,1.683067476,7.21739130435,6.91666666667,5.1875,3.43718333072,0.476236244618,0.255631220534,5.01578535892,1.38991642476,0.675746464117,3.08573153894,0.855082233683,0.454688318491,0.747978403139,0.444413794339,2.5,1.683067476,0.747978403139,2.5,0.258922895287,0.19040247678,41,0.0231507622812,0.302043663407,23,23,23,1,0,0.478260869565,0.217391304348,0.304347826087,-5,-0.0098814229249,-0.00200831776919,-0.434782608696,-0.416666666667,-0.3125,-0.201106672862,0.000777891877064,0.00612529168056,-0.306997354119,-0.00126542069247,0.00282156293157,-0.18468925568,0.000313162360985,0.0120005714558,-0.00121290122029,-0.00019012622544,0,-0.00200831776919,-0.00121290122029,0,-0.000523718705537,0.0016199870401,-5,-0.00282326369283,-0.0311009697373,0,0,0,83,0,5,418,0.943181818182,1,0,0.0568181818182,1,0.943181818182,0.970760233918,0.965418612275,0.943181818182,0.943181818182,4,9,0,10,5,10
885,WLNM_dir_neg_kfold,0.891975308642,0.585978835979,00:00:01,10,90,19,17364,threshold_sweep,0.3,1,0.444444444444,0.615384615385,4,0,5,18,0.444444444444,1,0,0.555555555556,1,0.444444444444,0.615384615385,0.814814814815,0.617283950617,0.516129032258,0.58976782462,0.444444444444,94,85,9,0,94,0,85,0,9,23,88,0.173913043478,1.68507579377,7.65217391304,7.33333333333,5.5,3.63829000359,0.475458352741,0.249505928854,5.32278271304,1.39118184545,0.672924901186,3.27042079462,0.854769071322,0.442687747036,0.749191304359,0.444603920564,2.5,1.68507579377,0.749191304359,2.5,0.259446613992,0.18878248974,46,0.025974025974,0.333144633145,23,23,23,1,0,0.478260869565,0.217391304348,0.304347826087,23,0.156126482213,1.6766798419,6.86956521739,6.58333333333,4.9375,3.13780971418,0.456769768519,0.246560264172,4.70807900371,1.37070654538,0.668134287287,3.01249046708,0.877054186617,0.465602641717,0.744273675988,0.443897312647,2.5,1.6766798419,0.744273675988,2.5,0.223424050697,0.141608391608,27,0.0152456239413,0.290834165834,23,23,23,1,0,0.478260869565,0.217391304348,0.304347826087,23,83,0.164031620553,1.683067476,7.21739130435,6.91666666667,5.1875,3.43718333072,0.476236244618,0.255631220534,5.01578535892,1.38991642476,0.675746464117,3.08573153894,0.855082233683,0.454688318491,0.747978403139,0.444413794339,2.5,1.683067476,0.747978403139,2.5,0.258922895287,0.19040247678,41,0.0231507622812,0.302043663407,23,23,23,1,0,0.478260869565,0.217391304348,0.304347826087,-5,-0.0098814229249,-0.00200831776919,-0.434782608696,-0.416666666667,-0.3125,-0.201106672862,0.000777891877064,0.00612529168056,-0.306997354119,-0.00126542069247,0.00282156293157,-0.18468925568,0.000313162360985,0.0120005714558,-0.00121290122029,-0.00019012622544,0,-0.00200831776919,-0.00121290122029,0,-0.000523718705537,0.0016199870401,-5,-0.00282326369283,-0.0311009697373,0,0,0,83,0,5,418,0.943181818182,1,0,0.0568181818182,1,0.943181818182,0.970760233918,0.965418612275,0.943181818182,0.943181818182,4,9,0,10,5,10
886,WLNM_dir_neg_kfold,0.891975308642,0.585978835979,00:00:01,10,90,19,17364,threshold_sweep,0.4,1,0.444444444444,0.615384615385,4,0,5,18,0.444444444444,1,0,0.555555555556,1,0.444444444444,0.615384615385,0.814814814815,0.617283950617,0.516129032258,0.58976782462,0.444444444444,94,85,9,0,94,0,85,0,9,23,88,0.173913043478,1.68507579377,7.65217391304,7.33333333333,5.5,3.63829000359,0.475458352741,0.249505928854,5.32278271304,1.39118184545,0.672924901186,3.27042079462,0.854769071322,0.442687747036,0.749191304359,0.444603920564,2.5,1.68507579377,0.749191304359,2.5,0.259446613992,0.18878248974,46,0.025974025974,0.333144633145,23,23,23,1,0,0.478260869565,0.217391304348,0.304347826087,23,0.156126482213,1.6766798419,6.86956521739,6.58333333333,4.9375,3.13780971418,0.456769768519,0.246560264172,4.70807900371,1.37070654538,0.668134287287,3.01249046708,0.877054186617,0.465602641717,0.744273675988,0.443897312647,2.5,1.6766798419,0.744273675988,2.5,0.223424050697,0.141608391608,27,0.0152456239413,0.290834165834,23,23,23,1,0,0.478260869565,0.217391304348,0.304347826087,23,83,0.164031620553,1.683067476,7.21739130435,6.91666666667,5.1875,3.43718333072,0.476236244618,0.255631220534,5.01578535892,1.38991642476,0.675746464117,3.08573153894,0.855082233683,0.454688318491,0.747978403139,0.444413794339,2.5,1.683067476,0.747978403139,2.5,0.258922895287,0.19040247678,41,0.0231507622812,0.302043663407,23,23,23,1,0,0.478260869565,0.217391304348,0.304347826087,-5,-0.0098814229249,-0.00200831776919,-0.434782608696,-0.416666666667,-0.3125,-0.201106672862,0.000777891877064,0.00612529168056,-0.306997354119,-0.00126542069247,0.00282156293157,-0.18468925568,0.000313162360985,0.0120005714558,-0.00121290122029,-0.00019012622544,0,-0.00200831776919,-0.00121290122029,0,-0.000523718705537,0.0016199870401,-5,-0.00282326369283,-0.0311009697373,0,0,0,83,0,5,418,0.943181818182,1,0,0.0568181818182,1,0.943181818182,0.970760233918,0.965418612275,0.943181818182,0.943181818182,4,9,0,10,5,10
887,WLNM_dir_neg_kfold,0.891975308642,0.585978835979,00:00:01,10,90,19,17364,threshold_sweep,0.5,1,0.444444444444,0.615384615385,4,0,5,18,0.444444444444,1,0,0.555555555556,1,0.444444444444,0.615384615385,0.814814814815,0.617283950617,0.516129032258,0.58976782462,0.444444444444,94,85,9,0,94,0,85,0,9,23,88,0.173913043478,1.68507579377,7.65217391304,7.33333333333,5.5,3.63829000359,0.475458352741,0.249505928854,5.32278271304,1.39118184545,0.672924901186,3.27042079462,0.854769071322,0.442687747036,0.749191304359,0.444603920564,2.5,1.68507579377,0.749191304359,2.5,0.259446613992,0.18878248974,46,0.025974025974,0.333144633145,23,23,23,1,0,0.478260869565,0.217391304348,0.304347826087,23,0.156126482213,1.6766798419,6.86956521739,6.58333333333,4.9375,3.13780971418,0.456769768519,0.246560264172,4.70807900371,1.37070654538,0.668134287287,3.01249046708,0.877054186617,0.465602641717,0.744273675988,0.443897312647,2.5,1.6766798419,0.744273675988,2.5,0.223424050697,0.141608391608,27,0.0152456239413,0.290834165834,23,23,23,1,0,0.478260869565,0.217391304348,0.304347826087,23,83,0.164031620553,1.683067476,7.21739130435,6.91666666667,5.1875,3.43718333072,0.476236244618,0.255631220534,5.01578535892,1.38991642476,0.675746464117,3.08573153894,0.855082233683,0.454688318491,0.747978403139,0.444413794339,2.5,1.683067476,0.747978403139,2.5,0.258922895287,0.19040247678,41,0.0231507622812,0.302043663407,23,23,23,1,0,0.478260869565,0.217391304348,0.304347826087,-5,-0.0098814229249,-0.00200831776919,-0.434782608696,-0.416666666667,-0.3125,-0.201106672862,0.000777891877064,0.00612529168056,-0.306997354119,-0.00126542069247,0.00282156293157,-0.18468925568,0.000313162360985,0.0120005714558,-0.00121290122029,-0.00019012622544,0,-0.00200831776919,-0.00121290122029,0,-0.000523718705537,0.0016199870401,-5,-0.00282326369283,-0.0311009697373,0,0,0,83,0,5,418,0.943181818182,1,0,0.0568181818182,1,0.943181818182,0.970760233918,0.965418612275,0.943181818182,0.943181818182,4,9,0,10,5,10
888,WLNM_dir_neg_kfold,0.891975308642,0.585978835979,00:00:01,10,90,19,17364,threshold_sweep,0.6,1,0.444444444444,0.615384615385,4,0,5,18,0.444444444444,1,0,0.555555555556,1,0.444444444444,0.615384615385,0.814814814815,0.617283950617,0.516129032258,0.58976782462,0.444444444444,94,85,9,0,94,0,85,0,9,23,88,0.173913043478,1.68507579377,7.65217391304,7.33333333333,5.5,3.63829000359,0.475458352741,0.249505928854,5.32278271304,1.39118184545,0.672924901186,3.27042079462,0.854769071322,0.442687747036,0.749191304359,0.444603920564,2.5,1.68507579377,0.749191304359,2.5,0.259446613992,0.18878248974,46,0.025974025974,0.333144633145,23,23,23,1,0,0.478260869565,0.217391304348,0.304347826087,23,0.156126482213,1.6766798419,6.86956521739,6.58333333333,4.9375,3.13780971418,0.456769768519,0.246560264172,4.70807900371,1.37070654538,0.668134287287,3.01249046708,0.877054186617,0.465602641717,0.744273675988,0.443897312647,2.5,1.6766798419,0.744273675988,2.5,0.223424050697,0.141608391608,27,0.0152456239413,0.290834165834,23,23,23,1,0,0.478260869565,0.217391304348,0.304347826087,23,83,0.164031620553,1.683067476,7.21739130435,6.91666666667,5.1875,3.43718333072,0.476236244618,0.255631220534,5.01578535892,1.38991642476,0.675746464117,3.08573153894,0.855082233683,0.454688318491,0.747978403139,0.444413794339,2.5,1.683067476,0.747978403139,2.5,0.258922895287,0.19040247678,41,0.0231507622812,0.302043663407,23,23,23,1,0,0.478260869565,0.217391304348,0.304347826087,-5,-0.0098814229249,-0.00200831776919,-0.434782608696,-0.416666666667,-0.3125,-0.201106672862,0.000777891877064,0.00612529168056,-0.306997354119,-0.00126542069247,0.00282156293157,-0.18468925568,0.000313162360985,0.0120005714558,-0.00121290122029,-0.00019012622544,0,-0.00200831776919,-0.00121290122029,0,-0.000523718705537,0.0016199870401,-5,-0.00282326369283,-0.0311009697373,0,0,0,83,0,5,418,0.943181818182,1,0,0.0568181818182,1,0.943181818182,0.970760233918,0.965418612275,0.943181818182,0.943181818182,4,9,0,10,5,10
889,WLNM_dir_neg_kfold,0.891975308642,0.585978835979,00:00:01,10,90,19,17364,threshold_sweep,0.7,1,0.444444444444,0.615384615385,4,0,5,18,0.444444444444,1,0,0.555555555556,1,0.444444444444,0.615384615385,0.814814814815,0.617283950617,0.516129032258,0.58976782462,0.444444444444,94,85,9,0,94,0,85,0,9,23,88,0.173913043478,1.68507579377,7.65217391304,7.33333333333,5.5,3.63829000359,0.475458352741,0.249505928854,5.32278271304,1.39118184545,0.672924901186,3.27042079462,0.854769071322,0.442687747036,0.749191304359,0.444603920564,2.5,1.68507579377,0.749191304359,2.5,0.259446613992,0.18878248974,46,0.025974025974,0.333144633145,23,23,23,1,0,0.478260869565,0.217391304348,0.304347826087,23,0.156126482213,1.6766798419,6.86956521739,6.58333333333,4.9375,3.13780971418,0.456769768519,0.246560264172,4.70807900371,1.37070654538,0.668134287287,3.01249046708,0.877054186617,0.465602641717,0.744273675988,0.443897312647,2.5,1.6766798419,0.744273675988,2.5,0.223424050697,0.141608391608,27,0.0152456239413,0.290834165834,23,23,23,1,0,0.478260869565,0.217391304348,0.304347826087,23,83,0.164031620553,1.683067476,7.21739130435,6.91666666667,5.1875,3.43718333072,0.476236244618,0.255631220534,5.01578535892,1.38991642476,0.675746464117,3.08573153894,0.855082233683,0.454688318491,0.747978403139,0.444413794339,2.5,1.683067476,0.747978403139,2.5,0.258922895287,0.19040247678,41,0.0231507622812,0.302043663407,23,23,23,1,0,0.478260869565,0.217391304348,0.304347826087,-5,-0.0098814229249,-0.00200831776919,-0.434782608696,-0.416666666667,-0.3125,-0.201106672862,0.000777891877064,0.00612529168056,-0.306997354119,-0.00126542069247,0.00282156293157,-0.18468925568,0.000313162360985,0.0120005714558,-0.00121290122029,-0.00019012622544,0,-0.00200831776919,-0.00121290122029,0,-0.000523718705537,0.0016199870401,-5,-0.00282326369283,-0.0311009697373,0,0,0,83,0,5,418,0.943181818182,1,0,0.0568181818182,1,0.943181818182,0.970760233918,0.965418612275,0.943181818182,0.943181818182,4,9,0,10,5,10
890,WLNM_dir_neg_kfold,0.891975308642,0.585978835979,00:00:01,10,90,19,17364,threshold_sweep,0.8,1,0.333333333333,0.5,3,0,6,18,0.333333333333,1,0,0.666666666667,1,0.333333333333,0.5,0.777777777778,0.62962962963,0.4,0.5,0.333333333333,94,85,9,0,94,0,85,0,9,23,88,0.173913043478,1.68507579377,7.65217391304,7.33333333333,5.5,3.63829000359,0.475458352741,0.249505928854,5.32278271304,1.39118184545,0.672924901186,3.27042079462,0.854769071322,0.442687747036,0.749191304359,0.444603920564,2.5,1.68507579377,0.749191304359,2.5,0.259446613992,0.18878248974,46,0.025974025974,0.333144633145,23,23,23,1,0,0.478260869565,0.217391304348,0.304347826087,23,0.156126482213,1.6766798419,6.86956521739,6.58333333333,4.9375,3.13780971418,0.456769768519,0.246560264172,4.70807900371,1.37070654538,0.668134287287,3.01249046708,0.877054186617,0.465602641717,0.744273675988,0.443897312647,2.5,1.6766798419,0.744273675988,2.5,0.223424050697,0.141608391608,27,0.0152456239413,0.290834165834,23,23,23,1,0,0.478260869565,0.217391304348,0.304347826087,23,82,0.162055335968,1.67802089215,7.13043478261,6.83333333333,5.125,3.40192923643,0.477099831938,0.257688229056,4.96191025309,1.39175531489,0.677624602333,3.07225245998,0.861729348532,0.460233297985,0.745266613988,0.444134287883,2.5,1.67802089215,0.745266613988,2.5,0.264570278207,0.195238095238,41,0.0231507622812,0.300858232676,23,23,23,1,0,0.478260869565,0.217391304348,0.304347826087,-6,-0.0118577075099,-0.00705490162012,-0.521739130435,-0.5,-0.375,-0.236360767161,0.00164147919625,0.00818230020245,-0.360872459957,0.000573469435485,0.00469970114721,-0.198168334643,0.0069602772092,0.0175455509496,-0.00392469037079,-0.000469632681557,0,-0.00705490162012,-0.00392469037079,0,0.00512366421457,0.00645560549801,-5,-0.00282326369283,-0.0322864004682,0,0,0,82,0,6,418,0.931818181818,1,0,0.0681818181818,1,0.931818181818,0.964705882353,0.958452959446,0.931818181818,0.931818181818,3,9,0,10,5,10
891,WLNM_dir_neg_kfold,0.891975308642,0.585978835979,00:00:01,10,90,19,17364,threshold_sweep,0.9,1,0.333333333333,0.5,3,0,6,18,0.333333333333,1,0,0.666666666667,1,0.333333333333,0.5,0.777777777778,0.62962962963,0.4,0.5,0.333333333333,94,85,9,0,94,0,85,0,9,23,88,0.173913043478,1.68507579377,7.65217391304,7.33333333333,5.5,3.63829000359,0.475458352741,0.249505928854,5.32278271304,1.39118184545,0.672924901186,3.27042079462,0.854769071322,0.442687747036,0.749191304359,0.444603920564,2.5,1.68507579377,0.749191304359,2.5,0.259446613992,0.18878248974,46,0.025974025974,0.333144633145,23,23,23,1,0,0.478260869565,0.217391304348,0.304347826087,23,0.156126482213,1.6766798419,6.86956521739,6.58333333333,4.9375,3.13780971418,0.456769768519,0.246560264172,4.70807900371,1.37070654538,0.668134287287,3.01249046708,0.877054186617,0.465602641717,0.744273675988,0.443897312647,2.5,1.6766798419,0.744273675988,2.5,0.223424050697,0.141608391608,27,0.0152456239413,0.290834165834,23,23,23,1,0,0.478260869565,0.217391304348,0.304347826087,23,82,0.162055335968,1.67802089215,7.13043478261,6.83333333333,5.125,3.40192923643,0.477099831938,0.257688229056,4.96191025309,1.39175531489,0.677624602333,3.07225245998,0.861729348532,0.460233297985,0.745266613988,0.444134287883,2.5,1.67802089215,0.745266613988,2.5,0.264570278207,0.195238095238,41,0.0231507622812,0.300858232676,23,23,23,1,0,0.478260869565,0.217391304348,0.304347826087,-6,-0.0118577075099,-0.00705490162012,-0.521739130435,-0.5,-0.375,-0.236360767161,0.00164147919625,0.00818230020245,-0.360872459957,0.000573469435485,0.00469970114721,-0.198168334643,0.0069602772092,0.0175455509496,-0.00392469037079,-0.000469632681557,0,-0.00705490162012,-0.00392469037079,0,0.00512366421457,0.00645560549801,-5,-0.00282326369283,-0.0322864004682,0,0,0,82,0,6,418,0.931818181818,1,0,0.0681818181818,1,0.931818181818,0.964705882353,0.958452959446,0.931818181818,0.931818181818,3,9,0,10,5,10
892,WLNM_dir_neg_kfold,0.824074074074,0.492361111111,00:00:01,10,90,20,17365,threshold_sweep,0.1,0.8,0.444444444444,0.571428571429,4,1,5,17,0.444444444444,0.944444444444,0.0555555555556,0.555555555556,0.8,0.444444444444,0.571428571429,0.777777777778,0.604938271605,0.4375,0.471939903724,0.388888888889,94,85,9,0,94,0,85,0,9,23,88,0.173913043478,1.68507579377,7.65217391304,7.33333333333,5.5,3.63829000359,0.475458352741,0.249505928854,5.32278271304,1.39118184545,0.672924901186,3.27042079462,0.854769071322,0.442687747036,0.749191304359,0.444603920564,2.5,1.68507579377,0.749191304359,2.5,0.259446613992,0.18878248974,46,0.025974025974,0.333144633145,23,23,23,1,0,0.478260869565,0.217391304348,0.304347826087,23,0.156126482213,1.6766798419,6.86956521739,6.58333333333,4.9375,3.13780971418,0.456769768519,0.246560264172,4.70807900371,1.37070654538,0.668134287287,3.01249046708,0.877054186617,0.465602641717,0.744273675988,0.443897312647,2.5,1.6766798419,0.744273675988,2.5,0.223424050697,0.141608391608,27,0.0152456239413,0.290834165834,23,23,23,1,0,0.478260869565,0.217391304348,0.304347826087,23,84,0.166007905138,1,7.30434782609,6.46153846154,5.25,3.417000048,0.467803578001,0.25,4.98733574031,1.36558002413,0.666666666667,3.11314946714,0.852409973145,0.449275362319,0,0,0,NaN,NaN,NaN,0.258922895287,0.19040247678,41,0.0231507622812,0.283663985587,23,23,0,1,2,0.434782608696,0.260869565217,0.304347826087,-4,-0.00790513833992,-0.685075793771,-0.347826086957,-0.871794871795,-0.25,-0.221289955582,-0.00765477474079,0.000494071146245,-0.335446972735,-0.0256018213224,-0.0062582345191,-0.157271327486,-0.00235909817735,0.00658761528327,-0.749191304359,-0.444603920564,-2.5,NaN,NaN,NaN,-0.000523718705537,0.0016199870401,-5,-0.00282326369283,-0.0494806475576,-0.0434782608696,0.0434782608696,0,83,1,5,417,0.943181818182,0.997607655502,0.00239234449761,0.0568181818182,0.988095238095,0.943181818182,0.96511627907,0.958354216501,0.940789473684,0.932584269663,5,9,0,10,5,10
893,WLNM_dir_neg_kfold,0.824074074074,0.492361111111,00:00:01,10,90,20,17365,threshold_sweep,0.2,0.75,0.333333333333,0.461538461538,3,1,6,17,0.333333333333,0.944444444444,0.0555555555556,0.666666666667,0.75,0.333333333333,0.461538461538,0.740740740741,0.617283950617,0.322580645161,0.368604890387,0.277777777778,94,85,9,0,94,0,85,0,9,23,88,0.173913043478,1.68507579377,7.65217391304,7.33333333333,5.5,3.63829000359,0.475458352741,0.249505928854,5.32278271304,1.39118184545,0.672924901186,3.27042079462,0.854769071322,0.442687747036,0.749191304359,0.444603920564,2.5,1.68507579377,0.749191304359,2.5,0.259446613992,0.18878248974,46,0.025974025974,0.333144633145,23,23,23,1,0,0.478260869565,0.217391304348,0.304347826087,23,0.156126482213,1.6766798419,6.86956521739,6.58333333333,4.9375,3.13780971418,0.456769768519,0.246560264172,4.70807900371,1.37070654538,0.668134287287,3.01249046708,0.877054186617,0.465602641717,0.744273675988,0.443897312647,2.5,1.6766798419,0.744273675988,2.5,0.223424050697,0.141608391608,27,0.0152456239413,0.290834165834,23,23,23,1,0,0.478260869565,0.217391304348,0.304347826087,23,83,0.164031620553,1,7.21739130435,6.38461538462,5.1875,3.37041300058,0.466984933815,0.249869041383,4.93355054181,1.36712846339,0.668412781561,3.08573153894,0.855082233683,0.454688318491,0,0,0,NaN,NaN,NaN,0.264570278207,0.195238095238,41,0.0231507622812,0.281378877533,23,23,0,1,2,0.434782608696,0.260869565217,0.304347826087,-5,-0.0098814229249,-0.685075793771,-0.434782608696,-0.948717948718,-0.3125,-0.267877003008,-0.00847341892637,0.000363112529168,-0.389232171231,-0.0240533820608,-0.00451211962474,-0.18468925568,0.000313162360985,0.0120005714558,-0.749191304359,-0.444603920564,-2.5,NaN,NaN,NaN,0.00512366421457,0.00645560549801,-5,-0.00282326369283,-0.0517657556119,-0.0434782608696,0.0434782608696,0,82,1,6,417,0.931818181818,0.997607655502,0.00239234449761,0.0681818181818,0.987951807229,0.931818181818,0.959064327485,0.951338315457,0.929425837321,0.921348314607,4,9,0,10,5,10
894,WLNM_dir_neg_kfold,0.824074074074,0.492361111111,00:00:01,10,90,20,17365,threshold_sweep,0.3,0.75,0.333333333333,0.461538461538,3,1,6,17,0.333333333333,0.944444444444,0.0555555555556,0.666666666667,0.75,0.333333333333,0.461538461538,0.740740740741,0.617283950617,0.322580645161,0.368604890387,0.277777777778,94,85,9,0,94,0,85,0,9,23,88,0.173913043478,1.68507579377,7.65217391304,7.33333333333,5.5,3.63829000359,0.475458352741,0.249505928854,5.32278271304,1.39118184545,0.672924901186,3.27042079462,0.854769071322,0.442687747036,0.749191304359,0.444603920564,2.5,1.68507579377,0.749191304359,2.5,0.259446613992,0.18878248974,46,0.025974025974,0.333144633145,23,23,23,1,0,0.478260869565,0.217391304348,0.304347826087,23,0.156126482213,1.6766798419,6.86956521739,6.58333333333,4.9375,3.13780971418,0.456769768519,0.246560264172,4.70807900371,1.37070654538,0.668134287287,3.01249046708,0.877054186617,0.465602641717,0.744273675988,0.443897312647,2.5,1.6766798419,0.744273675988,2.5,0.223424050697,0.141608391608,27,0.0152456239413,0.290834165834,23,23,23,1,0,0.478260869565,0.217391304348,0.304347826087,23,83,0.164031620553,1,7.21739130435,6.38461538462,5.1875,3.37041300058,0.466984933815,0.249869041383,4.93355054181,1.36712846339,0.668412781561,3.08573153894,0.855082233683,0.454688318491,0,0,0,NaN,NaN,NaN,0.264570278207,0.195238095238,41,0.0231507622812,0.281378877533,23,23,0,1,2,0.434782608696,0.260869565217,0.304347826087,-5,-0.0098814229249,-0.685075793771,-0.434782608696,-0.948717948718,-0.3125,-0.267877003008,-0.00847341892637,0.000363112529168,-0.389232171231,-0.0240533820608,-0.00451211962474,-0.18468925568,0.000313162360985,0.0120005714558,-0.749191304359,-0.444603920564,-2.5,NaN,NaN,NaN,0.00512366421457,0.00645560549801,-5,-0.00282326369283,-0.0517657556119,-0.0434782608696,0.0434782608696,0,82,1,6,417,0.931818181818,0.997607655502,0.00239234449761,0.0681818181818,0.987951807229,0.931818181818,0.959064327485,0.951338315457,0.929425837321,0.921348314607,4,9,0,10,5,10
895,WLNM_dir_neg_kfold,0.824074074074,0.492361111111,00:00:01,10,90,20,17365,threshold_sweep,0.4,0.75,0.333333333333,0.461538461538,3,1,6,17,0.333333333333,0.944444444444,0.0555555555556,0.666666666667,0.75,0.333333333333,0.461538461538,0.740740740741,0.617283950617,0.322580645161,0.368604890387,0.277777777778,94,85,9,0,94,0,85,0,9,23,88,0.173913043478,1.68507579377,7.65217391304,7.33333333333,5.5,3.63829000359,0.475458352741,0.249505928854,5.32278271304,1.39118184545,0.672924901186,3.27042079462,0.854769071322,0.442687747036,0.749191304359,0.444603920564,2.5,1.68507579377,0.749191304359,2.5,0.259446613992,0.18878248974,46,0.025974025974,0.333144633145,23,23,23,1,0,0.478260869565,0.217391304348,0.304347826087,23,0.156126482213,1.6766798419,6.86956521739,6.58333333333,4.9375,3.13780971418,0.456769768519,0.246560264172,4.70807900371,1.37070654538,0.668134287287,3.01249046708,0.877054186617,0.465602641717,0.744273675988,0.443897312647,2.5,1.6766798419,0.744273675988,2.5,0.223424050697,0.141608391608,27,0.0152456239413,0.290834165834,23,23,23,1,0,0.478260869565,0.217391304348,0.304347826087,23,83,0.164031620553,1,7.21739130435,6.38461538462,5.1875,3.37041300058,0.466984933815,0.249869041383,4.93355054181,1.36712846339,0.668412781561,3.08573153894,0.855082233683,0.454688318491,0,0,0,NaN,NaN,NaN,0.264570278207,0.195238095238,41,0.0231507622812,0.281378877533,23,23,0,1,2,0.434782608696,0.260869565217,0.304347826087,-5,-0.0098814229249,-0.685075793771,-0.434782608696,-0.948717948718,-0.3125,-0.267877003008,-0.00847341892637,0.000363112529168,-0.389232171231,-0.0240533820608,-0.00451211962474,-0.18468925568,0.000313162360985,0.0120005714558,-0.749191304359,-0.444603920564,-2.5,NaN,NaN,NaN,0.00512366421457,0.00645560549801,-5,-0.00282326369283,-0.0517657556119,-0.0434782608696,0.0434782608696,0,82,1,6,417,0.931818181818,0.997607655502,0.00239234449761,0.0681818181818,0.987951807229,0.931818181818,0.959064327485,0.951338315457,0.929425837321,0.921348314607,4,9,0,10,5,10
896,WLNM_dir_neg_kfold,0.824074074074,0.492361111111,00:00:01,10,90,20,17365,threshold_sweep,0.5,0.75,0.333333333333,0.461538461538,3,1,6,17,0.333333333333,0.944444444444,0.0555555555556,0.666666666667,0.75,0.333333333333,0.461538461538,0.740740740741,0.617283950617,0.322580645161,0.368604890387,0.277777777778,94,85,9,0,94,0,85,0,9,23,88,0.173913043478,1.68507579377,7.65217391304,7.33333333333,5.5,3.63829000359,0.475458352741,0.249505928854,5.32278271304,1.39118184545,0.672924901186,3.27042079462,0.854769071322,0.442687747036,0.749191304359,0.444603920564,2.5,1.68507579377,0.749191304359,2.5,0.259446613992,0.18878248974,46,0.025974025974,0.333144633145,23,23,23,1,0,0.478260869565,0.217391304348,0.304347826087,23,0.156126482213,1.6766798419,6.86956521739,6.58333333333,4.9375,3.13780971418,0.456769768519,0.246560264172,4.70807900371,1.37070654538,0.668134287287,3.01249046708,0.877054186617,0.465602641717,0.744273675988,0.443897312647,2.5,1.6766798419,0.744273675988,2.5,0.223424050697,0.141608391608,27,0.0152456239413,0.290834165834,23,23,23,1,0,0.478260869565,0.217391304348,0.304347826087,23,83,0.164031620553,1,7.21739130435,6.38461538462,5.1875,3.37041300058,0.466984933815,0.249869041383,4.93355054181,1.36712846339,0.668412781561,3.08573153894,0.855082233683,0.454688318491,0,0,0,NaN,NaN,NaN,0.264570278207,0.195238095238,41,0.0231507622812,0.281378877533,23,23,0,1,2,0.434782608696,0.260869565217,0.304347826087,-5,-0.0098814229249,-0.685075793771,-0.434782608696,-0.948717948718,-0.3125,-0.267877003008,-0.00847341892637,0.000363112529168,-0.389232171231,-0.0240533820608,-0.00451211962474,-0.18468925568,0.000313162360985,0.0120005714558,-0.749191304359,-0.444603920564,-2.5,NaN,NaN,NaN,0.00512366421457,0.00645560549801,-5,-0.00282326369283,-0.0517657556119,-0.0434782608696,0.0434782608696,0,82,1,6,417,0.931818181818,0.997607655502,0.00239234449761,0.0681818181818,0.987951807229,0.931818181818,0.959064327485,0.951338315457,0.929425837321,0.921348314607,4,9,0,10,5,10
897,WLNM_dir_neg_kfold,0.824074074074,0.492361111111,00:00:01,10,90,20,17365,threshold_sweep,0.6,0.75,0.333333333333,0.461538461538,3,1,6,17,0.333333333333,0.944444444444,0.0555555555556,0.666666666667,0.75,0.333333333333,0.461538461538,0.740740740741,0.617283950617,0.322580645161,0.368604890387,0.277777777778,94,85,9,0,94,0,85,0,9,23,88,0.173913043478,1.68507579377,7.65217391304,7.33333333333,5.5,3.63829000359,0.475458352741,0.249505928854,5.32278271304,1.39118184545,0.672924901186,3.27042079462,0.854769071322,0.442687747036,0.749191304359,0.444603920564,2.5,1.68507579377,0.749191304359,2.5,0.259446613992,0.18878248974,46,0.025974025974,0.333144633145,23,23,23,1,0,0.478260869565,0.217391304348,0.304347826087,23,0.156126482213,1.6766798419,6.86956521739,6.58333333333,4.9375,3.13780971418,0.456769768519,0.246560264172,4.70807900371,1.37070654538,0.668134287287,3.01249046708,0.877054186617,0.465602641717,0.744273675988,0.443897312647,2.5,1.6766798419,0.744273675988,2.5,0.223424050697,0.141608391608,27,0.0152456239413,0.290834165834,23,23,23,1,0,0.478260869565,0.217391304348,0.304347826087,23,83,0.164031620553,1,7.21739130435,6.38461538462,5.1875,3.37041300058,0.466984933815,0.249869041383,4.93355054181,1.36712846339,0.668412781561,3.08573153894,0.855082233683,0.454688318491,0,0,0,NaN,NaN,NaN,0.264570278207,0.195238095238,41,0.0231507622812,0.281378877533,23,23,0,1,2,0.434782608696,0.260869565217,0.304347826087,-5,-0.0098814229249,-0.685075793771,-0.434782608696,-0.948717948718,-0.3125,-0.267877003008,-0.00847341892637,0.000363112529168,-0.389232171231,-0.0240533820608,-0.00451211962474,-0.18468925568,0.000313162360985,0.0120005714558,-0.749191304359,-0.444603920564,-2.5,NaN,NaN,NaN,0.00512366421457,0.00645560549801,-5,-0.00282326369283,-0.0517657556119,-0.0434782608696,0.0434782608696,0,82,1,6,417,0.931818181818,0.997607655502,0.00239234449761,0.0681818181818,0.987951807229,0.931818181818,0.959064327485,0.951338315457,0.929425837321,0.921348314607,4,9,0,10,5,10
898,WLNM_dir_neg_kfold,0.824074074074,0.492361111111,00:00:01,10,90,20,17365,threshold_sweep,0.7,0.75,0.333333333333,0.461538461538,3,1,6,17,0.333333333333,0.944444444444,0.0555555555556,0.666666666667,0.75,0.333333333333,0.461538461538,0.740740740741,0.617283950617,0.322580645161,0.368604890387,0.277777777778,94,85,9,0,94,0,85,0,9,23,88,0.173913043478,1.68507579377,7.65217391304,7.33333333333,5.5,3.63829000359,0.475458352741,0.249505928854,5.32278271304,1.39118184545,0.672924901186,3.27042079462,0.854769071322,0.442687747036,0.749191304359,0.444603920564,2.5,1.68507579377,0.749191304359,2.5,0.259446613992,0.18878248974,46,0.025974025974,0.333144633145,23,23,23,1,0,0.478260869565,0.217391304348,0.304347826087,23,0.156126482213,1.6766798419,6.86956521739,6.58333333333,4.9375,3.13780971418,0.456769768519,0.246560264172,4.70807900371,1.37070654538,0.668134287287,3.01249046708,0.877054186617,0.465602641717,0.744273675988,0.443897312647,2.5,1.6766798419,0.744273675988,2.5,0.223424050697,0.141608391608,27,0.0152456239413,0.290834165834,23,23,23,1,0,0.478260869565,0.217391304348,0.304347826087,23,83,0.164031620553,1,7.21739130435,6.38461538462,5.1875,3.37041300058,0.466984933815,0.249869041383,4.93355054181,1.36712846339,0.668412781561,3.08573153894,0.855082233683,0.454688318491,0,0,0,NaN,NaN,NaN,0.264570278207,0.195238095238,41,0.0231507622812,0.281378877533,23,23,0,1,2,0.434782608696,0.260869565217,0.304347826087,-5,-0.0098814229249,-0.685075793771,-0.434782608696,-0.948717948718,-0.3125,-0.267877003008,-0.00847341892637,0.000363112529168,-0.389232171231,-0.0240533820608,-0.00451211962474,-0.18468925568,0.000313162360985,0.0120005714558,-0.749191304359,-0.444603920564,-2.5,NaN,NaN,NaN,0.00512366421457,0.00645560549801,-5,-0.00282326369283,-0.0517657556119,-0.0434782608696,0.0434782608696,0,82,1,6,417,0.931818181818,0.997607655502,0.00239234449761,0.0681818181818,0.987951807229,0.931818181818,0.959064327485,0.951338315457,0.929425837321,0.921348314607,4,9,0,10,5,10
899,WLNM_dir_neg_kfold,0.824074074074,0.492361111111,00:00:01,10,90,20,17365,threshold_sweep,0.8,0.75,0.333333333333,0.461538461538,3,1,6,17,0.333333333333,0.944444444444,0.0555555555556,0.666666666667,0.75,0.333333333333,0.461538461538,0.740740740741,0.617283950617,0.322580645161,0.368604890387,0.277777777778,94,85,9,0,94,0,85,0,9,23,88,0.173913043478,1.68507579377,7.65217391304,7.33333333333,5.5,3.63829000359,0.475458352741,0.249505928854,5.32278271304,1.39118184545,0.672924901186,3.27042079462,0.854769071322,0.442687747036,0.749191304359,0.444603920564,2.5,1.68507579377,0.749191304359,2.5,0.259446613992,0.18878248974,46,0.025974025974,0.333144633145,23,23,23,1,0,0.478260869565,0.217391304348,0.304347826087,23,0.156126482213,1.6766798419,6.86956521739,6.58333333333,4.9375,3.13780971418,0.456769768519,0.246560264172,4.70807900371,1.37070654538,0.668134287287,3.01249046708,0.877054186617,0.465602641717,0.744273675988,0.443897312647,2.5,1.6766798419,0.744273675988,2.5,0.223424050697,0.141608391608,27,0.0152456239413,0.290834165834,23,23,23,1,0,0.478260869565,0.217391304348,0.304347826087,23,83,0.164031620553,1,7.21739130435,6.38461538462,5.1875,3.37041300058,0.466984933815,0.249869041383,4.93355054181,1.36712846339,0.668412781561,3.08573153894,0.855082233683,0.454688318491,0,0,0,NaN,NaN,NaN,0.264570278207,0.195238095238,41,0.0231507622812,0.281378877533,23,23,0,1,2,0.434782608696,0.260869565217,0.304347826087,-5,-0.0098814229249,-0.685075793771,-0.434782608696,-0.948717948718,-0.3125,-0.267877003008,-0.00847341892637,0.000363112529168,-0.389232171231,-0.0240533820608,-0.00451211962474,-0.18468925568,0.000313162360985,0.0120005714558,-0.749191304359,-0.444603920564,-2.5,NaN,NaN,NaN,0.00512366421457,0.00645560549801,-5,-0.00282326369283,-0.0517657556119,-0.0434782608696,0.0434782608696,0,82,1,6,417,0.931818181818,0.997607655502,0.00239234449761,0.0681818181818,0.987951807229,0.931818181818,0.959064327485,0.951338315457,0.929425837321,0.921348314607,4,9,0,10,5,10
900,WLNM_dir_neg_kfold,0.824074074074,0.492361111111,00:00:01,10,90,20,17365,threshold_sweep,0.9,0.75,0.333333333333,0.461538461538,3,1,6,17,0.333333333333,0.944444444444,0.0555555555556,0.666666666667,0.75,0.333333333333,0.461538461538,0.740740740741,0.617283950617,0.322580645161,0.368604890387,0.277777777778,94,85,9,0,94,0,85,0,9,23,88,0.173913043478,1.68507579377,7.65217391304,7.33333333333,5.5,3.63829000359,0.475458352741,0.249505928854,5.32278271304,1.39118184545,0.672924901186,3.27042079462,0.854769071322,0.442687747036,0.749191304359,0.444603920564,2.5,1.68507579377,0.749191304359,2.5,0.259446613992,0.18878248974,46,0.025974025974,0.333144633145,23,23,23,1,0,0.478260869565,0.217391304348,0.304347826087,23,0.156126482213,1.6766798419,6.86956521739,6.58333333333,4.9375,3.13780971418,0.456769768519,0.246560264172,4.70807900371,1.37070654538,0.668134287287,3.01249046708,0.877054186617,0.465602641717,0.744273675988,0.443897312647,2.5,1.6766798419,0.744273675988,2.5,0.223424050697,0.141608391608,27,0.0152456239413,0.290834165834,23,23,23,1,0,0.478260869565,0.217391304348,0.304347826087,23,83,0.164031620553,1,7.21739130435,6.38461538462,5.1875,3.37041300058,0.466984933815,0.249869041383,4.93355054181,1.36712846339,0.668412781561,3.08573153894,0.855082233683,0.454688318491,0,0,0,NaN,NaN,NaN,0.264570278207,0.195238095238,41,0.0231507622812,0.281378877533,23,23,0,1,2,0.434782608696,0.260869565217,0.304347826087,-5,-0.0098814229249,-0.685075793771,-0.434782608696,-0.948717948718,-0.3125,-0.267877003008,-0.00847341892637,0.000363112529168,-0.389232171231,-0.0240533820608,-0.00451211962474,-0.18468925568,0.000313162360985,0.0120005714558,-0.749191304359,-0.444603920564,-2.5,NaN,NaN,NaN,0.00512366421457,0.00645560549801,-5,-0.00282326369283,-0.0517657556119,-0.0434782608696,0.0434782608696,0,82,1,6,417,0.931818181818,0.997607655502,0.00239234449761,0.0681818181818,0.987951807229,0.931818181818,0.959064327485,0.951338315457,0.929425837321,0.921348314607,4,9,0,10,5,10
901,WLNM_dir_neg_kfold,0.820987654321,0.648622613297,00:00:01,10,90,1,18346,threshold_sweep,0.1,0.8,0.444444444444,0.571428571429,4,1,5,17,0.444444444444,0.944444444444,0.0555555555556,0.555555555556,0.8,0.444444444444,0.571428571429,0.777777777778,0.604938271605,0.4375,0.471939903724,0.388888888889,94,85,9,0,94,0,85,0,9,23,88,0.173913043478,1.68507579377,7.65217391304,7.33333333333,5.5,3.63829000359,0.475458352741,0.249505928854,5.32278271304,1.39118184545,0.672924901186,3.27042079462,0.854769071322,0.442687747036,0.749191304359,0.444603920564,2.5,1.68507579377,0.749191304359,2.5,0.259446613992,0.18878248974,46,0.025974025974,0.333144633145,23,23,23,1,0,0.478260869565,0.217391304348,0.304347826087,23,0.156126482213,1.68422181683,6.86956521739,6.58333333333,5.26666666667,3.26558289139,0.475369661405,0.25701706109,4.78469232369,1.39301168918,0.680242157402,3.01249046708,0.877054186617,0.466703357182,0.748433971026,0.444379691289,2.5,1.68422181683,0.748433971026,2.5,0.230926649108,0.149741824441,29,0.0163749294184,0.28423731151,23,23,23,1,0,0.478260869565,0.173913043478,0.347826086957,23,84,0.166007905138,1.75657579136,7.30434782609,6.46153846154,5.6,3.37685683074,0.462307780399,0.248447204969,4.97821340399,1.36308224157,0.665631469979,3.19955530507,0.876068714483,0.458592132505,0.752366041255,0.428314021494,2.5,1.75657579136,0.752366041255,2.5,0.258608058608,0.18320610687,40,0.0225861095426,0.269092588323,23,23,23,1,0,0.434782608696,0.217391304348,0.347826086957,-4,-0.00790513833992,0.071499997587,-0.347826086957,-0.871794871795,0.1,-0.261433172843,-0.0131505723421,-0.00105872388481,-0.344569309055,-0.0280996038863,-0.00729343120647,-0.0708654895552,0.0212996431609,0.0159043854696,0.00317473689631,-0.0162898990707,0,0.071499997587,0.00317473689631,0,-0.00083855538401,-0.00557638286985,-6,-0.00338791643139,-0.0640520448213,-0.0434782608696,0,0.0434782608696,83,1,5,417,0.943181818182,0.997607655502,0.00239234449761,0.0568181818182,0.988095238095,0.943181818182,0.96511627907,0.958354216501,0.940789473684,0.932584269663,5,9,0,10,6,10
902,WLNM_dir_neg_kfold,0.820987654321,0.648622613297,00:00:01,10,90,1,18346,threshold_sweep,0.2,0.8,0.444444444444,0.571428571429,4,1,5,17,0.444444444444,0.944444444444,0.0555555555556,0.555555555556,0.8,0.444444444444,0.571428571429,0.777777777778,0.604938271605,0.4375,0.471939903724,0.388888888889,94,85,9,0,94,0,85,0,9,23,88,0.173913043478,1.68507579377,7.65217391304,7.33333333333,5.5,3.63829000359,0.475458352741,0.249505928854,5.32278271304,1.39118184545,0.672924901186,3.27042079462,0.854769071322,0.442687747036,0.749191304359,0.444603920564,2.5,1.68507579377,0.749191304359,2.5,0.259446613992,0.18878248974,46,0.025974025974,0.333144633145,23,23,23,1,0,0.478260869565,0.217391304348,0.304347826087,23,0.156126482213,1.68422181683,6.86956521739,6.58333333333,5.26666666667,3.26558289139,0.475369661405,0.25701706109,4.78469232369,1.39301168918,0.680242157402,3.01249046708,0.877054186617,0.466703357182,0.748433971026,0.444379691289,2.5,1.68422181683,0.748433971026,2.5,0.230926649108,0.149741824441,29,0.0163749294184,0.28423731151,23,23,23,1,0,0.478260869565,0.173913043478,0.347826086957,23,84,0.166007905138,1.75657579136,7.30434782609,6.46153846154,5.6,3.37685683074,0.462307780399,0.248447204969,4.97821340399,1.36308224157,0.665631469979,3.19955530507,0.876068714483,0.458592132505,0.752366041255,0.428314021494,2.5,1.75657579136,0.752366041255,2.5,0.258608058608,0.18320610687,40,0.0225861095426,0.269092588323,23,23,23,1,0,0.434782608696,0.217391304348,0.347826086957,-4,-0.00790513833992,0.071499997587,-0.347826086957,-0.871794871795,0.1,-0.261433172843,-0.0131505723421,-0.00105872388481,-0.344569309055,-0.0280996038863,-0.00729343120647,-0.0708654895552,0.0212996431609,0.0159043854696,0.00317473689631,-0.0162898990707,0,0.071499997587,0.00317473689631,0,-0.00083855538401,-0.00557638286985,-6,-0.00338791643139,-0.0640520448213,-0.0434782608696,0,0.0434782608696,83,1,5,417,0.943181818182,0.997607655502,0.00239234449761,0.0568181818182,0.988095238095,0.943181818182,0.96511627907,0.958354216501,0.940789473684,0.932584269663,5,9,0,10,6,10
903,WLNM_dir_neg_kfold,0.820987654321,0.648622613297,00:00:01,10,90,1,18346,threshold_sweep,0.3,1,0.444444444444,0.615384615385,4,0,5,18,0.444444444444,1,0,0.555555555556,1,0.444444444444,0.615384615385,0.814814814815,0.617283950617,0.516129032258,0.58976782462,0.444444444444,94,85,9,0,94,0,85,0,9,23,88,0.173913043478,1.68507579377,7.65217391304,7.33333333333,5.5,3.63829000359,0.475458352741,0.249505928854,5.32278271304,1.39118184545,0.672924901186,3.27042079462,0.854769071322,0.442687747036,0.749191304359,0.444603920564,2.5,1.68507579377,0.749191304359,2.5,0.259446613992,0.18878248974,46,0.025974025974,0.333144633145,23,23,23,1,0,0.478260869565,0.217391304348,0.304347826087,23,0.156126482213,1.68422181683,6.86956521739,6.58333333333,5.26666666667,3.26558289139,0.475369661405,0.25701706109,4.78469232369,1.39301168918,0.680242157402,3.01249046708,0.877054186617,0.466703357182,0.748433971026,0.444379691289,2.5,1.68422181683,0.748433971026,2.5,0.230926649108,0.149741824441,29,0.0163749294184,0.28423731151,23,23,23,1,0,0.478260869565,0.173913043478,0.347826086957,23,83,0.164031620553,1.68363906625,7.21739130435,6.91666666667,5.53333333333,3.38387246884,0.4688497999,0.25091671032,5.00671485866,1.38740291264,0.674698795181,3.15852569801,0.875254109087,0.458878994238,0.748040199571,0.444299621319,2.5,1.68363906625,0.748040199571,2.5,0.2352541398,0.158878504673,34,0.0191981931112,0.30959629596,23,23,23,1,0,0.478260869565,0.173913043478,0.347826086957,-5,-0.0098814229249,-0.00143672752368,-0.434782608696,-0.416666666667,0.0333333333333,-0.254417534746,-0.00660855284186,0.00141078146578,-0.316067854387,-0.00377893281491,0.00177389399495,-0.111895096616,0.0204850377644,0.0161912472022,-0.00115110478776,-0.000304299245735,0,-0.00143672752368,-0.00115110478776,0,-0.0241924741925,-0.0299039850672,-12,-0.00677583286279,-0.0235483371847,0,-0.0434782608696,0.0434782608696,83,0,5,418,0.943181818182,1,0,0.0568181818182,1,0.943181818182,0.970760233918,0.965418612275,0.943181818182,0.943181818182,4,9,0,10,6,10
904,WLNM_dir_neg_kfold,0.820987654321,0.648622613297,00:00:01,10,90,1,18346,threshold_sweep,0.4,1,0.444444444444,0.615384615385,4,0,5,18,0.444444444444,1,0,0.555555555556,1,0.444444444444,0.615384615385,0.814814814815,0.617283950617,0.516129032258,0.58976782462,0.444444444444,94,85,9,0,94,0,85,0,9,23,88,0.173913043478,1.68507579377,7.65217391304,7.33333333333,5.5,3.63829000359,0.475458352741,0.249505928854,5.32278271304,1.39118184545,0.672924901186,3.27042079462,0.854769071322,0.442687747036,0.749191304359,0.444603920564,2.5,1.68507579377,0.749191304359,2.5,0.259446613992,0.18878248974,46,0.025974025974,0.333144633145,23,23,23,1,0,0.478260869565,0.217391304348,0.304347826087,23,0.156126482213,1.68422181683,6.86956521739,6.58333333333,5.26666666667,3.26558289139,0.475369661405,0.25701706109,4.78469232369,1.39301168918,0.680242157402,3.01249046708,0.877054186617,0.466703357182,0.748433971026,0.444379691289,2.5,1.68422181683,0.748433971026,2.5,0.230926649108,0.149741824441,29,0.0163749294184,0.28423731151,23,23,23,1,0,0.478260869565,0.173913043478,0.347826086957,23,83,0.164031620553,1.68363906625,7.21739130435,6.91666666667,5.53333333333,3.38387246884,0.4688497999,0.25091671032,5.00671485866,1.38740291264,0.674698795181,3.15852569801,0.875254109087,0.458878994238,0.748040199571,0.444299621319,2.5,1.68363906625,0.748040199571,2.5,0.2352541398,0.158878504673,34,0.0191981931112,0.30959629596,23,23,23,1,0,0.478260869565,0.173913043478,0.347826086957,-5,-0.0098814229249,-0.00143672752368,-0.434782608696,-0.416666666667,0.0333333333333,-0.254417534746,-0.00660855284186,0.00141078146578,-0.316067854387,-0.00377893281491,0.00177389399495,-0.111895096616,0.0204850377644,0.0161912472022,-0.00115110478776,-0.000304299245735,0,-0.00143672752368,-0.00115110478776,0,-0.0241924741925,-0.0299039850672,-12,-0.00677583286279,-0.0235483371847,0,-0.0434782608696,0.0434782608696,83,0,5,418,0.943181818182,1,0,0.0568181818182,1,0.943181818182,0.970760233918,0.965418612275,0.943181818182,0.943181818182,4,9,0,10,6,10
905,WLNM_dir_neg_kfold,0.820987654321,0.648622613297,00:00:01,10,90,1,18346,threshold_sweep,0.5,1,0.444444444444,0.615384615385,4,0,5,18,0.444444444444,1,0,0.555555555556,1,0.444444444444,0.615384615385,0.814814814815,0.617283950617,0.516129032258,0.58976782462,0.444444444444,94,85,9,0,94,0,85,0,9,23,88,0.173913043478,1.68507579377,7.65217391304,7.33333333333,5.5,3.63829000359,0.475458352741,0.249505928854,5.32278271304,1.39118184545,0.672924901186,3.27042079462,0.854769071322,0.442687747036,0.749191304359,0.444603920564,2.5,1.68507579377,0.749191304359,2.5,0.259446613992,0.18878248974,46,0.025974025974,0.333144633145,23,23,23,1,0,0.478260869565,0.217391304348,0.304347826087,23,0.156126482213,1.68422181683,6.86956521739,6.58333333333,5.26666666667,3.26558289139,0.475369661405,0.25701706109,4.78469232369,1.39301168918,0.680242157402,3.01249046708,0.877054186617,0.466703357182,0.748433971026,0.444379691289,2.5,1.68422181683,0.748433971026,2.5,0.230926649108,0.149741824441,29,0.0163749294184,0.28423731151,23,23,23,1,0,0.478260869565,0.173913043478,0.347826086957,23,83,0.164031620553,1.68363906625,7.21739130435,6.91666666667,5.53333333333,3.38387246884,0.4688497999,0.25091671032,5.00671485866,1.38740291264,0.674698795181,3.15852569801,0.875254109087,0.458878994238,0.748040199571,0.444299621319,2.5,1.68363906625,0.748040199571,2.5,0.2352541398,0.158878504673,34,0.0191981931112,0.30959629596,23,23,23,1,0,0.478260869565,0.173913043478,0.347826086957,-5,-0.0098814229249,-0.00143672752368,-0.434782608696,-0.416666666667,0.0333333333333,-0.254417534746,-0.00660855284186,0.00141078146578,-0.316067854387,-0.00377893281491,0.00177389399495,-0.111895096616,0.0204850377644,0.0161912472022,-0.00115110478776,-0.000304299245735,0,-0.00143672752368,-0.00115110478776,0,-0.0241924741925,-0.0299039850672,-12,-0.00677583286279,-0.0235483371847,0,-0.0434782608696,0.0434782608696,83,0,5,418,0.943181818182,1,0,0.0568181818182,1,0.943181818182,0.970760233918,0.965418612275,0.943181818182,0.943181818182,4,9,0,10,6,10
906,WLNM_dir_neg_kfold,0.820987654321,0.648622613297,00:00:01,10,90,1,18346,threshold_sweep,0.6,1,0.444444444444,0.615384615385,4,0,5,18,0.444444444444,1,0,0.555555555556,1,0.444444444444,0.615384615385,0.814814814815,0.617283950617,0.516129032258,0.58976782462,0.444444444444,94,85,9,0,94,0,85,0,9,23,88,0.173913043478,1.68507579377,7.65217391304,7.33333333333,5.5,3.63829000359,0.475458352741,0.249505928854,5.32278271304,1.39118184545,0.672924901186,3.27042079462,0.854769071322,0.442687747036,0.749191304359,0.444603920564,2.5,1.68507579377,0.749191304359,2.5,0.259446613992,0.18878248974,46,0.025974025974,0.333144633145,23,23,23,1,0,0.478260869565,0.217391304348,0.304347826087,23,0.156126482213,1.68422181683,6.86956521739,6.58333333333,5.26666666667,3.26558289139,0.475369661405,0.25701706109,4.78469232369,1.39301168918,0.680242157402,3.01249046708,0.877054186617,0.466703357182,0.748433971026,0.444379691289,2.5,1.68422181683,0.748433971026,2.5,0.230926649108,0.149741824441,29,0.0163749294184,0.28423731151,23,23,23,1,0,0.478260869565,0.173913043478,0.347826086957,23,83,0.164031620553,1.68363906625,7.21739130435,6.91666666667,5.53333333333,3.38387246884,0.4688497999,0.25091671032,5.00671485866,1.38740291264,0.674698795181,3.15852569801,0.875254109087,0.458878994238,0.748040199571,0.444299621319,2.5,1.68363906625,0.748040199571,2.5,0.2352541398,0.158878504673,34,0.0191981931112,0.30959629596,23,23,23,1,0,0.478260869565,0.173913043478,0.347826086957,-5,-0.0098814229249,-0.00143672752368,-0.434782608696,-0.416666666667,0.0333333333333,-0.254417534746,-0.00660855284186,0.00141078146578,-0.316067854387,-0.00377893281491,0.00177389399495,-0.111895096616,0.0204850377644,0.0161912472022,-0.00115110478776,-0.000304299245735,0,-0.00143672752368,-0.00115110478776,0,-0.0241924741925,-0.0299039850672,-12,-0.00677583286279,-0.0235483371847,0,-0.0434782608696,0.0434782608696,83,0,5,418,0.943181818182,1,0,0.0568181818182,1,0.943181818182,0.970760233918,0.965418612275,0.943181818182,0.943181818182,4,9,0,10,6,10
907,WLNM_dir_neg_kfold,0.820987654321,0.648622613297,00:00:01,10,90,1,18346,threshold_sweep,0.7,1,0.444444444444,0.615384615385,4,0,5,18,0.444444444444,1,0,0.555555555556,1,0.444444444444,0.615384615385,0.814814814815,0.617283950617,0.516129032258,0.58976782462,0.444444444444,94,85,9,0,94,0,85,0,9,23,88,0.173913043478,1.68507579377,7.65217391304,7.33333333333,5.5,3.63829000359,0.475458352741,0.249505928854,5.32278271304,1.39118184545,0.672924901186,3.27042079462,0.854769071322,0.442687747036,0.749191304359,0.444603920564,2.5,1.68507579377,0.749191304359,2.5,0.259446613992,0.18878248974,46,0.025974025974,0.333144633145,23,23,23,1,0,0.478260869565,0.217391304348,0.304347826087,23,0.156126482213,1.68422181683,6.86956521739,6.58333333333,5.26666666667,3.26558289139,0.475369661405,0.25701706109,4.78469232369,1.39301168918,0.680242157402,3.01249046708,0.877054186617,0.466703357182,0.748433971026,0.444379691289,2.5,1.68422181683,0.748433971026,2.5,0.230926649108,0.149741824441,29,0.0163749294184,0.28423731151,23,23,23,1,0,0.478260869565,0.173913043478,0.347826086957,23,83,0.164031620553,1.68363906625,7.21739130435,6.91666666667,5.53333333333,3.38387246884,0.4688497999,0.25091671032,5.00671485866,1.38740291264,0.674698795181,3.15852569801,0.875254109087,0.458878994238,0.748040199571,0.444299621319,2.5,1.68363906625,0.748040199571,2.5,0.2352541398,0.158878504673,34,0.0191981931112,0.30959629596,23,23,23,1,0,0.478260869565,0.173913043478,0.347826086957,-5,-0.0098814229249,-0.00143672752368,-0.434782608696,-0.416666666667,0.0333333333333,-0.254417534746,-0.00660855284186,0.00141078146578,-0.316067854387,-0.00377893281491,0.00177389399495,-0.111895096616,0.0204850377644,0.0161912472022,-0.00115110478776,-0.000304299245735,0,-0.00143672752368,-0.00115110478776,0,-0.0241924741925,-0.0299039850672,-12,-0.00677583286279,-0.0235483371847,0,-0.0434782608696,0.0434782608696,83,0,5,418,0.943181818182,1,0,0.0568181818182,1,0.943181818182,0.970760233918,0.965418612275,0.943181818182,0.943181818182,4,9,0,10,6,10
908,WLNM_dir_neg_kfold,0.820987654321,0.648622613297,00:00:01,10,90,1,18346,threshold_sweep,0.8,1,0.444444444444,0.615384615385,4,0,5,18,0.444444444444,1,0,0.555555555556,1,0.444444444444,0.615384615385,0.814814814815,0.617283950617,0.516129032258,0.58976782462,0.444444444444,94,85,9,0,94,0,85,0,9,23,88,0.173913043478,1.68507579377,7.65217391304,7.33333333333,5.5,3.63829000359,0.475458352741,0.249505928854,5.32278271304,1.39118184545,0.672924901186,3.27042079462,0.854769071322,0.442687747036,0.749191304359,0.444603920564,2.5,1.68507579377,0.749191304359,2.5,0.259446613992,0.18878248974,46,0.025974025974,0.333144633145,23,23,23,1,0,0.478260869565,0.217391304348,0.304347826087,23,0.156126482213,1.68422181683,6.86956521739,6.58333333333,5.26666666667,3.26558289139,0.475369661405,0.25701706109,4.78469232369,1.39301168918,0.680242157402,3.01249046708,0.877054186617,0.466703357182,0.748433971026,0.444379691289,2.5,1.68422181683,0.748433971026,2.5,0.230926649108,0.149741824441,29,0.0163749294184,0.28423731151,23,23,23,1,0,0.478260869565,0.173913043478,0.347826086957,23,83,0.164031620553,1.68363906625,7.21739130435,6.91666666667,5.53333333333,3.38387246884,0.4688497999,0.25091671032,5.00671485866,1.38740291264,0.674698795181,3.15852569801,0.875254109087,0.458878994238,0.748040199571,0.444299621319,2.5,1.68363906625,0.748040199571,2.5,0.2352541398,0.158878504673,34,0.0191981931112,0.30959629596,23,23,23,1,0,0.478260869565,0.173913043478,0.347826086957,-5,-0.0098814229249,-0.00143672752368,-0.434782608696,-0.416666666667,0.0333333333333,-0.254417534746,-0.00660855284186,0.00141078146578,-0.316067854387,-0.00377893281491,0.00177389399495,-0.111895096616,0.0204850377644,0.0161912472022,-0.00115110478776,-0.000304299245735,0,-0.00143672752368,-0.00115110478776,0,-0.0241924741925,-0.0299039850672,-12,-0.00677583286279,-0.0235483371847,0,-0.0434782608696,0.0434782608696,83,0,5,418,0.943181818182,1,0,0.0568181818182,1,0.943181818182,0.970760233918,0.965418612275,0.943181818182,0.943181818182,4,9,0,10,6,10
909,WLNM_dir_neg_kfold,0.820987654321,0.648622613297,00:00:01,10,90,1,18346,threshold_sweep,0.9,1,0.444444444444,0.615384615385,4,0,5,18,0.444444444444,1,0,0.555555555556,1,0.444444444444,0.615384615385,0.814814814815,0.617283950617,0.516129032258,0.58976782462,0.444444444444,94,85,9,0,94,0,85,0,9,23,88,0.173913043478,1.68507579377,7.65217391304,7.33333333333,5.5,3.63829000359,0.475458352741,0.249505928854,5.32278271304,1.39118184545,0.672924901186,3.27042079462,0.854769071322,0.442687747036,0.749191304359,0.444603920564,2.5,1.68507579377,0.749191304359,2.5,0.259446613992,0.18878248974,46,0.025974025974,0.333144633145,23,23,23,1,0,0.478260869565,0.217391304348,0.304347826087,23,0.156126482213,1.68422181683,6.86956521739,6.58333333333,5.26666666667,3.26558289139,0.475369661405,0.25701706109,4.78469232369,1.39301168918,0.680242157402,3.01249046708,0.877054186617,0.466703357182,0.748433971026,0.444379691289,2.5,1.68422181683,0.748433971026,2.5,0.230926649108,0.149741824441,29,0.0163749294184,0.28423731151,23,23,23,1,0,0.478260869565,0.173913043478,0.347826086957,23,83,0.164031620553,1.68363906625,7.21739130435,6.91666666667,5.53333333333,3.38387246884,0.4688497999,0.25091671032,5.00671485866,1.38740291264,0.674698795181,3.15852569801,0.875254109087,0.458878994238,0.748040199571,0.444299621319,2.5,1.68363906625,0.748040199571,2.5,0.2352541398,0.158878504673,34,0.0191981931112,0.30959629596,23,23,23,1,0,0.478260869565,0.173913043478,0.347826086957,-5,-0.0098814229249,-0.00143672752368,-0.434782608696,-0.416666666667,0.0333333333333,-0.254417534746,-0.00660855284186,0.00141078146578,-0.316067854387,-0.00377893281491,0.00177389399495,-0.111895096616,0.0204850377644,0.0161912472022,-0.00115110478776,-0.000304299245735,0,-0.00143672752368,-0.00115110478776,0,-0.0241924741925,-0.0299039850672,-12,-0.00677583286279,-0.0235483371847,0,-0.0434782608696,0.0434782608696,83,0,5,418,0.943181818182,1,0,0.0568181818182,1,0.943181818182,0.970760233918,0.965418612275,0.943181818182,0.943181818182,4,9,0,10,6,10
910,WLNM_dir_neg_kfold,0.827160493827,0.565388007055,00:00:01,10,90,2,18347,threshold_sweep,0.1,0.8,0.444444444444,0.571428571429,4,1,5,17,0.444444444444,0.944444444444,0.0555555555556,0.555555555556,0.8,0.444444444444,0.571428571429,0.777777777778,0.604938271605,0.4375,0.471939903724,0.388888888889,94,85,9,0,94,0,85,0,9,23,88,0.173913043478,1.68507579377,7.65217391304,7.33333333333,5.5,3.63829000359,0.475458352741,0.249505928854,5.32278271304,1.39118184545,0.672924901186,3.27042079462,0.854769071322,0.442687747036,0.749191304359,0.444603920564,2.5,1.68507579377,0.749191304359,2.5,0.259446613992,0.18878248974,46,0.025974025974,0.333144633145,23,23,23,1,0,0.478260869565,0.217391304348,0.304347826087,23,0.156126482213,1.68422181683,6.86956521739,6.58333333333,5.26666666667,3.26558289139,0.475369661405,0.25701706109,4.78469232369,1.39301168918,0.680242157402,3.01249046708,0.877054186617,0.466703357182,0.748433971026,0.444379691289,2.5,1.68422181683,0.748433971026,2.5,0.230926649108,0.149741824441,29,0.0163749294184,0.28423731151,23,23,23,1,0,0.478260869565,0.173913043478,0.347826086957,23,84,0.166007905138,1,7.30434782609,6.46153846154,5.6,3.37685683074,0.462307780399,0.248447204969,4.97821340399,1.36308224157,0.665631469979,3.19955530507,0.876068714483,0.458592132505,0,0,0,NaN,NaN,NaN,0.2352541398,0.158878504673,34,0.0191981931112,0.291183318106,23,23,0,1,2,0.434782608696,0.217391304348,0.347826086957,-4,-0.00790513833992,-0.685075793771,-0.347826086957,-0.871794871795,0.1,-0.261433172843,-0.0131505723421,-0.00105872388481,-0.344569309055,-0.0280996038863,-0.00729343120647,-0.0708654895552,0.0212996431609,0.0159043854696,-0.749191304359,-0.444603920564,-2.5,NaN,NaN,NaN,-0.0241924741925,-0.0299039850672,-12,-0.00677583286279,-0.0419613150382,-0.0434782608696,0,0.0434782608696,83,1,5,417,0.943181818182,0.997607655502,0.00239234449761,0.0568181818182,0.988095238095,0.943181818182,0.96511627907,0.958354216501,0.940789473684,0.932584269663,5,9,0,10,6,10
911,WLNM_dir_neg_kfold,0.827160493827,0.565388007055,00:00:01,10,90,2,18347,threshold_sweep,0.2,0.8,0.444444444444,0.571428571429,4,1,5,17,0.444444444444,0.944444444444,0.0555555555556,0.555555555556,0.8,0.444444444444,0.571428571429,0.777777777778,0.604938271605,0.4375,0.471939903724,0.388888888889,94,85,9,0,94,0,85,0,9,23,88,0.173913043478,1.68507579377,7.65217391304,7.33333333333,5.5,3.63829000359,0.475458352741,0.249505928854,5.32278271304,1.39118184545,0.672924901186,3.27042079462,0.854769071322,0.442687747036,0.749191304359,0.444603920564,2.5,1.68507579377,0.749191304359,2.5,0.259446613992,0.18878248974,46,0.025974025974,0.333144633145,23,23,23,1,0,0.478260869565,0.217391304348,0.304347826087,23,0.156126482213,1.68422181683,6.86956521739,6.58333333333,5.26666666667,3.26558289139,0.475369661405,0.25701706109,4.78469232369,1.39301168918,0.680242157402,3.01249046708,0.877054186617,0.466703357182,0.748433971026,0.444379691289,2.5,1.68422181683,0.748433971026,2.5,0.230926649108,0.149741824441,29,0.0163749294184,0.28423731151,23,23,23,1,0,0.478260869565,0.173913043478,0.347826086957,23,84,0.166007905138,1,7.30434782609,6.46153846154,5.6,3.37685683074,0.462307780399,0.248447204969,4.97821340399,1.36308224157,0.665631469979,3.19955530507,0.876068714483,0.458592132505,0,0,0,NaN,NaN,NaN,0.2352541398,0.158878504673,34,0.0191981931112,0.291183318106,23,23,0,1,2,0.434782608696,0.217391304348,0.347826086957,-4,-0.00790513833992,-0.685075793771,-0.347826086957,-0.871794871795,0.1,-0.261433172843,-0.0131505723421,-0.00105872388481,-0.344569309055,-0.0280996038863,-0.00729343120647,-0.0708654895552,0.0212996431609,0.0159043854696,-0.749191304359,-0.444603920564,-2.5,NaN,NaN,NaN,-0.0241924741925,-0.0299039850672,-12,-0.00677583286279,-0.0419613150382,-0.0434782608696,0,0.0434782608696,83,1,5,417,0.943181818182,0.997607655502,0.00239234449761,0.0568181818182,0.988095238095,0.943181818182,0.96511627907,0.958354216501,0.940789473684,0.932584269663,5,9,0,10,6,10
912,WLNM_dir_neg_kfold,0.827160493827,0.565388007055,00:00:01,10,90,2,18347,threshold_sweep,0.3,0.8,0.444444444444,0.571428571429,4,1,5,17,0.444444444444,0.944444444444,0.0555555555556,0.555555555556,0.8,0.444444444444,0.571428571429,0.777777777778,0.604938271605,0.4375,0.471939903724,0.388888888889,94,85,9,0,94,0,85,0,9,23,88,0.173913043478,1.68507579377,7.65217391304,7.33333333333,5.5,3.63829000359,0.475458352741,0.249505928854,5.32278271304,1.39118184545,0.672924901186,3.27042079462,0.854769071322,0.442687747036,0.749191304359,0.444603920564,2.5,1.68507579377,0.749191304359,2.5,0.259446613992,0.18878248974,46,0.025974025974,0.333144633145,23,23,23,1,0,0.478260869565,0.217391304348,0.304347826087,23,0.156126482213,1.68422181683,6.86956521739,6.58333333333,5.26666666667,3.26558289139,0.475369661405,0.25701706109,4.78469232369,1.39301168918,0.680242157402,3.01249046708,0.877054186617,0.466703357182,0.748433971026,0.444379691289,2.5,1.68422181683,0.748433971026,2.5,0.230926649108,0.149741824441,29,0.0163749294184,0.28423731151,23,23,23,1,0,0.478260869565,0.173913043478,0.347826086957,23,84,0.166007905138,1,7.30434782609,6.46153846154,5.6,3.37685683074,0.462307780399,0.248447204969,4.97821340399,1.36308224157,0.665631469979,3.19955530507,0.876068714483,0.458592132505,0,0,0,NaN,NaN,NaN,0.2352541398,0.158878504673,34,0.0191981931112,0.291183318106,23,23,0,1,2,0.434782608696,0.217391304348,0.347826086957,-4,-0.00790513833992,-0.685075793771,-0.347826086957,-0.871794871795,0.1,-0.261433172843,-0.0131505723421,-0.00105872388481,-0.344569309055,-0.0280996038863,-0.00729343120647,-0.0708654895552,0.0212996431609,0.0159043854696,-0.749191304359,-0.444603920564,-2.5,NaN,NaN,NaN,-0.0241924741925,-0.0299039850672,-12,-0.00677583286279,-0.0419613150382,-0.0434782608696,0,0.0434782608696,83,1,5,417,0.943181818182,0.997607655502,0.00239234449761,0.0568181818182,0.988095238095,0.943181818182,0.96511627907,0.958354216501,0.940789473684,0.932584269663,5,9,0,10,6,10
913,WLNM_dir_neg_kfold,0.827160493827,0.565388007055,00:00:01,10,90,2,18347,threshold_sweep,0.4,0.8,0.444444444444,0.571428571429,4,1,5,17,0.444444444444,0.944444444444,0.0555555555556,0.555555555556,0.8,0.444444444444,0.571428571429,0.777777777778,0.604938271605,0.4375,0.471939903724,0.388888888889,94,85,9,0,94,0,85,0,9,23,88,0.173913043478,1.68507579377,7.65217391304,7.33333333333,5.5,3.63829000359,0.475458352741,0.249505928854,5.32278271304,1.39118184545,0.672924901186,3.27042079462,0.854769071322,0.442687747036,0.749191304359,0.444603920564,2.5,1.68507579377,0.749191304359,2.5,0.259446613992,0.18878248974,46,0.025974025974,0.333144633145,23,23,23,1,0,0.478260869565,0.217391304348,0.304347826087,23,0.156126482213,1.68422181683,6.86956521739,6.58333333333,5.26666666667,3.26558289139,0.475369661405,0.25701706109,4.78469232369,1.39301168918,0.680242157402,3.01249046708,0.877054186617,0.466703357182,0.748433971026,0.444379691289,2.5,1.68422181683,0.748433971026,2.5,0.230926649108,0.149741824441,29,0.0163749294184,0.28423731151,23,23,23,1,0,0.478260869565,0.173913043478,0.347826086957,23,84,0.166007905138,1,7.30434782609,6.46153846154,5.6,3.37685683074,0.462307780399,0.248447204969,4.97821340399,1.36308224157,0.665631469979,3.19955530507,0.876068714483,0.458592132505,0,0,0,NaN,NaN,NaN,0.2352541398,0.158878504673,34,0.0191981931112,0.291183318106,23,23,0,1,2,0.434782608696,0.217391304348,0.347826086957,-4,-0.00790513833992,-0.685075793771,-0.347826086957,-0.871794871795,0.1,-0.261433172843,-0.0131505723421,-0.00105872388481,-0.344569309055,-0.0280996038863,-0.00729343120647,-0.0708654895552,0.0212996431609,0.0159043854696,-0.749191304359,-0.444603920564,-2.5,NaN,NaN,NaN,-0.0241924741925,-0.0299039850672,-12,-0.00677583286279,-0.0419613150382,-0.0434782608696,0,0.0434782608696,83,1,5,417,0.943181818182,0.997607655502,0.00239234449761,0.0568181818182,0.988095238095,0.943181818182,0.96511627907,0.958354216501,0.940789473684,0.932584269663,5,9,0,10,6,10
914,WLNM_dir_neg_kfold,0.827160493827,0.565388007055,00:00:01,10,90,2,18347,threshold_sweep,0.5,0.8,0.444444444444,0.571428571429,4,1,5,17,0.444444444444,0.944444444444,0.0555555555556,0.555555555556,0.8,0.444444444444,0.571428571429,0.777777777778,0.604938271605,0.4375,0.471939903724,0.388888888889,94,85,9,0,94,0,85,0,9,23,88,0.173913043478,1.68507579377,7.65217391304,7.33333333333,5.5,3.63829000359,0.475458352741,0.249505928854,5.32278271304,1.39118184545,0.672924901186,3.27042079462,0.854769071322,0.442687747036,0.749191304359,0.444603920564,2.5,1.68507579377,0.749191304359,2.5,0.259446613992,0.18878248974,46,0.025974025974,0.333144633145,23,23,23,1,0,0.478260869565,0.217391304348,0.304347826087,23,0.156126482213,1.68422181683,6.86956521739,6.58333333333,5.26666666667,3.26558289139,0.475369661405,0.25701706109,4.78469232369,1.39301168918,0.680242157402,3.01249046708,0.877054186617,0.466703357182,0.748433971026,0.444379691289,2.5,1.68422181683,0.748433971026,2.5,0.230926649108,0.149741824441,29,0.0163749294184,0.28423731151,23,23,23,1,0,0.478260869565,0.173913043478,0.347826086957,23,84,0.166007905138,1,7.30434782609,6.46153846154,5.6,3.37685683074,0.462307780399,0.248447204969,4.97821340399,1.36308224157,0.665631469979,3.19955530507,0.876068714483,0.458592132505,0,0,0,NaN,NaN,NaN,0.2352541398,0.158878504673,34,0.0191981931112,0.291183318106,23,23,0,1,2,0.434782608696,0.217391304348,0.347826086957,-4,-0.00790513833992,-0.685075793771,-0.347826086957,-0.871794871795,0.1,-0.261433172843,-0.0131505723421,-0.00105872388481,-0.344569309055,-0.0280996038863,-0.00729343120647,-0.0708654895552,0.0212996431609,0.0159043854696,-0.749191304359,-0.444603920564,-2.5,NaN,NaN,NaN,-0.0241924741925,-0.0299039850672,-12,-0.00677583286279,-0.0419613150382,-0.0434782608696,0,0.0434782608696,83,1,5,417,0.943181818182,0.997607655502,0.00239234449761,0.0568181818182,0.988095238095,0.943181818182,0.96511627907,0.958354216501,0.940789473684,0.932584269663,5,9,0,10,6,10
915,WLNM_dir_neg_kfold,0.827160493827,0.565388007055,00:00:01,10,90,2,18347,threshold_sweep,0.6,0.8,0.444444444444,0.571428571429,4,1,5,17,0.444444444444,0.944444444444,0.0555555555556,0.555555555556,0.8,0.444444444444,0.571428571429,0.777777777778,0.604938271605,0.4375,0.471939903724,0.388888888889,94,85,9,0,94,0,85,0,9,23,88,0.173913043478,1.68507579377,7.65217391304,7.33333333333,5.5,3.63829000359,0.475458352741,0.249505928854,5.32278271304,1.39118184545,0.672924901186,3.27042079462,0.854769071322,0.442687747036,0.749191304359,0.444603920564,2.5,1.68507579377,0.749191304359,2.5,0.259446613992,0.18878248974,46,0.025974025974,0.333144633145,23,23,23,1,0,0.478260869565,0.217391304348,0.304347826087,23,0.156126482213,1.68422181683,6.86956521739,6.58333333333,5.26666666667,3.26558289139,0.475369661405,0.25701706109,4.78469232369,1.39301168918,0.680242157402,3.01249046708,0.877054186617,0.466703357182,0.748433971026,0.444379691289,2.5,1.68422181683,0.748433971026,2.5,0.230926649108,0.149741824441,29,0.0163749294184,0.28423731151,23,23,23,1,0,0.478260869565,0.173913043478,0.347826086957,23,84,0.166007905138,1,7.30434782609,6.46153846154,5.6,3.37685683074,0.462307780399,0.248447204969,4.97821340399,1.36308224157,0.665631469979,3.19955530507,0.876068714483,0.458592132505,0,0,0,NaN,NaN,NaN,0.2352541398,0.158878504673,34,0.0191981931112,0.291183318106,23,23,0,1,2,0.434782608696,0.217391304348,0.347826086957,-4,-0.00790513833992,-0.685075793771,-0.347826086957,-0.871794871795,0.1,-0.261433172843,-0.0131505723421,-0.00105872388481,-0.344569309055,-0.0280996038863,-0.00729343120647,-0.0708654895552,0.0212996431609,0.0159043854696,-0.749191304359,-0.444603920564,-2.5,NaN,NaN,NaN,-0.0241924741925,-0.0299039850672,-12,-0.00677583286279,-0.0419613150382,-0.0434782608696,0,0.0434782608696,83,1,5,417,0.943181818182,0.997607655502,0.00239234449761,0.0568181818182,0.988095238095,0.943181818182,0.96511627907,0.958354216501,0.940789473684,0.932584269663,5,9,0,10,6,10
916,WLNM_dir_neg_kfold,0.827160493827,0.565388007055,00:00:01,10,90,2,18347,threshold_sweep,0.7,0.8,0.444444444444,0.571428571429,4,1,5,17,0.444444444444,0.944444444444,0.0555555555556,0.555555555556,0.8,0.444444444444,0.571428571429,0.777777777778,0.604938271605,0.4375,0.471939903724,0.388888888889,94,85,9,0,94,0,85,0,9,23,88,0.173913043478,1.68507579377,7.65217391304,7.33333333333,5.5,3.63829000359,0.475458352741,0.249505928854,5.32278271304,1.39118184545,0.672924901186,3.27042079462,0.854769071322,0.442687747036,0.749191304359,0.444603920564,2.5,1.68507579377,0.749191304359,2.5,0.259446613992,0.18878248974,46,0.025974025974,0.333144633145,23,23,23,1,0,0.478260869565,0.217391304348,0.304347826087,23,0.156126482213,1.68422181683,6.86956521739,6.58333333333,5.26666666667,3.26558289139,0.475369661405,0.25701706109,4.78469232369,1.39301168918,0.680242157402,3.01249046708,0.877054186617,0.466703357182,0.748433971026,0.444379691289,2.5,1.68422181683,0.748433971026,2.5,0.230926649108,0.149741824441,29,0.0163749294184,0.28423731151,23,23,23,1,0,0.478260869565,0.173913043478,0.347826086957,23,84,0.166007905138,1,7.30434782609,6.46153846154,5.6,3.37685683074,0.462307780399,0.248447204969,4.97821340399,1.36308224157,0.665631469979,3.19955530507,0.876068714483,0.458592132505,0,0,0,NaN,NaN,NaN,0.2352541398,0.158878504673,34,0.0191981931112,0.291183318106,23,23,0,1,2,0.434782608696,0.217391304348,0.347826086957,-4,-0.00790513833992,-0.685075793771,-0.347826086957,-0.871794871795,0.1,-0.261433172843,-0.0131505723421,-0.00105872388481,-0.344569309055,-0.0280996038863,-0.00729343120647,-0.0708654895552,0.0212996431609,0.0159043854696,-0.749191304359,-0.444603920564,-2.5,NaN,NaN,NaN,-0.0241924741925,-0.0299039850672,-12,-0.00677583286279,-0.0419613150382,-0.0434782608696,0,0.0434782608696,83,1,5,417,0.943181818182,0.997607655502,0.00239234449761,0.0568181818182,0.988095238095,0.943181818182,0.96511627907,0.958354216501,0.940789473684,0.932584269663,5,9,0,10,6,10
917,WLNM_dir_neg_kfold,0.827160493827,0.565388007055,00:00:01,10,90,2,18347,threshold_sweep,0.8,0.8,0.444444444444,0.571428571429,4,1,5,17,0.444444444444,0.944444444444,0.0555555555556,0.555555555556,0.8,0.444444444444,0.571428571429,0.777777777778,0.604938271605,0.4375,0.471939903724,0.388888888889,94,85,9,0,94,0,85,0,9,23,88,0.173913043478,1.68507579377,7.65217391304,7.33333333333,5.5,3.63829000359,0.475458352741,0.249505928854,5.32278271304,1.39118184545,0.672924901186,3.27042079462,0.854769071322,0.442687747036,0.749191304359,0.444603920564,2.5,1.68507579377,0.749191304359,2.5,0.259446613992,0.18878248974,46,0.025974025974,0.333144633145,23,23,23,1,0,0.478260869565,0.217391304348,0.304347826087,23,0.156126482213,1.68422181683,6.86956521739,6.58333333333,5.26666666667,3.26558289139,0.475369661405,0.25701706109,4.78469232369,1.39301168918,0.680242157402,3.01249046708,0.877054186617,0.466703357182,0.748433971026,0.444379691289,2.5,1.68422181683,0.748433971026,2.5,0.230926649108,0.149741824441,29,0.0163749294184,0.28423731151,23,23,23,1,0,0.478260869565,0.173913043478,0.347826086957,23,84,0.166007905138,1,7.30434782609,6.46153846154,5.6,3.37685683074,0.462307780399,0.248447204969,4.97821340399,1.36308224157,0.665631469979,3.19955530507,0.876068714483,0.458592132505,0,0,0,NaN,NaN,NaN,0.2352541398,0.158878504673,34,0.0191981931112,0.291183318106,23,23,0,1,2,0.434782608696,0.217391304348,0.347826086957,-4,-0.00790513833992,-0.685075793771,-0.347826086957,-0.871794871795,0.1,-0.261433172843,-0.0131505723421,-0.00105872388481,-0.344569309055,-0.0280996038863,-0.00729343120647,-0.0708654895552,0.0212996431609,0.0159043854696,-0.749191304359,-0.444603920564,-2.5,NaN,NaN,NaN,-0.0241924741925,-0.0299039850672,-12,-0.00677583286279,-0.0419613150382,-0.0434782608696,0,0.0434782608696,83,1,5,417,0.943181818182,0.997607655502,0.00239234449761,0.0568181818182,0.988095238095,0.943181818182,0.96511627907,0.958354216501,0.940789473684,0.932584269663,5,9,0,10,6,10
918,WLNM_dir_neg_kfold,0.827160493827,0.565388007055,00:00:01,10,90,2,18347,threshold_sweep,0.9,0.8,0.444444444444,0.571428571429,4,1,5,17,0.444444444444,0.944444444444,0.0555555555556,0.555555555556,0.8,0.444444444444,0.571428571429,0.777777777778,0.604938271605,0.4375,0.471939903724,0.388888888889,94,85,9,0,94,0,85,0,9,23,88,0.173913043478,1.68507579377,7.65217391304,7.33333333333,5.5,3.63829000359,0.475458352741,0.249505928854,5.32278271304,1.39118184545,0.672924901186,3.27042079462,0.854769071322,0.442687747036,0.749191304359,0.444603920564,2.5,1.68507579377,0.749191304359,2.5,0.259446613992,0.18878248974,46,0.025974025974,0.333144633145,23,23,23,1,0,0.478260869565,0.217391304348,0.304347826087,23,0.156126482213,1.68422181683,6.86956521739,6.58333333333,5.26666666667,3.26558289139,0.475369661405,0.25701706109,4.78469232369,1.39301168918,0.680242157402,3.01249046708,0.877054186617,0.466703357182,0.748433971026,0.444379691289,2.5,1.68422181683,0.748433971026,2.5,0.230926649108,0.149741824441,29,0.0163749294184,0.28423731151,23,23,23,1,0,0.478260869565,0.173913043478,0.347826086957,23,84,0.166007905138,1,7.30434782609,6.46153846154,5.6,3.37685683074,0.462307780399,0.248447204969,4.97821340399,1.36308224157,0.665631469979,3.19955530507,0.876068714483,0.458592132505,0,0,0,NaN,NaN,NaN,0.2352541398,0.158878504673,34,0.0191981931112,0.291183318106,23,23,0,1,2,0.434782608696,0.217391304348,0.347826086957,-4,-0.00790513833992,-0.685075793771,-0.347826086957,-0.871794871795,0.1,-0.261433172843,-0.0131505723421,-0.00105872388481,-0.344569309055,-0.0280996038863,-0.00729343120647,-0.0708654895552,0.0212996431609,0.0159043854696,-0.749191304359,-0.444603920564,-2.5,NaN,NaN,NaN,-0.0241924741925,-0.0299039850672,-12,-0.00677583286279,-0.0419613150382,-0.0434782608696,0,0.0434782608696,83,1,5,417,0.943181818182,0.997607655502,0.00239234449761,0.0568181818182,0.988095238095,0.943181818182,0.96511627907,0.958354216501,0.940789473684,0.932584269663,5,9,0,10,6,10
919,WLNM_dir_neg_kfold,0.91975308642,0.625539275539,00:00:01,10,90,3,18348,threshold_sweep,0.1,0.8,0.444444444444,0.571428571429,4,1,5,17,0.444444444444,0.944444444444,0.0555555555556,0.555555555556,0.8,0.444444444444,0.571428571429,0.777777777778,0.604938271605,0.4375,0.471939903724,0.388888888889,94,85,9,0,94,0,85,0,9,23,88,0.173913043478,1.68507579377,7.65217391304,7.33333333333,5.5,3.63829000359,0.475458352741,0.249505928854,5.32278271304,1.39118184545,0.672924901186,3.27042079462,0.854769071322,0.442687747036,0.749191304359,0.444603920564,2.5,1.68507579377,0.749191304359,2.5,0.259446613992,0.18878248974,46,0.025974025974,0.333144633145,23,23,23,1,0,0.478260869565,0.217391304348,0.304347826087,23,0.156126482213,1.68422181683,6.86956521739,6.58333333333,5.26666666667,3.26558289139,0.475369661405,0.25701706109,4.78469232369,1.39301168918,0.680242157402,3.01249046708,0.877054186617,0.466703357182,0.748433971026,0.444379691289,2.5,1.68422181683,0.748433971026,2.5,0.230926649108,0.149741824441,29,0.0163749294184,0.28423731151,23,23,23,1,0,0.478260869565,0.173913043478,0.347826086957,23,84,0.166007905138,2.36530305996,7.30434782609,6.46153846154,5.25,3.45667710392,0.473235555894,0.252070393375,4.97821340399,1.36308224157,0.665631469979,3.11314946714,0.852409973145,0.449275362319,1.5832585902,0.669368173998,4.85877862595,2.36530305996,1.5832585902,4.85877862595,0.2352541398,0.158878504673,34,0.0191981931112,0.261966096581,23,23,23,1,0,0.434782608696,0.260869565217,0.304347826087,-4,-0.00790513833992,0.680227266188,-0.347826086957,-0.871794871795,-0.25,-0.181612899663,-0.0022227968471,0.00256446452099,-0.344569309055,-0.0280996038863,-0.00729343120647,-0.157271327486,-0.00235909817735,0.00658761528327,0.834067285837,0.224764253433,2.35877862595,0.680227266188,0.834067285837,2.35877862595,-0.0241924741925,-0.0299039850672,-12,-0.00677583286279,-0.0711785365632,-0.0434782608696,0.0434782608696,0,83,1,5,417,0.943181818182,0.997607655502,0.00239234449761,0.0568181818182,0.988095238095,0.943181818182,0.96511627907,0.958354216501,0.940789473684,0.932584269663,5,9,0,10,6,10
920,WLNM_dir_neg_kfold,0.91975308642,0.625539275539,00:00:01,10,90,3,18348,threshold_sweep,0.2,0.8,0.444444444444,0.571428571429,4,1,5,17,0.444444444444,0.944444444444,0.0555555555556,0.555555555556,0.8,0.444444444444,0.571428571429,0.777777777778,0.604938271605,0.4375,0.471939903724,0.388888888889,94,85,9,0,94,0,85,0,9,23,88,0.173913043478,1.68507579377,7.65217391304,7.33333333333,5.5,3.63829000359,0.475458352741,0.249505928854,5.32278271304,1.39118184545,0.672924901186,3.27042079462,0.854769071322,0.442687747036,0.749191304359,0.444603920564,2.5,1.68507579377,0.749191304359,2.5,0.259446613992,0.18878248974,46,0.025974025974,0.333144633145,23,23,23,1,0,0.478260869565,0.217391304348,0.304347826087,23,0.156126482213,1.68422181683,6.86956521739,6.58333333333,5.26666666667,3.26558289139,0.475369661405,0.25701706109,4.78469232369,1.39301168918,0.680242157402,3.01249046708,0.877054186617,0.466703357182,0.748433971026,0.444379691289,2.5,1.68422181683,0.748433971026,2.5,0.230926649108,0.149741824441,29,0.0163749294184,0.28423731151,23,23,23,1,0,0.478260869565,0.173913043478,0.347826086957,23,84,0.166007905138,2.36530305996,7.30434782609,6.46153846154,5.25,3.45667710392,0.473235555894,0.252070393375,4.97821340399,1.36308224157,0.665631469979,3.11314946714,0.852409973145,0.449275362319,1.5832585902,0.669368173998,4.85877862595,2.36530305996,1.5832585902,4.85877862595,0.2352541398,0.158878504673,34,0.0191981931112,0.261966096581,23,23,23,1,0,0.434782608696,0.260869565217,0.304347826087,-4,-0.00790513833992,0.680227266188,-0.347826086957,-0.871794871795,-0.25,-0.181612899663,-0.0022227968471,0.00256446452099,-0.344569309055,-0.0280996038863,-0.00729343120647,-0.157271327486,-0.00235909817735,0.00658761528327,0.834067285837,0.224764253433,2.35877862595,0.680227266188,0.834067285837,2.35877862595,-0.0241924741925,-0.0299039850672,-12,-0.00677583286279,-0.0711785365632,-0.0434782608696,0.0434782608696,0,83,1,5,417,0.943181818182,0.997607655502,0.00239234449761,0.0568181818182,0.988095238095,0.943181818182,0.96511627907,0.958354216501,0.940789473684,0.932584269663,5,9,0,10,6,10
921,WLNM_dir_neg_kfold,0.91975308642,0.625539275539,00:00:01,10,90,3,18348,threshold_sweep,0.3,0.8,0.444444444444,0.571428571429,4,1,5,17,0.444444444444,0.944444444444,0.0555555555556,0.555555555556,0.8,0.444444444444,0.571428571429,0.777777777778,0.604938271605,0.4375,0.471939903724,0.388888888889,94,85,9,0,94,0,85,0,9,23,88,0.173913043478,1.68507579377,7.65217391304,7.33333333333,5.5,3.63829000359,0.475458352741,0.249505928854,5.32278271304,1.39118184545,0.672924901186,3.27042079462,0.854769071322,0.442687747036,0.749191304359,0.444603920564,2.5,1.68507579377,0.749191304359,2.5,0.259446613992,0.18878248974,46,0.025974025974,0.333144633145,23,23,23,1,0,0.478260869565,0.217391304348,0.304347826087,23,0.156126482213,1.68422181683,6.86956521739,6.58333333333,5.26666666667,3.26558289139,0.475369661405,0.25701706109,4.78469232369,1.39301168918,0.680242157402,3.01249046708,0.877054186617,0.466703357182,0.748433971026,0.444379691289,2.5,1.68422181683,0.748433971026,2.5,0.230926649108,0.149741824441,29,0.0163749294184,0.28423731151,23,23,23,1,0,0.478260869565,0.173913043478,0.347826086957,23,84,0.166007905138,2.36530305996,7.30434782609,6.46153846154,5.25,3.45667710392,0.473235555894,0.252070393375,4.97821340399,1.36308224157,0.665631469979,3.11314946714,0.852409973145,0.449275362319,1.5832585902,0.669368173998,4.85877862595,2.36530305996,1.5832585902,4.85877862595,0.2352541398,0.158878504673,34,0.0191981931112,0.261966096581,23,23,23,1,0,0.434782608696,0.260869565217,0.304347826087,-4,-0.00790513833992,0.680227266188,-0.347826086957,-0.871794871795,-0.25,-0.181612899663,-0.0022227968471,0.00256446452099,-0.344569309055,-0.0280996038863,-0.00729343120647,-0.157271327486,-0.00235909817735,0.00658761528327,0.834067285837,0.224764253433,2.35877862595,0.680227266188,0.834067285837,2.35877862595,-0.0241924741925,-0.0299039850672,-12,-0.00677583286279,-0.0711785365632,-0.0434782608696,0.0434782608696,0,83,1,5,417,0.943181818182,0.997607655502,0.00239234449761,0.0568181818182,0.988095238095,0.943181818182,0.96511627907,0.958354216501,0.940789473684,0.932584269663,5,9,0,10,6,10
922,WLNM_dir_neg_kfold,0.91975308642,0.625539275539,00:00:01,10,90,3,18348,threshold_sweep,0.4,1,0.444444444444,0.615384615385,4,0,5,18,0.444444444444,1,0,0.555555555556,1,0.444444444444,0.615384615385,0.814814814815,0.617283950617,0.516129032258,0.58976782462,0.444444444444,94,85,9,0,94,0,85,0,9,23,88,0.173913043478,1.68507579377,7.65217391304,7.33333333333,5.5,3.63829000359,0.475458352741,0.249505928854,5.32278271304,1.39118184545,0.672924901186,3.27042079462,0.854769071322,0.442687747036,0.749191304359,0.444603920564,2.5,1.68507579377,0.749191304359,2.5,0.259446613992,0.18878248974,46,0.025974025974,0.333144633145,23,23,23,1,0,0.478260869565,0.217391304348,0.304347826087,23,0.156126482213,1.68422181683,6.86956521739,6.58333333333,5.26666666667,3.26558289139,0.475369661405,0.25701706109,4.78469232369,1.39301168918,0.680242157402,3.01249046708,0.877054186617,0.466703357182,0.748433971026,0.444379691289,2.5,1.68422181683,0.748433971026,2.5,0.230926649108,0.149741824441,29,0.0163749294184,0.28423731151,23,23,23,1,0,0.478260869565,0.173913043478,0.347826086957,23,83,0.164031620553,1.68363906625,7.21739130435,6.91666666667,5.53333333333,3.38387246884,0.4688497999,0.25091671032,5.00671485866,1.38740291264,0.674698795181,3.15852569801,0.875254109087,0.458878994238,0.748040199571,0.444299621319,2.5,1.68363906625,0.748040199571,2.5,0.2352541398,0.158878504673,34,0.0191981931112,0.30959629596,23,23,23,1,0,0.478260869565,0.173913043478,0.347826086957,-5,-0.0098814229249,-0.00143672752368,-0.434782608696,-0.416666666667,0.0333333333333,-0.254417534746,-0.00660855284186,0.00141078146578,-0.316067854387,-0.00377893281491,0.00177389399495,-0.111895096616,0.0204850377644,0.0161912472022,-0.00115110478776,-0.000304299245735,0,-0.00143672752368,-0.00115110478776,0,-0.0241924741925,-0.0299039850672,-12,-0.00677583286279,-0.0235483371847,0,-0.0434782608696,0.0434782608696,83,0,5,418,0.943181818182,1,0,0.0568181818182,1,0.943181818182,0.970760233918,0.965418612275,0.943181818182,0.943181818182,4,9,0,10,6,10
923,WLNM_dir_neg_kfold,0.91975308642,0.625539275539,00:00:01,10,90,3,18348,threshold_sweep,0.5,1,0.444444444444,0.615384615385,4,0,5,18,0.444444444444,1,0,0.555555555556,1,0.444444444444,0.615384615385,0.814814814815,0.617283950617,0.516129032258,0.58976782462,0.444444444444,94,85,9,0,94,0,85,0,9,23,88,0.173913043478,1.68507579377,7.65217391304,7.33333333333,5.5,3.63829000359,0.475458352741,0.249505928854,5.32278271304,1.39118184545,0.672924901186,3.27042079462,0.854769071322,0.442687747036,0.749191304359,0.444603920564,2.5,1.68507579377,0.749191304359,2.5,0.259446613992,0.18878248974,46,0.025974025974,0.333144633145,23,23,23,1,0,0.478260869565,0.217391304348,0.304347826087,23,0.156126482213,1.68422181683,6.86956521739,6.58333333333,5.26666666667,3.26558289139,0.475369661405,0.25701706109,4.78469232369,1.39301168918,0.680242157402,3.01249046708,0.877054186617,0.466703357182,0.748433971026,0.444379691289,2.5,1.68422181683,0.748433971026,2.5,0.230926649108,0.149741824441,29,0.0163749294184,0.28423731151,23,23,23,1,0,0.478260869565,0.173913043478,0.347826086957,23,83,0.164031620553,1.68363906625,7.21739130435,6.91666666667,5.53333333333,3.38387246884,0.4688497999,0.25091671032,5.00671485866,1.38740291264,0.674698795181,3.15852569801,0.875254109087,0.458878994238,0.748040199571,0.444299621319,2.5,1.68363906625,0.748040199571,2.5,0.2352541398,0.158878504673,34,0.0191981931112,0.30959629596,23,23,23,1,0,0.478260869565,0.173913043478,0.347826086957,-5,-0.0098814229249,-0.00143672752368,-0.434782608696,-0.416666666667,0.0333333333333,-0.254417534746,-0.00660855284186,0.00141078146578,-0.316067854387,-0.00377893281491,0.00177389399495,-0.111895096616,0.0204850377644,0.0161912472022,-0.00115110478776,-0.000304299245735,0,-0.00143672752368,-0.00115110478776,0,-0.0241924741925,-0.0299039850672,-12,-0.00677583286279,-0.0235483371847,0,-0.0434782608696,0.0434782608696,83,0,5,418,0.943181818182,1,0,0.0568181818182,1,0.943181818182,0.970760233918,0.965418612275,0.943181818182,0.943181818182,4,9,0,10,6,10
924,WLNM_dir_neg_kfold,0.91975308642,0.625539275539,00:00:01,10,90,3,18348,threshold_sweep,0.6,1,0.444444444444,0.615384615385,4,0,5,18,0.444444444444,1,0,0.555555555556,1,0.444444444444,0.615384615385,0.814814814815,0.617283950617,0.516129032258,0.58976782462,0.444444444444,94,85,9,0,94,0,85,0,9,23,88,0.173913043478,1.68507579377,7.65217391304,7.33333333333,5.5,3.63829000359,0.475458352741,0.249505928854,5.32278271304,1.39118184545,0.672924901186,3.27042079462,0.854769071322,0.442687747036,0.749191304359,0.444603920564,2.5,1.68507579377,0.749191304359,2.5,0.259446613992,0.18878248974,46,0.025974025974,0.333144633145,23,23,23,1,0,0.478260869565,0.217391304348,0.304347826087,23,0.156126482213,1.68422181683,6.86956521739,6.58333333333,5.26666666667,3.26558289139,0.475369661405,0.25701706109,4.78469232369,1.39301168918,0.680242157402,3.01249046708,0.877054186617,0.466703357182,0.748433971026,0.444379691289,2.5,1.68422181683,0.748433971026,2.5,0.230926649108,0.149741824441,29,0.0163749294184,0.28423731151,23,23,23,1,0,0.478260869565,0.173913043478,0.347826086957,23,83,0.164031620553,1.68363906625,7.21739130435,6.91666666667,5.53333333333,3.38387246884,0.4688497999,0.25091671032,5.00671485866,1.38740291264,0.674698795181,3.15852569801,0.875254109087,0.458878994238,0.748040199571,0.444299621319,2.5,1.68363906625,0.748040199571,2.5,0.2352541398,0.158878504673,34,0.0191981931112,0.30959629596,23,23,23,1,0,0.478260869565,0.173913043478,0.347826086957,-5,-0.0098814229249,-0.00143672752368,-0.434782608696,-0.416666666667,0.0333333333333,-0.254417534746,-0.00660855284186,0.00141078146578,-0.316067854387,-0.00377893281491,0.00177389399495,-0.111895096616,0.0204850377644,0.0161912472022,-0.00115110478776,-0.000304299245735,0,-0.00143672752368,-0.00115110478776,0,-0.0241924741925,-0.0299039850672,-12,-0.00677583286279,-0.0235483371847,0,-0.0434782608696,0.0434782608696,83,0,5,418,0.943181818182,1,0,0.0568181818182,1,0.943181818182,0.970760233918,0.965418612275,0.943181818182,0.943181818182,4,9,0,10,6,10
925,WLNM_dir_neg_kfold,0.91975308642,0.625539275539,00:00:01,10,90,3,18348,threshold_sweep,0.7,1,0.444444444444,0.615384615385,4,0,5,18,0.444444444444,1,0,0.555555555556,1,0.444444444444,0.615384615385,0.814814814815,0.617283950617,0.516129032258,0.58976782462,0.444444444444,94,85,9,0,94,0,85,0,9,23,88,0.173913043478,1.68507579377,7.65217391304,7.33333333333,5.5,3.63829000359,0.475458352741,0.249505928854,5.32278271304,1.39118184545,0.672924901186,3.27042079462,0.854769071322,0.442687747036,0.749191304359,0.444603920564,2.5,1.68507579377,0.749191304359,2.5,0.259446613992,0.18878248974,46,0.025974025974,0.333144633145,23,23,23,1,0,0.478260869565,0.217391304348,0.304347826087,23,0.156126482213,1.68422181683,6.86956521739,6.58333333333,5.26666666667,3.26558289139,0.475369661405,0.25701706109,4.78469232369,1.39301168918,0.680242157402,3.01249046708,0.877054186617,0.466703357182,0.748433971026,0.444379691289,2.5,1.68422181683,0.748433971026,2.5,0.230926649108,0.149741824441,29,0.0163749294184,0.28423731151,23,23,23,1,0,0.478260869565,0.173913043478,0.347826086957,23,83,0.164031620553,1.68363906625,7.21739130435,6.91666666667,5.53333333333,3.38387246884,0.4688497999,0.25091671032,5.00671485866,1.38740291264,0.674698795181,3.15852569801,0.875254109087,0.458878994238,0.748040199571,0.444299621319,2.5,1.68363906625,0.748040199571,2.5,0.2352541398,0.158878504673,34,0.0191981931112,0.30959629596,23,23,23,1,0,0.478260869565,0.173913043478,0.347826086957,-5,-0.0098814229249,-0.00143672752368,-0.434782608696,-0.416666666667,0.0333333333333,-0.254417534746,-0.00660855284186,0.00141078146578,-0.316067854387,-0.00377893281491,0.00177389399495,-0.111895096616,0.0204850377644,0.0161912472022,-0.00115110478776,-0.000304299245735,0,-0.00143672752368,-0.00115110478776,0,-0.0241924741925,-0.0299039850672,-12,-0.00677583286279,-0.0235483371847,0,-0.0434782608696,0.0434782608696,83,0,5,418,0.943181818182,1,0,0.0568181818182,1,0.943181818182,0.970760233918,0.965418612275,0.943181818182,0.943181818182,4,9,0,10,6,10
926,WLNM_dir_neg_kfold,0.91975308642,0.625539275539,00:00:01,10,90,3,18348,threshold_sweep,0.8,1,0.444444444444,0.615384615385,4,0,5,18,0.444444444444,1,0,0.555555555556,1,0.444444444444,0.615384615385,0.814814814815,0.617283950617,0.516129032258,0.58976782462,0.444444444444,94,85,9,0,94,0,85,0,9,23,88,0.173913043478,1.68507579377,7.65217391304,7.33333333333,5.5,3.63829000359,0.475458352741,0.249505928854,5.32278271304,1.39118184545,0.672924901186,3.27042079462,0.854769071322,0.442687747036,0.749191304359,0.444603920564,2.5,1.68507579377,0.749191304359,2.5,0.259446613992,0.18878248974,46,0.025974025974,0.333144633145,23,23,23,1,0,0.478260869565,0.217391304348,0.304347826087,23,0.156126482213,1.68422181683,6.86956521739,6.58333333333,5.26666666667,3.26558289139,0.475369661405,0.25701706109,4.78469232369,1.39301168918,0.680242157402,3.01249046708,0.877054186617,0.466703357182,0.748433971026,0.444379691289,2.5,1.68422181683,0.748433971026,2.5,0.230926649108,0.149741824441,29,0.0163749294184,0.28423731151,23,23,23,1,0,0.478260869565,0.173913043478,0.347826086957,23,83,0.164031620553,1.68363906625,7.21739130435,6.91666666667,5.53333333333,3.38387246884,0.4688497999,0.25091671032,5.00671485866,1.38740291264,0.674698795181,3.15852569801,0.875254109087,0.458878994238,0.748040199571,0.444299621319,2.5,1.68363906625,0.748040199571,2.5,0.2352541398,0.158878504673,34,0.0191981931112,0.30959629596,23,23,23,1,0,0.478260869565,0.173913043478,0.347826086957,-5,-0.0098814229249,-0.00143672752368,-0.434782608696,-0.416666666667,0.0333333333333,-0.254417534746,-0.00660855284186,0.00141078146578,-0.316067854387,-0.00377893281491,0.00177389399495,-0.111895096616,0.0204850377644,0.0161912472022,-0.00115110478776,-0.000304299245735,0,-0.00143672752368,-0.00115110478776,0,-0.0241924741925,-0.0299039850672,-12,-0.00677583286279,-0.0235483371847,0,-0.0434782608696,0.0434782608696,83,0,5,418,0.943181818182,1,0,0.0568181818182,1,0.943181818182,0.970760233918,0.965418612275,0.943181818182,0.943181818182,4,9,0,10,6,10
927,WLNM_dir_neg_kfold,0.91975308642,0.625539275539,00:00:01,10,90,3,18348,threshold_sweep,0.9,1,0.444444444444,0.615384615385,4,0,5,18,0.444444444444,1,0,0.555555555556,1,0.444444444444,0.615384615385,0.814814814815,0.617283950617,0.516129032258,0.58976782462,0.444444444444,94,85,9,0,94,0,85,0,9,23,88,0.173913043478,1.68507579377,7.65217391304,7.33333333333,5.5,3.63829000359,0.475458352741,0.249505928854,5.32278271304,1.39118184545,0.672924901186,3.27042079462,0.854769071322,0.442687747036,0.749191304359,0.444603920564,2.5,1.68507579377,0.749191304359,2.5,0.259446613992,0.18878248974,46,0.025974025974,0.333144633145,23,23,23,1,0,0.478260869565,0.217391304348,0.304347826087,23,0.156126482213,1.68422181683,6.86956521739,6.58333333333,5.26666666667,3.26558289139,0.475369661405,0.25701706109,4.78469232369,1.39301168918,0.680242157402,3.01249046708,0.877054186617,0.466703357182,0.748433971026,0.444379691289,2.5,1.68422181683,0.748433971026,2.5,0.230926649108,0.149741824441,29,0.0163749294184,0.28423731151,23,23,23,1,0,0.478260869565,0.173913043478,0.347826086957,23,83,0.164031620553,1.68363906625,7.21739130435,6.91666666667,5.53333333333,3.38387246884,0.4688497999,0.25091671032,5.00671485866,1.38740291264,0.674698795181,3.15852569801,0.875254109087,0.458878994238,0.748040199571,0.444299621319,2.5,1.68363906625,0.748040199571,2.5,0.2352541398,0.158878504673,34,0.0191981931112,0.30959629596,23,23,23,1,0,0.478260869565,0.173913043478,0.347826086957,-5,-0.0098814229249,-0.00143672752368,-0.434782608696,-0.416666666667,0.0333333333333,-0.254417534746,-0.00660855284186,0.00141078146578,-0.316067854387,-0.00377893281491,0.00177389399495,-0.111895096616,0.0204850377644,0.0161912472022,-0.00115110478776,-0.000304299245735,0,-0.00143672752368,-0.00115110478776,0,-0.0241924741925,-0.0299039850672,-12,-0.00677583286279,-0.0235483371847,0,-0.0434782608696,0.0434782608696,83,0,5,418,0.943181818182,1,0,0.0568181818182,1,0.943181818182,0.970760233918,0.965418612275,0.943181818182,0.943181818182,4,9,0,10,6,10
928,WLNM_dir_neg_kfold,0.913580246914,0.52380952381,00:00:01,10,90,4,18349,threshold_sweep,0.1,0.833333333333,0.555555555556,0.666666666667,5,1,4,17,0.555555555556,0.944444444444,0.0555555555556,0.444444444444,0.833333333333,0.555555555556,0.666666666667,0.814814814815,0.592592592593,0.545454545455,0.566946709514,0.5,94,85,9,0,94,0,85,0,9,23,88,0.173913043478,1.68507579377,7.65217391304,7.33333333333,5.5,3.63829000359,0.475458352741,0.249505928854,5.32278271304,1.39118184545,0.672924901186,3.27042079462,0.854769071322,0.442687747036,0.749191304359,0.444603920564,2.5,1.68507579377,0.749191304359,2.5,0.259446613992,0.18878248974,46,0.025974025974,0.333144633145,23,23,23,1,0,0.478260869565,0.217391304348,0.304347826087,23,0.156126482213,1.68422181683,6.86956521739,6.58333333333,5.26666666667,3.26558289139,0.475369661405,0.25701706109,4.78469232369,1.39301168918,0.680242157402,3.01249046708,0.877054186617,0.466703357182,0.748433971026,0.444379691289,2.5,1.68422181683,0.748433971026,2.5,0.230926649108,0.149741824441,29,0.0163749294184,0.28423731151,23,23,23,1,0,0.478260869565,0.173913043478,0.347826086957,23,85,0.167984189723,1.69100971492,7.39130434783,7.08333333333,5,3.65238565168,0.494146294051,0.262915601023,5.1648706981,1.39755324772,0.679283887468,3.06645757436,0.82974734365,0.438874680307,0.752946195556,0.44526426366,2.5,1.69100971492,0.752946195556,2.5,0.306266460812,0.239130434783,55,0.0310559006211,0.299093541139,23,23,23,1,0,0.478260869565,0.260869565217,0.260869565217,-3,-0.00592885375494,0.00593392115131,-0.260869565217,-0.25,-0.5,0.014095648096,0.0186879413097,0.0134096721693,-0.157912014946,0.00637140226582,0.00635898628226,-0.203963220267,-0.0250217276726,-0.00381306672867,0.00375489119747,0.000660343095266,0,0.00593392115131,0.00375489119747,0,0.0468198468198,0.0503479450425,9,0.00508187464709,-0.0340510920056,0,0.0434782608696,-0.0434782608696,84,1,4,417,0.954545454545,0.997607655502,0.00239234449761,0.0454545454545,0.988235294118,0.954545454545,0.971098265896,0.965352124038,0.952153110048,0.943820224719,6,9,0,10,6,10
929,WLNM_dir_neg_kfold,0.913580246914,0.52380952381,00:00:01,10,90,4,18349,threshold_sweep,0.2,0.833333333333,0.555555555556,0.666666666667,5,1,4,17,0.555555555556,0.944444444444,0.0555555555556,0.444444444444,0.833333333333,0.555555555556,0.666666666667,0.814814814815,0.592592592593,0.545454545455,0.566946709514,0.5,94,85,9,0,94,0,85,0,9,23,88,0.173913043478,1.68507579377,7.65217391304,7.33333333333,5.5,3.63829000359,0.475458352741,0.249505928854,5.32278271304,1.39118184545,0.672924901186,3.27042079462,0.854769071322,0.442687747036,0.749191304359,0.444603920564,2.5,1.68507579377,0.749191304359,2.5,0.259446613992,0.18878248974,46,0.025974025974,0.333144633145,23,23,23,1,0,0.478260869565,0.217391304348,0.304347826087,23,0.156126482213,1.68422181683,6.86956521739,6.58333333333,5.26666666667,3.26558289139,0.475369661405,0.25701706109,4.78469232369,1.39301168918,0.680242157402,3.01249046708,0.877054186617,0.466703357182,0.748433971026,0.444379691289,2.5,1.68422181683,0.748433971026,2.5,0.230926649108,0.149741824441,29,0.0163749294184,0.28423731151,23,23,23,1,0,0.478260869565,0.173913043478,0.347826086957,23,85,0.167984189723,1.69100971492,7.39130434783,7.08333333333,5,3.65238565168,0.494146294051,0.262915601023,5.1648706981,1.39755324772,0.679283887468,3.06645757436,0.82974734365,0.438874680307,0.752946195556,0.44526426366,2.5,1.69100971492,0.752946195556,2.5,0.306266460812,0.239130434783,55,0.0310559006211,0.299093541139,23,23,23,1,0,0.478260869565,0.260869565217,0.260869565217,-3,-0.00592885375494,0.00593392115131,-0.260869565217,-0.25,-0.5,0.014095648096,0.0186879413097,0.0134096721693,-0.157912014946,0.00637140226582,0.00635898628226,-0.203963220267,-0.0250217276726,-0.00381306672867,0.00375489119747,0.000660343095266,0,0.00593392115131,0.00375489119747,0,0.0468198468198,0.0503479450425,9,0.00508187464709,-0.0340510920056,0,0.0434782608696,-0.0434782608696,84,1,4,417,0.954545454545,0.997607655502,0.00239234449761,0.0454545454545,0.988235294118,0.954545454545,0.971098265896,0.965352124038,0.952153110048,0.943820224719,6,9,0,10,6,10
930,WLNM_dir_neg_kfold,0.913580246914,0.52380952381,00:00:01,10,90,4,18349,threshold_sweep,0.3,0.833333333333,0.555555555556,0.666666666667,5,1,4,17,0.555555555556,0.944444444444,0.0555555555556,0.444444444444,0.833333333333,0.555555555556,0.666666666667,0.814814814815,0.592592592593,0.545454545455,0.566946709514,0.5,94,85,9,0,94,0,85,0,9,23,88,0.173913043478,1.68507579377,7.65217391304,7.33333333333,5.5,3.63829000359,0.475458352741,0.249505928854,5.32278271304,1.39118184545,0.672924901186,3.27042079462,0.854769071322,0.442687747036,0.749191304359,0.444603920564,2.5,1.68507579377,0.749191304359,2.5,0.259446613992,0.18878248974,46,0.025974025974,0.333144633145,23,23,23,1,0,0.478260869565,0.217391304348,0.304347826087,23,0.156126482213,1.68422181683,6.86956521739,6.58333333333,5.26666666667,3.26558289139,0.475369661405,0.25701706109,4.78469232369,1.39301168918,0.680242157402,3.01249046708,0.877054186617,0.466703357182,0.748433971026,0.444379691289,2.5,1.68422181683,0.748433971026,2.5,0.230926649108,0.149741824441,29,0.0163749294184,0.28423731151,23,23,23,1,0,0.478260869565,0.173913043478,0.347826086957,23,85,0.167984189723,1.69100971492,7.39130434783,7.08333333333,5,3.65238565168,0.494146294051,0.262915601023,5.1648706981,1.39755324772,0.679283887468,3.06645757436,0.82974734365,0.438874680307,0.752946195556,0.44526426366,2.5,1.69100971492,0.752946195556,2.5,0.306266460812,0.239130434783,55,0.0310559006211,0.299093541139,23,23,23,1,0,0.478260869565,0.260869565217,0.260869565217,-3,-0.00592885375494,0.00593392115131,-0.260869565217,-0.25,-0.5,0.014095648096,0.0186879413097,0.0134096721693,-0.157912014946,0.00637140226582,0.00635898628226,-0.203963220267,-0.0250217276726,-0.00381306672867,0.00375489119747,0.000660343095266,0,0.00593392115131,0.00375489119747,0,0.0468198468198,0.0503479450425,9,0.00508187464709,-0.0340510920056,0,0.0434782608696,-0.0434782608696,84,1,4,417,0.954545454545,0.997607655502,0.00239234449761,0.0454545454545,0.988235294118,0.954545454545,0.971098265896,0.965352124038,0.952153110048,0.943820224719,6,9,0,10,6,10
931,WLNM_dir_neg_kfold,0.913580246914,0.52380952381,00:00:01,10,90,4,18349,threshold_sweep,0.4,1,0.555555555556,0.714285714286,5,0,4,18,0.555555555556,1,0,0.444444444444,1,0.555555555556,0.714285714286,0.851851851852,0.604938271605,0.625,0.674199862463,0.555555555556,94,85,9,0,94,0,85,0,9,23,88,0.173913043478,1.68507579377,7.65217391304,7.33333333333,5.5,3.63829000359,0.475458352741,0.249505928854,5.32278271304,1.39118184545,0.672924901186,3.27042079462,0.854769071322,0.442687747036,0.749191304359,0.444603920564,2.5,1.68507579377,0.749191304359,2.5,0.259446613992,0.18878248974,46,0.025974025974,0.333144633145,23,23,23,1,0,0.478260869565,0.217391304348,0.304347826087,23,0.156126482213,1.68422181683,6.86956521739,6.58333333333,5.26666666667,3.26558289139,0.475369661405,0.25701706109,4.78469232369,1.39301168918,0.680242157402,3.01249046708,0.877054186617,0.466703357182,0.748433971026,0.444379691289,2.5,1.68422181683,0.748433971026,2.5,0.230926649108,0.149741824441,29,0.0163749294184,0.28423731151,23,23,23,1,0,0.478260869565,0.173913043478,0.347826086957,23,84,0.166007905138,1.68674465631,7.30434782609,7,5.25,3.54753156958,0.485673964883,0.258799171843,5.09553008798,1.39520466695,0.678053830228,3.11314946714,0.852409973145,0.449275362319,0.750256402804,0.444795482231,2.5,1.68674465631,0.750256402804,2.5,0.273299427845,0.206586826347,46,0.025974025974,0.304878791242,23,23,23,1,0,0.478260869565,0.217391304348,0.304347826087,-4,-0.00790513833992,0.00166886253843,-0.347826086957,-0.333333333333,-0.25,-0.0907584340083,0.0102156121413,0.0092932429889,-0.227252625068,0.00402282149125,0.00512892904197,-0.157271327486,-0.00235909817735,0.00658761528327,0.00106509844546,0.000191561666897,0,0.00166886253843,0.00106509844546,0,0.0138528138528,0.0178043366072,0,0,-0.0282658419022,0,0,0,84,0,4,418,0.954545454545,1,0,0.0454545454545,1,0.954545454545,0.976744186047,0.972367024498,0.954545454545,0.954545454545,5,9,0,10,6,10
932,WLNM_dir_neg_kfold,0.913580246914,0.52380952381,00:00:01,10,90,4,18349,threshold_sweep,0.5,1,0.555555555556,0.714285714286,5,0,4,18,0.555555555556,1,0,0.444444444444,1,0.555555555556,0.714285714286,0.851851851852,0.604938271605,0.625,0.674199862463,0.555555555556,94,85,9,0,94,0,85,0,9,23,88,0.173913043478,1.68507579377,7.65217391304,7.33333333333,5.5,3.63829000359,0.475458352741,0.249505928854,5.32278271304,1.39118184545,0.672924901186,3.27042079462,0.854769071322,0.442687747036,0.749191304359,0.444603920564,2.5,1.68507579377,0.749191304359,2.5,0.259446613992,0.18878248974,46,0.025974025974,0.333144633145,23,23,23,1,0,0.478260869565,0.217391304348,0.304347826087,23,0.156126482213,1.68422181683,6.86956521739,6.58333333333,5.26666666667,3.26558289139,0.475369661405,0.25701706109,4.78469232369,1.39301168918,0.680242157402,3.01249046708,0.877054186617,0.466703357182,0.748433971026,0.444379691289,2.5,1.68422181683,0.748433971026,2.5,0.230926649108,0.149741824441,29,0.0163749294184,0.28423731151,23,23,23,1,0,0.478260869565,0.173913043478,0.347826086957,23,84,0.166007905138,1.68674465631,7.30434782609,7,5.25,3.54753156958,0.485673964883,0.258799171843,5.09553008798,1.39520466695,0.678053830228,3.11314946714,0.852409973145,0.449275362319,0.750256402804,0.444795482231,2.5,1.68674465631,0.750256402804,2.5,0.273299427845,0.206586826347,46,0.025974025974,0.304878791242,23,23,23,1,0,0.478260869565,0.217391304348,0.304347826087,-4,-0.00790513833992,0.00166886253843,-0.347826086957,-0.333333333333,-0.25,-0.0907584340083,0.0102156121413,0.0092932429889,-0.227252625068,0.00402282149125,0.00512892904197,-0.157271327486,-0.00235909817735,0.00658761528327,0.00106509844546,0.000191561666897,0,0.00166886253843,0.00106509844546,0,0.0138528138528,0.0178043366072,0,0,-0.0282658419022,0,0,0,84,0,4,418,0.954545454545,1,0,0.0454545454545,1,0.954545454545,0.976744186047,0.972367024498,0.954545454545,0.954545454545,5,9,0,10,6,10
933,WLNM_dir_neg_kfold,0.913580246914,0.52380952381,00:00:01,10,90,4,18349,threshold_sweep,0.6,1,0.555555555556,0.714285714286,5,0,4,18,0.555555555556,1,0,0.444444444444,1,0.555555555556,0.714285714286,0.851851851852,0.604938271605,0.625,0.674199862463,0.555555555556,94,85,9,0,94,0,85,0,9,23,88,0.173913043478,1.68507579377,7.65217391304,7.33333333333,5.5,3.63829000359,0.475458352741,0.249505928854,5.32278271304,1.39118184545,0.672924901186,3.27042079462,0.854769071322,0.442687747036,0.749191304359,0.444603920564,2.5,1.68507579377,0.749191304359,2.5,0.259446613992,0.18878248974,46,0.025974025974,0.333144633145,23,23,23,1,0,0.478260869565,0.217391304348,0.304347826087,23,0.156126482213,1.68422181683,6.86956521739,6.58333333333,5.26666666667,3.26558289139,0.475369661405,0.25701706109,4.78469232369,1.39301168918,0.680242157402,3.01249046708,0.877054186617,0.466703357182,0.748433971026,0.444379691289,2.5,1.68422181683,0.748433971026,2.5,0.230926649108,0.149741824441,29,0.0163749294184,0.28423731151,23,23,23,1,0,0.478260869565,0.173913043478,0.347826086957,23,84,0.166007905138,1.68674465631,7.30434782609,7,5.25,3.54753156958,0.485673964883,0.258799171843,5.09553008798,1.39520466695,0.678053830228,3.11314946714,0.852409973145,0.449275362319,0.750256402804,0.444795482231,2.5,1.68674465631,0.750256402804,2.5,0.273299427845,0.206586826347,46,0.025974025974,0.304878791242,23,23,23,1,0,0.478260869565,0.217391304348,0.304347826087,-4,-0.00790513833992,0.00166886253843,-0.347826086957,-0.333333333333,-0.25,-0.0907584340083,0.0102156121413,0.0092932429889,-0.227252625068,0.00402282149125,0.00512892904197,-0.157271327486,-0.00235909817735,0.00658761528327,0.00106509844546,0.000191561666897,0,0.00166886253843,0.00106509844546,0,0.0138528138528,0.0178043366072,0,0,-0.0282658419022,0,0,0,84,0,4,418,0.954545454545,1,0,0.0454545454545,1,0.954545454545,0.976744186047,0.972367024498,0.954545454545,0.954545454545,5,9,0,10,6,10
934,WLNM_dir_neg_kfold,0.913580246914,0.52380952381,00:00:01,10,90,4,18349,threshold_sweep,0.7,1,0.555555555556,0.714285714286,5,0,4,18,0.555555555556,1,0,0.444444444444,1,0.555555555556,0.714285714286,0.851851851852,0.604938271605,0.625,0.674199862463,0.555555555556,94,85,9,0,94,0,85,0,9,23,88,0.173913043478,1.68507579377,7.65217391304,7.33333333333,5.5,3.63829000359,0.475458352741,0.249505928854,5.32278271304,1.39118184545,0.672924901186,3.27042079462,0.854769071322,0.442687747036,0.749191304359,0.444603920564,2.5,1.68507579377,0.749191304359,2.5,0.259446613992,0.18878248974,46,0.025974025974,0.333144633145,23,23,23,1,0,0.478260869565,0.217391304348,0.304347826087,23,0.156126482213,1.68422181683,6.86956521739,6.58333333333,5.26666666667,3.26558289139,0.475369661405,0.25701706109,4.78469232369,1.39301168918,0.680242157402,3.01249046708,0.877054186617,0.466703357182,0.748433971026,0.444379691289,2.5,1.68422181683,0.748433971026,2.5,0.230926649108,0.149741824441,29,0.0163749294184,0.28423731151,23,23,23,1,0,0.478260869565,0.173913043478,0.347826086957,23,84,0.166007905138,1.68674465631,7.30434782609,7,5.25,3.54753156958,0.485673964883,0.258799171843,5.09553008798,1.39520466695,0.678053830228,3.11314946714,0.852409973145,0.449275362319,0.750256402804,0.444795482231,2.5,1.68674465631,0.750256402804,2.5,0.273299427845,0.206586826347,46,0.025974025974,0.304878791242,23,23,23,1,0,0.478260869565,0.217391304348,0.304347826087,-4,-0.00790513833992,0.00166886253843,-0.347826086957,-0.333333333333,-0.25,-0.0907584340083,0.0102156121413,0.0092932429889,-0.227252625068,0.00402282149125,0.00512892904197,-0.157271327486,-0.00235909817735,0.00658761528327,0.00106509844546,0.000191561666897,0,0.00166886253843,0.00106509844546,0,0.0138528138528,0.0178043366072,0,0,-0.0282658419022,0,0,0,84,0,4,418,0.954545454545,1,0,0.0454545454545,1,0.954545454545,0.976744186047,0.972367024498,0.954545454545,0.954545454545,5,9,0,10,6,10
935,WLNM_dir_neg_kfold,0.913580246914,0.52380952381,00:00:01,10,90,4,18349,threshold_sweep,0.8,1,0.555555555556,0.714285714286,5,0,4,18,0.555555555556,1,0,0.444444444444,1,0.555555555556,0.714285714286,0.851851851852,0.604938271605,0.625,0.674199862463,0.555555555556,94,85,9,0,94,0,85,0,9,23,88,0.173913043478,1.68507579377,7.65217391304,7.33333333333,5.5,3.63829000359,0.475458352741,0.249505928854,5.32278271304,1.39118184545,0.672924901186,3.27042079462,0.854769071322,0.442687747036,0.749191304359,0.444603920564,2.5,1.68507579377,0.749191304359,2.5,0.259446613992,0.18878248974,46,0.025974025974,0.333144633145,23,23,23,1,0,0.478260869565,0.217391304348,0.304347826087,23,0.156126482213,1.68422181683,6.86956521739,6.58333333333,5.26666666667,3.26558289139,0.475369661405,0.25701706109,4.78469232369,1.39301168918,0.680242157402,3.01249046708,0.877054186617,0.466703357182,0.748433971026,0.444379691289,2.5,1.68422181683,0.748433971026,2.5,0.230926649108,0.149741824441,29,0.0163749294184,0.28423731151,23,23,23,1,0,0.478260869565,0.173913043478,0.347826086957,23,84,0.166007905138,1.68674465631,7.30434782609,7,5.25,3.54753156958,0.485673964883,0.258799171843,5.09553008798,1.39520466695,0.678053830228,3.11314946714,0.852409973145,0.449275362319,0.750256402804,0.444795482231,2.5,1.68674465631,0.750256402804,2.5,0.273299427845,0.206586826347,46,0.025974025974,0.304878791242,23,23,23,1,0,0.478260869565,0.217391304348,0.304347826087,-4,-0.00790513833992,0.00166886253843,-0.347826086957,-0.333333333333,-0.25,-0.0907584340083,0.0102156121413,0.0092932429889,-0.227252625068,0.00402282149125,0.00512892904197,-0.157271327486,-0.00235909817735,0.00658761528327,0.00106509844546,0.000191561666897,0,0.00166886253843,0.00106509844546,0,0.0138528138528,0.0178043366072,0,0,-0.0282658419022,0,0,0,84,0,4,418,0.954545454545,1,0,0.0454545454545,1,0.954545454545,0.976744186047,0.972367024498,0.954545454545,0.954545454545,5,9,0,10,6,10
936,WLNM_dir_neg_kfold,0.913580246914,0.52380952381,00:00:01,10,90,4,18349,threshold_sweep,0.9,1,0.555555555556,0.714285714286,5,0,4,18,0.555555555556,1,0,0.444444444444,1,0.555555555556,0.714285714286,0.851851851852,0.604938271605,0.625,0.674199862463,0.555555555556,94,85,9,0,94,0,85,0,9,23,88,0.173913043478,1.68507579377,7.65217391304,7.33333333333,5.5,3.63829000359,0.475458352741,0.249505928854,5.32278271304,1.39118184545,0.672924901186,3.27042079462,0.854769071322,0.442687747036,0.749191304359,0.444603920564,2.5,1.68507579377,0.749191304359,2.5,0.259446613992,0.18878248974,46,0.025974025974,0.333144633145,23,23,23,1,0,0.478260869565,0.217391304348,0.304347826087,23,0.156126482213,1.68422181683,6.86956521739,6.58333333333,5.26666666667,3.26558289139,0.475369661405,0.25701706109,4.78469232369,1.39301168918,0.680242157402,3.01249046708,0.877054186617,0.466703357182,0.748433971026,0.444379691289,2.5,1.68422181683,0.748433971026,2.5,0.230926649108,0.149741824441,29,0.0163749294184,0.28423731151,23,23,23,1,0,0.478260869565,0.173913043478,0.347826086957,23,84,0.166007905138,1.68674465631,7.30434782609,7,5.25,3.54753156958,0.485673964883,0.258799171843,5.09553008798,1.39520466695,0.678053830228,3.11314946714,0.852409973145,0.449275362319,0.750256402804,0.444795482231,2.5,1.68674465631,0.750256402804,2.5,0.273299427845,0.206586826347,46,0.025974025974,0.304878791242,23,23,23,1,0,0.478260869565,0.217391304348,0.304347826087,-4,-0.00790513833992,0.00166886253843,-0.347826086957,-0.333333333333,-0.25,-0.0907584340083,0.0102156121413,0.0092932429889,-0.227252625068,0.00402282149125,0.00512892904197,-0.157271327486,-0.00235909817735,0.00658761528327,0.00106509844546,0.000191561666897,0,0.00166886253843,0.00106509844546,0,0.0138528138528,0.0178043366072,0,0,-0.0282658419022,0,0,0,84,0,4,418,0.954545454545,1,0,0.0454545454545,1,0.954545454545,0.976744186047,0.972367024498,0.954545454545,0.954545454545,5,9,0,10,6,10
937,WLNM_dir_neg_kfold,0.888888888889,0.723734420226,00:00:01,10,90,5,18350,threshold_sweep,0.1,1,0.444444444444,0.615384615385,4,0,5,18,0.444444444444,1,0,0.555555555556,1,0.444444444444,0.615384615385,0.814814814815,0.617283950617,0.516129032258,0.58976782462,0.444444444444,94,85,9,0,94,0,85,0,9,23,88,0.173913043478,1.68507579377,7.65217391304,7.33333333333,5.5,3.63829000359,0.475458352741,0.249505928854,5.32278271304,1.39118184545,0.672924901186,3.27042079462,0.854769071322,0.442687747036,0.749191304359,0.444603920564,2.5,1.68507579377,0.749191304359,2.5,0.259446613992,0.18878248974,46,0.025974025974,0.333144633145,23,23,23,1,0,0.478260869565,0.217391304348,0.304347826087,23,0.156126482213,1.68422181683,6.86956521739,6.58333333333,5.26666666667,3.26558289139,0.475369661405,0.25701706109,4.78469232369,1.39301168918,0.680242157402,3.01249046708,0.877054186617,0.466703357182,0.748433971026,0.444379691289,2.5,1.68422181683,0.748433971026,2.5,0.230926649108,0.149741824441,29,0.0163749294184,0.28423731151,23,23,23,1,0,0.478260869565,0.173913043478,0.347826086957,23,83,0.164031620553,1.68363906625,7.21739130435,6.91666666667,5.53333333333,3.38387246884,0.4688497999,0.25091671032,5.00671485866,1.38740291264,0.674698795181,3.15852569801,0.875254109087,0.458878994238,0.748040199571,0.444299621319,2.5,1.68363906625,0.748040199571,2.5,0.2352541398,0.158878504673,34,0.0191981931112,0.30959629596,23,23,23,1,0,0.478260869565,0.173913043478,0.347826086957,-5,-0.0098814229249,-0.00143672752368,-0.434782608696,-0.416666666667,0.0333333333333,-0.254417534746,-0.00660855284186,0.00141078146578,-0.316067854387,-0.00377893281491,0.00177389399495,-0.111895096616,0.0204850377644,0.0161912472022,-0.00115110478776,-0.000304299245735,0,-0.00143672752368,-0.00115110478776,0,-0.0241924741925,-0.0299039850672,-12,-0.00677583286279,-0.0235483371847,0,-0.0434782608696,0.0434782608696,83,0,5,418,0.943181818182,1,0,0.0568181818182,1,0.943181818182,0.970760233918,0.965418612275,0.943181818182,0.943181818182,4,9,0,10,6,10
938,WLNM_dir_neg_kfold,0.888888888889,0.723734420226,00:00:01,10,90,5,18350,threshold_sweep,0.2,1,0.444444444444,0.615384615385,4,0,5,18,0.444444444444,1,0,0.555555555556,1,0.444444444444,0.615384615385,0.814814814815,0.617283950617,0.516129032258,0.58976782462,0.444444444444,94,85,9,0,94,0,85,0,9,23,88,0.173913043478,1.68507579377,7.65217391304,7.33333333333,5.5,3.63829000359,0.475458352741,0.249505928854,5.32278271304,1.39118184545,0.672924901186,3.27042079462,0.854769071322,0.442687747036,0.749191304359,0.444603920564,2.5,1.68507579377,0.749191304359,2.5,0.259446613992,0.18878248974,46,0.025974025974,0.333144633145,23,23,23,1,0,0.478260869565,0.217391304348,0.304347826087,23,0.156126482213,1.68422181683,6.86956521739,6.58333333333,5.26666666667,3.26558289139,0.475369661405,0.25701706109,4.78469232369,1.39301168918,0.680242157402,3.01249046708,0.877054186617,0.466703357182,0.748433971026,0.444379691289,2.5,1.68422181683,0.748433971026,2.5,0.230926649108,0.149741824441,29,0.0163749294184,0.28423731151,23,23,23,1,0,0.478260869565,0.173913043478,0.347826086957,23,83,0.164031620553,1.68363906625,7.21739130435,6.91666666667,5.53333333333,3.38387246884,0.4688497999,0.25091671032,5.00671485866,1.38740291264,0.674698795181,3.15852569801,0.875254109087,0.458878994238,0.748040199571,0.444299621319,2.5,1.68363906625,0.748040199571,2.5,0.2352541398,0.158878504673,34,0.0191981931112,0.30959629596,23,23,23,1,0,0.478260869565,0.173913043478,0.347826086957,-5,-0.0098814229249,-0.00143672752368,-0.434782608696,-0.416666666667,0.0333333333333,-0.254417534746,-0.00660855284186,0.00141078146578,-0.316067854387,-0.00377893281491,0.00177389399495,-0.111895096616,0.0204850377644,0.0161912472022,-0.00115110478776,-0.000304299245735,0,-0.00143672752368,-0.00115110478776,0,-0.0241924741925,-0.0299039850672,-12,-0.00677583286279,-0.0235483371847,0,-0.0434782608696,0.0434782608696,83,0,5,418,0.943181818182,1,0,0.0568181818182,1,0.943181818182,0.970760233918,0.965418612275,0.943181818182,0.943181818182,4,9,0,10,6,10
939,WLNM_dir_neg_kfold,0.888888888889,0.723734420226,00:00:01,10,90,5,18350,threshold_sweep,0.3,1,0.444444444444,0.615384615385,4,0,5,18,0.444444444444,1,0,0.555555555556,1,0.444444444444,0.615384615385,0.814814814815,0.617283950617,0.516129032258,0.58976782462,0.444444444444,94,85,9,0,94,0,85,0,9,23,88,0.173913043478,1.68507579377,7.65217391304,7.33333333333,5.5,3.63829000359,0.475458352741,0.249505928854,5.32278271304,1.39118184545,0.672924901186,3.27042079462,0.854769071322,0.442687747036,0.749191304359,0.444603920564,2.5,1.68507579377,0.749191304359,2.5,0.259446613992,0.18878248974,46,0.025974025974,0.333144633145,23,23,23,1,0,0.478260869565,0.217391304348,0.304347826087,23,0.156126482213,1.68422181683,6.86956521739,6.58333333333,5.26666666667,3.26558289139,0.475369661405,0.25701706109,4.78469232369,1.39301168918,0.680242157402,3.01249046708,0.877054186617,0.466703357182,0.748433971026,0.444379691289,2.5,1.68422181683,0.748433971026,2.5,0.230926649108,0.149741824441,29,0.0163749294184,0.28423731151,23,23,23,1,0,0.478260869565,0.173913043478,0.347826086957,23,83,0.164031620553,1.68363906625,7.21739130435,6.91666666667,5.53333333333,3.38387246884,0.4688497999,0.25091671032,5.00671485866,1.38740291264,0.674698795181,3.15852569801,0.875254109087,0.458878994238,0.748040199571,0.444299621319,2.5,1.68363906625,0.748040199571,2.5,0.2352541398,0.158878504673,34,0.0191981931112,0.30959629596,23,23,23,1,0,0.478260869565,0.173913043478,0.347826086957,-5,-0.0098814229249,-0.00143672752368,-0.434782608696,-0.416666666667,0.0333333333333,-0.254417534746,-0.00660855284186,0.00141078146578,-0.316067854387,-0.00377893281491,0.00177389399495,-0.111895096616,0.0204850377644,0.0161912472022,-0.00115110478776,-0.000304299245735,0,-0.00143672752368,-0.00115110478776,0,-0.0241924741925,-0.0299039850672,-12,-0.00677583286279,-0.0235483371847,0,-0.0434782608696,0.0434782608696,83,0,5,418,0.943181818182,1,0,0.0568181818182,1,0.943181818182,0.970760233918,0.965418612275,0.943181818182,0.943181818182,4,9,0,10,6,10
940,WLNM_dir_neg_kfold,0.888888888889,0.723734420226,00:00:01,10,90,5,18350,threshold_sweep,0.4,1,0.444444444444,0.615384615385,4,0,5,18,0.444444444444,1,0,0.555555555556,1,0.444444444444,0.615384615385,0.814814814815,0.617283950617,0.516129032258,0.58976782462,0.444444444444,94,85,9,0,94,0,85,0,9,23,88,0.173913043478,1.68507579377,7.65217391304,7.33333333333,5.5,3.63829000359,0.475458352741,0.249505928854,5.32278271304,1.39118184545,0.672924901186,3.27042079462,0.854769071322,0.442687747036,0.749191304359,0.444603920564,2.5,1.68507579377,0.749191304359,2.5,0.259446613992,0.18878248974,46,0.025974025974,0.333144633145,23,23,23,1,0,0.478260869565,0.217391304348,0.304347826087,23,0.156126482213,1.68422181683,6.86956521739,6.58333333333,5.26666666667,3.26558289139,0.475369661405,0.25701706109,4.78469232369,1.39301168918,0.680242157402,3.01249046708,0.877054186617,0.466703357182,0.748433971026,0.444379691289,2.5,1.68422181683,0.748433971026,2.5,0.230926649108,0.149741824441,29,0.0163749294184,0.28423731151,23,23,23,1,0,0.478260869565,0.173913043478,0.347826086957,23,83,0.164031620553,1.68363906625,7.21739130435,6.91666666667,5.53333333333,3.38387246884,0.4688497999,0.25091671032,5.00671485866,1.38740291264,0.674698795181,3.15852569801,0.875254109087,0.458878994238,0.748040199571,0.444299621319,2.5,1.68363906625,0.748040199571,2.5,0.2352541398,0.158878504673,34,0.0191981931112,0.30959629596,23,23,23,1,0,0.478260869565,0.173913043478,0.347826086957,-5,-0.0098814229249,-0.00143672752368,-0.434782608696,-0.416666666667,0.0333333333333,-0.254417534746,-0.00660855284186,0.00141078146578,-0.316067854387,-0.00377893281491,0.00177389399495,-0.111895096616,0.0204850377644,0.0161912472022,-0.00115110478776,-0.000304299245735,0,-0.00143672752368,-0.00115110478776,0,-0.0241924741925,-0.0299039850672,-12,-0.00677583286279,-0.0235483371847,0,-0.0434782608696,0.0434782608696,83,0,5,418,0.943181818182,1,0,0.0568181818182,1,0.943181818182,0.970760233918,0.965418612275,0.943181818182,0.943181818182,4,9,0,10,6,10
941,WLNM_dir_neg_kfold,0.888888888889,0.723734420226,00:00:01,10,90,5,18350,threshold_sweep,0.5,1,0.444444444444,0.615384615385,4,0,5,18,0.444444444444,1,0,0.555555555556,1,0.444444444444,0.615384615385,0.814814814815,0.617283950617,0.516129032258,0.58976782462,0.444444444444,94,85,9,0,94,0,85,0,9,23,88,0.173913043478,1.68507579377,7.65217391304,7.33333333333,5.5,3.63829000359,0.475458352741,0.249505928854,5.32278271304,1.39118184545,0.672924901186,3.27042079462,0.854769071322,0.442687747036,0.749191304359,0.444603920564,2.5,1.68507579377,0.749191304359,2.5,0.259446613992,0.18878248974,46,0.025974025974,0.333144633145,23,23,23,1,0,0.478260869565,0.217391304348,0.304347826087,23,0.156126482213,1.68422181683,6.86956521739,6.58333333333,5.26666666667,3.26558289139,0.475369661405,0.25701706109,4.78469232369,1.39301168918,0.680242157402,3.01249046708,0.877054186617,0.466703357182,0.748433971026,0.444379691289,2.5,1.68422181683,0.748433971026,2.5,0.230926649108,0.149741824441,29,0.0163749294184,0.28423731151,23,23,23,1,0,0.478260869565,0.173913043478,0.347826086957,23,83,0.164031620553,1.68363906625,7.21739130435,6.91666666667,5.53333333333,3.38387246884,0.4688497999,0.25091671032,5.00671485866,1.38740291264,0.674698795181,3.15852569801,0.875254109087,0.458878994238,0.748040199571,0.444299621319,2.5,1.68363906625,0.748040199571,2.5,0.2352541398,0.158878504673,34,0.0191981931112,0.30959629596,23,23,23,1,0,0.478260869565,0.173913043478,0.347826086957,-5,-0.0098814229249,-0.00143672752368,-0.434782608696,-0.416666666667,0.0333333333333,-0.254417534746,-0.00660855284186,0.00141078146578,-0.316067854387,-0.00377893281491,0.00177389399495,-0.111895096616,0.0204850377644,0.0161912472022,-0.00115110478776,-0.000304299245735,0,-0.00143672752368,-0.00115110478776,0,-0.0241924741925,-0.0299039850672,-12,-0.00677583286279,-0.0235483371847,0,-0.0434782608696,0.0434782608696,83,0,5,418,0.943181818182,1,0,0.0568181818182,1,0.943181818182,0.970760233918,0.965418612275,0.943181818182,0.943181818182,4,9,0,10,6,10
942,WLNM_dir_neg_kfold,0.888888888889,0.723734420226,00:00:01,10,90,5,18350,threshold_sweep,0.6,1,0.444444444444,0.615384615385,4,0,5,18,0.444444444444,1,0,0.555555555556,1,0.444444444444,0.615384615385,0.814814814815,0.617283950617,0.516129032258,0.58976782462,0.444444444444,94,85,9,0,94,0,85,0,9,23,88,0.173913043478,1.68507579377,7.65217391304,7.33333333333,5.5,3.63829000359,0.475458352741,0.249505928854,5.32278271304,1.39118184545,0.672924901186,3.27042079462,0.854769071322,0.442687747036,0.749191304359,0.444603920564,2.5,1.68507579377,0.749191304359,2.5,0.259446613992,0.18878248974,46,0.025974025974,0.333144633145,23,23,23,1,0,0.478260869565,0.217391304348,0.304347826087,23,0.156126482213,1.68422181683,6.86956521739,6.58333333333,5.26666666667,3.26558289139,0.475369661405,0.25701706109,4.78469232369,1.39301168918,0.680242157402,3.01249046708,0.877054186617,0.466703357182,0.748433971026,0.444379691289,2.5,1.68422181683,0.748433971026,2.5,0.230926649108,0.149741824441,29,0.0163749294184,0.28423731151,23,23,23,1,0,0.478260869565,0.173913043478,0.347826086957,23,83,0.164031620553,1.68363906625,7.21739130435,6.91666666667,5.53333333333,3.38387246884,0.4688497999,0.25091671032,5.00671485866,1.38740291264,0.674698795181,3.15852569801,0.875254109087,0.458878994238,0.748040199571,0.444299621319,2.5,1.68363906625,0.748040199571,2.5,0.2352541398,0.158878504673,34,0.0191981931112,0.30959629596,23,23,23,1,0,0.478260869565,0.173913043478,0.347826086957,-5,-0.0098814229249,-0.00143672752368,-0.434782608696,-0.416666666667,0.0333333333333,-0.254417534746,-0.00660855284186,0.00141078146578,-0.316067854387,-0.00377893281491,0.00177389399495,-0.111895096616,0.0204850377644,0.0161912472022,-0.00115110478776,-0.000304299245735,0,-0.00143672752368,-0.00115110478776,0,-0.0241924741925,-0.0299039850672,-12,-0.00677583286279,-0.0235483371847,0,-0.0434782608696,0.0434782608696,83,0,5,418,0.943181818182,1,0,0.0568181818182,1,0.943181818182,0.970760233918,0.965418612275,0.943181818182,0.943181818182,4,9,0,10,6,10
943,WLNM_dir_neg_kfold,0.888888888889,0.723734420226,00:00:01,10,90,5,18350,threshold_sweep,0.7,1,0.444444444444,0.615384615385,4,0,5,18,0.444444444444,1,0,0.555555555556,1,0.444444444444,0.615384615385,0.814814814815,0.617283950617,0.516129032258,0.58976782462,0.444444444444,94,85,9,0,94,0,85,0,9,23,88,0.173913043478,1.68507579377,7.65217391304,7.33333333333,5.5,3.63829000359,0.475458352741,0.249505928854,5.32278271304,1.39118184545,0.672924901186,3.27042079462,0.854769071322,0.442687747036,0.749191304359,0.444603920564,2.5,1.68507579377,0.749191304359,2.5,0.259446613992,0.18878248974,46,0.025974025974,0.333144633145,23,23,23,1,0,0.478260869565,0.217391304348,0.304347826087,23,0.156126482213,1.68422181683,6.86956521739,6.58333333333,5.26666666667,3.26558289139,0.475369661405,0.25701706109,4.78469232369,1.39301168918,0.680242157402,3.01249046708,0.877054186617,0.466703357182,0.748433971026,0.444379691289,2.5,1.68422181683,0.748433971026,2.5,0.230926649108,0.149741824441,29,0.0163749294184,0.28423731151,23,23,23,1,0,0.478260869565,0.173913043478,0.347826086957,23,83,0.164031620553,1.68363906625,7.21739130435,6.91666666667,5.53333333333,3.38387246884,0.4688497999,0.25091671032,5.00671485866,1.38740291264,0.674698795181,3.15852569801,0.875254109087,0.458878994238,0.748040199571,0.444299621319,2.5,1.68363906625,0.748040199571,2.5,0.2352541398,0.158878504673,34,0.0191981931112,0.30959629596,23,23,23,1,0,0.478260869565,0.173913043478,0.347826086957,-5,-0.0098814229249,-0.00143672752368,-0.434782608696,-0.416666666667,0.0333333333333,-0.254417534746,-0.00660855284186,0.00141078146578,-0.316067854387,-0.00377893281491,0.00177389399495,-0.111895096616,0.0204850377644,0.0161912472022,-0.00115110478776,-0.000304299245735,0,-0.00143672752368,-0.00115110478776,0,-0.0241924741925,-0.0299039850672,-12,-0.00677583286279,-0.0235483371847,0,-0.0434782608696,0.0434782608696,83,0,5,418,0.943181818182,1,0,0.0568181818182,1,0.943181818182,0.970760233918,0.965418612275,0.943181818182,0.943181818182,4,9,0,10,6,10
944,WLNM_dir_neg_kfold,0.888888888889,0.723734420226,00:00:01,10,90,5,18350,threshold_sweep,0.8,1,0.444444444444,0.615384615385,4,0,5,18,0.444444444444,1,0,0.555555555556,1,0.444444444444,0.615384615385,0.814814814815,0.617283950617,0.516129032258,0.58976782462,0.444444444444,94,85,9,0,94,0,85,0,9,23,88,0.173913043478,1.68507579377,7.65217391304,7.33333333333,5.5,3.63829000359,0.475458352741,0.249505928854,5.32278271304,1.39118184545,0.672924901186,3.27042079462,0.854769071322,0.442687747036,0.749191304359,0.444603920564,2.5,1.68507579377,0.749191304359,2.5,0.259446613992,0.18878248974,46,0.025974025974,0.333144633145,23,23,23,1,0,0.478260869565,0.217391304348,0.304347826087,23,0.156126482213,1.68422181683,6.86956521739,6.58333333333,5.26666666667,3.26558289139,0.475369661405,0.25701706109,4.78469232369,1.39301168918,0.680242157402,3.01249046708,0.877054186617,0.466703357182,0.748433971026,0.444379691289,2.5,1.68422181683,0.748433971026,2.5,0.230926649108,0.149741824441,29,0.0163749294184,0.28423731151,23,23,23,1,0,0.478260869565,0.173913043478,0.347826086957,23,83,0.164031620553,1.68363906625,7.21739130435,6.91666666667,5.53333333333,3.38387246884,0.4688497999,0.25091671032,5.00671485866,1.38740291264,0.674698795181,3.15852569801,0.875254109087,0.458878994238,0.748040199571,0.444299621319,2.5,1.68363906625,0.748040199571,2.5,0.2352541398,0.158878504673,34,0.0191981931112,0.30959629596,23,23,23,1,0,0.478260869565,0.173913043478,0.347826086957,-5,-0.0098814229249,-0.00143672752368,-0.434782608696,-0.416666666667,0.0333333333333,-0.254417534746,-0.00660855284186,0.00141078146578,-0.316067854387,-0.00377893281491,0.00177389399495,-0.111895096616,0.0204850377644,0.0161912472022,-0.00115110478776,-0.000304299245735,0,-0.00143672752368,-0.00115110478776,0,-0.0241924741925,-0.0299039850672,-12,-0.00677583286279,-0.0235483371847,0,-0.0434782608696,0.0434782608696,83,0,5,418,0.943181818182,1,0,0.0568181818182,1,0.943181818182,0.970760233918,0.965418612275,0.943181818182,0.943181818182,4,9,0,10,6,10
945,WLNM_dir_neg_kfold,0.888888888889,0.723734420226,00:00:01,10,90,5,18350,threshold_sweep,0.9,1,0.444444444444,0.615384615385,4,0,5,18,0.444444444444,1,0,0.555555555556,1,0.444444444444,0.615384615385,0.814814814815,0.617283950617,0.516129032258,0.58976782462,0.444444444444,94,85,9,0,94,0,85,0,9,23,88,0.173913043478,1.68507579377,7.65217391304,7.33333333333,5.5,3.63829000359,0.475458352741,0.249505928854,5.32278271304,1.39118184545,0.672924901186,3.27042079462,0.854769071322,0.442687747036,0.749191304359,0.444603920564,2.5,1.68507579377,0.749191304359,2.5,0.259446613992,0.18878248974,46,0.025974025974,0.333144633145,23,23,23,1,0,0.478260869565,0.217391304348,0.304347826087,23,0.156126482213,1.68422181683,6.86956521739,6.58333333333,5.26666666667,3.26558289139,0.475369661405,0.25701706109,4.78469232369,1.39301168918,0.680242157402,3.01249046708,0.877054186617,0.466703357182,0.748433971026,0.444379691289,2.5,1.68422181683,0.748433971026,2.5,0.230926649108,0.149741824441,29,0.0163749294184,0.28423731151,23,23,23,1,0,0.478260869565,0.173913043478,0.347826086957,23,83,0.164031620553,1.68363906625,7.21739130435,6.91666666667,5.53333333333,3.38387246884,0.4688497999,0.25091671032,5.00671485866,1.38740291264,0.674698795181,3.15852569801,0.875254109087,0.458878994238,0.748040199571,0.444299621319,2.5,1.68363906625,0.748040199571,2.5,0.2352541398,0.158878504673,34,0.0191981931112,0.30959629596,23,23,23,1,0,0.478260869565,0.173913043478,0.347826086957,-5,-0.0098814229249,-0.00143672752368,-0.434782608696,-0.416666666667,0.0333333333333,-0.254417534746,-0.00660855284186,0.00141078146578,-0.316067854387,-0.00377893281491,0.00177389399495,-0.111895096616,0.0204850377644,0.0161912472022,-0.00115110478776,-0.000304299245735,0,-0.00143672752368,-0.00115110478776,0,-0.0241924741925,-0.0299039850672,-12,-0.00677583286279,-0.0235483371847,0,-0.0434782608696,0.0434782608696,83,0,5,418,0.943181818182,1,0,0.0568181818182,1,0.943181818182,0.970760233918,0.965418612275,0.943181818182,0.943181818182,4,9,0,10,6,10
946,WLNM_dir_neg_kfold,0.845679012346,0.658417508418,00:00:01,10,90,6,18351,threshold_sweep,0.1,1,0.444444444444,0.615384615385,4,0,5,18,0.444444444444,1,0,0.555555555556,1,0.444444444444,0.615384615385,0.814814814815,0.617283950617,0.516129032258,0.58976782462,0.444444444444,94,85,9,0,94,0,85,0,9,23,88,0.173913043478,1.68507579377,7.65217391304,7.33333333333,5.5,3.63829000359,0.475458352741,0.249505928854,5.32278271304,1.39118184545,0.672924901186,3.27042079462,0.854769071322,0.442687747036,0.749191304359,0.444603920564,2.5,1.68507579377,0.749191304359,2.5,0.259446613992,0.18878248974,46,0.025974025974,0.333144633145,23,23,23,1,0,0.478260869565,0.217391304348,0.304347826087,23,0.156126482213,1.68422181683,6.86956521739,6.58333333333,5.26666666667,3.26558289139,0.475369661405,0.25701706109,4.78469232369,1.39301168918,0.680242157402,3.01249046708,0.877054186617,0.466703357182,0.748433971026,0.444379691289,2.5,1.68422181683,0.748433971026,2.5,0.230926649108,0.149741824441,29,0.0163749294184,0.28423731151,23,23,23,1,0,0.478260869565,0.173913043478,0.347826086957,23,83,0.164031620553,1.68363906625,7.21739130435,6.91666666667,5.53333333333,3.38387246884,0.4688497999,0.25091671032,5.00671485866,1.38740291264,0.674698795181,3.15852569801,0.875254109087,0.458878994238,0.748040199571,0.444299621319,2.5,1.68363906625,0.748040199571,2.5,0.2352541398,0.158878504673,34,0.0191981931112,0.30959629596,23,23,23,1,0,0.478260869565,0.173913043478,0.347826086957,-5,-0.0098814229249,-0.00143672752368,-0.434782608696,-0.416666666667,0.0333333333333,-0.254417534746,-0.00660855284186,0.00141078146578,-0.316067854387,-0.00377893281491,0.00177389399495,-0.111895096616,0.0204850377644,0.0161912472022,-0.00115110478776,-0.000304299245735,0,-0.00143672752368,-0.00115110478776,0,-0.0241924741925,-0.0299039850672,-12,-0.00677583286279,-0.0235483371847,0,-0.0434782608696,0.0434782608696,83,0,5,418,0.943181818182,1,0,0.0568181818182,1,0.943181818182,0.970760233918,0.965418612275,0.943181818182,0.943181818182,4,9,0,10,6,10
947,WLNM_dir_neg_kfold,0.845679012346,0.658417508418,00:00:01,10,90,6,18351,threshold_sweep,0.2,1,0.333333333333,0.5,3,0,6,18,0.333333333333,1,0,0.666666666667,1,0.333333333333,0.5,0.777777777778,0.62962962963,0.4,0.5,0.333333333333,94,85,9,0,94,0,85,0,9,23,88,0.173913043478,1.68507579377,7.65217391304,7.33333333333,5.5,3.63829000359,0.475458352741,0.249505928854,5.32278271304,1.39118184545,0.672924901186,3.27042079462,0.854769071322,0.442687747036,0.749191304359,0.444603920564,2.5,1.68507579377,0.749191304359,2.5,0.259446613992,0.18878248974,46,0.025974025974,0.333144633145,23,23,23,1,0,0.478260869565,0.217391304348,0.304347826087,23,0.156126482213,1.68422181683,6.86956521739,6.58333333333,5.26666666667,3.26558289139,0.475369661405,0.25701706109,4.78469232369,1.39301168918,0.680242157402,3.01249046708,0.877054186617,0.466703357182,0.748433971026,0.444379691289,2.5,1.68422181683,0.748433971026,2.5,0.230926649108,0.149741824441,29,0.0163749294184,0.28423731151,23,23,23,1,0,0.478260869565,0.173913043478,0.347826086957,23,82,0.162055335968,1.68363906625,7.13043478261,6.83333333333,5.46666666667,3.3616060532,0.471444751364,0.253446447508,4.95274108639,1.38918347545,0.676564156946,3.13087392616,0.878171954898,0.464475079533,0.748040199571,0.444299621319,2.5,1.68363906625,0.748040199571,2.5,0.235497835498,0.157894736842,33,0.0186335403727,0.304234990599,23,23,23,1,0,0.478260869565,0.173913043478,0.347826086957,-6,-0.0118577075099,-0.00143672752368,-0.521739130435,-0.5,-0.0333333333333,-0.276683950386,-0.00401360137788,0.0039405186542,-0.370041626658,-0.0019983700049,0.00363925576015,-0.139546868466,0.0234028835759,0.0217873324978,-0.00115110478776,-0.000304299245735,0,-0.00143672752368,-0.00115110478776,0,-0.0239487784942,-0.030887752898,-13,-0.00734048560136,-0.028909642546,0,-0.0434782608696,0.0434782608696,82,0,6,418,0.931818181818,1,0,0.0681818181818,1,0.931818181818,0.964705882353,0.958452959446,0.931818181818,0.931818181818,3,9,0,10,6,10
948,WLNM_dir_neg_kfold,0.845679012346,0.658417508418,00:00:01,10,90,6,18351,threshold_sweep,0.3,1,0.333333333333,0.5,3,0,6,18,0.333333333333,1,0,0.666666666667,1,0.333333333333,0.5,0.777777777778,0.62962962963,0.4,0.5,0.333333333333,94,85,9,0,94,0,85,0,9,23,88,0.173913043478,1.68507579377,7.65217391304,7.33333333333,5.5,3.63829000359,0.475458352741,0.249505928854,5.32278271304,1.39118184545,0.672924901186,3.27042079462,0.854769071322,0.442687747036,0.749191304359,0.444603920564,2.5,1.68507579377,0.749191304359,2.5,0.259446613992,0.18878248974,46,0.025974025974,0.333144633145,23,23,23,1,0,0.478260869565,0.217391304348,0.304347826087,23,0.156126482213,1.68422181683,6.86956521739,6.58333333333,5.26666666667,3.26558289139,0.475369661405,0.25701706109,4.78469232369,1.39301168918,0.680242157402,3.01249046708,0.877054186617,0.466703357182,0.748433971026,0.444379691289,2.5,1.68422181683,0.748433971026,2.5,0.230926649108,0.149741824441,29,0.0163749294184,0.28423731151,23,23,23,1,0,0.478260869565,0.173913043478,0.347826086957,23,82,0.162055335968,1.68363906625,7.13043478261,6.83333333333,5.46666666667,3.3616060532,0.471444751364,0.253446447508,4.95274108639,1.38918347545,0.676564156946,3.13087392616,0.878171954898,0.464475079533,0.748040199571,0.444299621319,2.5,1.68363906625,0.748040199571,2.5,0.235497835498,0.157894736842,33,0.0186335403727,0.304234990599,23,23,23,1,0,0.478260869565,0.173913043478,0.347826086957,-6,-0.0118577075099,-0.00143672752368,-0.521739130435,-0.5,-0.0333333333333,-0.276683950386,-0.00401360137788,0.0039405186542,-0.370041626658,-0.0019983700049,0.00363925576015,-0.139546868466,0.0234028835759,0.0217873324978,-0.00115110478776,-0.000304299245735,0,-0.00143672752368,-0.00115110478776,0,-0.0239487784942,-0.030887752898,-13,-0.00734048560136,-0.028909642546,0,-0.0434782608696,0.0434782608696,82,0,6,418,0.931818181818,1,0,0.0681818181818,1,0.931818181818,0.964705882353,0.958452959446,0.931818181818,0.931818181818,3,9,0,10,6,10
949,WLNM_dir_neg_kfold,0.845679012346,0.658417508418,00:00:01,10,90,6,18351,threshold_sweep,0.4,1,0.333333333333,0.5,3,0,6,18,0.333333333333,1,0,0.666666666667,1,0.333333333333,0.5,0.777777777778,0.62962962963,0.4,0.5,0.333333333333,94,85,9,0,94,0,85,0,9,23,88,0.173913043478,1.68507579377,7.65217391304,7.33333333333,5.5,3.63829000359,0.475458352741,0.249505928854,5.32278271304,1.39118184545,0.672924901186,3.27042079462,0.854769071322,0.442687747036,0.749191304359,0.444603920564,2.5,1.68507579377,0.749191304359,2.5,0.259446613992,0.18878248974,46,0.025974025974,0.333144633145,23,23,23,1,0,0.478260869565,0.217391304348,0.304347826087,23,0.156126482213,1.68422181683,6.86956521739,6.58333333333,5.26666666667,3.26558289139,0.475369661405,0.25701706109,4.78469232369,1.39301168918,0.680242157402,3.01249046708,0.877054186617,0.466703357182,0.748433971026,0.444379691289,2.5,1.68422181683,0.748433971026,2.5,0.230926649108,0.149741824441,29,0.0163749294184,0.28423731151,23,23,23,1,0,0.478260869565,0.173913043478,0.347826086957,23,82,0.162055335968,1.68363906625,7.13043478261,6.83333333333,5.46666666667,3.3616060532,0.471444751364,0.253446447508,4.95274108639,1.38918347545,0.676564156946,3.13087392616,0.878171954898,0.464475079533,0.748040199571,0.444299621319,2.5,1.68363906625,0.748040199571,2.5,0.235497835498,0.157894736842,33,0.0186335403727,0.304234990599,23,23,23,1,0,0.478260869565,0.173913043478,0.347826086957,-6,-0.0118577075099,-0.00143672752368,-0.521739130435,-0.5,-0.0333333333333,-0.276683950386,-0.00401360137788,0.0039405186542,-0.370041626658,-0.0019983700049,0.00363925576015,-0.139546868466,0.0234028835759,0.0217873324978,-0.00115110478776,-0.000304299245735,0,-0.00143672752368,-0.00115110478776,0,-0.0239487784942,-0.030887752898,-13,-0.00734048560136,-0.028909642546,0,-0.0434782608696,0.0434782608696,82,0,6,418,0.931818181818,1,0,0.0681818181818,1,0.931818181818,0.964705882353,0.958452959446,0.931818181818,0.931818181818,3,9,0,10,6,10
950,WLNM_dir_neg_kfold,0.845679012346,0.658417508418,00:00:01,10,90,6,18351,threshold_sweep,0.5,1,0.333333333333,0.5,3,0,6,18,0.333333333333,1,0,0.666666666667,1,0.333333333333,0.5,0.777777777778,0.62962962963,0.4,0.5,0.333333333333,94,85,9,0,94,0,85,0,9,23,88,0.173913043478,1.68507579377,7.65217391304,7.33333333333,5.5,3.63829000359,0.475458352741,0.249505928854,5.32278271304,1.39118184545,0.672924901186,3.27042079462,0.854769071322,0.442687747036,0.749191304359,0.444603920564,2.5,1.68507579377,0.749191304359,2.5,0.259446613992,0.18878248974,46,0.025974025974,0.333144633145,23,23,23,1,0,0.478260869565,0.217391304348,0.304347826087,23,0.156126482213,1.68422181683,6.86956521739,6.58333333333,5.26666666667,3.26558289139,0.475369661405,0.25701706109,4.78469232369,1.39301168918,0.680242157402,3.01249046708,0.877054186617,0.466703357182,0.748433971026,0.444379691289,2.5,1.68422181683,0.748433971026,2.5,0.230926649108,0.149741824441,29,0.0163749294184,0.28423731151,23,23,23,1,0,0.478260869565,0.173913043478,0.347826086957,23,82,0.162055335968,1.68363906625,7.13043478261,6.83333333333,5.46666666667,3.3616060532,0.471444751364,0.253446447508,4.95274108639,1.38918347545,0.676564156946,3.13087392616,0.878171954898,0.464475079533,0.748040199571,0.444299621319,2.5,1.68363906625,0.748040199571,2.5,0.235497835498,0.157894736842,33,0.0186335403727,0.304234990599,23,23,23,1,0,0.478260869565,0.173913043478,0.347826086957,-6,-0.0118577075099,-0.00143672752368,-0.521739130435,-0.5,-0.0333333333333,-0.276683950386,-0.00401360137788,0.0039405186542,-0.370041626658,-0.0019983700049,0.00363925576015,-0.139546868466,0.0234028835759,0.0217873324978,-0.00115110478776,-0.000304299245735,0,-0.00143672752368,-0.00115110478776,0,-0.0239487784942,-0.030887752898,-13,-0.00734048560136,-0.028909642546,0,-0.0434782608696,0.0434782608696,82,0,6,418,0.931818181818,1,0,0.0681818181818,1,0.931818181818,0.964705882353,0.958452959446,0.931818181818,0.931818181818,3,9,0,10,6,10
951,WLNM_dir_neg_kfold,0.845679012346,0.658417508418,00:00:01,10,90,6,18351,threshold_sweep,0.6,1,0.333333333333,0.5,3,0,6,18,0.333333333333,1,0,0.666666666667,1,0.333333333333,0.5,0.777777777778,0.62962962963,0.4,0.5,0.333333333333,94,85,9,0,94,0,85,0,9,23,88,0.173913043478,1.68507579377,7.65217391304,7.33333333333,5.5,3.63829000359,0.475458352741,0.249505928854,5.32278271304,1.39118184545,0.672924901186,3.27042079462,0.854769071322,0.442687747036,0.749191304359,0.444603920564,2.5,1.68507579377,0.749191304359,2.5,0.259446613992,0.18878248974,46,0.025974025974,0.333144633145,23,23,23,1,0,0.478260869565,0.217391304348,0.304347826087,23,0.156126482213,1.68422181683,6.86956521739,6.58333333333,5.26666666667,3.26558289139,0.475369661405,0.25701706109,4.78469232369,1.39301168918,0.680242157402,3.01249046708,0.877054186617,0.466703357182,0.748433971026,0.444379691289,2.5,1.68422181683,0.748433971026,2.5,0.230926649108,0.149741824441,29,0.0163749294184,0.28423731151,23,23,23,1,0,0.478260869565,0.173913043478,0.347826086957,23,82,0.162055335968,1.68363906625,7.13043478261,6.83333333333,5.46666666667,3.3616060532,0.471444751364,0.253446447508,4.95274108639,1.38918347545,0.676564156946,3.13087392616,0.878171954898,0.464475079533,0.748040199571,0.444299621319,2.5,1.68363906625,0.748040199571,2.5,0.235497835498,0.157894736842,33,0.0186335403727,0.304234990599,23,23,23,1,0,0.478260869565,0.173913043478,0.347826086957,-6,-0.0118577075099,-0.00143672752368,-0.521739130435,-0.5,-0.0333333333333,-0.276683950386,-0.00401360137788,0.0039405186542,-0.370041626658,-0.0019983700049,0.00363925576015,-0.139546868466,0.0234028835759,0.0217873324978,-0.00115110478776,-0.000304299245735,0,-0.00143672752368,-0.00115110478776,0,-0.0239487784942,-0.030887752898,-13,-0.00734048560136,-0.028909642546,0,-0.0434782608696,0.0434782608696,82,0,6,418,0.931818181818,1,0,0.0681818181818,1,0.931818181818,0.964705882353,0.958452959446,0.931818181818,0.931818181818,3,9,0,10,6,10
952,WLNM_dir_neg_kfold,0.845679012346,0.658417508418,00:00:01,10,90,6,18351,threshold_sweep,0.7,1,0.111111111111,0.2,1,0,8,18,0.111111111111,1,0,0.888888888889,1,0.111111111111,0.2,0.703703703704,0.654320987654,0.142857142857,0.277350098113,0.111111111111,94,85,9,0,94,0,85,0,9,23,88,0.173913043478,1.68507579377,7.65217391304,7.33333333333,5.5,3.63829000359,0.475458352741,0.249505928854,5.32278271304,1.39118184545,0.672924901186,3.27042079462,0.854769071322,0.442687747036,0.749191304359,0.444603920564,2.5,1.68507579377,0.749191304359,2.5,0.259446613992,0.18878248974,46,0.025974025974,0.333144633145,23,23,23,1,0,0.478260869565,0.217391304348,0.304347826087,23,0.156126482213,1.68422181683,6.86956521739,6.58333333333,5.26666666667,3.26558289139,0.475369661405,0.25701706109,4.78469232369,1.39301168918,0.680242157402,3.01249046708,0.877054186617,0.466703357182,0.748433971026,0.444379691289,2.5,1.68422181683,0.748433971026,2.5,0.230926649108,0.149741824441,29,0.0163749294184,0.28423731151,23,23,23,1,0,0.478260869565,0.173913043478,0.347826086957,23,80,0.158102766798,1.68363906625,6.95652173913,6.66666666667,5.33333333333,3.33682294283,0.479668298031,0.258152173913,4.86984753558,1.40008116648,0.682608695652,3.05806779783,0.879194491876,0.46847826087,0.748040199571,0.444299621319,2.5,1.68363906625,0.748040199571,2.5,0.236172161172,0.155258764608,31,0.0175042348955,0.290619817893,23,23,23,1,0,0.478260869565,0.173913043478,0.347826086957,-8,-0.0158102766798,-0.00143672752368,-0.695652173913,-0.666666666667,-0.166666666667,-0.301467060759,0.00420994529,0.00864624505929,-0.452935177467,0.00889932102371,0.0096837944664,-0.212352996794,0.0244254205539,0.025790513834,-0.00115110478776,-0.000304299245735,0,-0.00143672752368,-0.00115110478776,0,-0.0232744528199,-0.0335237251324,-15,-0.00846979107849,-0.0425248152521,0,-0.0434782608696,0.0434782608696,80,0,8,418,0.909090909091,1,0,0.0909090909091,1,0.909090909091,0.952380952381,0.944467458064,0.909090909091,0.909090909091,1,9,0,10,6,10
953,WLNM_dir_neg_kfold,0.845679012346,0.658417508418,00:00:01,10,90,6,18351,threshold_sweep,0.8,1,0.111111111111,0.2,1,0,8,18,0.111111111111,1,0,0.888888888889,1,0.111111111111,0.2,0.703703703704,0.654320987654,0.142857142857,0.277350098113,0.111111111111,94,85,9,0,94,0,85,0,9,23,88,0.173913043478,1.68507579377,7.65217391304,7.33333333333,5.5,3.63829000359,0.475458352741,0.249505928854,5.32278271304,1.39118184545,0.672924901186,3.27042079462,0.854769071322,0.442687747036,0.749191304359,0.444603920564,2.5,1.68507579377,0.749191304359,2.5,0.259446613992,0.18878248974,46,0.025974025974,0.333144633145,23,23,23,1,0,0.478260869565,0.217391304348,0.304347826087,23,0.156126482213,1.68422181683,6.86956521739,6.58333333333,5.26666666667,3.26558289139,0.475369661405,0.25701706109,4.78469232369,1.39301168918,0.680242157402,3.01249046708,0.877054186617,0.466703357182,0.748433971026,0.444379691289,2.5,1.68422181683,0.748433971026,2.5,0.230926649108,0.149741824441,29,0.0163749294184,0.28423731151,23,23,23,1,0,0.478260869565,0.173913043478,0.347826086957,23,80,0.158102766798,1.68363906625,6.95652173913,6.66666666667,5.33333333333,3.33682294283,0.479668298031,0.258152173913,4.86984753558,1.40008116648,0.682608695652,3.05806779783,0.879194491876,0.46847826087,0.748040199571,0.444299621319,2.5,1.68363906625,0.748040199571,2.5,0.236172161172,0.155258764608,31,0.0175042348955,0.290619817893,23,23,23,1,0,0.478260869565,0.173913043478,0.347826086957,-8,-0.0158102766798,-0.00143672752368,-0.695652173913,-0.666666666667,-0.166666666667,-0.301467060759,0.00420994529,0.00864624505929,-0.452935177467,0.00889932102371,0.0096837944664,-0.212352996794,0.0244254205539,0.025790513834,-0.00115110478776,-0.000304299245735,0,-0.00143672752368,-0.00115110478776,0,-0.0232744528199,-0.0335237251324,-15,-0.00846979107849,-0.0425248152521,0,-0.0434782608696,0.0434782608696,80,0,8,418,0.909090909091,1,0,0.0909090909091,1,0.909090909091,0.952380952381,0.944467458064,0.909090909091,0.909090909091,1,9,0,10,6,10
954,WLNM_dir_neg_kfold,0.845679012346,0.658417508418,00:00:01,10,90,6,18351,threshold_sweep,0.9,1,0.111111111111,0.2,1,0,8,18,0.111111111111,1,0,0.888888888889,1,0.111111111111,0.2,0.703703703704,0.654320987654,0.142857142857,0.277350098113,0.111111111111,94,85,9,0,94,0,85,0,9,23,88,0.173913043478,1.68507579377,7.65217391304,7.33333333333,5.5,3.63829000359,0.475458352741,0.249505928854,5.32278271304,1.39118184545,0.672924901186,3.27042079462,0.854769071322,0.442687747036,0.749191304359,0.444603920564,2.5,1.68507579377,0.749191304359,2.5,0.259446613992,0.18878248974,46,0.025974025974,0.333144633145,23,23,23,1,0,0.478260869565,0.217391304348,0.304347826087,23,0.156126482213,1.68422181683,6.86956521739,6.58333333333,5.26666666667,3.26558289139,0.475369661405,0.25701706109,4.78469232369,1.39301168918,0.680242157402,3.01249046708,0.877054186617,0.466703357182,0.748433971026,0.444379691289,2.5,1.68422181683,0.748433971026,2.5,0.230926649108,0.149741824441,29,0.0163749294184,0.28423731151,23,23,23,1,0,0.478260869565,0.173913043478,0.347826086957,23,80,0.158102766798,1.68363906625,6.95652173913,6.66666666667,5.33333333333,3.33682294283,0.479668298031,0.258152173913,4.86984753558,1.40008116648,0.682608695652,3.05806779783,0.879194491876,0.46847826087,0.748040199571,0.444299621319,2.5,1.68363906625,0.748040199571,2.5,0.236172161172,0.155258764608,31,0.0175042348955,0.290619817893,23,23,23,1,0,0.478260869565,0.173913043478,0.347826086957,-8,-0.0158102766798,-0.00143672752368,-0.695652173913,-0.666666666667,-0.166666666667,-0.301467060759,0.00420994529,0.00864624505929,-0.452935177467,0.00889932102371,0.0096837944664,-0.212352996794,0.0244254205539,0.025790513834,-0.00115110478776,-0.000304299245735,0,-0.00143672752368,-0.00115110478776,0,-0.0232744528199,-0.0335237251324,-15,-0.00846979107849,-0.0425248152521,0,-0.0434782608696,0.0434782608696,80,0,8,418,0.909090909091,1,0,0.0909090909091,1,0.909090909091,0.952380952381,0.944467458064,0.909090909091,0.909090909091,1,9,0,10,6,10
955,WLNM_dir_neg_kfold,0.907407407407,0.61455026455,00:00:01,10,90,7,18352,threshold_sweep,0.1,0.714285714286,0.555555555556,0.625,5,2,4,16,0.555555555556,0.888888888889,0.111111111111,0.444444444444,0.714285714286,0.555555555556,0.625,0.777777777778,0.58024691358,0.470588235294,0.478091443734,0.444444444444,94,85,9,0,94,0,85,0,9,23,88,0.173913043478,1.68507579377,7.65217391304,7.33333333333,5.5,3.63829000359,0.475458352741,0.249505928854,5.32278271304,1.39118184545,0.672924901186,3.27042079462,0.854769071322,0.442687747036,0.749191304359,0.444603920564,2.5,1.68507579377,0.749191304359,2.5,0.259446613992,0.18878248974,46,0.025974025974,0.333144633145,23,23,23,1,0,0.478260869565,0.217391304348,0.304347826087,23,0.156126482213,1.68422181683,6.86956521739,6.58333333333,5.26666666667,3.26558289139,0.475369661405,0.25701706109,4.78469232369,1.39301168918,0.680242157402,3.01249046708,0.877054186617,0.466703357182,0.748433971026,0.444379691289,2.5,1.68422181683,0.748433971026,2.5,0.230926649108,0.149741824441,29,0.0163749294184,0.28423731151,23,23,23,1,0,0.478260869565,0.173913043478,0.347826086957,23,86,0.169960474308,1.77587412587,7.47826086957,7.16666666667,4.77777777778,3.50155245073,0.46823085097,0.250252780586,5.17175362649,1.38314341174,0.675429726997,3.01838896379,0.807243560085,0.427704752275,0.883491608748,0.49749675153,3,1.77587412587,0.883491608748,3,0.294057391883,0.208092485549,48,0.0271033314512,0.290381104586,23,23,23,1,0,0.478260869565,0.304347826087,0.217391304348,-2,-0.00395256916996,0.0907983321027,-0.173913043478,-0.166666666667,-0.722222222222,-0.136737552856,-0.00722750177163,0.000746851732696,-0.151029086553,-0.00803843371864,0.0025048258112,-0.25203183083,-0.0475255112377,-0.0149829947605,0.134300304389,0.0528928309654,0.5,0.0907983321027,0.134300304389,0.5,0.0346107778914,0.0193099958091,2,0.00112930547713,-0.042763528559,0,0.0869565217391,-0.0869565217391,84,2,4,416,0.954545454545,0.995215311005,0.00478468899522,0.0454545454545,0.976744186047,0.954545454545,0.965517241379,0.958450815254,0.94976076555,0.933333333333,7,9,0,10,6,10
956,WLNM_dir_neg_kfold,0.907407407407,0.61455026455,00:00:01,10,90,7,18352,threshold_sweep,0.2,0.833333333333,0.555555555556,0.666666666667,5,1,4,17,0.555555555556,0.944444444444,0.0555555555556,0.444444444444,0.833333333333,0.555555555556,0.666666666667,0.814814814815,0.592592592593,0.545454545455,0.566946709514,0.5,94,85,9,0,94,0,85,0,9,23,88,0.173913043478,1.68507579377,7.65217391304,7.33333333333,5.5,3.63829000359,0.475458352741,0.249505928854,5.32278271304,1.39118184545,0.672924901186,3.27042079462,0.854769071322,0.442687747036,0.749191304359,0.444603920564,2.5,1.68507579377,0.749191304359,2.5,0.259446613992,0.18878248974,46,0.025974025974,0.333144633145,23,23,23,1,0,0.478260869565,0.217391304348,0.304347826087,23,0.156126482213,1.68422181683,6.86956521739,6.58333333333,5.26666666667,3.26558289139,0.475369661405,0.25701706109,4.78469232369,1.39301168918,0.680242157402,3.01249046708,0.877054186617,0.466703357182,0.748433971026,0.444379691289,2.5,1.68422181683,0.748433971026,2.5,0.230926649108,0.149741824441,29,0.0163749294184,0.28423731151,23,23,23,1,0,0.478260869565,0.173913043478,0.347826086957,23,85,0.167984189723,1.77149299975,7.39130434783,7.08333333333,5,3.47378664801,0.469982899437,0.252173913043,5.07610071009,1.37353313332,0.672122762148,3.06645757436,0.82974734365,0.438874680307,0.880816561338,0.497217071397,3,1.77149299975,0.880816561338,3,0.307276057276,0.208579881657,47,0.0265386787126,0.294484639939,23,23,23,1,0,0.478260869565,0.260869565217,0.260869565217,-3,-0.00592885375494,0.0864172059824,-0.260869565217,-0.25,-0.5,-0.164503355577,-0.00547545330484,0.00266798418972,-0.246682002954,-0.0176487121362,-0.000802139037433,-0.203963220267,-0.0250217276726,-0.00381306672867,0.131625256979,0.0526131508327,0.5,0.0864172059824,0.131625256979,0.5,0.047829443284,0.0197973919167,1,0.000564652738566,-0.0386599932054,0,0.0434782608696,-0.0434782608696,84,1,4,417,0.954545454545,0.997607655502,0.00239234449761,0.0454545454545,0.988235294118,0.954545454545,0.971098265896,0.965352124038,0.952153110048,0.943820224719,6,9,0,10,6,10
957,WLNM_dir_neg_kfold,0.907407407407,0.61455026455,00:00:01,10,90,7,18352,threshold_sweep,0.3,0.8,0.444444444444,0.571428571429,4,1,5,17,0.444444444444,0.944444444444,0.0555555555556,0.555555555556,0.8,0.444444444444,0.571428571429,0.777777777778,0.604938271605,0.4375,0.471939903724,0.388888888889,94,85,9,0,94,0,85,0,9,23,88,0.173913043478,1.68507579377,7.65217391304,7.33333333333,5.5,3.63829000359,0.475458352741,0.249505928854,5.32278271304,1.39118184545,0.672924901186,3.27042079462,0.854769071322,0.442687747036,0.749191304359,0.444603920564,2.5,1.68507579377,0.749191304359,2.5,0.259446613992,0.18878248974,46,0.025974025974,0.333144633145,23,23,23,1,0,0.478260869565,0.217391304348,0.304347826087,23,0.156126482213,1.68422181683,6.86956521739,6.58333333333,5.26666666667,3.26558289139,0.475369661405,0.25701706109,4.78469232369,1.39301168918,0.680242157402,3.01249046708,0.877054186617,0.466703357182,0.748433971026,0.444379691289,2.5,1.68422181683,0.748433971026,2.5,0.230926649108,0.149741824441,29,0.0163749294184,0.28423731151,23,23,23,1,0,0.478260869565,0.173913043478,0.347826086957,23,84,0.166007905138,1.76826796392,7.30434782609,7,5.25,3.30886938406,0.452999975199,0.244306418219,4.98733574031,1.36558002413,0.668737060041,3.11314946714,0.852409973145,0.449275362319,0.879163129826,0.497188858117,3,1.76826796392,0.879163129826,3,0.270884912189,0.161538461538,35,0.0197628458498,0.299191044646,23,23,23,1,0,0.478260869565,0.217391304348,0.304347826087,-4,-0.00790513833992,0.0831921701487,-0.347826086957,-0.333333333333,-0.25,-0.329420619523,-0.0224583775423,-0.00519951063429,-0.335446972735,-0.0256018213224,-0.00418784114436,-0.157271327486,-0.00235909817735,0.00658761528327,0.129971825467,0.0525849375522,0.5,0.0831921701487,0.129971825467,0.5,0.0114382981972,-0.0272440282016,-11,-0.00621118012422,-0.033953588499,0,0,0,83,1,5,417,0.943181818182,0.997607655502,0.00239234449761,0.0568181818182,0.988095238095,0.943181818182,0.96511627907,0.958354216501,0.940789473684,0.932584269663,5,9,0,10,6,10
958,WLNM_dir_neg_kfold,0.907407407407,0.61455026455,00:00:01,10,90,7,18352,threshold_sweep,0.4,0.8,0.444444444444,0.571428571429,4,1,5,17,0.444444444444,0.944444444444,0.0555555555556,0.555555555556,0.8,0.444444444444,0.571428571429,0.777777777778,0.604938271605,0.4375,0.471939903724,0.388888888889,94,85,9,0,94,0,85,0,9,23,88,0.173913043478,1.68507579377,7.65217391304,7.33333333333,5.5,3.63829000359,0.475458352741,0.249505928854,5.32278271304,1.39118184545,0.672924901186,3.27042079462,0.854769071322,0.442687747036,0.749191304359,0.444603920564,2.5,1.68507579377,0.749191304359,2.5,0.259446613992,0.18878248974,46,0.025974025974,0.333144633145,23,23,23,1,0,0.478260869565,0.217391304348,0.304347826087,23,0.156126482213,1.68422181683,6.86956521739,6.58333333333,5.26666666667,3.26558289139,0.475369661405,0.25701706109,4.78469232369,1.39301168918,0.680242157402,3.01249046708,0.877054186617,0.466703357182,0.748433971026,0.444379691289,2.5,1.68422181683,0.748433971026,2.5,0.230926649108,0.149741824441,29,0.0163749294184,0.28423731151,23,23,23,1,0,0.478260869565,0.173913043478,0.347826086957,23,84,0.166007905138,1.76826796392,7.30434782609,7,5.25,3.30886938406,0.452999975199,0.244306418219,4.98733574031,1.36558002413,0.668737060041,3.11314946714,0.852409973145,0.449275362319,0.879163129826,0.497188858117,3,1.76826796392,0.879163129826,3,0.270884912189,0.161538461538,35,0.0197628458498,0.299191044646,23,23,23,1,0,0.478260869565,0.217391304348,0.304347826087,-4,-0.00790513833992,0.0831921701487,-0.347826086957,-0.333333333333,-0.25,-0.329420619523,-0.0224583775423,-0.00519951063429,-0.335446972735,-0.0256018213224,-0.00418784114436,-0.157271327486,-0.00235909817735,0.00658761528327,0.129971825467,0.0525849375522,0.5,0.0831921701487,0.129971825467,0.5,0.0114382981972,-0.0272440282016,-11,-0.00621118012422,-0.033953588499,0,0,0,83,1,5,417,0.943181818182,0.997607655502,0.00239234449761,0.0568181818182,0.988095238095,0.943181818182,0.96511627907,0.958354216501,0.940789473684,0.932584269663,5,9,0,10,6,10
959,WLNM_dir_neg_kfold,0.907407407407,0.61455026455,00:00:01,10,90,7,18352,threshold_sweep,0.5,0.8,0.444444444444,0.571428571429,4,1,5,17,0.444444444444,0.944444444444,0.0555555555556,0.555555555556,0.8,0.444444444444,0.571428571429,0.777777777778,0.604938271605,0.4375,0.471939903724,0.388888888889,94,85,9,0,94,0,85,0,9,23,88,0.173913043478,1.68507579377,7.65217391304,7.33333333333,5.5,3.63829000359,0.475458352741,0.249505928854,5.32278271304,1.39118184545,0.672924901186,3.27042079462,0.854769071322,0.442687747036,0.749191304359,0.444603920564,2.5,1.68507579377,0.749191304359,2.5,0.259446613992,0.18878248974,46,0.025974025974,0.333144633145,23,23,23,1,0,0.478260869565,0.217391304348,0.304347826087,23,0.156126482213,1.68422181683,6.86956521739,6.58333333333,5.26666666667,3.26558289139,0.475369661405,0.25701706109,4.78469232369,1.39301168918,0.680242157402,3.01249046708,0.877054186617,0.466703357182,0.748433971026,0.444379691289,2.5,1.68422181683,0.748433971026,2.5,0.230926649108,0.149741824441,29,0.0163749294184,0.28423731151,23,23,23,1,0,0.478260869565,0.173913043478,0.347826086957,23,84,0.166007905138,1.76826796392,7.30434782609,7,5.25,3.30886938406,0.452999975199,0.244306418219,4.98733574031,1.36558002413,0.668737060041,3.11314946714,0.852409973145,0.449275362319,0.879163129826,0.497188858117,3,1.76826796392,0.879163129826,3,0.270884912189,0.161538461538,35,0.0197628458498,0.299191044646,23,23,23,1,0,0.478260869565,0.217391304348,0.304347826087,-4,-0.00790513833992,0.0831921701487,-0.347826086957,-0.333333333333,-0.25,-0.329420619523,-0.0224583775423,-0.00519951063429,-0.335446972735,-0.0256018213224,-0.00418784114436,-0.157271327486,-0.00235909817735,0.00658761528327,0.129971825467,0.0525849375522,0.5,0.0831921701487,0.129971825467,0.5,0.0114382981972,-0.0272440282016,-11,-0.00621118012422,-0.033953588499,0,0,0,83,1,5,417,0.943181818182,0.997607655502,0.00239234449761,0.0568181818182,0.988095238095,0.943181818182,0.96511627907,0.958354216501,0.940789473684,0.932584269663,5,9,0,10,6,10
960,WLNM_dir_neg_kfold,0.907407407407,0.61455026455,00:00:01,10,90,7,18352,threshold_sweep,0.6,0.8,0.444444444444,0.571428571429,4,1,5,17,0.444444444444,0.944444444444,0.0555555555556,0.555555555556,0.8,0.444444444444,0.571428571429,0.777777777778,0.604938271605,0.4375,0.471939903724,0.388888888889,94,85,9,0,94,0,85,0,9,23,88,0.173913043478,1.68507579377,7.65217391304,7.33333333333,5.5,3.63829000359,0.475458352741,0.249505928854,5.32278271304,1.39118184545,0.672924901186,3.27042079462,0.854769071322,0.442687747036,0.749191304359,0.444603920564,2.5,1.68507579377,0.749191304359,2.5,0.259446613992,0.18878248974,46,0.025974025974,0.333144633145,23,23,23,1,0,0.478260869565,0.217391304348,0.304347826087,23,0.156126482213,1.68422181683,6.86956521739,6.58333333333,5.26666666667,3.26558289139,0.475369661405,0.25701706109,4.78469232369,1.39301168918,0.680242157402,3.01249046708,0.877054186617,0.466703357182,0.748433971026,0.444379691289,2.5,1.68422181683,0.748433971026,2.5,0.230926649108,0.149741824441,29,0.0163749294184,0.28423731151,23,23,23,1,0,0.478260869565,0.173913043478,0.347826086957,23,84,0.166007905138,1.76826796392,7.30434782609,7,5.25,3.30886938406,0.452999975199,0.244306418219,4.98733574031,1.36558002413,0.668737060041,3.11314946714,0.852409973145,0.449275362319,0.879163129826,0.497188858117,3,1.76826796392,0.879163129826,3,0.270884912189,0.161538461538,35,0.0197628458498,0.299191044646,23,23,23,1,0,0.478260869565,0.217391304348,0.304347826087,-4,-0.00790513833992,0.0831921701487,-0.347826086957,-0.333333333333,-0.25,-0.329420619523,-0.0224583775423,-0.00519951063429,-0.335446972735,-0.0256018213224,-0.00418784114436,-0.157271327486,-0.00235909817735,0.00658761528327,0.129971825467,0.0525849375522,0.5,0.0831921701487,0.129971825467,0.5,0.0114382981972,-0.0272440282016,-11,-0.00621118012422,-0.033953588499,0,0,0,83,1,5,417,0.943181818182,0.997607655502,0.00239234449761,0.0568181818182,0.988095238095,0.943181818182,0.96511627907,0.958354216501,0.940789473684,0.932584269663,5,9,0,10,6,10
961,WLNM_dir_neg_kfold,0.907407407407,0.61455026455,00:00:01,10,90,7,18352,threshold_sweep,0.7,0.8,0.444444444444,0.571428571429,4,1,5,17,0.444444444444,0.944444444444,0.0555555555556,0.555555555556,0.8,0.444444444444,0.571428571429,0.777777777778,0.604938271605,0.4375,0.471939903724,0.388888888889,94,85,9,0,94,0,85,0,9,23,88,0.173913043478,1.68507579377,7.65217391304,7.33333333333,5.5,3.63829000359,0.475458352741,0.249505928854,5.32278271304,1.39118184545,0.672924901186,3.27042079462,0.854769071322,0.442687747036,0.749191304359,0.444603920564,2.5,1.68507579377,0.749191304359,2.5,0.259446613992,0.18878248974,46,0.025974025974,0.333144633145,23,23,23,1,0,0.478260869565,0.217391304348,0.304347826087,23,0.156126482213,1.68422181683,6.86956521739,6.58333333333,5.26666666667,3.26558289139,0.475369661405,0.25701706109,4.78469232369,1.39301168918,0.680242157402,3.01249046708,0.877054186617,0.466703357182,0.748433971026,0.444379691289,2.5,1.68422181683,0.748433971026,2.5,0.230926649108,0.149741824441,29,0.0163749294184,0.28423731151,23,23,23,1,0,0.478260869565,0.173913043478,0.347826086957,23,84,0.166007905138,1.76826796392,7.30434782609,7,5.25,3.30886938406,0.452999975199,0.244306418219,4.98733574031,1.36558002413,0.668737060041,3.11314946714,0.852409973145,0.449275362319,0.879163129826,0.497188858117,3,1.76826796392,0.879163129826,3,0.270884912189,0.161538461538,35,0.0197628458498,0.299191044646,23,23,23,1,0,0.478260869565,0.217391304348,0.304347826087,-4,-0.00790513833992,0.0831921701487,-0.347826086957,-0.333333333333,-0.25,-0.329420619523,-0.0224583775423,-0.00519951063429,-0.335446972735,-0.0256018213224,-0.00418784114436,-0.157271327486,-0.00235909817735,0.00658761528327,0.129971825467,0.0525849375522,0.5,0.0831921701487,0.129971825467,0.5,0.0114382981972,-0.0272440282016,-11,-0.00621118012422,-0.033953588499,0,0,0,83,1,5,417,0.943181818182,0.997607655502,0.00239234449761,0.0568181818182,0.988095238095,0.943181818182,0.96511627907,0.958354216501,0.940789473684,0.932584269663,5,9,0,10,6,10
962,WLNM_dir_neg_kfold,0.907407407407,0.61455026455,00:00:01,10,90,7,18352,threshold_sweep,0.8,0.8,0.444444444444,0.571428571429,4,1,5,17,0.444444444444,0.944444444444,0.0555555555556,0.555555555556,0.8,0.444444444444,0.571428571429,0.777777777778,0.604938271605,0.4375,0.471939903724,0.388888888889,94,85,9,0,94,0,85,0,9,23,88,0.173913043478,1.68507579377,7.65217391304,7.33333333333,5.5,3.63829000359,0.475458352741,0.249505928854,5.32278271304,1.39118184545,0.672924901186,3.27042079462,0.854769071322,0.442687747036,0.749191304359,0.444603920564,2.5,1.68507579377,0.749191304359,2.5,0.259446613992,0.18878248974,46,0.025974025974,0.333144633145,23,23,23,1,0,0.478260869565,0.217391304348,0.304347826087,23,0.156126482213,1.68422181683,6.86956521739,6.58333333333,5.26666666667,3.26558289139,0.475369661405,0.25701706109,4.78469232369,1.39301168918,0.680242157402,3.01249046708,0.877054186617,0.466703357182,0.748433971026,0.444379691289,2.5,1.68422181683,0.748433971026,2.5,0.230926649108,0.149741824441,29,0.0163749294184,0.28423731151,23,23,23,1,0,0.478260869565,0.173913043478,0.347826086957,23,84,0.166007905138,1.76826796392,7.30434782609,7,5.25,3.30886938406,0.452999975199,0.244306418219,4.98733574031,1.36558002413,0.668737060041,3.11314946714,0.852409973145,0.449275362319,0.879163129826,0.497188858117,3,1.76826796392,0.879163129826,3,0.270884912189,0.161538461538,35,0.0197628458498,0.299191044646,23,23,23,1,0,0.478260869565,0.217391304348,0.304347826087,-4,-0.00790513833992,0.0831921701487,-0.347826086957,-0.333333333333,-0.25,-0.329420619523,-0.0224583775423,-0.00519951063429,-0.335446972735,-0.0256018213224,-0.00418784114436,-0.157271327486,-0.00235909817735,0.00658761528327,0.129971825467,0.0525849375522,0.5,0.0831921701487,0.129971825467,0.5,0.0114382981972,-0.0272440282016,-11,-0.00621118012422,-0.033953588499,0,0,0,83,1,5,417,0.943181818182,0.997607655502,0.00239234449761,0.0568181818182,0.988095238095,0.943181818182,0.96511627907,0.958354216501,0.940789473684,0.932584269663,5,9,0,10,6,10
963,WLNM_dir_neg_kfold,0.907407407407,0.61455026455,00:00:01,10,90,7,18352,threshold_sweep,0.9,0.8,0.444444444444,0.571428571429,4,1,5,17,0.444444444444,0.944444444444,0.0555555555556,0.555555555556,0.8,0.444444444444,0.571428571429,0.777777777778,0.604938271605,0.4375,0.471939903724,0.388888888889,94,85,9,0,94,0,85,0,9,23,88,0.173913043478,1.68507579377,7.65217391304,7.33333333333,5.5,3.63829000359,0.475458352741,0.249505928854,5.32278271304,1.39118184545,0.672924901186,3.27042079462,0.854769071322,0.442687747036,0.749191304359,0.444603920564,2.5,1.68507579377,0.749191304359,2.5,0.259446613992,0.18878248974,46,0.025974025974,0.333144633145,23,23,23,1,0,0.478260869565,0.217391304348,0.304347826087,23,0.156126482213,1.68422181683,6.86956521739,6.58333333333,5.26666666667,3.26558289139,0.475369661405,0.25701706109,4.78469232369,1.39301168918,0.680242157402,3.01249046708,0.877054186617,0.466703357182,0.748433971026,0.444379691289,2.5,1.68422181683,0.748433971026,2.5,0.230926649108,0.149741824441,29,0.0163749294184,0.28423731151,23,23,23,1,0,0.478260869565,0.173913043478,0.347826086957,23,84,0.166007905138,1.76826796392,7.30434782609,7,5.25,3.30886938406,0.452999975199,0.244306418219,4.98733574031,1.36558002413,0.668737060041,3.11314946714,0.852409973145,0.449275362319,0.879163129826,0.497188858117,3,1.76826796392,0.879163129826,3,0.270884912189,0.161538461538,35,0.0197628458498,0.299191044646,23,23,23,1,0,0.478260869565,0.217391304348,0.304347826087,-4,-0.00790513833992,0.0831921701487,-0.347826086957,-0.333333333333,-0.25,-0.329420619523,-0.0224583775423,-0.00519951063429,-0.335446972735,-0.0256018213224,-0.00418784114436,-0.157271327486,-0.00235909817735,0.00658761528327,0.129971825467,0.0525849375522,0.5,0.0831921701487,0.129971825467,0.5,0.0114382981972,-0.0272440282016,-11,-0.00621118012422,-0.033953588499,0,0,0,83,1,5,417,0.943181818182,0.997607655502,0.00239234449761,0.0568181818182,0.988095238095,0.943181818182,0.96511627907,0.958354216501,0.940789473684,0.932584269663,5,9,0,10,6,10
964,WLNM_dir_neg_kfold,0.70987654321,0.569246031746,00:00:01,10,90,8,18353,threshold_sweep,0.1,1,0.444444444444,0.615384615385,4,0,5,18,0.444444444444,1,0,0.555555555556,1,0.444444444444,0.615384615385,0.814814814815,0.617283950617,0.516129032258,0.58976782462,0.444444444444,94,85,9,0,94,0,85,0,9,23,88,0.173913043478,1.68507579377,7.65217391304,7.33333333333,5.5,3.63829000359,0.475458352741,0.249505928854,5.32278271304,1.39118184545,0.672924901186,3.27042079462,0.854769071322,0.442687747036,0.749191304359,0.444603920564,2.5,1.68507579377,0.749191304359,2.5,0.259446613992,0.18878248974,46,0.025974025974,0.333144633145,23,23,23,1,0,0.478260869565,0.217391304348,0.304347826087,23,0.156126482213,1.68422181683,6.86956521739,6.58333333333,5.26666666667,3.26558289139,0.475369661405,0.25701706109,4.78469232369,1.39301168918,0.680242157402,3.01249046708,0.877054186617,0.466703357182,0.748433971026,0.444379691289,2.5,1.68422181683,0.748433971026,2.5,0.230926649108,0.149741824441,29,0.0163749294184,0.28423731151,23,23,23,1,0,0.478260869565,0.173913043478,0.347826086957,23,83,0.164031620553,1.68363906625,7.21739130435,6.91666666667,5.53333333333,3.38387246884,0.4688497999,0.25091671032,5.00671485866,1.38740291264,0.674698795181,3.15852569801,0.875254109087,0.458878994238,0.748040199571,0.444299621319,2.5,1.68363906625,0.748040199571,2.5,0.2352541398,0.158878504673,34,0.0191981931112,0.30959629596,23,23,23,1,0,0.478260869565,0.173913043478,0.347826086957,-5,-0.0098814229249,-0.00143672752368,-0.434782608696,-0.416666666667,0.0333333333333,-0.254417534746,-0.00660855284186,0.00141078146578,-0.316067854387,-0.00377893281491,0.00177389399495,-0.111895096616,0.0204850377644,0.0161912472022,-0.00115110478776,-0.000304299245735,0,-0.00143672752368,-0.00115110478776,0,-0.0241924741925,-0.0299039850672,-12,-0.00677583286279,-0.0235483371847,0,-0.0434782608696,0.0434782608696,83,0,5,418,0.943181818182,1,0,0.0568181818182,1,0.943181818182,0.970760233918,0.965418612275,0.943181818182,0.943181818182,4,9,0,10,6,10
965,WLNM_dir_neg_kfold,0.70987654321,0.569246031746,00:00:01,10,90,8,18353,threshold_sweep,0.2,1,0.444444444444,0.615384615385,4,0,5,18,0.444444444444,1,0,0.555555555556,1,0.444444444444,0.615384615385,0.814814814815,0.617283950617,0.516129032258,0.58976782462,0.444444444444,94,85,9,0,94,0,85,0,9,23,88,0.173913043478,1.68507579377,7.65217391304,7.33333333333,5.5,3.63829000359,0.475458352741,0.249505928854,5.32278271304,1.39118184545,0.672924901186,3.27042079462,0.854769071322,0.442687747036,0.749191304359,0.444603920564,2.5,1.68507579377,0.749191304359,2.5,0.259446613992,0.18878248974,46,0.025974025974,0.333144633145,23,23,23,1,0,0.478260869565,0.217391304348,0.304347826087,23,0.156126482213,1.68422181683,6.86956521739,6.58333333333,5.26666666667,3.26558289139,0.475369661405,0.25701706109,4.78469232369,1.39301168918,0.680242157402,3.01249046708,0.877054186617,0.466703357182,0.748433971026,0.444379691289,2.5,1.68422181683,0.748433971026,2.5,0.230926649108,0.149741824441,29,0.0163749294184,0.28423731151,23,23,23,1,0,0.478260869565,0.173913043478,0.347826086957,23,83,0.164031620553,1.68363906625,7.21739130435,6.91666666667,5.53333333333,3.38387246884,0.4688497999,0.25091671032,5.00671485866,1.38740291264,0.674698795181,3.15852569801,0.875254109087,0.458878994238,0.748040199571,0.444299621319,2.5,1.68363906625,0.748040199571,2.5,0.2352541398,0.158878504673,34,0.0191981931112,0.30959629596,23,23,23,1,0,0.478260869565,0.173913043478,0.347826086957,-5,-0.0098814229249,-0.00143672752368,-0.434782608696,-0.416666666667,0.0333333333333,-0.254417534746,-0.00660855284186,0.00141078146578,-0.316067854387,-0.00377893281491,0.00177389399495,-0.111895096616,0.0204850377644,0.0161912472022,-0.00115110478776,-0.000304299245735,0,-0.00143672752368,-0.00115110478776,0,-0.0241924741925,-0.0299039850672,-12,-0.00677583286279,-0.0235483371847,0,-0.0434782608696,0.0434782608696,83,0,5,418,0.943181818182,1,0,0.0568181818182,1,0.943181818182,0.970760233918,0.965418612275,0.943181818182,0.943181818182,4,9,0,10,6,10
966,WLNM_dir_neg_kfold,0.70987654321,0.569246031746,00:00:01,10,90,8,18353,threshold_sweep,0.3,1,0.444444444444,0.615384615385,4,0,5,18,0.444444444444,1,0,0.555555555556,1,0.444444444444,0.615384615385,0.814814814815,0.617283950617,0.516129032258,0.58976782462,0.444444444444,94,85,9,0,94,0,85,0,9,23,88,0.173913043478,1.68507579377,7.65217391304,7.33333333333,5.5,3.63829000359,0.475458352741,0.249505928854,5.32278271304,1.39118184545,0.672924901186,3.27042079462,0.854769071322,0.442687747036,0.749191304359,0.444603920564,2.5,1.68507579377,0.749191304359,2.5,0.259446613992,0.18878248974,46,0.025974025974,0.333144633145,23,23,23,1,0,0.478260869565,0.217391304348,0.304347826087,23,0.156126482213,1.68422181683,6.86956521739,6.58333333333,5.26666666667,3.26558289139,0.475369661405,0.25701706109,4.78469232369,1.39301168918,0.680242157402,3.01249046708,0.877054186617,0.466703357182,0.748433971026,0.444379691289,2.5,1.68422181683,0.748433971026,2.5,0.230926649108,0.149741824441,29,0.0163749294184,0.28423731151,23,23,23,1,0,0.478260869565,0.173913043478,0.347826086957,23,83,0.164031620553,1.68363906625,7.21739130435,6.91666666667,5.53333333333,3.38387246884,0.4688497999,0.25091671032,5.00671485866,1.38740291264,0.674698795181,3.15852569801,0.875254109087,0.458878994238,0.748040199571,0.444299621319,2.5,1.68363906625,0.748040199571,2.5,0.2352541398,0.158878504673,34,0.0191981931112,0.30959629596,23,23,23,1,0,0.478260869565,0.173913043478,0.347826086957,-5,-0.0098814229249,-0.00143672752368,-0.434782608696,-0.416666666667,0.0333333333333,-0.254417534746,-0.00660855284186,0.00141078146578,-0.316067854387,-0.00377893281491,0.00177389399495,-0.111895096616,0.0204850377644,0.0161912472022,-0.00115110478776,-0.000304299245735,0,-0.00143672752368,-0.00115110478776,0,-0.0241924741925,-0.0299039850672,-12,-0.00677583286279,-0.0235483371847,0,-0.0434782608696,0.0434782608696,83,0,5,418,0.943181818182,1,0,0.0568181818182,1,0.943181818182,0.970760233918,0.965418612275,0.943181818182,0.943181818182,4,9,0,10,6,10
967,WLNM_dir_neg_kfold,0.70987654321,0.569246031746,00:00:01,10,90,8,18353,threshold_sweep,0.4,1,0.444444444444,0.615384615385,4,0,5,18,0.444444444444,1,0,0.555555555556,1,0.444444444444,0.615384615385,0.814814814815,0.617283950617,0.516129032258,0.58976782462,0.444444444444,94,85,9,0,94,0,85,0,9,23,88,0.173913043478,1.68507579377,7.65217391304,7.33333333333,5.5,3.63829000359,0.475458352741,0.249505928854,5.32278271304,1.39118184545,0.672924901186,3.27042079462,0.854769071322,0.442687747036,0.749191304359,0.444603920564,2.5,1.68507579377,0.749191304359,2.5,0.259446613992,0.18878248974,46,0.025974025974,0.333144633145,23,23,23,1,0,0.478260869565,0.217391304348,0.304347826087,23,0.156126482213,1.68422181683,6.86956521739,6.58333333333,5.26666666667,3.26558289139,0.475369661405,0.25701706109,4.78469232369,1.39301168918,0.680242157402,3.01249046708,0.877054186617,0.466703357182,0.748433971026,0.444379691289,2.5,1.68422181683,0.748433971026,2.5,0.230926649108,0.149741824441,29,0.0163749294184,0.28423731151,23,23,23,1,0,0.478260869565,0.173913043478,0.347826086957,23,83,0.164031620553,1.68363906625,7.21739130435,6.91666666667,5.53333333333,3.38387246884,0.4688497999,0.25091671032,5.00671485866,1.38740291264,0.674698795181,3.15852569801,0.875254109087,0.458878994238,0.748040199571,0.444299621319,2.5,1.68363906625,0.748040199571,2.5,0.2352541398,0.158878504673,34,0.0191981931112,0.30959629596,23,23,23,1,0,0.478260869565,0.173913043478,0.347826086957,-5,-0.0098814229249,-0.00143672752368,-0.434782608696,-0.416666666667,0.0333333333333,-0.254417534746,-0.00660855284186,0.00141078146578,-0.316067854387,-0.00377893281491,0.00177389399495,-0.111895096616,0.0204850377644,0.0161912472022,-0.00115110478776,-0.000304299245735,0,-0.00143672752368,-0.00115110478776,0,-0.0241924741925,-0.0299039850672,-12,-0.00677583286279,-0.0235483371847,0,-0.0434782608696,0.0434782608696,83,0,5,418,0.943181818182,1,0,0.0568181818182,1,0.943181818182,0.970760233918,0.965418612275,0.943181818182,0.943181818182,4,9,0,10,6,10
968,WLNM_dir_neg_kfold,0.70987654321,0.569246031746,00:00:01,10,90,8,18353,threshold_sweep,0.5,1,0.444444444444,0.615384615385,4,0,5,18,0.444444444444,1,0,0.555555555556,1,0.444444444444,0.615384615385,0.814814814815,0.617283950617,0.516129032258,0.58976782462,0.444444444444,94,85,9,0,94,0,85,0,9,23,88,0.173913043478,1.68507579377,7.65217391304,7.33333333333,5.5,3.63829000359,0.475458352741,0.249505928854,5.32278271304,1.39118184545,0.672924901186,3.27042079462,0.854769071322,0.442687747036,0.749191304359,0.444603920564,2.5,1.68507579377,0.749191304359,2.5,0.259446613992,0.18878248974,46,0.025974025974,0.333144633145,23,23,23,1,0,0.478260869565,0.217391304348,0.304347826087,23,0.156126482213,1.68422181683,6.86956521739,6.58333333333,5.26666666667,3.26558289139,0.475369661405,0.25701706109,4.78469232369,1.39301168918,0.680242157402,3.01249046708,0.877054186617,0.466703357182,0.748433971026,0.444379691289,2.5,1.68422181683,0.748433971026,2.5,0.230926649108,0.149741824441,29,0.0163749294184,0.28423731151,23,23,23,1,0,0.478260869565,0.173913043478,0.347826086957,23,83,0.164031620553,1.68363906625,7.21739130435,6.91666666667,5.53333333333,3.38387246884,0.4688497999,0.25091671032,5.00671485866,1.38740291264,0.674698795181,3.15852569801,0.875254109087,0.458878994238,0.748040199571,0.444299621319,2.5,1.68363906625,0.748040199571,2.5,0.2352541398,0.158878504673,34,0.0191981931112,0.30959629596,23,23,23,1,0,0.478260869565,0.173913043478,0.347826086957,-5,-0.0098814229249,-0.00143672752368,-0.434782608696,-0.416666666667,0.0333333333333,-0.254417534746,-0.00660855284186,0.00141078146578,-0.316067854387,-0.00377893281491,0.00177389399495,-0.111895096616,0.0204850377644,0.0161912472022,-0.00115110478776,-0.000304299245735,0,-0.00143672752368,-0.00115110478776,0,-0.0241924741925,-0.0299039850672,-12,-0.00677583286279,-0.0235483371847,0,-0.0434782608696,0.0434782608696,83,0,5,418,0.943181818182,1,0,0.0568181818182,1,0.943181818182,0.970760233918,0.965418612275,0.943181818182,0.943181818182,4,9,0,10,6,10
969,WLNM_dir_neg_kfold,0.70987654321,0.569246031746,00:00:01,10,90,8,18353,threshold_sweep,0.6,1,0.444444444444,0.615384615385,4,0,5,18,0.444444444444,1,0,0.555555555556,1,0.444444444444,0.615384615385,0.814814814815,0.617283950617,0.516129032258,0.58976782462,0.444444444444,94,85,9,0,94,0,85,0,9,23,88,0.173913043478,1.68507579377,7.65217391304,7.33333333333,5.5,3.63829000359,0.475458352741,0.249505928854,5.32278271304,1.39118184545,0.672924901186,3.27042079462,0.854769071322,0.442687747036,0.749191304359,0.444603920564,2.5,1.68507579377,0.749191304359,2.5,0.259446613992,0.18878248974,46,0.025974025974,0.333144633145,23,23,23,1,0,0.478260869565,0.217391304348,0.304347826087,23,0.156126482213,1.68422181683,6.86956521739,6.58333333333,5.26666666667,3.26558289139,0.475369661405,0.25701706109,4.78469232369,1.39301168918,0.680242157402,3.01249046708,0.877054186617,0.466703357182,0.748433971026,0.444379691289,2.5,1.68422181683,0.748433971026,2.5,0.230926649108,0.149741824441,29,0.0163749294184,0.28423731151,23,23,23,1,0,0.478260869565,0.173913043478,0.347826086957,23,83,0.164031620553,1.68363906625,7.21739130435,6.91666666667,5.53333333333,3.38387246884,0.4688497999,0.25091671032,5.00671485866,1.38740291264,0.674698795181,3.15852569801,0.875254109087,0.458878994238,0.748040199571,0.444299621319,2.5,1.68363906625,0.748040199571,2.5,0.2352541398,0.158878504673,34,0.0191981931112,0.30959629596,23,23,23,1,0,0.478260869565,0.173913043478,0.347826086957,-5,-0.0098814229249,-0.00143672752368,-0.434782608696,-0.416666666667,0.0333333333333,-0.254417534746,-0.00660855284186,0.00141078146578,-0.316067854387,-0.00377893281491,0.00177389399495,-0.111895096616,0.0204850377644,0.0161912472022,-0.00115110478776,-0.000304299245735,0,-0.00143672752368,-0.00115110478776,0,-0.0241924741925,-0.0299039850672,-12,-0.00677583286279,-0.0235483371847,0,-0.0434782608696,0.0434782608696,83,0,5,418,0.943181818182,1,0,0.0568181818182,1,0.943181818182,0.970760233918,0.965418612275,0.943181818182,0.943181818182,4,9,0,10,6,10
970,WLNM_dir_neg_kfold,0.70987654321,0.569246031746,00:00:01,10,90,8,18353,threshold_sweep,0.7,1,0.444444444444,0.615384615385,4,0,5,18,0.444444444444,1,0,0.555555555556,1,0.444444444444,0.615384615385,0.814814814815,0.617283950617,0.516129032258,0.58976782462,0.444444444444,94,85,9,0,94,0,85,0,9,23,88,0.173913043478,1.68507579377,7.65217391304,7.33333333333,5.5,3.63829000359,0.475458352741,0.249505928854,5.32278271304,1.39118184545,0.672924901186,3.27042079462,0.854769071322,0.442687747036,0.749191304359,0.444603920564,2.5,1.68507579377,0.749191304359,2.5,0.259446613992,0.18878248974,46,0.025974025974,0.333144633145,23,23,23,1,0,0.478260869565,0.217391304348,0.304347826087,23,0.156126482213,1.68422181683,6.86956521739,6.58333333333,5.26666666667,3.26558289139,0.475369661405,0.25701706109,4.78469232369,1.39301168918,0.680242157402,3.01249046708,0.877054186617,0.466703357182,0.748433971026,0.444379691289,2.5,1.68422181683,0.748433971026,2.5,0.230926649108,0.149741824441,29,0.0163749294184,0.28423731151,23,23,23,1,0,0.478260869565,0.173913043478,0.347826086957,23,83,0.164031620553,1.68363906625,7.21739130435,6.91666666667,5.53333333333,3.38387246884,0.4688497999,0.25091671032,5.00671485866,1.38740291264,0.674698795181,3.15852569801,0.875254109087,0.458878994238,0.748040199571,0.444299621319,2.5,1.68363906625,0.748040199571,2.5,0.2352541398,0.158878504673,34,0.0191981931112,0.30959629596,23,23,23,1,0,0.478260869565,0.173913043478,0.347826086957,-5,-0.0098814229249,-0.00143672752368,-0.434782608696,-0.416666666667,0.0333333333333,-0.254417534746,-0.00660855284186,0.00141078146578,-0.316067854387,-0.00377893281491,0.00177389399495,-0.111895096616,0.0204850377644,0.0161912472022,-0.00115110478776,-0.000304299245735,0,-0.00143672752368,-0.00115110478776,0,-0.0241924741925,-0.0299039850672,-12,-0.00677583286279,-0.0235483371847,0,-0.0434782608696,0.0434782608696,83,0,5,418,0.943181818182,1,0,0.0568181818182,1,0.943181818182,0.970760233918,0.965418612275,0.943181818182,0.943181818182,4,9,0,10,6,10
971,WLNM_dir_neg_kfold,0.70987654321,0.569246031746,00:00:01,10,90,8,18353,threshold_sweep,0.8,1,0.444444444444,0.615384615385,4,0,5,18,0.444444444444,1,0,0.555555555556,1,0.444444444444,0.615384615385,0.814814814815,0.617283950617,0.516129032258,0.58976782462,0.444444444444,94,85,9,0,94,0,85,0,9,23,88,0.173913043478,1.68507579377,7.65217391304,7.33333333333,5.5,3.63829000359,0.475458352741,0.249505928854,5.32278271304,1.39118184545,0.672924901186,3.27042079462,0.854769071322,0.442687747036,0.749191304359,0.444603920564,2.5,1.68507579377,0.749191304359,2.5,0.259446613992,0.18878248974,46,0.025974025974,0.333144633145,23,23,23,1,0,0.478260869565,0.217391304348,0.304347826087,23,0.156126482213,1.68422181683,6.86956521739,6.58333333333,5.26666666667,3.26558289139,0.475369661405,0.25701706109,4.78469232369,1.39301168918,0.680242157402,3.01249046708,0.877054186617,0.466703357182,0.748433971026,0.444379691289,2.5,1.68422181683,0.748433971026,2.5,0.230926649108,0.149741824441,29,0.0163749294184,0.28423731151,23,23,23,1,0,0.478260869565,0.173913043478,0.347826086957,23,83,0.164031620553,1.68363906625,7.21739130435,6.91666666667,5.53333333333,3.38387246884,0.4688497999,0.25091671032,5.00671485866,1.38740291264,0.674698795181,3.15852569801,0.875254109087,0.458878994238,0.748040199571,0.444299621319,2.5,1.68363906625,0.748040199571,2.5,0.2352541398,0.158878504673,34,0.0191981931112,0.30959629596,23,23,23,1,0,0.478260869565,0.173913043478,0.347826086957,-5,-0.0098814229249,-0.00143672752368,-0.434782608696,-0.416666666667,0.0333333333333,-0.254417534746,-0.00660855284186,0.00141078146578,-0.316067854387,-0.00377893281491,0.00177389399495,-0.111895096616,0.0204850377644,0.0161912472022,-0.00115110478776,-0.000304299245735,0,-0.00143672752368,-0.00115110478776,0,-0.0241924741925,-0.0299039850672,-12,-0.00677583286279,-0.0235483371847,0,-0.0434782608696,0.0434782608696,83,0,5,418,0.943181818182,1,0,0.0568181818182,1,0.943181818182,0.970760233918,0.965418612275,0.943181818182,0.943181818182,4,9,0,10,6,10
972,WLNM_dir_neg_kfold,0.70987654321,0.569246031746,00:00:01,10,90,8,18353,threshold_sweep,0.9,1,0.444444444444,0.615384615385,4,0,5,18,0.444444444444,1,0,0.555555555556,1,0.444444444444,0.615384615385,0.814814814815,0.617283950617,0.516129032258,0.58976782462,0.444444444444,94,85,9,0,94,0,85,0,9,23,88,0.173913043478,1.68507579377,7.65217391304,7.33333333333,5.5,3.63829000359,0.475458352741,0.249505928854,5.32278271304,1.39118184545,0.672924901186,3.27042079462,0.854769071322,0.442687747036,0.749191304359,0.444603920564,2.5,1.68507579377,0.749191304359,2.5,0.259446613992,0.18878248974,46,0.025974025974,0.333144633145,23,23,23,1,0,0.478260869565,0.217391304348,0.304347826087,23,0.156126482213,1.68422181683,6.86956521739,6.58333333333,5.26666666667,3.26558289139,0.475369661405,0.25701706109,4.78469232369,1.39301168918,0.680242157402,3.01249046708,0.877054186617,0.466703357182,0.748433971026,0.444379691289,2.5,1.68422181683,0.748433971026,2.5,0.230926649108,0.149741824441,29,0.0163749294184,0.28423731151,23,23,23,1,0,0.478260869565,0.173913043478,0.347826086957,23,83,0.164031620553,1.68363906625,7.21739130435,6.91666666667,5.53333333333,3.38387246884,0.4688497999,0.25091671032,5.00671485866,1.38740291264,0.674698795181,3.15852569801,0.875254109087,0.458878994238,0.748040199571,0.444299621319,2.5,1.68363906625,0.748040199571,2.5,0.2352541398,0.158878504673,34,0.0191981931112,0.30959629596,23,23,23,1,0,0.478260869565,0.173913043478,0.347826086957,-5,-0.0098814229249,-0.00143672752368,-0.434782608696,-0.416666666667,0.0333333333333,-0.254417534746,-0.00660855284186,0.00141078146578,-0.316067854387,-0.00377893281491,0.00177389399495,-0.111895096616,0.0204850377644,0.0161912472022,-0.00115110478776,-0.000304299245735,0,-0.00143672752368,-0.00115110478776,0,-0.0241924741925,-0.0299039850672,-12,-0.00677583286279,-0.0235483371847,0,-0.0434782608696,0.0434782608696,83,0,5,418,0.943181818182,1,0,0.0568181818182,1,0.943181818182,0.970760233918,0.965418612275,0.943181818182,0.943181818182,4,9,0,10,6,10
973,WLNM_dir_neg_kfold,0.845679012346,0.639770723104,00:00:01,10,90,9,18354,threshold_sweep,0.1,0.8,0.444444444444,0.571428571429,4,1,5,17,0.444444444444,0.944444444444,0.0555555555556,0.555555555556,0.8,0.444444444444,0.571428571429,0.777777777778,0.604938271605,0.4375,0.471939903724,0.388888888889,94,85,9,0,94,0,85,0,9,23,88,0.173913043478,1.68507579377,7.65217391304,7.33333333333,5.5,3.63829000359,0.475458352741,0.249505928854,5.32278271304,1.39118184545,0.672924901186,3.27042079462,0.854769071322,0.442687747036,0.749191304359,0.444603920564,2.5,1.68507579377,0.749191304359,2.5,0.259446613992,0.18878248974,46,0.025974025974,0.333144633145,23,23,23,1,0,0.478260869565,0.217391304348,0.304347826087,23,0.156126482213,1.68422181683,6.86956521739,6.58333333333,5.26666666667,3.26558289139,0.475369661405,0.25701706109,4.78469232369,1.39301168918,0.680242157402,3.01249046708,0.877054186617,0.466703357182,0.748433971026,0.444379691289,2.5,1.68422181683,0.748433971026,2.5,0.230926649108,0.149741824441,29,0.0163749294184,0.28423731151,23,23,23,1,0,0.478260869565,0.173913043478,0.347826086957,23,84,0.166007905138,1.76826796392,7.30434782609,7,5.25,3.30886938406,0.452999975199,0.244306418219,4.98733574031,1.36558002413,0.668737060041,3.11314946714,0.852409973145,0.449275362319,0.879163129826,0.497188858117,3,1.76826796392,0.879163129826,3,0.270884912189,0.161538461538,35,0.0197628458498,0.299191044646,23,23,23,1,0,0.478260869565,0.217391304348,0.304347826087,-4,-0.00790513833992,0.0831921701487,-0.347826086957,-0.333333333333,-0.25,-0.329420619523,-0.0224583775423,-0.00519951063429,-0.335446972735,-0.0256018213224,-0.00418784114436,-0.157271327486,-0.00235909817735,0.00658761528327,0.129971825467,0.0525849375522,0.5,0.0831921701487,0.129971825467,0.5,0.0114382981972,-0.0272440282016,-11,-0.00621118012422,-0.033953588499,0,0,0,83,1,5,417,0.943181818182,0.997607655502,0.00239234449761,0.0568181818182,0.988095238095,0.943181818182,0.96511627907,0.958354216501,0.940789473684,0.932584269663,5,9,0,10,6,10
974,WLNM_dir_neg_kfold,0.845679012346,0.639770723104,00:00:01,10,90,9,18354,threshold_sweep,0.2,0.8,0.444444444444,0.571428571429,4,1,5,17,0.444444444444,0.944444444444,0.0555555555556,0.555555555556,0.8,0.444444444444,0.571428571429,0.777777777778,0.604938271605,0.4375,0.471939903724,0.388888888889,94,85,9,0,94,0,85,0,9,23,88,0.173913043478,1.68507579377,7.65217391304,7.33333333333,5.5,3.63829000359,0.475458352741,0.249505928854,5.32278271304,1.39118184545,0.672924901186,3.27042079462,0.854769071322,0.442687747036,0.749191304359,0.444603920564,2.5,1.68507579377,0.749191304359,2.5,0.259446613992,0.18878248974,46,0.025974025974,0.333144633145,23,23,23,1,0,0.478260869565,0.217391304348,0.304347826087,23,0.156126482213,1.68422181683,6.86956521739,6.58333333333,5.26666666667,3.26558289139,0.475369661405,0.25701706109,4.78469232369,1.39301168918,0.680242157402,3.01249046708,0.877054186617,0.466703357182,0.748433971026,0.444379691289,2.5,1.68422181683,0.748433971026,2.5,0.230926649108,0.149741824441,29,0.0163749294184,0.28423731151,23,23,23,1,0,0.478260869565,0.173913043478,0.347826086957,23,84,0.166007905138,1.76826796392,7.30434782609,7,5.25,3.30886938406,0.452999975199,0.244306418219,4.98733574031,1.36558002413,0.668737060041,3.11314946714,0.852409973145,0.449275362319,0.879163129826,0.497188858117,3,1.76826796392,0.879163129826,3,0.270884912189,0.161538461538,35,0.0197628458498,0.299191044646,23,23,23,1,0,0.478260869565,0.217391304348,0.304347826087,-4,-0.00790513833992,0.0831921701487,-0.347826086957,-0.333333333333,-0.25,-0.329420619523,-0.0224583775423,-0.00519951063429,-0.335446972735,-0.0256018213224,-0.00418784114436,-0.157271327486,-0.00235909817735,0.00658761528327,0.129971825467,0.0525849375522,0.5,0.0831921701487,0.129971825467,0.5,0.0114382981972,-0.0272440282016,-11,-0.00621118012422,-0.033953588499,0,0,0,83,1,5,417,0.943181818182,0.997607655502,0.00239234449761,0.0568181818182,0.988095238095,0.943181818182,0.96511627907,0.958354216501,0.940789473684,0.932584269663,5,9,0,10,6,10
975,WLNM_dir_neg_kfold,0.845679012346,0.639770723104,00:00:01,10,90,9,18354,threshold_sweep,0.3,1,0.444444444444,0.615384615385,4,0,5,18,0.444444444444,1,0,0.555555555556,1,0.444444444444,0.615384615385,0.814814814815,0.617283950617,0.516129032258,0.58976782462,0.444444444444,94,85,9,0,94,0,85,0,9,23,88,0.173913043478,1.68507579377,7.65217391304,7.33333333333,5.5,3.63829000359,0.475458352741,0.249505928854,5.32278271304,1.39118184545,0.672924901186,3.27042079462,0.854769071322,0.442687747036,0.749191304359,0.444603920564,2.5,1.68507579377,0.749191304359,2.5,0.259446613992,0.18878248974,46,0.025974025974,0.333144633145,23,23,23,1,0,0.478260869565,0.217391304348,0.304347826087,23,0.156126482213,1.68422181683,6.86956521739,6.58333333333,5.26666666667,3.26558289139,0.475369661405,0.25701706109,4.78469232369,1.39301168918,0.680242157402,3.01249046708,0.877054186617,0.466703357182,0.748433971026,0.444379691289,2.5,1.68422181683,0.748433971026,2.5,0.230926649108,0.149741824441,29,0.0163749294184,0.28423731151,23,23,23,1,0,0.478260869565,0.173913043478,0.347826086957,23,83,0.164031620553,1.68363906625,7.21739130435,6.91666666667,5.53333333333,3.38387246884,0.4688497999,0.25091671032,5.00671485866,1.38740291264,0.674698795181,3.15852569801,0.875254109087,0.458878994238,0.748040199571,0.444299621319,2.5,1.68363906625,0.748040199571,2.5,0.2352541398,0.158878504673,34,0.0191981931112,0.30959629596,23,23,23,1,0,0.478260869565,0.173913043478,0.347826086957,-5,-0.0098814229249,-0.00143672752368,-0.434782608696,-0.416666666667,0.0333333333333,-0.254417534746,-0.00660855284186,0.00141078146578,-0.316067854387,-0.00377893281491,0.00177389399495,-0.111895096616,0.0204850377644,0.0161912472022,-0.00115110478776,-0.000304299245735,0,-0.00143672752368,-0.00115110478776,0,-0.0241924741925,-0.0299039850672,-12,-0.00677583286279,-0.0235483371847,0,-0.0434782608696,0.0434782608696,83,0,5,418,0.943181818182,1,0,0.0568181818182,1,0.943181818182,0.970760233918,0.965418612275,0.943181818182,0.943181818182,4,9,0,10,6,10
976,WLNM_dir_neg_kfold,0.845679012346,0.639770723104,00:00:01,10,90,9,18354,threshold_sweep,0.4,1,0.444444444444,0.615384615385,4,0,5,18,0.444444444444,1,0,0.555555555556,1,0.444444444444,0.615384615385,0.814814814815,0.617283950617,0.516129032258,0.58976782462,0.444444444444,94,85,9,0,94,0,85,0,9,23,88,0.173913043478,1.68507579377,7.65217391304,7.33333333333,5.5,3.63829000359,0.475458352741,0.249505928854,5.32278271304,1.39118184545,0.672924901186,3.27042079462,0.854769071322,0.442687747036,0.749191304359,0.444603920564,2.5,1.68507579377,0.749191304359,2.5,0.259446613992,0.18878248974,46,0.025974025974,0.333144633145,23,23,23,1,0,0.478260869565,0.217391304348,0.304347826087,23,0.156126482213,1.68422181683,6.86956521739,6.58333333333,5.26666666667,3.26558289139,0.475369661405,0.25701706109,4.78469232369,1.39301168918,0.680242157402,3.01249046708,0.877054186617,0.466703357182,0.748433971026,0.444379691289,2.5,1.68422181683,0.748433971026,2.5,0.230926649108,0.149741824441,29,0.0163749294184,0.28423731151,23,23,23,1,0,0.478260869565,0.173913043478,0.347826086957,23,83,0.164031620553,1.68363906625,7.21739130435,6.91666666667,5.53333333333,3.38387246884,0.4688497999,0.25091671032,5.00671485866,1.38740291264,0.674698795181,3.15852569801,0.875254109087,0.458878994238,0.748040199571,0.444299621319,2.5,1.68363906625,0.748040199571,2.5,0.2352541398,0.158878504673,34,0.0191981931112,0.30959629596,23,23,23,1,0,0.478260869565,0.173913043478,0.347826086957,-5,-0.0098814229249,-0.00143672752368,-0.434782608696,-0.416666666667,0.0333333333333,-0.254417534746,-0.00660855284186,0.00141078146578,-0.316067854387,-0.00377893281491,0.00177389399495,-0.111895096616,0.0204850377644,0.0161912472022,-0.00115110478776,-0.000304299245735,0,-0.00143672752368,-0.00115110478776,0,-0.0241924741925,-0.0299039850672,-12,-0.00677583286279,-0.0235483371847,0,-0.0434782608696,0.0434782608696,83,0,5,418,0.943181818182,1,0,0.0568181818182,1,0.943181818182,0.970760233918,0.965418612275,0.943181818182,0.943181818182,4,9,0,10,6,10
977,WLNM_dir_neg_kfold,0.845679012346,0.639770723104,00:00:01,10,90,9,18354,threshold_sweep,0.5,1,0.444444444444,0.615384615385,4,0,5,18,0.444444444444,1,0,0.555555555556,1,0.444444444444,0.615384615385,0.814814814815,0.617283950617,0.516129032258,0.58976782462,0.444444444444,94,85,9,0,94,0,85,0,9,23,88,0.173913043478,1.68507579377,7.65217391304,7.33333333333,5.5,3.63829000359,0.475458352741,0.249505928854,5.32278271304,1.39118184545,0.672924901186,3.27042079462,0.854769071322,0.442687747036,0.749191304359,0.444603920564,2.5,1.68507579377,0.749191304359,2.5,0.259446613992,0.18878248974,46,0.025974025974,0.333144633145,23,23,23,1,0,0.478260869565,0.217391304348,0.304347826087,23,0.156126482213,1.68422181683,6.86956521739,6.58333333333,5.26666666667,3.26558289139,0.475369661405,0.25701706109,4.78469232369,1.39301168918,0.680242157402,3.01249046708,0.877054186617,0.466703357182,0.748433971026,0.444379691289,2.5,1.68422181683,0.748433971026,2.5,0.230926649108,0.149741824441,29,0.0163749294184,0.28423731151,23,23,23,1,0,0.478260869565,0.173913043478,0.347826086957,23,83,0.164031620553,1.68363906625,7.21739130435,6.91666666667,5.53333333333,3.38387246884,0.4688497999,0.25091671032,5.00671485866,1.38740291264,0.674698795181,3.15852569801,0.875254109087,0.458878994238,0.748040199571,0.444299621319,2.5,1.68363906625,0.748040199571,2.5,0.2352541398,0.158878504673,34,0.0191981931112,0.30959629596,23,23,23,1,0,0.478260869565,0.173913043478,0.347826086957,-5,-0.0098814229249,-0.00143672752368,-0.434782608696,-0.416666666667,0.0333333333333,-0.254417534746,-0.00660855284186,0.00141078146578,-0.316067854387,-0.00377893281491,0.00177389399495,-0.111895096616,0.0204850377644,0.0161912472022,-0.00115110478776,-0.000304299245735,0,-0.00143672752368,-0.00115110478776,0,-0.0241924741925,-0.0299039850672,-12,-0.00677583286279,-0.0235483371847,0,-0.0434782608696,0.0434782608696,83,0,5,418,0.943181818182,1,0,0.0568181818182,1,0.943181818182,0.970760233918,0.965418612275,0.943181818182,0.943181818182,4,9,0,10,6,10
978,WLNM_dir_neg_kfold,0.845679012346,0.639770723104,00:00:01,10,90,9,18354,threshold_sweep,0.6,1,0.444444444444,0.615384615385,4,0,5,18,0.444444444444,1,0,0.555555555556,1,0.444444444444,0.615384615385,0.814814814815,0.617283950617,0.516129032258,0.58976782462,0.444444444444,94,85,9,0,94,0,85,0,9,23,88,0.173913043478,1.68507579377,7.65217391304,7.33333333333,5.5,3.63829000359,0.475458352741,0.249505928854,5.32278271304,1.39118184545,0.672924901186,3.27042079462,0.854769071322,0.442687747036,0.749191304359,0.444603920564,2.5,1.68507579377,0.749191304359,2.5,0.259446613992,0.18878248974,46,0.025974025974,0.333144633145,23,23,23,1,0,0.478260869565,0.217391304348,0.304347826087,23,0.156126482213,1.68422181683,6.86956521739,6.58333333333,5.26666666667,3.26558289139,0.475369661405,0.25701706109,4.78469232369,1.39301168918,0.680242157402,3.01249046708,0.877054186617,0.466703357182,0.748433971026,0.444379691289,2.5,1.68422181683,0.748433971026,2.5,0.230926649108,0.149741824441,29,0.0163749294184,0.28423731151,23,23,23,1,0,0.478260869565,0.173913043478,0.347826086957,23,83,0.164031620553,1.68363906625,7.21739130435,6.91666666667,5.53333333333,3.38387246884,0.4688497999,0.25091671032,5.00671485866,1.38740291264,0.674698795181,3.15852569801,0.875254109087,0.458878994238,0.748040199571,0.444299621319,2.5,1.68363906625,0.748040199571,2.5,0.2352541398,0.158878504673,34,0.0191981931112,0.30959629596,23,23,23,1,0,0.478260869565,0.173913043478,0.347826086957,-5,-0.0098814229249,-0.00143672752368,-0.434782608696,-0.416666666667,0.0333333333333,-0.254417534746,-0.00660855284186,0.00141078146578,-0.316067854387,-0.00377893281491,0.00177389399495,-0.111895096616,0.0204850377644,0.0161912472022,-0.00115110478776,-0.000304299245735,0,-0.00143672752368,-0.00115110478776,0,-0.0241924741925,-0.0299039850672,-12,-0.00677583286279,-0.0235483371847,0,-0.0434782608696,0.0434782608696,83,0,5,418,0.943181818182,1,0,0.0568181818182,1,0.943181818182,0.970760233918,0.965418612275,0.943181818182,0.943181818182,4,9,0,10,6,10
979,WLNM_dir_neg_kfold,0.845679012346,0.639770723104,00:00:01,10,90,9,18354,threshold_sweep,0.7,1,0.444444444444,0.615384615385,4,0,5,18,0.444444444444,1,0,0.555555555556,1,0.444444444444,0.615384615385,0.814814814815,0.617283950617,0.516129032258,0.58976782462,0.444444444444,94,85,9,0,94,0,85,0,9,23,88,0.173913043478,1.68507579377,7.65217391304,7.33333333333,5.5,3.63829000359,0.475458352741,0.249505928854,5.32278271304,1.39118184545,0.672924901186,3.27042079462,0.854769071322,0.442687747036,0.749191304359,0.444603920564,2.5,1.68507579377,0.749191304359,2.5,0.259446613992,0.18878248974,46,0.025974025974,0.333144633145,23,23,23,1,0,0.478260869565,0.217391304348,0.304347826087,23,0.156126482213,1.68422181683,6.86956521739,6.58333333333,5.26666666667,3.26558289139,0.475369661405,0.25701706109,4.78469232369,1.39301168918,0.680242157402,3.01249046708,0.877054186617,0.466703357182,0.748433971026,0.444379691289,2.5,1.68422181683,0.748433971026,2.5,0.230926649108,0.149741824441,29,0.0163749294184,0.28423731151,23,23,23,1,0,0.478260869565,0.173913043478,0.347826086957,23,83,0.164031620553,1.68363906625,7.21739130435,6.91666666667,5.53333333333,3.38387246884,0.4688497999,0.25091671032,5.00671485866,1.38740291264,0.674698795181,3.15852569801,0.875254109087,0.458878994238,0.748040199571,0.444299621319,2.5,1.68363906625,0.748040199571,2.5,0.2352541398,0.158878504673,34,0.0191981931112,0.30959629596,23,23,23,1,0,0.478260869565,0.173913043478,0.347826086957,-5,-0.0098814229249,-0.00143672752368,-0.434782608696,-0.416666666667,0.0333333333333,-0.254417534746,-0.00660855284186,0.00141078146578,-0.316067854387,-0.00377893281491,0.00177389399495,-0.111895096616,0.0204850377644,0.0161912472022,-0.00115110478776,-0.000304299245735,0,-0.00143672752368,-0.00115110478776,0,-0.0241924741925,-0.0299039850672,-12,-0.00677583286279,-0.0235483371847,0,-0.0434782608696,0.0434782608696,83,0,5,418,0.943181818182,1,0,0.0568181818182,1,0.943181818182,0.970760233918,0.965418612275,0.943181818182,0.943181818182,4,9,0,10,6,10
980,WLNM_dir_neg_kfold,0.845679012346,0.639770723104,00:00:01,10,90,9,18354,threshold_sweep,0.8,1,0.444444444444,0.615384615385,4,0,5,18,0.444444444444,1,0,0.555555555556,1,0.444444444444,0.615384615385,0.814814814815,0.617283950617,0.516129032258,0.58976782462,0.444444444444,94,85,9,0,94,0,85,0,9,23,88,0.173913043478,1.68507579377,7.65217391304,7.33333333333,5.5,3.63829000359,0.475458352741,0.249505928854,5.32278271304,1.39118184545,0.672924901186,3.27042079462,0.854769071322,0.442687747036,0.749191304359,0.444603920564,2.5,1.68507579377,0.749191304359,2.5,0.259446613992,0.18878248974,46,0.025974025974,0.333144633145,23,23,23,1,0,0.478260869565,0.217391304348,0.304347826087,23,0.156126482213,1.68422181683,6.86956521739,6.58333333333,5.26666666667,3.26558289139,0.475369661405,0.25701706109,4.78469232369,1.39301168918,0.680242157402,3.01249046708,0.877054186617,0.466703357182,0.748433971026,0.444379691289,2.5,1.68422181683,0.748433971026,2.5,0.230926649108,0.149741824441,29,0.0163749294184,0.28423731151,23,23,23,1,0,0.478260869565,0.173913043478,0.347826086957,23,83,0.164031620553,1.68363906625,7.21739130435,6.91666666667,5.53333333333,3.38387246884,0.4688497999,0.25091671032,5.00671485866,1.38740291264,0.674698795181,3.15852569801,0.875254109087,0.458878994238,0.748040199571,0.444299621319,2.5,1.68363906625,0.748040199571,2.5,0.2352541398,0.158878504673,34,0.0191981931112,0.30959629596,23,23,23,1,0,0.478260869565,0.173913043478,0.347826086957,-5,-0.0098814229249,-0.00143672752368,-0.434782608696,-0.416666666667,0.0333333333333,-0.254417534746,-0.00660855284186,0.00141078146578,-0.316067854387,-0.00377893281491,0.00177389399495,-0.111895096616,0.0204850377644,0.0161912472022,-0.00115110478776,-0.000304299245735,0,-0.00143672752368,-0.00115110478776,0,-0.0241924741925,-0.0299039850672,-12,-0.00677583286279,-0.0235483371847,0,-0.0434782608696,0.0434782608696,83,0,5,418,0.943181818182,1,0,0.0568181818182,1,0.943181818182,0.970760233918,0.965418612275,0.943181818182,0.943181818182,4,9,0,10,6,10
981,WLNM_dir_neg_kfold,0.845679012346,0.639770723104,00:00:01,10,90,9,18354,threshold_sweep,0.9,1,0.444444444444,0.615384615385,4,0,5,18,0.444444444444,1,0,0.555555555556,1,0.444444444444,0.615384615385,0.814814814815,0.617283950617,0.516129032258,0.58976782462,0.444444444444,94,85,9,0,94,0,85,0,9,23,88,0.173913043478,1.68507579377,7.65217391304,7.33333333333,5.5,3.63829000359,0.475458352741,0.249505928854,5.32278271304,1.39118184545,0.672924901186,3.27042079462,0.854769071322,0.442687747036,0.749191304359,0.444603920564,2.5,1.68507579377,0.749191304359,2.5,0.259446613992,0.18878248974,46,0.025974025974,0.333144633145,23,23,23,1,0,0.478260869565,0.217391304348,0.304347826087,23,0.156126482213,1.68422181683,6.86956521739,6.58333333333,5.26666666667,3.26558289139,0.475369661405,0.25701706109,4.78469232369,1.39301168918,0.680242157402,3.01249046708,0.877054186617,0.466703357182,0.748433971026,0.444379691289,2.5,1.68422181683,0.748433971026,2.5,0.230926649108,0.149741824441,29,0.0163749294184,0.28423731151,23,23,23,1,0,0.478260869565,0.173913043478,0.347826086957,23,83,0.164031620553,1.68363906625,7.21739130435,6.91666666667,5.53333333333,3.38387246884,0.4688497999,0.25091671032,5.00671485866,1.38740291264,0.674698795181,3.15852569801,0.875254109087,0.458878994238,0.748040199571,0.444299621319,2.5,1.68363906625,0.748040199571,2.5,0.2352541398,0.158878504673,34,0.0191981931112,0.30959629596,23,23,23,1,0,0.478260869565,0.173913043478,0.347826086957,-5,-0.0098814229249,-0.00143672752368,-0.434782608696,-0.416666666667,0.0333333333333,-0.254417534746,-0.00660855284186,0.00141078146578,-0.316067854387,-0.00377893281491,0.00177389399495,-0.111895096616,0.0204850377644,0.0161912472022,-0.00115110478776,-0.000304299245735,0,-0.00143672752368,-0.00115110478776,0,-0.0241924741925,-0.0299039850672,-12,-0.00677583286279,-0.0235483371847,0,-0.0434782608696,0.0434782608696,83,0,5,418,0.943181818182,1,0,0.0568181818182,1,0.943181818182,0.970760233918,0.965418612275,0.943181818182,0.943181818182,4,9,0,10,6,10
982,WLNM_dir_neg_kfold,0.802469135802,0.515509259259,00:00:01,10,90,10,18355,threshold_sweep,0.1,0.75,0.333333333333,0.461538461538,3,1,6,17,0.333333333333,0.944444444444,0.0555555555556,0.666666666667,0.75,0.333333333333,0.461538461538,0.740740740741,0.617283950617,0.322580645161,0.368604890387,0.277777777778,94,85,9,0,94,0,85,0,9,23,88,0.173913043478,1.68507579377,7.65217391304,7.33333333333,5.5,3.63829000359,0.475458352741,0.249505928854,5.32278271304,1.39118184545,0.672924901186,3.27042079462,0.854769071322,0.442687747036,0.749191304359,0.444603920564,2.5,1.68507579377,0.749191304359,2.5,0.259446613992,0.18878248974,46,0.025974025974,0.333144633145,23,23,23,1,0,0.478260869565,0.217391304348,0.304347826087,23,0.156126482213,1.68422181683,6.86956521739,6.58333333333,5.26666666667,3.26558289139,0.475369661405,0.25701706109,4.78469232369,1.39301168918,0.680242157402,3.01249046708,0.877054186617,0.466703357182,0.748433971026,0.444379691289,2.5,1.68422181683,0.748433971026,2.5,0.230926649108,0.149741824441,29,0.0163749294184,0.28423731151,23,23,23,1,0,0.478260869565,0.173913043478,0.347826086957,23,83,0.164031620553,1,7.21739130435,6.38461538462,5.53333333333,3.35689956709,0.465112590621,0.25091671032,4.92432856923,1.36457297701,0.667365112624,3.17288412582,0.879232950529,0.464117338921,0,0,0,NaN,NaN,NaN,0.235497835498,0.157894736842,33,0.0186335403727,0.286646828955,23,23,0,1,2,0.434782608696,0.217391304348,0.347826086957,-5,-0.0098814229249,-0.685075793771,-0.434782608696,-0.948717948718,0.0333333333333,-0.281390436492,-0.0103457621199,0.00141078146578,-0.398454143816,-0.0266088684398,-0.00555978856136,-0.0975366688032,0.0244638792065,0.0214295918853,-0.749191304359,-0.444603920564,-2.5,NaN,NaN,NaN,-0.0239487784942,-0.030887752898,-13,-0.00734048560136,-0.0464978041901,-0.0434782608696,0,0.0434782608696,82,1,6,417,0.931818181818,0.997607655502,0.00239234449761,0.0681818181818,0.987951807229,0.931818181818,0.959064327485,0.951338315457,0.929425837321,0.921348314607,4,9,0,10,6,10
983,WLNM_dir_neg_kfold,0.802469135802,0.515509259259,00:00:01,10,90,10,18355,threshold_sweep,0.2,0.5,0.111111111111,0.181818181818,1,1,8,17,0.111111111111,0.944444444444,0.0555555555556,0.888888888889,0.5,0.111111111111,0.181818181818,0.666666666667,0.641975308642,0.0689655172414,0.1,0.0555555555556,94,85,9,0,94,0,85,0,9,23,88,0.173913043478,1.68507579377,7.65217391304,7.33333333333,5.5,3.63829000359,0.475458352741,0.249505928854,5.32278271304,1.39118184545,0.672924901186,3.27042079462,0.854769071322,0.442687747036,0.749191304359,0.444603920564,2.5,1.68507579377,0.749191304359,2.5,0.259446613992,0.18878248974,46,0.025974025974,0.333144633145,23,23,23,1,0,0.478260869565,0.217391304348,0.304347826087,23,0.156126482213,1.68422181683,6.86956521739,6.58333333333,5.26666666667,3.26558289139,0.475369661405,0.25701706109,4.78469232369,1.39301168918,0.680242157402,3.01249046708,0.877054186617,0.466703357182,0.748433971026,0.444379691289,2.5,1.68422181683,0.748433971026,2.5,0.230926649108,0.149741824441,29,0.0163749294184,0.28423731151,23,23,23,1,0,0.478260869565,0.173913043478,0.347826086957,23,81,0.160079051383,1,7.04347826087,6.23076923077,5.4,3.33682294283,0.473746467192,0.256038647343,4.84176494132,1.37482214383,0.673107890499,3.1023387837,0.880911012656,0.469135802469,0,0,0,NaN,NaN,NaN,0.236172161172,0.155258764608,31,0.0175042348955,0.275126298203,23,23,0,1,2,0.434782608696,0.217391304348,0.347826086957,-7,-0.0138339920949,-0.685075793771,-0.608695652174,-1.10256410256,-0.1,-0.301467060759,-0.00171188554989,0.00653271848924,-0.48101777172,-0.0163597016218,0.000182989313424,-0.168082010924,0.0261419413334,0.0264480554336,-0.749191304359,-0.444603920564,-2.5,NaN,NaN,NaN,-0.0232744528199,-0.0335237251324,-15,-0.00846979107849,-0.0580183349414,-0.0434782608696,0,0.0434782608696,80,1,8,417,0.909090909091,0.997607655502,0.00239234449761,0.0909090909091,0.987654320988,0.909090909091,0.94674556213,0.937249960286,0.906698564593,0.898876404494,2,9,0,10,6,10
984,WLNM_dir_neg_kfold,0.802469135802,0.515509259259,00:00:01,10,90,10,18355,threshold_sweep,0.3,0.5,0.111111111111,0.181818181818,1,1,8,17,0.111111111111,0.944444444444,0.0555555555556,0.888888888889,0.5,0.111111111111,0.181818181818,0.666666666667,0.641975308642,0.0689655172414,0.1,0.0555555555556,94,85,9,0,94,0,85,0,9,23,88,0.173913043478,1.68507579377,7.65217391304,7.33333333333,5.5,3.63829000359,0.475458352741,0.249505928854,5.32278271304,1.39118184545,0.672924901186,3.27042079462,0.854769071322,0.442687747036,0.749191304359,0.444603920564,2.5,1.68507579377,0.749191304359,2.5,0.259446613992,0.18878248974,46,0.025974025974,0.333144633145,23,23,23,1,0,0.478260869565,0.217391304348,0.304347826087,23,0.156126482213,1.68422181683,6.86956521739,6.58333333333,5.26666666667,3.26558289139,0.475369661405,0.25701706109,4.78469232369,1.39301168918,0.680242157402,3.01249046708,0.877054186617,0.466703357182,0.748433971026,0.444379691289,2.5,1.68422181683,0.748433971026,2.5,0.230926649108,0.149741824441,29,0.0163749294184,0.28423731151,23,23,23,1,0,0.478260869565,0.173913043478,0.347826086957,23,81,0.160079051383,1,7.04347826087,6.23076923077,5.4,3.33682294283,0.473746467192,0.256038647343,4.84176494132,1.37482214383,0.673107890499,3.1023387837,0.880911012656,0.469135802469,0,0,0,NaN,NaN,NaN,0.236172161172,0.155258764608,31,0.0175042348955,0.275126298203,23,23,0,1,2,0.434782608696,0.217391304348,0.347826086957,-7,-0.0138339920949,-0.685075793771,-0.608695652174,-1.10256410256,-0.1,-0.301467060759,-0.00171188554989,0.00653271848924,-0.48101777172,-0.0163597016218,0.000182989313424,-0.168082010924,0.0261419413334,0.0264480554336,-0.749191304359,-0.444603920564,-2.5,NaN,NaN,NaN,-0.0232744528199,-0.0335237251324,-15,-0.00846979107849,-0.0580183349414,-0.0434782608696,0,0.0434782608696,80,1,8,417,0.909090909091,0.997607655502,0.00239234449761,0.0909090909091,0.987654320988,0.909090909091,0.94674556213,0.937249960286,0.906698564593,0.898876404494,2,9,0,10,6,10
985,WLNM_dir_neg_kfold,0.802469135802,0.515509259259,00:00:01,10,90,10,18355,threshold_sweep,0.4,0.5,0.111111111111,0.181818181818,1,1,8,17,0.111111111111,0.944444444444,0.0555555555556,0.888888888889,0.5,0.111111111111,0.181818181818,0.666666666667,0.641975308642,0.0689655172414,0.1,0.0555555555556,94,85,9,0,94,0,85,0,9,23,88,0.173913043478,1.68507579377,7.65217391304,7.33333333333,5.5,3.63829000359,0.475458352741,0.249505928854,5.32278271304,1.39118184545,0.672924901186,3.27042079462,0.854769071322,0.442687747036,0.749191304359,0.444603920564,2.5,1.68507579377,0.749191304359,2.5,0.259446613992,0.18878248974,46,0.025974025974,0.333144633145,23,23,23,1,0,0.478260869565,0.217391304348,0.304347826087,23,0.156126482213,1.68422181683,6.86956521739,6.58333333333,5.26666666667,3.26558289139,0.475369661405,0.25701706109,4.78469232369,1.39301168918,0.680242157402,3.01249046708,0.877054186617,0.466703357182,0.748433971026,0.444379691289,2.5,1.68422181683,0.748433971026,2.5,0.230926649108,0.149741824441,29,0.0163749294184,0.28423731151,23,23,23,1,0,0.478260869565,0.173913043478,0.347826086957,23,81,0.160079051383,1,7.04347826087,6.23076923077,5.4,3.33682294283,0.473746467192,0.256038647343,4.84176494132,1.37482214383,0.673107890499,3.1023387837,0.880911012656,0.469135802469,0,0,0,NaN,NaN,NaN,0.236172161172,0.155258764608,31,0.0175042348955,0.275126298203,23,23,0,1,2,0.434782608696,0.217391304348,0.347826086957,-7,-0.0138339920949,-0.685075793771,-0.608695652174,-1.10256410256,-0.1,-0.301467060759,-0.00171188554989,0.00653271848924,-0.48101777172,-0.0163597016218,0.000182989313424,-0.168082010924,0.0261419413334,0.0264480554336,-0.749191304359,-0.444603920564,-2.5,NaN,NaN,NaN,-0.0232744528199,-0.0335237251324,-15,-0.00846979107849,-0.0580183349414,-0.0434782608696,0,0.0434782608696,80,1,8,417,0.909090909091,0.997607655502,0.00239234449761,0.0909090909091,0.987654320988,0.909090909091,0.94674556213,0.937249960286,0.906698564593,0.898876404494,2,9,0,10,6,10
986,WLNM_dir_neg_kfold,0.802469135802,0.515509259259,00:00:01,10,90,10,18355,threshold_sweep,0.5,0.5,0.111111111111,0.181818181818,1,1,8,17,0.111111111111,0.944444444444,0.0555555555556,0.888888888889,0.5,0.111111111111,0.181818181818,0.666666666667,0.641975308642,0.0689655172414,0.1,0.0555555555556,94,85,9,0,94,0,85,0,9,23,88,0.173913043478,1.68507579377,7.65217391304,7.33333333333,5.5,3.63829000359,0.475458352741,0.249505928854,5.32278271304,1.39118184545,0.672924901186,3.27042079462,0.854769071322,0.442687747036,0.749191304359,0.444603920564,2.5,1.68507579377,0.749191304359,2.5,0.259446613992,0.18878248974,46,0.025974025974,0.333144633145,23,23,23,1,0,0.478260869565,0.217391304348,0.304347826087,23,0.156126482213,1.68422181683,6.86956521739,6.58333333333,5.26666666667,3.26558289139,0.475369661405,0.25701706109,4.78469232369,1.39301168918,0.680242157402,3.01249046708,0.877054186617,0.466703357182,0.748433971026,0.444379691289,2.5,1.68422181683,0.748433971026,2.5,0.230926649108,0.149741824441,29,0.0163749294184,0.28423731151,23,23,23,1,0,0.478260869565,0.173913043478,0.347826086957,23,81,0.160079051383,1,7.04347826087,6.23076923077,5.4,3.33682294283,0.473746467192,0.256038647343,4.84176494132,1.37482214383,0.673107890499,3.1023387837,0.880911012656,0.469135802469,0,0,0,NaN,NaN,NaN,0.236172161172,0.155258764608,31,0.0175042348955,0.275126298203,23,23,0,1,2,0.434782608696,0.217391304348,0.347826086957,-7,-0.0138339920949,-0.685075793771,-0.608695652174,-1.10256410256,-0.1,-0.301467060759,-0.00171188554989,0.00653271848924,-0.48101777172,-0.0163597016218,0.000182989313424,-0.168082010924,0.0261419413334,0.0264480554336,-0.749191304359,-0.444603920564,-2.5,NaN,NaN,NaN,-0.0232744528199,-0.0335237251324,-15,-0.00846979107849,-0.0580183349414,-0.0434782608696,0,0.0434782608696,80,1,8,417,0.909090909091,0.997607655502,0.00239234449761,0.0909090909091,0.987654320988,0.909090909091,0.94674556213,0.937249960286,0.906698564593,0.898876404494,2,9,0,10,6,10
987,WLNM_dir_neg_kfold,0.802469135802,0.515509259259,00:00:01,10,90,10,18355,threshold_sweep,0.6,0.5,0.111111111111,0.181818181818,1,1,8,17,0.111111111111,0.944444444444,0.0555555555556,0.888888888889,0.5,0.111111111111,0.181818181818,0.666666666667,0.641975308642,0.0689655172414,0.1,0.0555555555556,94,85,9,0,94,0,85,0,9,23,88,0.173913043478,1.68507579377,7.65217391304,7.33333333333,5.5,3.63829000359,0.475458352741,0.249505928854,5.32278271304,1.39118184545,0.672924901186,3.27042079462,0.854769071322,0.442687747036,0.749191304359,0.444603920564,2.5,1.68507579377,0.749191304359,2.5,0.259446613992,0.18878248974,46,0.025974025974,0.333144633145,23,23,23,1,0,0.478260869565,0.217391304348,0.304347826087,23,0.156126482213,1.68422181683,6.86956521739,6.58333333333,5.26666666667,3.26558289139,0.475369661405,0.25701706109,4.78469232369,1.39301168918,0.680242157402,3.01249046708,0.877054186617,0.466703357182,0.748433971026,0.444379691289,2.5,1.68422181683,0.748433971026,2.5,0.230926649108,0.149741824441,29,0.0163749294184,0.28423731151,23,23,23,1,0,0.478260869565,0.173913043478,0.347826086957,23,81,0.160079051383,1,7.04347826087,6.23076923077,5.4,3.33682294283,0.473746467192,0.256038647343,4.84176494132,1.37482214383,0.673107890499,3.1023387837,0.880911012656,0.469135802469,0,0,0,NaN,NaN,NaN,0.236172161172,0.155258764608,31,0.0175042348955,0.275126298203,23,23,0,1,2,0.434782608696,0.217391304348,0.347826086957,-7,-0.0138339920949,-0.685075793771,-0.608695652174,-1.10256410256,-0.1,-0.301467060759,-0.00171188554989,0.00653271848924,-0.48101777172,-0.0163597016218,0.000182989313424,-0.168082010924,0.0261419413334,0.0264480554336,-0.749191304359,-0.444603920564,-2.5,NaN,NaN,NaN,-0.0232744528199,-0.0335237251324,-15,-0.00846979107849,-0.0580183349414,-0.0434782608696,0,0.0434782608696,80,1,8,417,0.909090909091,0.997607655502,0.00239234449761,0.0909090909091,0.987654320988,0.909090909091,0.94674556213,0.937249960286,0.906698564593,0.898876404494,2,9,0,10,6,10
988,WLNM_dir_neg_kfold,0.802469135802,0.515509259259,00:00:01,10,90,10,18355,threshold_sweep,0.7,0.5,0.111111111111,0.181818181818,1,1,8,17,0.111111111111,0.944444444444,0.0555555555556,0.888888888889,0.5,0.111111111111,0.181818181818,0.666666666667,0.641975308642,0.0689655172414,0.1,0.0555555555556,94,85,9,0,94,0,85,0,9,23,88,0.173913043478,1.68507579377,7.65217391304,7.33333333333,5.5,3.63829000359,0.475458352741,0.249505928854,5.32278271304,1.39118184545,0.672924901186,3.27042079462,0.854769071322,0.442687747036,0.749191304359,0.444603920564,2.5,1.68507579377,0.749191304359,2.5,0.259446613992,0.18878248974,46,0.025974025974,0.333144633145,23,23,23,1,0,0.478260869565,0.217391304348,0.304347826087,23,0.156126482213,1.68422181683,6.86956521739,6.58333333333,5.26666666667,3.26558289139,0.475369661405,0.25701706109,4.78469232369,1.39301168918,0.680242157402,3.01249046708,0.877054186617,0.466703357182,0.748433971026,0.444379691289,2.5,1.68422181683,0.748433971026,2.5,0.230926649108,0.149741824441,29,0.0163749294184,0.28423731151,23,23,23,1,0,0.478260869565,0.173913043478,0.347826086957,23,81,0.160079051383,1,7.04347826087,6.23076923077,5.4,3.33682294283,0.473746467192,0.256038647343,4.84176494132,1.37482214383,0.673107890499,3.1023387837,0.880911012656,0.469135802469,0,0,0,NaN,NaN,NaN,0.236172161172,0.155258764608,31,0.0175042348955,0.275126298203,23,23,0,1,2,0.434782608696,0.217391304348,0.347826086957,-7,-0.0138339920949,-0.685075793771,-0.608695652174,-1.10256410256,-0.1,-0.301467060759,-0.00171188554989,0.00653271848924,-0.48101777172,-0.0163597016218,0.000182989313424,-0.168082010924,0.0261419413334,0.0264480554336,-0.749191304359,-0.444603920564,-2.5,NaN,NaN,NaN,-0.0232744528199,-0.0335237251324,-15,-0.00846979107849,-0.0580183349414,-0.0434782608696,0,0.0434782608696,80,1,8,417,0.909090909091,0.997607655502,0.00239234449761,0.0909090909091,0.987654320988,0.909090909091,0.94674556213,0.937249960286,0.906698564593,0.898876404494,2,9,0,10,6,10
989,WLNM_dir_neg_kfold,0.802469135802,0.515509259259,00:00:01,10,90,10,18355,threshold_sweep,0.8,0.5,0.111111111111,0.181818181818,1,1,8,17,0.111111111111,0.944444444444,0.0555555555556,0.888888888889,0.5,0.111111111111,0.181818181818,0.666666666667,0.641975308642,0.0689655172414,0.1,0.0555555555556,94,85,9,0,94,0,85,0,9,23,88,0.173913043478,1.68507579377,7.65217391304,7.33333333333,5.5,3.63829000359,0.475458352741,0.249505928854,5.32278271304,1.39118184545,0.672924901186,3.27042079462,0.854769071322,0.442687747036,0.749191304359,0.444603920564,2.5,1.68507579377,0.749191304359,2.5,0.259446613992,0.18878248974,46,0.025974025974,0.333144633145,23,23,23,1,0,0.478260869565,0.217391304348,0.304347826087,23,0.156126482213,1.68422181683,6.86956521739,6.58333333333,5.26666666667,3.26558289139,0.475369661405,0.25701706109,4.78469232369,1.39301168918,0.680242157402,3.01249046708,0.877054186617,0.466703357182,0.748433971026,0.444379691289,2.5,1.68422181683,0.748433971026,2.5,0.230926649108,0.149741824441,29,0.0163749294184,0.28423731151,23,23,23,1,0,0.478260869565,0.173913043478,0.347826086957,23,81,0.160079051383,1,7.04347826087,6.23076923077,5.4,3.33682294283,0.473746467192,0.256038647343,4.84176494132,1.37482214383,0.673107890499,3.1023387837,0.880911012656,0.469135802469,0,0,0,NaN,NaN,NaN,0.236172161172,0.155258764608,31,0.0175042348955,0.275126298203,23,23,0,1,2,0.434782608696,0.217391304348,0.347826086957,-7,-0.0138339920949,-0.685075793771,-0.608695652174,-1.10256410256,-0.1,-0.301467060759,-0.00171188554989,0.00653271848924,-0.48101777172,-0.0163597016218,0.000182989313424,-0.168082010924,0.0261419413334,0.0264480554336,-0.749191304359,-0.444603920564,-2.5,NaN,NaN,NaN,-0.0232744528199,-0.0335237251324,-15,-0.00846979107849,-0.0580183349414,-0.0434782608696,0,0.0434782608696,80,1,8,417,0.909090909091,0.997607655502,0.00239234449761,0.0909090909091,0.987654320988,0.909090909091,0.94674556213,0.937249960286,0.906698564593,0.898876404494,2,9,0,10,6,10
990,WLNM_dir_neg_kfold,0.802469135802,0.515509259259,00:00:01,10,90,10,18355,threshold_sweep,0.9,0.5,0.111111111111,0.181818181818,1,1,8,17,0.111111111111,0.944444444444,0.0555555555556,0.888888888889,0.5,0.111111111111,0.181818181818,0.666666666667,0.641975308642,0.0689655172414,0.1,0.0555555555556,94,85,9,0,94,0,85,0,9,23,88,0.173913043478,1.68507579377,7.65217391304,7.33333333333,5.5,3.63829000359,0.475458352741,0.249505928854,5.32278271304,1.39118184545,0.672924901186,3.27042079462,0.854769071322,0.442687747036,0.749191304359,0.444603920564,2.5,1.68507579377,0.749191304359,2.5,0.259446613992,0.18878248974,46,0.025974025974,0.333144633145,23,23,23,1,0,0.478260869565,0.217391304348,0.304347826087,23,0.156126482213,1.68422181683,6.86956521739,6.58333333333,5.26666666667,3.26558289139,0.475369661405,0.25701706109,4.78469232369,1.39301168918,0.680242157402,3.01249046708,0.877054186617,0.466703357182,0.748433971026,0.444379691289,2.5,1.68422181683,0.748433971026,2.5,0.230926649108,0.149741824441,29,0.0163749294184,0.28423731151,23,23,23,1,0,0.478260869565,0.173913043478,0.347826086957,23,81,0.160079051383,1,7.04347826087,6.23076923077,5.4,3.33682294283,0.473746467192,0.256038647343,4.84176494132,1.37482214383,0.673107890499,3.1023387837,0.880911012656,0.469135802469,0,0,0,NaN,NaN,NaN,0.236172161172,0.155258764608,31,0.0175042348955,0.275126298203,23,23,0,1,2,0.434782608696,0.217391304348,0.347826086957,-7,-0.0138339920949,-0.685075793771,-0.608695652174,-1.10256410256,-0.1,-0.301467060759,-0.00171188554989,0.00653271848924,-0.48101777172,-0.0163597016218,0.000182989313424,-0.168082010924,0.0261419413334,0.0264480554336,-0.749191304359,-0.444603920564,-2.5,NaN,NaN,NaN,-0.0232744528199,-0.0335237251324,-15,-0.00846979107849,-0.0580183349414,-0.0434782608696,0,0.0434782608696,80,1,8,417,0.909090909091,0.997607655502,0.00239234449761,0.0909090909091,0.987654320988,0.909090909091,0.94674556213,0.937249960286,0.906698564593,0.898876404494,2,9,0,10,6,10
991,WLNM_dir_neg_kfold,0.845679012346,0.638753222087,00:00:01,10,90,11,18356,threshold_sweep,0.1,1,0.444444444444,0.615384615385,4,0,5,18,0.444444444444,1,0,0.555555555556,1,0.444444444444,0.615384615385,0.814814814815,0.617283950617,0.516129032258,0.58976782462,0.444444444444,94,85,9,0,94,0,85,0,9,23,88,0.173913043478,1.68507579377,7.65217391304,7.33333333333,5.5,3.63829000359,0.475458352741,0.249505928854,5.32278271304,1.39118184545,0.672924901186,3.27042079462,0.854769071322,0.442687747036,0.749191304359,0.444603920564,2.5,1.68507579377,0.749191304359,2.5,0.259446613992,0.18878248974,46,0.025974025974,0.333144633145,23,23,23,1,0,0.478260869565,0.217391304348,0.304347826087,23,0.156126482213,1.68422181683,6.86956521739,6.58333333333,5.26666666667,3.26558289139,0.475369661405,0.25701706109,4.78469232369,1.39301168918,0.680242157402,3.01249046708,0.877054186617,0.466703357182,0.748433971026,0.444379691289,2.5,1.68422181683,0.748433971026,2.5,0.230926649108,0.149741824441,29,0.0163749294184,0.28423731151,23,23,23,1,0,0.478260869565,0.173913043478,0.347826086957,23,83,0.164031620553,1.68363906625,7.21739130435,6.91666666667,5.53333333333,3.38387246884,0.4688497999,0.25091671032,5.00671485866,1.38740291264,0.674698795181,3.15852569801,0.875254109087,0.458878994238,0.748040199571,0.444299621319,2.5,1.68363906625,0.748040199571,2.5,0.2352541398,0.158878504673,34,0.0191981931112,0.30959629596,23,23,23,1,0,0.478260869565,0.173913043478,0.347826086957,-5,-0.0098814229249,-0.00143672752368,-0.434782608696,-0.416666666667,0.0333333333333,-0.254417534746,-0.00660855284186,0.00141078146578,-0.316067854387,-0.00377893281491,0.00177389399495,-0.111895096616,0.0204850377644,0.0161912472022,-0.00115110478776,-0.000304299245735,0,-0.00143672752368,-0.00115110478776,0,-0.0241924741925,-0.0299039850672,-12,-0.00677583286279,-0.0235483371847,0,-0.0434782608696,0.0434782608696,83,0,5,418,0.943181818182,1,0,0.0568181818182,1,0.943181818182,0.970760233918,0.965418612275,0.943181818182,0.943181818182,4,9,0,10,6,10
992,WLNM_dir_neg_kfold,0.845679012346,0.638753222087,00:00:01,10,90,11,18356,threshold_sweep,0.2,1,0.444444444444,0.615384615385,4,0,5,18,0.444444444444,1,0,0.555555555556,1,0.444444444444,0.615384615385,0.814814814815,0.617283950617,0.516129032258,0.58976782462,0.444444444444,94,85,9,0,94,0,85,0,9,23,88,0.173913043478,1.68507579377,7.65217391304,7.33333333333,5.5,3.63829000359,0.475458352741,0.249505928854,5.32278271304,1.39118184545,0.672924901186,3.27042079462,0.854769071322,0.442687747036,0.749191304359,0.444603920564,2.5,1.68507579377,0.749191304359,2.5,0.259446613992,0.18878248974,46,0.025974025974,0.333144633145,23,23,23,1,0,0.478260869565,0.217391304348,0.304347826087,23,0.156126482213,1.68422181683,6.86956521739,6.58333333333,5.26666666667,3.26558289139,0.475369661405,0.25701706109,4.78469232369,1.39301168918,0.680242157402,3.01249046708,0.877054186617,0.466703357182,0.748433971026,0.444379691289,2.5,1.68422181683,0.748433971026,2.5,0.230926649108,0.149741824441,29,0.0163749294184,0.28423731151,23,23,23,1,0,0.478260869565,0.173913043478,0.347826086957,23,83,0.164031620553,1.68363906625,7.21739130435,6.91666666667,5.53333333333,3.38387246884,0.4688497999,0.25091671032,5.00671485866,1.38740291264,0.674698795181,3.15852569801,0.875254109087,0.458878994238,0.748040199571,0.444299621319,2.5,1.68363906625,0.748040199571,2.5,0.2352541398,0.158878504673,34,0.0191981931112,0.30959629596,23,23,23,1,0,0.478260869565,0.173913043478,0.347826086957,-5,-0.0098814229249,-0.00143672752368,-0.434782608696,-0.416666666667,0.0333333333333,-0.254417534746,-0.00660855284186,0.00141078146578,-0.316067854387,-0.00377893281491,0.00177389399495,-0.111895096616,0.0204850377644,0.0161912472022,-0.00115110478776,-0.000304299245735,0,-0.00143672752368,-0.00115110478776,0,-0.0241924741925,-0.0299039850672,-12,-0.00677583286279,-0.0235483371847,0,-0.0434782608696,0.0434782608696,83,0,5,418,0.943181818182,1,0,0.0568181818182,1,0.943181818182,0.970760233918,0.965418612275,0.943181818182,0.943181818182,4,9,0,10,6,10
993,WLNM_dir_neg_kfold,0.845679012346,0.638753222087,00:00:01,10,90,11,18356,threshold_sweep,0.3,1,0.444444444444,0.615384615385,4,0,5,18,0.444444444444,1,0,0.555555555556,1,0.444444444444,0.615384615385,0.814814814815,0.617283950617,0.516129032258,0.58976782462,0.444444444444,94,85,9,0,94,0,85,0,9,23,88,0.173913043478,1.68507579377,7.65217391304,7.33333333333,5.5,3.63829000359,0.475458352741,0.249505928854,5.32278271304,1.39118184545,0.672924901186,3.27042079462,0.854769071322,0.442687747036,0.749191304359,0.444603920564,2.5,1.68507579377,0.749191304359,2.5,0.259446613992,0.18878248974,46,0.025974025974,0.333144633145,23,23,23,1,0,0.478260869565,0.217391304348,0.304347826087,23,0.156126482213,1.68422181683,6.86956521739,6.58333333333,5.26666666667,3.26558289139,0.475369661405,0.25701706109,4.78469232369,1.39301168918,0.680242157402,3.01249046708,0.877054186617,0.466703357182,0.748433971026,0.444379691289,2.5,1.68422181683,0.748433971026,2.5,0.230926649108,0.149741824441,29,0.0163749294184,0.28423731151,23,23,23,1,0,0.478260869565,0.173913043478,0.347826086957,23,83,0.164031620553,1.68363906625,7.21739130435,6.91666666667,5.53333333333,3.38387246884,0.4688497999,0.25091671032,5.00671485866,1.38740291264,0.674698795181,3.15852569801,0.875254109087,0.458878994238,0.748040199571,0.444299621319,2.5,1.68363906625,0.748040199571,2.5,0.2352541398,0.158878504673,34,0.0191981931112,0.30959629596,23,23,23,1,0,0.478260869565,0.173913043478,0.347826086957,-5,-0.0098814229249,-0.00143672752368,-0.434782608696,-0.416666666667,0.0333333333333,-0.254417534746,-0.00660855284186,0.00141078146578,-0.316067854387,-0.00377893281491,0.00177389399495,-0.111895096616,0.0204850377644,0.0161912472022,-0.00115110478776,-0.000304299245735,0,-0.00143672752368,-0.00115110478776,0,-0.0241924741925,-0.0299039850672,-12,-0.00677583286279,-0.0235483371847,0,-0.0434782608696,0.0434782608696,83,0,5,418,0.943181818182,1,0,0.0568181818182,1,0.943181818182,0.970760233918,0.965418612275,0.943181818182,0.943181818182,4,9,0,10,6,10
994,WLNM_dir_neg_kfold,0.845679012346,0.638753222087,00:00:01,10,90,11,18356,threshold_sweep,0.4,1,0.444444444444,0.615384615385,4,0,5,18,0.444444444444,1,0,0.555555555556,1,0.444444444444,0.615384615385,0.814814814815,0.617283950617,0.516129032258,0.58976782462,0.444444444444,94,85,9,0,94,0,85,0,9,23,88,0.173913043478,1.68507579377,7.65217391304,7.33333333333,5.5,3.63829000359,0.475458352741,0.249505928854,5.32278271304,1.39118184545,0.672924901186,3.27042079462,0.854769071322,0.442687747036,0.749191304359,0.444603920564,2.5,1.68507579377,0.749191304359,2.5,0.259446613992,0.18878248974,46,0.025974025974,0.333144633145,23,23,23,1,0,0.478260869565,0.217391304348,0.304347826087,23,0.156126482213,1.68422181683,6.86956521739,6.58333333333,5.26666666667,3.26558289139,0.475369661405,0.25701706109,4.78469232369,1.39301168918,0.680242157402,3.01249046708,0.877054186617,0.466703357182,0.748433971026,0.444379691289,2.5,1.68422181683,0.748433971026,2.5,0.230926649108,0.149741824441,29,0.0163749294184,0.28423731151,23,23,23,1,0,0.478260869565,0.173913043478,0.347826086957,23,83,0.164031620553,1.68363906625,7.21739130435,6.91666666667,5.53333333333,3.38387246884,0.4688497999,0.25091671032,5.00671485866,1.38740291264,0.674698795181,3.15852569801,0.875254109087,0.458878994238,0.748040199571,0.444299621319,2.5,1.68363906625,0.748040199571,2.5,0.2352541398,0.158878504673,34,0.0191981931112,0.30959629596,23,23,23,1,0,0.478260869565,0.173913043478,0.347826086957,-5,-0.0098814229249,-0.00143672752368,-0.434782608696,-0.416666666667,0.0333333333333,-0.254417534746,-0.00660855284186,0.00141078146578,-0.316067854387,-0.00377893281491,0.00177389399495,-0.111895096616,0.0204850377644,0.0161912472022,-0.00115110478776,-0.000304299245735,0,-0.00143672752368,-0.00115110478776,0,-0.0241924741925,-0.0299039850672,-12,-0.00677583286279,-0.0235483371847,0,-0.0434782608696,0.0434782608696,83,0,5,418,0.943181818182,1,0,0.0568181818182,1,0.943181818182,0.970760233918,0.965418612275,0.943181818182,0.943181818182,4,9,0,10,6,10
995,WLNM_dir_neg_kfold,0.845679012346,0.638753222087,00:00:01,10,90,11,18356,threshold_sweep,0.5,1,0.444444444444,0.615384615385,4,0,5,18,0.444444444444,1,0,0.555555555556,1,0.444444444444,0.615384615385,0.814814814815,0.617283950617,0.516129032258,0.58976782462,0.444444444444,94,85,9,0,94,0,85,0,9,23,88,0.173913043478,1.68507579377,7.65217391304,7.33333333333,5.5,3.63829000359,0.475458352741,0.249505928854,5.32278271304,1.39118184545,0.672924901186,3.27042079462,0.854769071322,0.442687747036,0.749191304359,0.444603920564,2.5,1.68507579377,0.749191304359,2.5,0.259446613992,0.18878248974,46,0.025974025974,0.333144633145,23,23,23,1,0,0.478260869565,0.217391304348,0.304347826087,23,0.156126482213,1.68422181683,6.86956521739,6.58333333333,5.26666666667,3.26558289139,0.475369661405,0.25701706109,4.78469232369,1.39301168918,0.680242157402,3.01249046708,0.877054186617,0.466703357182,0.748433971026,0.444379691289,2.5,1.68422181683,0.748433971026,2.5,0.230926649108,0.149741824441,29,0.0163749294184,0.28423731151,23,23,23,1,0,0.478260869565,0.173913043478,0.347826086957,23,83,0.164031620553,1.68363906625,7.21739130435,6.91666666667,5.53333333333,3.38387246884,0.4688497999,0.25091671032,5.00671485866,1.38740291264,0.674698795181,3.15852569801,0.875254109087,0.458878994238,0.748040199571,0.444299621319,2.5,1.68363906625,0.748040199571,2.5,0.2352541398,0.158878504673,34,0.0191981931112,0.30959629596,23,23,23,1,0,0.478260869565,0.173913043478,0.347826086957,-5,-0.0098814229249,-0.00143672752368,-0.434782608696,-0.416666666667,0.0333333333333,-0.254417534746,-0.00660855284186,0.00141078146578,-0.316067854387,-0.00377893281491,0.00177389399495,-0.111895096616,0.0204850377644,0.0161912472022,-0.00115110478776,-0.000304299245735,0,-0.00143672752368,-0.00115110478776,0,-0.0241924741925,-0.0299039850672,-12,-0.00677583286279,-0.0235483371847,0,-0.0434782608696,0.0434782608696,83,0,5,418,0.943181818182,1,0,0.0568181818182,1,0.943181818182,0.970760233918,0.965418612275,0.943181818182,0.943181818182,4,9,0,10,6,10
996,WLNM_dir_neg_kfold,0.845679012346,0.638753222087,00:00:01,10,90,11,18356,threshold_sweep,0.6,1,0.444444444444,0.615384615385,4,0,5,18,0.444444444444,1,0,0.555555555556,1,0.444444444444,0.615384615385,0.814814814815,0.617283950617,0.516129032258,0.58976782462,0.444444444444,94,85,9,0,94,0,85,0,9,23,88,0.173913043478,1.68507579377,7.65217391304,7.33333333333,5.5,3.63829000359,0.475458352741,0.249505928854,5.32278271304,1.39118184545,0.672924901186,3.27042079462,0.854769071322,0.442687747036,0.749191304359,0.444603920564,2.5,1.68507579377,0.749191304359,2.5,0.259446613992,0.18878248974,46,0.025974025974,0.333144633145,23,23,23,1,0,0.478260869565,0.217391304348,0.304347826087,23,0.156126482213,1.68422181683,6.86956521739,6.58333333333,5.26666666667,3.26558289139,0.475369661405,0.25701706109,4.78469232369,1.39301168918,0.680242157402,3.01249046708,0.877054186617,0.466703357182,0.748433971026,0.444379691289,2.5,1.68422181683,0.748433971026,2.5,0.230926649108,0.149741824441,29,0.0163749294184,0.28423731151,23,23,23,1,0,0.478260869565,0.173913043478,0.347826086957,23,83,0.164031620553,1.68363906625,7.21739130435,6.91666666667,5.53333333333,3.38387246884,0.4688497999,0.25091671032,5.00671485866,1.38740291264,0.674698795181,3.15852569801,0.875254109087,0.458878994238,0.748040199571,0.444299621319,2.5,1.68363906625,0.748040199571,2.5,0.2352541398,0.158878504673,34,0.0191981931112,0.30959629596,23,23,23,1,0,0.478260869565,0.173913043478,0.347826086957,-5,-0.0098814229249,-0.00143672752368,-0.434782608696,-0.416666666667,0.0333333333333,-0.254417534746,-0.00660855284186,0.00141078146578,-0.316067854387,-0.00377893281491,0.00177389399495,-0.111895096616,0.0204850377644,0.0161912472022,-0.00115110478776,-0.000304299245735,0,-0.00143672752368,-0.00115110478776,0,-0.0241924741925,-0.0299039850672,-12,-0.00677583286279,-0.0235483371847,0,-0.0434782608696,0.0434782608696,83,0,5,418,0.943181818182,1,0,0.0568181818182,1,0.943181818182,0.970760233918,0.965418612275,0.943181818182,0.943181818182,4,9,0,10,6,10
997,WLNM_dir_neg_kfold,0.845679012346,0.638753222087,00:00:01,10,90,11,18356,threshold_sweep,0.7,1,0.444444444444,0.615384615385,4,0,5,18,0.444444444444,1,0,0.555555555556,1,0.444444444444,0.615384615385,0.814814814815,0.617283950617,0.516129032258,0.58976782462,0.444444444444,94,85,9,0,94,0,85,0,9,23,88,0.173913043478,1.68507579377,7.65217391304,7.33333333333,5.5,3.63829000359,0.475458352741,0.249505928854,5.32278271304,1.39118184545,0.672924901186,3.27042079462,0.854769071322,0.442687747036,0.749191304359,0.444603920564,2.5,1.68507579377,0.749191304359,2.5,0.259446613992,0.18878248974,46,0.025974025974,0.333144633145,23,23,23,1,0,0.478260869565,0.217391304348,0.304347826087,23,0.156126482213,1.68422181683,6.86956521739,6.58333333333,5.26666666667,3.26558289139,0.475369661405,0.25701706109,4.78469232369,1.39301168918,0.680242157402,3.01249046708,0.877054186617,0.466703357182,0.748433971026,0.444379691289,2.5,1.68422181683,0.748433971026,2.5,0.230926649108,0.149741824441,29,0.0163749294184,0.28423731151,23,23,23,1,0,0.478260869565,0.173913043478,0.347826086957,23,83,0.164031620553,1.68363906625,7.21739130435,6.91666666667,5.53333333333,3.38387246884,0.4688497999,0.25091671032,5.00671485866,1.38740291264,0.674698795181,3.15852569801,0.875254109087,0.458878994238,0.748040199571,0.444299621319,2.5,1.68363906625,0.748040199571,2.5,0.2352541398,0.158878504673,34,0.0191981931112,0.30959629596,23,23,23,1,0,0.478260869565,0.173913043478,0.347826086957,-5,-0.0098814229249,-0.00143672752368,-0.434782608696,-0.416666666667,0.0333333333333,-0.254417534746,-0.00660855284186,0.00141078146578,-0.316067854387,-0.00377893281491,0.00177389399495,-0.111895096616,0.0204850377644,0.0161912472022,-0.00115110478776,-0.000304299245735,0,-0.00143672752368,-0.00115110478776,0,-0.0241924741925,-0.0299039850672,-12,-0.00677583286279,-0.0235483371847,0,-0.0434782608696,0.0434782608696,83,0,5,418,0.943181818182,1,0,0.0568181818182,1,0.943181818182,0.970760233918,0.965418612275,0.943181818182,0.943181818182,4,9,0,10,6,10
998,WLNM_dir_neg_kfold,0.845679012346,0.638753222087,00:00:01,10,90,11,18356,threshold_sweep,0.8,1,0.444444444444,0.615384615385,4,0,5,18,0.444444444444,1,0,0.555555555556,1,0.444444444444,0.615384615385,0.814814814815,0.617283950617,0.516129032258,0.58976782462,0.444444444444,94,85,9,0,94,0,85,0,9,23,88,0.173913043478,1.68507579377,7.65217391304,7.33333333333,5.5,3.63829000359,0.475458352741,0.249505928854,5.32278271304,1.39118184545,0.672924901186,3.27042079462,0.854769071322,0.442687747036,0.749191304359,0.444603920564,2.5,1.68507579377,0.749191304359,2.5,0.259446613992,0.18878248974,46,0.025974025974,0.333144633145,23,23,23,1,0,0.478260869565,0.217391304348,0.304347826087,23,0.156126482213,1.68422181683,6.86956521739,6.58333333333,5.26666666667,3.26558289139,0.475369661405,0.25701706109,4.78469232369,1.39301168918,0.680242157402,3.01249046708,0.877054186617,0.466703357182,0.748433971026,0.444379691289,2.5,1.68422181683,0.748433971026,2.5,0.230926649108,0.149741824441,29,0.0163749294184,0.28423731151,23,23,23,1,0,0.478260869565,0.173913043478,0.347826086957,23,83,0.164031620553,1.68363906625,7.21739130435,6.91666666667,5.53333333333,3.38387246884,0.4688497999,0.25091671032,5.00671485866,1.38740291264,0.674698795181,3.15852569801,0.875254109087,0.458878994238,0.748040199571,0.444299621319,2.5,1.68363906625,0.748040199571,2.5,0.2352541398,0.158878504673,34,0.0191981931112,0.30959629596,23,23,23,1,0,0.478260869565,0.173913043478,0.347826086957,-5,-0.0098814229249,-0.00143672752368,-0.434782608696,-0.416666666667,0.0333333333333,-0.254417534746,-0.00660855284186,0.00141078146578,-0.316067854387,-0.00377893281491,0.00177389399495,-0.111895096616,0.0204850377644,0.0161912472022,-0.00115110478776,-0.000304299245735,0,-0.00143672752368,-0.00115110478776,0,-0.0241924741925,-0.0299039850672,-12,-0.00677583286279,-0.0235483371847,0,-0.0434782608696,0.0434782608696,83,0,5,418,0.943181818182,1,0,0.0568181818182,1,0.943181818182,0.970760233918,0.965418612275,0.943181818182,0.943181818182,4,9,0,10,6,10
999,WLNM_dir_neg_kfold,0.845679012346,0.638753222087,00:00:01,10,90,11,18356,threshold_sweep,0.9,1,0.444444444444,0.615384615385,4,0,5,18,0.444444444444,1,0,0.555555555556,1,0.444444444444,0.615384615385,0.814814814815,0.617283950617,0.516129032258,0.58976782462,0.444444444444,94,85,9,0,94,0,85,0,9,23,88,0.173913043478,1.68507579377,7.65217391304,7.33333333333,5.5,3.63829000359,0.475458352741,0.249505928854,5.32278271304,1.39118184545,0.672924901186,3.27042079462,0.854769071322,0.442687747036,0.749191304359,0.444603920564,2.5,1.68507579377,0.749191304359,2.5,0.259446613992,0.18878248974,46,0.025974025974,0.333144633145,23,23,23,1,0,0.478260869565,0.217391304348,0.304347826087,23,0.156126482213,1.68422181683,6.86956521739,6.58333333333,5.26666666667,3.26558289139,0.475369661405,0.25701706109,4.78469232369,1.39301168918,0.680242157402,3.01249046708,0.877054186617,0.466703357182,0.748433971026,0.444379691289,2.5,1.68422181683,0.748433971026,2.5,0.230926649108,0.149741824441,29,0.0163749294184,0.28423731151,23,23,23,1,0,0.478260869565,0.173913043478,0.347826086957,23,83,0.164031620553,1.68363906625,7.21739130435,6.91666666667,5.53333333333,3.38387246884,0.4688497999,0.25091671032,5.00671485866,1.38740291264,0.674698795181,3.15852569801,0.875254109087,0.458878994238,0.748040199571,0.444299621319,2.5,1.68363906625,0.748040199571,2.5,0.2352541398,0.158878504673,34,0.0191981931112,0.30959629596,23,23,23,1,0,0.478260869565,0.173913043478,0.347826086957,-5,-0.0098814229249,-0.00143672752368,-0.434782608696,-0.416666666667,0.0333333333333,-0.254417534746,-0.00660855284186,0.00141078146578,-0.316067854387,-0.00377893281491,0.00177389399495,-0.111895096616,0.0204850377644,0.0161912472022,-0.00115110478776,-0.000304299245735,0,-0.00143672752368,-0.00115110478776,0,-0.0241924741925,-0.0299039850672,-12,-0.00677583286279,-0.0235483371847,0,-0.0434782608696,0.0434782608696,83,0,5,418,0.943181818182,1,0,0.0568181818182,1,0.943181818182,0.970760233918,0.965418612275,0.943181818182,0.943181818182,4,9,0,10,6,10
1000,WLNM_dir_neg_kfold,0.950617283951,0.673881673882,00:00:01,10,90,12,18357,threshold_sweep,0.1,1,0.444444444444,0.615384615385,4,0,5,18,0.444444444444,1,0,0.555555555556,1,0.444444444444,0.615384615385,0.814814814815,0.617283950617,0.516129032258,0.58976782462,0.444444444444,94,85,9,0,94,0,85,0,9,23,88,0.173913043478,1.68507579377,7.65217391304,7.33333333333,5.5,3.63829000359,0.475458352741,0.249505928854,5.32278271304,1.39118184545,0.672924901186,3.27042079462,0.854769071322,0.442687747036,0.749191304359,0.444603920564,2.5,1.68507579377,0.749191304359,2.5,0.259446613992,0.18878248974,46,0.025974025974,0.333144633145,23,23,23,1,0,0.478260869565,0.217391304348,0.304347826087,23,0.156126482213,1.68422181683,6.86956521739,6.58333333333,5.26666666667,3.26558289139,0.475369661405,0.25701706109,4.78469232369,1.39301168918,0.680242157402,3.01249046708,0.877054186617,0.466703357182,0.748433971026,0.444379691289,2.5,1.68422181683,0.748433971026,2.5,0.230926649108,0.149741824441,29,0.0163749294184,0.28423731151,23,23,23,1,0,0.478260869565,0.173913043478,0.347826086957,23,83,0.164031620553,1.68363906625,7.21739130435,6.91666666667,5.53333333333,3.38387246884,0.4688497999,0.25091671032,5.00671485866,1.38740291264,0.674698795181,3.15852569801,0.875254109087,0.458878994238,0.748040199571,0.444299621319,2.5,1.68363906625,0.748040199571,2.5,0.2352541398,0.158878504673,34,0.0191981931112,0.30959629596,23,23,23,1,0,0.478260869565,0.173913043478,0.347826086957,-5,-0.0098814229249,-0.00143672752368,-0.434782608696,-0.416666666667,0.0333333333333,-0.254417534746,-0.00660855284186,0.00141078146578,-0.316067854387,-0.00377893281491,0.00177389399495,-0.111895096616,0.0204850377644,0.0161912472022,-0.00115110478776,-0.000304299245735,0,-0.00143672752368,-0.00115110478776,0,-0.0241924741925,-0.0299039850672,-12,-0.00677583286279,-0.0235483371847,0,-0.0434782608696,0.0434782608696,83,0,5,418,0.943181818182,1,0,0.0568181818182,1,0.943181818182,0.970760233918,0.965418612275,0.943181818182,0.943181818182,4,9,0,10,6,10
1001,WLNM_dir_neg_kfold,0.950617283951,0.673881673882,00:00:01,10,90,12,18357,threshold_sweep,0.2,1,0.444444444444,0.615384615385,4,0,5,18,0.444444444444,1,0,0.555555555556,1,0.444444444444,0.615384615385,0.814814814815,0.617283950617,0.516129032258,0.58976782462,0.444444444444,94,85,9,0,94,0,85,0,9,23,88,0.173913043478,1.68507579377,7.65217391304,7.33333333333,5.5,3.63829000359,0.475458352741,0.249505928854,5.32278271304,1.39118184545,0.672924901186,3.27042079462,0.854769071322,0.442687747036,0.749191304359,0.444603920564,2.5,1.68507579377,0.749191304359,2.5,0.259446613992,0.18878248974,46,0.025974025974,0.333144633145,23,23,23,1,0,0.478260869565,0.217391304348,0.304347826087,23,0.156126482213,1.68422181683,6.86956521739,6.58333333333,5.26666666667,3.26558289139,0.475369661405,0.25701706109,4.78469232369,1.39301168918,0.680242157402,3.01249046708,0.877054186617,0.466703357182,0.748433971026,0.444379691289,2.5,1.68422181683,0.748433971026,2.5,0.230926649108,0.149741824441,29,0.0163749294184,0.28423731151,23,23,23,1,0,0.478260869565,0.173913043478,0.347826086957,23,83,0.164031620553,1.68363906625,7.21739130435,6.91666666667,5.53333333333,3.38387246884,0.4688497999,0.25091671032,5.00671485866,1.38740291264,0.674698795181,3.15852569801,0.875254109087,0.458878994238,0.748040199571,0.444299621319,2.5,1.68363906625,0.748040199571,2.5,0.2352541398,0.158878504673,34,0.0191981931112,0.30959629596,23,23,23,1,0,0.478260869565,0.173913043478,0.347826086957,-5,-0.0098814229249,-0.00143672752368,-0.434782608696,-0.416666666667,0.0333333333333,-0.254417534746,-0.00660855284186,0.00141078146578,-0.316067854387,-0.00377893281491,0.00177389399495,-0.111895096616,0.0204850377644,0.0161912472022,-0.00115110478776,-0.000304299245735,0,-0.00143672752368,-0.00115110478776,0,-0.0241924741925,-0.0299039850672,-12,-0.00677583286279,-0.0235483371847,0,-0.0434782608696,0.0434782608696,83,0,5,418,0.943181818182,1,0,0.0568181818182,1,0.943181818182,0.970760233918,0.965418612275,0.943181818182,0.943181818182,4,9,0,10,6,10
1002,WLNM_dir_neg_kfold,0.950617283951,0.673881673882,00:00:01,10,90,12,18357,threshold_sweep,0.3,1,0.444444444444,0.615384615385,4,0,5,18,0.444444444444,1,0,0.555555555556,1,0.444444444444,0.615384615385,0.814814814815,0.617283950617,0.516129032258,0.58976782462,0.444444444444,94,85,9,0,94,0,85,0,9,23,88,0.173913043478,1.68507579377,7.65217391304,7.33333333333,5.5,3.63829000359,0.475458352741,0.249505928854,5.32278271304,1.39118184545,0.672924901186,3.27042079462,0.854769071322,0.442687747036,0.749191304359,0.444603920564,2.5,1.68507579377,0.749191304359,2.5,0.259446613992,0.18878248974,46,0.025974025974,0.333144633145,23,23,23,1,0,0.478260869565,0.217391304348,0.304347826087,23,0.156126482213,1.68422181683,6.86956521739,6.58333333333,5.26666666667,3.26558289139,0.475369661405,0.25701706109,4.78469232369,1.39301168918,0.680242157402,3.01249046708,0.877054186617,0.466703357182,0.748433971026,0.444379691289,2.5,1.68422181683,0.748433971026,2.5,0.230926649108,0.149741824441,29,0.0163749294184,0.28423731151,23,23,23,1,0,0.478260869565,0.173913043478,0.347826086957,23,83,0.164031620553,1.68363906625,7.21739130435,6.91666666667,5.53333333333,3.38387246884,0.4688497999,0.25091671032,5.00671485866,1.38740291264,0.674698795181,3.15852569801,0.875254109087,0.458878994238,0.748040199571,0.444299621319,2.5,1.68363906625,0.748040199571,2.5,0.2352541398,0.158878504673,34,0.0191981931112,0.30959629596,23,23,23,1,0,0.478260869565,0.173913043478,0.347826086957,-5,-0.0098814229249,-0.00143672752368,-0.434782608696,-0.416666666667,0.0333333333333,-0.254417534746,-0.00660855284186,0.00141078146578,-0.316067854387,-0.00377893281491,0.00177389399495,-0.111895096616,0.0204850377644,0.0161912472022,-0.00115110478776,-0.000304299245735,0,-0.00143672752368,-0.00115110478776,0,-0.0241924741925,-0.0299039850672,-12,-0.00677583286279,-0.0235483371847,0,-0.0434782608696,0.0434782608696,83,0,5,418,0.943181818182,1,0,0.0568181818182,1,0.943181818182,0.970760233918,0.965418612275,0.943181818182,0.943181818182,4,9,0,10,6,10
1003,WLNM_dir_neg_kfold,0.950617283951,0.673881673882,00:00:01,10,90,12,18357,threshold_sweep,0.4,1,0.444444444444,0.615384615385,4,0,5,18,0.444444444444,1,0,0.555555555556,1,0.444444444444,0.615384615385,0.814814814815,0.617283950617,0.516129032258,0.58976782462,0.444444444444,94,85,9,0,94,0,85,0,9,23,88,0.173913043478,1.68507579377,7.65217391304,7.33333333333,5.5,3.63829000359,0.475458352741,0.249505928854,5.32278271304,1.39118184545,0.672924901186,3.27042079462,0.854769071322,0.442687747036,0.749191304359,0.444603920564,2.5,1.68507579377,0.749191304359,2.5,0.259446613992,0.18878248974,46,0.025974025974,0.333144633145,23,23,23,1,0,0.478260869565,0.217391304348,0.304347826087,23,0.156126482213,1.68422181683,6.86956521739,6.58333333333,5.26666666667,3.26558289139,0.475369661405,0.25701706109,4.78469232369,1.39301168918,0.680242157402,3.01249046708,0.877054186617,0.466703357182,0.748433971026,0.444379691289,2.5,1.68422181683,0.748433971026,2.5,0.230926649108,0.149741824441,29,0.0163749294184,0.28423731151,23,23,23,1,0,0.478260869565,0.173913043478,0.347826086957,23,83,0.164031620553,1.68363906625,7.21739130435,6.91666666667,5.53333333333,3.38387246884,0.4688497999,0.25091671032,5.00671485866,1.38740291264,0.674698795181,3.15852569801,0.875254109087,0.458878994238,0.748040199571,0.444299621319,2.5,1.68363906625,0.748040199571,2.5,0.2352541398,0.158878504673,34,0.0191981931112,0.30959629596,23,23,23,1,0,0.478260869565,0.173913043478,0.347826086957,-5,-0.0098814229249,-0.00143672752368,-0.434782608696,-0.416666666667,0.0333333333333,-0.254417534746,-0.00660855284186,0.00141078146578,-0.316067854387,-0.00377893281491,0.00177389399495,-0.111895096616,0.0204850377644,0.0161912472022,-0.00115110478776,-0.000304299245735,0,-0.00143672752368,-0.00115110478776,0,-0.0241924741925,-0.0299039850672,-12,-0.00677583286279,-0.0235483371847,0,-0.0434782608696,0.0434782608696,83,0,5,418,0.943181818182,1,0,0.0568181818182,1,0.943181818182,0.970760233918,0.965418612275,0.943181818182,0.943181818182,4,9,0,10,6,10
1004,WLNM_dir_neg_kfold,0.950617283951,0.673881673882,00:00:01,10,90,12,18357,threshold_sweep,0.5,1,0.444444444444,0.615384615385,4,0,5,18,0.444444444444,1,0,0.555555555556,1,0.444444444444,0.615384615385,0.814814814815,0.617283950617,0.516129032258,0.58976782462,0.444444444444,94,85,9,0,94,0,85,0,9,23,88,0.173913043478,1.68507579377,7.65217391304,7.33333333333,5.5,3.63829000359,0.475458352741,0.249505928854,5.32278271304,1.39118184545,0.672924901186,3.27042079462,0.854769071322,0.442687747036,0.749191304359,0.444603920564,2.5,1.68507579377,0.749191304359,2.5,0.259446613992,0.18878248974,46,0.025974025974,0.333144633145,23,23,23,1,0,0.478260869565,0.217391304348,0.304347826087,23,0.156126482213,1.68422181683,6.86956521739,6.58333333333,5.26666666667,3.26558289139,0.475369661405,0.25701706109,4.78469232369,1.39301168918,0.680242157402,3.01249046708,0.877054186617,0.466703357182,0.748433971026,0.444379691289,2.5,1.68422181683,0.748433971026,2.5,0.230926649108,0.149741824441,29,0.0163749294184,0.28423731151,23,23,23,1,0,0.478260869565,0.173913043478,0.347826086957,23,83,0.164031620553,1.68363906625,7.21739130435,6.91666666667,5.53333333333,3.38387246884,0.4688497999,0.25091671032,5.00671485866,1.38740291264,0.674698795181,3.15852569801,0.875254109087,0.458878994238,0.748040199571,0.444299621319,2.5,1.68363906625,0.748040199571,2.5,0.2352541398,0.158878504673,34,0.0191981931112,0.30959629596,23,23,23,1,0,0.478260869565,0.173913043478,0.347826086957,-5,-0.0098814229249,-0.00143672752368,-0.434782608696,-0.416666666667,0.0333333333333,-0.254417534746,-0.00660855284186,0.00141078146578,-0.316067854387,-0.00377893281491,0.00177389399495,-0.111895096616,0.0204850377644,0.0161912472022,-0.00115110478776,-0.000304299245735,0,-0.00143672752368,-0.00115110478776,0,-0.0241924741925,-0.0299039850672,-12,-0.00677583286279,-0.0235483371847,0,-0.0434782608696,0.0434782608696,83,0,5,418,0.943181818182,1,0,0.0568181818182,1,0.943181818182,0.970760233918,0.965418612275,0.943181818182,0.943181818182,4,9,0,10,6,10
1005,WLNM_dir_neg_kfold,0.950617283951,0.673881673882,00:00:01,10,90,12,18357,threshold_sweep,0.6,1,0.444444444444,0.615384615385,4,0,5,18,0.444444444444,1,0,0.555555555556,1,0.444444444444,0.615384615385,0.814814814815,0.617283950617,0.516129032258,0.58976782462,0.444444444444,94,85,9,0,94,0,85,0,9,23,88,0.173913043478,1.68507579377,7.65217391304,7.33333333333,5.5,3.63829000359,0.475458352741,0.249505928854,5.32278271304,1.39118184545,0.672924901186,3.27042079462,0.854769071322,0.442687747036,0.749191304359,0.444603920564,2.5,1.68507579377,0.749191304359,2.5,0.259446613992,0.18878248974,46,0.025974025974,0.333144633145,23,23,23,1,0,0.478260869565,0.217391304348,0.304347826087,23,0.156126482213,1.68422181683,6.86956521739,6.58333333333,5.26666666667,3.26558289139,0.475369661405,0.25701706109,4.78469232369,1.39301168918,0.680242157402,3.01249046708,0.877054186617,0.466703357182,0.748433971026,0.444379691289,2.5,1.68422181683,0.748433971026,2.5,0.230926649108,0.149741824441,29,0.0163749294184,0.28423731151,23,23,23,1,0,0.478260869565,0.173913043478,0.347826086957,23,83,0.164031620553,1.68363906625,7.21739130435,6.91666666667,5.53333333333,3.38387246884,0.4688497999,0.25091671032,5.00671485866,1.38740291264,0.674698795181,3.15852569801,0.875254109087,0.458878994238,0.748040199571,0.444299621319,2.5,1.68363906625,0.748040199571,2.5,0.2352541398,0.158878504673,34,0.0191981931112,0.30959629596,23,23,23,1,0,0.478260869565,0.173913043478,0.347826086957,-5,-0.0098814229249,-0.00143672752368,-0.434782608696,-0.416666666667,0.0333333333333,-0.254417534746,-0.00660855284186,0.00141078146578,-0.316067854387,-0.00377893281491,0.00177389399495,-0.111895096616,0.0204850377644,0.0161912472022,-0.00115110478776,-0.000304299245735,0,-0.00143672752368,-0.00115110478776,0,-0.0241924741925,-0.0299039850672,-12,-0.00677583286279,-0.0235483371847,0,-0.0434782608696,0.0434782608696,83,0,5,418,0.943181818182,1,0,0.0568181818182,1,0.943181818182,0.970760233918,0.965418612275,0.943181818182,0.943181818182,4,9,0,10,6,10
1006,WLNM_dir_neg_kfold,0.950617283951,0.673881673882,00:00:01,10,90,12,18357,threshold_sweep,0.7,1,0.444444444444,0.615384615385,4,0,5,18,0.444444444444,1,0,0.555555555556,1,0.444444444444,0.615384615385,0.814814814815,0.617283950617,0.516129032258,0.58976782462,0.444444444444,94,85,9,0,94,0,85,0,9,23,88,0.173913043478,1.68507579377,7.65217391304,7.33333333333,5.5,3.63829000359,0.475458352741,0.249505928854,5.32278271304,1.39118184545,0.672924901186,3.27042079462,0.854769071322,0.442687747036,0.749191304359,0.444603920564,2.5,1.68507579377,0.749191304359,2.5,0.259446613992,0.18878248974,46,0.025974025974,0.333144633145,23,23,23,1,0,0.478260869565,0.217391304348,0.304347826087,23,0.156126482213,1.68422181683,6.86956521739,6.58333333333,5.26666666667,3.26558289139,0.475369661405,0.25701706109,4.78469232369,1.39301168918,0.680242157402,3.01249046708,0.877054186617,0.466703357182,0.748433971026,0.444379691289,2.5,1.68422181683,0.748433971026,2.5,0.230926649108,0.149741824441,29,0.0163749294184,0.28423731151,23,23,23,1,0,0.478260869565,0.173913043478,0.347826086957,23,83,0.164031620553,1.68363906625,7.21739130435,6.91666666667,5.53333333333,3.38387246884,0.4688497999,0.25091671032,5.00671485866,1.38740291264,0.674698795181,3.15852569801,0.875254109087,0.458878994238,0.748040199571,0.444299621319,2.5,1.68363906625,0.748040199571,2.5,0.2352541398,0.158878504673,34,0.0191981931112,0.30959629596,23,23,23,1,0,0.478260869565,0.173913043478,0.347826086957,-5,-0.0098814229249,-0.00143672752368,-0.434782608696,-0.416666666667,0.0333333333333,-0.254417534746,-0.00660855284186,0.00141078146578,-0.316067854387,-0.00377893281491,0.00177389399495,-0.111895096616,0.0204850377644,0.0161912472022,-0.00115110478776,-0.000304299245735,0,-0.00143672752368,-0.00115110478776,0,-0.0241924741925,-0.0299039850672,-12,-0.00677583286279,-0.0235483371847,0,-0.0434782608696,0.0434782608696,83,0,5,418,0.943181818182,1,0,0.0568181818182,1,0.943181818182,0.970760233918,0.965418612275,0.943181818182,0.943181818182,4,9,0,10,6,10
1007,WLNM_dir_neg_kfold,0.950617283951,0.673881673882,00:00:01,10,90,12,18357,threshold_sweep,0.8,1,0.444444444444,0.615384615385,4,0,5,18,0.444444444444,1,0,0.555555555556,1,0.444444444444,0.615384615385,0.814814814815,0.617283950617,0.516129032258,0.58976782462,0.444444444444,94,85,9,0,94,0,85,0,9,23,88,0.173913043478,1.68507579377,7.65217391304,7.33333333333,5.5,3.63829000359,0.475458352741,0.249505928854,5.32278271304,1.39118184545,0.672924901186,3.27042079462,0.854769071322,0.442687747036,0.749191304359,0.444603920564,2.5,1.68507579377,0.749191304359,2.5,0.259446613992,0.18878248974,46,0.025974025974,0.333144633145,23,23,23,1,0,0.478260869565,0.217391304348,0.304347826087,23,0.156126482213,1.68422181683,6.86956521739,6.58333333333,5.26666666667,3.26558289139,0.475369661405,0.25701706109,4.78469232369,1.39301168918,0.680242157402,3.01249046708,0.877054186617,0.466703357182,0.748433971026,0.444379691289,2.5,1.68422181683,0.748433971026,2.5,0.230926649108,0.149741824441,29,0.0163749294184,0.28423731151,23,23,23,1,0,0.478260869565,0.173913043478,0.347826086957,23,83,0.164031620553,1.68363906625,7.21739130435,6.91666666667,5.53333333333,3.38387246884,0.4688497999,0.25091671032,5.00671485866,1.38740291264,0.674698795181,3.15852569801,0.875254109087,0.458878994238,0.748040199571,0.444299621319,2.5,1.68363906625,0.748040199571,2.5,0.2352541398,0.158878504673,34,0.0191981931112,0.30959629596,23,23,23,1,0,0.478260869565,0.173913043478,0.347826086957,-5,-0.0098814229249,-0.00143672752368,-0.434782608696,-0.416666666667,0.0333333333333,-0.254417534746,-0.00660855284186,0.00141078146578,-0.316067854387,-0.00377893281491,0.00177389399495,-0.111895096616,0.0204850377644,0.0161912472022,-0.00115110478776,-0.000304299245735,0,-0.00143672752368,-0.00115110478776,0,-0.0241924741925,-0.0299039850672,-12,-0.00677583286279,-0.0235483371847,0,-0.0434782608696,0.0434782608696,83,0,5,418,0.943181818182,1,0,0.0568181818182,1,0.943181818182,0.970760233918,0.965418612275,0.943181818182,0.943181818182,4,9,0,10,6,10
1008,WLNM_dir_neg_kfold,0.950617283951,0.673881673882,00:00:01,10,90,12,18357,threshold_sweep,0.9,1,0.444444444444,0.615384615385,4,0,5,18,0.444444444444,1,0,0.555555555556,1,0.444444444444,0.615384615385,0.814814814815,0.617283950617,0.516129032258,0.58976782462,0.444444444444,94,85,9,0,94,0,85,0,9,23,88,0.173913043478,1.68507579377,7.65217391304,7.33333333333,5.5,3.63829000359,0.475458352741,0.249505928854,5.32278271304,1.39118184545,0.672924901186,3.27042079462,0.854769071322,0.442687747036,0.749191304359,0.444603920564,2.5,1.68507579377,0.749191304359,2.5,0.259446613992,0.18878248974,46,0.025974025974,0.333144633145,23,23,23,1,0,0.478260869565,0.217391304348,0.304347826087,23,0.156126482213,1.68422181683,6.86956521739,6.58333333333,5.26666666667,3.26558289139,0.475369661405,0.25701706109,4.78469232369,1.39301168918,0.680242157402,3.01249046708,0.877054186617,0.466703357182,0.748433971026,0.444379691289,2.5,1.68422181683,0.748433971026,2.5,0.230926649108,0.149741824441,29,0.0163749294184,0.28423731151,23,23,23,1,0,0.478260869565,0.173913043478,0.347826086957,23,83,0.164031620553,1.68363906625,7.21739130435,6.91666666667,5.53333333333,3.38387246884,0.4688497999,0.25091671032,5.00671485866,1.38740291264,0.674698795181,3.15852569801,0.875254109087,0.458878994238,0.748040199571,0.444299621319,2.5,1.68363906625,0.748040199571,2.5,0.2352541398,0.158878504673,34,0.0191981931112,0.30959629596,23,23,23,1,0,0.478260869565,0.173913043478,0.347826086957,-5,-0.0098814229249,-0.00143672752368,-0.434782608696,-0.416666666667,0.0333333333333,-0.254417534746,-0.00660855284186,0.00141078146578,-0.316067854387,-0.00377893281491,0.00177389399495,-0.111895096616,0.0204850377644,0.0161912472022,-0.00115110478776,-0.000304299245735,0,-0.00143672752368,-0.00115110478776,0,-0.0241924741925,-0.0299039850672,-12,-0.00677583286279,-0.0235483371847,0,-0.0434782608696,0.0434782608696,83,0,5,418,0.943181818182,1,0,0.0568181818182,1,0.943181818182,0.970760233918,0.965418612275,0.943181818182,0.943181818182,4,9,0,10,6,10
1009,WLNM_dir_neg_kfold,0.975308641975,0.848484848485,00:00:01,10,90,13,18358,threshold_sweep,0.1,1,0.444444444444,0.615384615385,4,0,5,18,0.444444444444,1,0,0.555555555556,1,0.444444444444,0.615384615385,0.814814814815,0.617283950617,0.516129032258,0.58976782462,0.444444444444,94,85,9,0,94,0,85,0,9,23,88,0.173913043478,1.68507579377,7.65217391304,7.33333333333,5.5,3.63829000359,0.475458352741,0.249505928854,5.32278271304,1.39118184545,0.672924901186,3.27042079462,0.854769071322,0.442687747036,0.749191304359,0.444603920564,2.5,1.68507579377,0.749191304359,2.5,0.259446613992,0.18878248974,46,0.025974025974,0.333144633145,23,23,23,1,0,0.478260869565,0.217391304348,0.304347826087,23,0.156126482213,1.68422181683,6.86956521739,6.58333333333,5.26666666667,3.26558289139,0.475369661405,0.25701706109,4.78469232369,1.39301168918,0.680242157402,3.01249046708,0.877054186617,0.466703357182,0.748433971026,0.444379691289,2.5,1.68422181683,0.748433971026,2.5,0.230926649108,0.149741824441,29,0.0163749294184,0.28423731151,23,23,23,1,0,0.478260869565,0.173913043478,0.347826086957,23,83,0.164031620553,1.68363906625,7.21739130435,6.91666666667,5.53333333333,3.38387246884,0.4688497999,0.25091671032,5.00671485866,1.38740291264,0.674698795181,3.15852569801,0.875254109087,0.458878994238,0.748040199571,0.444299621319,2.5,1.68363906625,0.748040199571,2.5,0.2352541398,0.158878504673,34,0.0191981931112,0.30959629596,23,23,23,1,0,0.478260869565,0.173913043478,0.347826086957,-5,-0.0098814229249,-0.00143672752368,-0.434782608696,-0.416666666667,0.0333333333333,-0.254417534746,-0.00660855284186,0.00141078146578,-0.316067854387,-0.00377893281491,0.00177389399495,-0.111895096616,0.0204850377644,0.0161912472022,-0.00115110478776,-0.000304299245735,0,-0.00143672752368,-0.00115110478776,0,-0.0241924741925,-0.0299039850672,-12,-0.00677583286279,-0.0235483371847,0,-0.0434782608696,0.0434782608696,83,0,5,418,0.943181818182,1,0,0.0568181818182,1,0.943181818182,0.970760233918,0.965418612275,0.943181818182,0.943181818182,4,9,0,10,6,10
1010,WLNM_dir_neg_kfold,0.975308641975,0.848484848485,00:00:01,10,90,13,18358,threshold_sweep,0.2,1,0.444444444444,0.615384615385,4,0,5,18,0.444444444444,1,0,0.555555555556,1,0.444444444444,0.615384615385,0.814814814815,0.617283950617,0.516129032258,0.58976782462,0.444444444444,94,85,9,0,94,0,85,0,9,23,88,0.173913043478,1.68507579377,7.65217391304,7.33333333333,5.5,3.63829000359,0.475458352741,0.249505928854,5.32278271304,1.39118184545,0.672924901186,3.27042079462,0.854769071322,0.442687747036,0.749191304359,0.444603920564,2.5,1.68507579377,0.749191304359,2.5,0.259446613992,0.18878248974,46,0.025974025974,0.333144633145,23,23,23,1,0,0.478260869565,0.217391304348,0.304347826087,23,0.156126482213,1.68422181683,6.86956521739,6.58333333333,5.26666666667,3.26558289139,0.475369661405,0.25701706109,4.78469232369,1.39301168918,0.680242157402,3.01249046708,0.877054186617,0.466703357182,0.748433971026,0.444379691289,2.5,1.68422181683,0.748433971026,2.5,0.230926649108,0.149741824441,29,0.0163749294184,0.28423731151,23,23,23,1,0,0.478260869565,0.173913043478,0.347826086957,23,83,0.164031620553,1.68363906625,7.21739130435,6.91666666667,5.53333333333,3.38387246884,0.4688497999,0.25091671032,5.00671485866,1.38740291264,0.674698795181,3.15852569801,0.875254109087,0.458878994238,0.748040199571,0.444299621319,2.5,1.68363906625,0.748040199571,2.5,0.2352541398,0.158878504673,34,0.0191981931112,0.30959629596,23,23,23,1,0,0.478260869565,0.173913043478,0.347826086957,-5,-0.0098814229249,-0.00143672752368,-0.434782608696,-0.416666666667,0.0333333333333,-0.254417534746,-0.00660855284186,0.00141078146578,-0.316067854387,-0.00377893281491,0.00177389399495,-0.111895096616,0.0204850377644,0.0161912472022,-0.00115110478776,-0.000304299245735,0,-0.00143672752368,-0.00115110478776,0,-0.0241924741925,-0.0299039850672,-12,-0.00677583286279,-0.0235483371847,0,-0.0434782608696,0.0434782608696,83,0,5,418,0.943181818182,1,0,0.0568181818182,1,0.943181818182,0.970760233918,0.965418612275,0.943181818182,0.943181818182,4,9,0,10,6,10
1011,WLNM_dir_neg_kfold,0.975308641975,0.848484848485,00:00:01,10,90,13,18358,threshold_sweep,0.3,1,0.444444444444,0.615384615385,4,0,5,18,0.444444444444,1,0,0.555555555556,1,0.444444444444,0.615384615385,0.814814814815,0.617283950617,0.516129032258,0.58976782462,0.444444444444,94,85,9,0,94,0,85,0,9,23,88,0.173913043478,1.68507579377,7.65217391304,7.33333333333,5.5,3.63829000359,0.475458352741,0.249505928854,5.32278271304,1.39118184545,0.672924901186,3.27042079462,0.854769071322,0.442687747036,0.749191304359,0.444603920564,2.5,1.68507579377,0.749191304359,2.5,0.259446613992,0.18878248974,46,0.025974025974,0.333144633145,23,23,23,1,0,0.478260869565,0.217391304348,0.304347826087,23,0.156126482213,1.68422181683,6.86956521739,6.58333333333,5.26666666667,3.26558289139,0.475369661405,0.25701706109,4.78469232369,1.39301168918,0.680242157402,3.01249046708,0.877054186617,0.466703357182,0.748433971026,0.444379691289,2.5,1.68422181683,0.748433971026,2.5,0.230926649108,0.149741824441,29,0.0163749294184,0.28423731151,23,23,23,1,0,0.478260869565,0.173913043478,0.347826086957,23,83,0.164031620553,1.68363906625,7.21739130435,6.91666666667,5.53333333333,3.38387246884,0.4688497999,0.25091671032,5.00671485866,1.38740291264,0.674698795181,3.15852569801,0.875254109087,0.458878994238,0.748040199571,0.444299621319,2.5,1.68363906625,0.748040199571,2.5,0.2352541398,0.158878504673,34,0.0191981931112,0.30959629596,23,23,23,1,0,0.478260869565,0.173913043478,0.347826086957,-5,-0.0098814229249,-0.00143672752368,-0.434782608696,-0.416666666667,0.0333333333333,-0.254417534746,-0.00660855284186,0.00141078146578,-0.316067854387,-0.00377893281491,0.00177389399495,-0.111895096616,0.0204850377644,0.0161912472022,-0.00115110478776,-0.000304299245735,0,-0.00143672752368,-0.00115110478776,0,-0.0241924741925,-0.0299039850672,-12,-0.00677583286279,-0.0235483371847,0,-0.0434782608696,0.0434782608696,83,0,5,418,0.943181818182,1,0,0.0568181818182,1,0.943181818182,0.970760233918,0.965418612275,0.943181818182,0.943181818182,4,9,0,10,6,10
1012,WLNM_dir_neg_kfold,0.975308641975,0.848484848485,00:00:01,10,90,13,18358,threshold_sweep,0.4,1,0.444444444444,0.615384615385,4,0,5,18,0.444444444444,1,0,0.555555555556,1,0.444444444444,0.615384615385,0.814814814815,0.617283950617,0.516129032258,0.58976782462,0.444444444444,94,85,9,0,94,0,85,0,9,23,88,0.173913043478,1.68507579377,7.65217391304,7.33333333333,5.5,3.63829000359,0.475458352741,0.249505928854,5.32278271304,1.39118184545,0.672924901186,3.27042079462,0.854769071322,0.442687747036,0.749191304359,0.444603920564,2.5,1.68507579377,0.749191304359,2.5,0.259446613992,0.18878248974,46,0.025974025974,0.333144633145,23,23,23,1,0,0.478260869565,0.217391304348,0.304347826087,23,0.156126482213,1.68422181683,6.86956521739,6.58333333333,5.26666666667,3.26558289139,0.475369661405,0.25701706109,4.78469232369,1.39301168918,0.680242157402,3.01249046708,0.877054186617,0.466703357182,0.748433971026,0.444379691289,2.5,1.68422181683,0.748433971026,2.5,0.230926649108,0.149741824441,29,0.0163749294184,0.28423731151,23,23,23,1,0,0.478260869565,0.173913043478,0.347826086957,23,83,0.164031620553,1.68363906625,7.21739130435,6.91666666667,5.53333333333,3.38387246884,0.4688497999,0.25091671032,5.00671485866,1.38740291264,0.674698795181,3.15852569801,0.875254109087,0.458878994238,0.748040199571,0.444299621319,2.5,1.68363906625,0.748040199571,2.5,0.2352541398,0.158878504673,34,0.0191981931112,0.30959629596,23,23,23,1,0,0.478260869565,0.173913043478,0.347826086957,-5,-0.0098814229249,-0.00143672752368,-0.434782608696,-0.416666666667,0.0333333333333,-0.254417534746,-0.00660855284186,0.00141078146578,-0.316067854387,-0.00377893281491,0.00177389399495,-0.111895096616,0.0204850377644,0.0161912472022,-0.00115110478776,-0.000304299245735,0,-0.00143672752368,-0.00115110478776,0,-0.0241924741925,-0.0299039850672,-12,-0.00677583286279,-0.0235483371847,0,-0.0434782608696,0.0434782608696,83,0,5,418,0.943181818182,1,0,0.0568181818182,1,0.943181818182,0.970760233918,0.965418612275,0.943181818182,0.943181818182,4,9,0,10,6,10
1013,WLNM_dir_neg_kfold,0.975308641975,0.848484848485,00:00:01,10,90,13,18358,threshold_sweep,0.5,1,0.444444444444,0.615384615385,4,0,5,18,0.444444444444,1,0,0.555555555556,1,0.444444444444,0.615384615385,0.814814814815,0.617283950617,0.516129032258,0.58976782462,0.444444444444,94,85,9,0,94,0,85,0,9,23,88,0.173913043478,1.68507579377,7.65217391304,7.33333333333,5.5,3.63829000359,0.475458352741,0.249505928854,5.32278271304,1.39118184545,0.672924901186,3.27042079462,0.854769071322,0.442687747036,0.749191304359,0.444603920564,2.5,1.68507579377,0.749191304359,2.5,0.259446613992,0.18878248974,46,0.025974025974,0.333144633145,23,23,23,1,0,0.478260869565,0.217391304348,0.304347826087,23,0.156126482213,1.68422181683,6.86956521739,6.58333333333,5.26666666667,3.26558289139,0.475369661405,0.25701706109,4.78469232369,1.39301168918,0.680242157402,3.01249046708,0.877054186617,0.466703357182,0.748433971026,0.444379691289,2.5,1.68422181683,0.748433971026,2.5,0.230926649108,0.149741824441,29,0.0163749294184,0.28423731151,23,23,23,1,0,0.478260869565,0.173913043478,0.347826086957,23,83,0.164031620553,1.68363906625,7.21739130435,6.91666666667,5.53333333333,3.38387246884,0.4688497999,0.25091671032,5.00671485866,1.38740291264,0.674698795181,3.15852569801,0.875254109087,0.458878994238,0.748040199571,0.444299621319,2.5,1.68363906625,0.748040199571,2.5,0.2352541398,0.158878504673,34,0.0191981931112,0.30959629596,23,23,23,1,0,0.478260869565,0.173913043478,0.347826086957,-5,-0.0098814229249,-0.00143672752368,-0.434782608696,-0.416666666667,0.0333333333333,-0.254417534746,-0.00660855284186,0.00141078146578,-0.316067854387,-0.00377893281491,0.00177389399495,-0.111895096616,0.0204850377644,0.0161912472022,-0.00115110478776,-0.000304299245735,0,-0.00143672752368,-0.00115110478776,0,-0.0241924741925,-0.0299039850672,-12,-0.00677583286279,-0.0235483371847,0,-0.0434782608696,0.0434782608696,83,0,5,418,0.943181818182,1,0,0.0568181818182,1,0.943181818182,0.970760233918,0.965418612275,0.943181818182,0.943181818182,4,9,0,10,6,10
1014,WLNM_dir_neg_kfold,0.975308641975,0.848484848485,00:00:01,10,90,13,18358,threshold_sweep,0.6,1,0.444444444444,0.615384615385,4,0,5,18,0.444444444444,1,0,0.555555555556,1,0.444444444444,0.615384615385,0.814814814815,0.617283950617,0.516129032258,0.58976782462,0.444444444444,94,85,9,0,94,0,85,0,9,23,88,0.173913043478,1.68507579377,7.65217391304,7.33333333333,5.5,3.63829000359,0.475458352741,0.249505928854,5.32278271304,1.39118184545,0.672924901186,3.27042079462,0.854769071322,0.442687747036,0.749191304359,0.444603920564,2.5,1.68507579377,0.749191304359,2.5,0.259446613992,0.18878248974,46,0.025974025974,0.333144633145,23,23,23,1,0,0.478260869565,0.217391304348,0.304347826087,23,0.156126482213,1.68422181683,6.86956521739,6.58333333333,5.26666666667,3.26558289139,0.475369661405,0.25701706109,4.78469232369,1.39301168918,0.680242157402,3.01249046708,0.877054186617,0.466703357182,0.748433971026,0.444379691289,2.5,1.68422181683,0.748433971026,2.5,0.230926649108,0.149741824441,29,0.0163749294184,0.28423731151,23,23,23,1,0,0.478260869565,0.173913043478,0.347826086957,23,83,0.164031620553,1.68363906625,7.21739130435,6.91666666667,5.53333333333,3.38387246884,0.4688497999,0.25091671032,5.00671485866,1.38740291264,0.674698795181,3.15852569801,0.875254109087,0.458878994238,0.748040199571,0.444299621319,2.5,1.68363906625,0.748040199571,2.5,0.2352541398,0.158878504673,34,0.0191981931112,0.30959629596,23,23,23,1,0,0.478260869565,0.173913043478,0.347826086957,-5,-0.0098814229249,-0.00143672752368,-0.434782608696,-0.416666666667,0.0333333333333,-0.254417534746,-0.00660855284186,0.00141078146578,-0.316067854387,-0.00377893281491,0.00177389399495,-0.111895096616,0.0204850377644,0.0161912472022,-0.00115110478776,-0.000304299245735,0,-0.00143672752368,-0.00115110478776,0,-0.0241924741925,-0.0299039850672,-12,-0.00677583286279,-0.0235483371847,0,-0.0434782608696,0.0434782608696,83,0,5,418,0.943181818182,1,0,0.0568181818182,1,0.943181818182,0.970760233918,0.965418612275,0.943181818182,0.943181818182,4,9,0,10,6,10
1015,WLNM_dir_neg_kfold,0.975308641975,0.848484848485,00:00:01,10,90,13,18358,threshold_sweep,0.7,1,0.444444444444,0.615384615385,4,0,5,18,0.444444444444,1,0,0.555555555556,1,0.444444444444,0.615384615385,0.814814814815,0.617283950617,0.516129032258,0.58976782462,0.444444444444,94,85,9,0,94,0,85,0,9,23,88,0.173913043478,1.68507579377,7.65217391304,7.33333333333,5.5,3.63829000359,0.475458352741,0.249505928854,5.32278271304,1.39118184545,0.672924901186,3.27042079462,0.854769071322,0.442687747036,0.749191304359,0.444603920564,2.5,1.68507579377,0.749191304359,2.5,0.259446613992,0.18878248974,46,0.025974025974,0.333144633145,23,23,23,1,0,0.478260869565,0.217391304348,0.304347826087,23,0.156126482213,1.68422181683,6.86956521739,6.58333333333,5.26666666667,3.26558289139,0.475369661405,0.25701706109,4.78469232369,1.39301168918,0.680242157402,3.01249046708,0.877054186617,0.466703357182,0.748433971026,0.444379691289,2.5,1.68422181683,0.748433971026,2.5,0.230926649108,0.149741824441,29,0.0163749294184,0.28423731151,23,23,23,1,0,0.478260869565,0.173913043478,0.347826086957,23,83,0.164031620553,1.68363906625,7.21739130435,6.91666666667,5.53333333333,3.38387246884,0.4688497999,0.25091671032,5.00671485866,1.38740291264,0.674698795181,3.15852569801,0.875254109087,0.458878994238,0.748040199571,0.444299621319,2.5,1.68363906625,0.748040199571,2.5,0.2352541398,0.158878504673,34,0.0191981931112,0.30959629596,23,23,23,1,0,0.478260869565,0.173913043478,0.347826086957,-5,-0.0098814229249,-0.00143672752368,-0.434782608696,-0.416666666667,0.0333333333333,-0.254417534746,-0.00660855284186,0.00141078146578,-0.316067854387,-0.00377893281491,0.00177389399495,-0.111895096616,0.0204850377644,0.0161912472022,-0.00115110478776,-0.000304299245735,0,-0.00143672752368,-0.00115110478776,0,-0.0241924741925,-0.0299039850672,-12,-0.00677583286279,-0.0235483371847,0,-0.0434782608696,0.0434782608696,83,0,5,418,0.943181818182,1,0,0.0568181818182,1,0.943181818182,0.970760233918,0.965418612275,0.943181818182,0.943181818182,4,9,0,10,6,10
1016,WLNM_dir_neg_kfold,0.975308641975,0.848484848485,00:00:01,10,90,13,18358,threshold_sweep,0.8,1,0.444444444444,0.615384615385,4,0,5,18,0.444444444444,1,0,0.555555555556,1,0.444444444444,0.615384615385,0.814814814815,0.617283950617,0.516129032258,0.58976782462,0.444444444444,94,85,9,0,94,0,85,0,9,23,88,0.173913043478,1.68507579377,7.65217391304,7.33333333333,5.5,3.63829000359,0.475458352741,0.249505928854,5.32278271304,1.39118184545,0.672924901186,3.27042079462,0.854769071322,0.442687747036,0.749191304359,0.444603920564,2.5,1.68507579377,0.749191304359,2.5,0.259446613992,0.18878248974,46,0.025974025974,0.333144633145,23,23,23,1,0,0.478260869565,0.217391304348,0.304347826087,23,0.156126482213,1.68422181683,6.86956521739,6.58333333333,5.26666666667,3.26558289139,0.475369661405,0.25701706109,4.78469232369,1.39301168918,0.680242157402,3.01249046708,0.877054186617,0.466703357182,0.748433971026,0.444379691289,2.5,1.68422181683,0.748433971026,2.5,0.230926649108,0.149741824441,29,0.0163749294184,0.28423731151,23,23,23,1,0,0.478260869565,0.173913043478,0.347826086957,23,83,0.164031620553,1.68363906625,7.21739130435,6.91666666667,5.53333333333,3.38387246884,0.4688497999,0.25091671032,5.00671485866,1.38740291264,0.674698795181,3.15852569801,0.875254109087,0.458878994238,0.748040199571,0.444299621319,2.5,1.68363906625,0.748040199571,2.5,0.2352541398,0.158878504673,34,0.0191981931112,0.30959629596,23,23,23,1,0,0.478260869565,0.173913043478,0.347826086957,-5,-0.0098814229249,-0.00143672752368,-0.434782608696,-0.416666666667,0.0333333333333,-0.254417534746,-0.00660855284186,0.00141078146578,-0.316067854387,-0.00377893281491,0.00177389399495,-0.111895096616,0.0204850377644,0.0161912472022,-0.00115110478776,-0.000304299245735,0,-0.00143672752368,-0.00115110478776,0,-0.0241924741925,-0.0299039850672,-12,-0.00677583286279,-0.0235483371847,0,-0.0434782608696,0.0434782608696,83,0,5,418,0.943181818182,1,0,0.0568181818182,1,0.943181818182,0.970760233918,0.965418612275,0.943181818182,0.943181818182,4,9,0,10,6,10
1017,WLNM_dir_neg_kfold,0.975308641975,0.848484848485,00:00:01,10,90,13,18358,threshold_sweep,0.9,1,0.444444444444,0.615384615385,4,0,5,18,0.444444444444,1,0,0.555555555556,1,0.444444444444,0.615384615385,0.814814814815,0.617283950617,0.516129032258,0.58976782462,0.444444444444,94,85,9,0,94,0,85,0,9,23,88,0.173913043478,1.68507579377,7.65217391304,7.33333333333,5.5,3.63829000359,0.475458352741,0.249505928854,5.32278271304,1.39118184545,0.672924901186,3.27042079462,0.854769071322,0.442687747036,0.749191304359,0.444603920564,2.5,1.68507579377,0.749191304359,2.5,0.259446613992,0.18878248974,46,0.025974025974,0.333144633145,23,23,23,1,0,0.478260869565,0.217391304348,0.304347826087,23,0.156126482213,1.68422181683,6.86956521739,6.58333333333,5.26666666667,3.26558289139,0.475369661405,0.25701706109,4.78469232369,1.39301168918,0.680242157402,3.01249046708,0.877054186617,0.466703357182,0.748433971026,0.444379691289,2.5,1.68422181683,0.748433971026,2.5,0.230926649108,0.149741824441,29,0.0163749294184,0.28423731151,23,23,23,1,0,0.478260869565,0.173913043478,0.347826086957,23,83,0.164031620553,1.68363906625,7.21739130435,6.91666666667,5.53333333333,3.38387246884,0.4688497999,0.25091671032,5.00671485866,1.38740291264,0.674698795181,3.15852569801,0.875254109087,0.458878994238,0.748040199571,0.444299621319,2.5,1.68363906625,0.748040199571,2.5,0.2352541398,0.158878504673,34,0.0191981931112,0.30959629596,23,23,23,1,0,0.478260869565,0.173913043478,0.347826086957,-5,-0.0098814229249,-0.00143672752368,-0.434782608696,-0.416666666667,0.0333333333333,-0.254417534746,-0.00660855284186,0.00141078146578,-0.316067854387,-0.00377893281491,0.00177389399495,-0.111895096616,0.0204850377644,0.0161912472022,-0.00115110478776,-0.000304299245735,0,-0.00143672752368,-0.00115110478776,0,-0.0241924741925,-0.0299039850672,-12,-0.00677583286279,-0.0235483371847,0,-0.0434782608696,0.0434782608696,83,0,5,418,0.943181818182,1,0,0.0568181818182,1,0.943181818182,0.970760233918,0.965418612275,0.943181818182,0.943181818182,4,9,0,10,6,10
1018,WLNM_dir_neg_kfold,0.888888888889,0.734920634921,00:00:01,10,90,14,18359,threshold_sweep,0.1,1,0.333333333333,0.5,3,0,6,18,0.333333333333,1,0,0.666666666667,1,0.333333333333,0.5,0.777777777778,0.62962962963,0.4,0.5,0.333333333333,94,85,9,0,94,0,85,0,9,23,88,0.173913043478,1.68507579377,7.65217391304,7.33333333333,5.5,3.63829000359,0.475458352741,0.249505928854,5.32278271304,1.39118184545,0.672924901186,3.27042079462,0.854769071322,0.442687747036,0.749191304359,0.444603920564,2.5,1.68507579377,0.749191304359,2.5,0.259446613992,0.18878248974,46,0.025974025974,0.333144633145,23,23,23,1,0,0.478260869565,0.217391304348,0.304347826087,23,0.156126482213,1.68422181683,6.86956521739,6.58333333333,5.26666666667,3.26558289139,0.475369661405,0.25701706109,4.78469232369,1.39301168918,0.680242157402,3.01249046708,0.877054186617,0.466703357182,0.748433971026,0.444379691289,2.5,1.68422181683,0.748433971026,2.5,0.230926649108,0.149741824441,29,0.0163749294184,0.28423731151,23,23,23,1,0,0.478260869565,0.173913043478,0.347826086957,23,82,0.162055335968,1.68363906625,7.13043478261,6.83333333333,5.46666666667,3.3616060532,0.471444751364,0.253446447508,4.95274108639,1.38918347545,0.676564156946,3.13087392616,0.878171954898,0.464475079533,0.748040199571,0.444299621319,2.5,1.68363906625,0.748040199571,2.5,0.235497835498,0.157894736842,33,0.0186335403727,0.304234990599,23,23,23,1,0,0.478260869565,0.173913043478,0.347826086957,-6,-0.0118577075099,-0.00143672752368,-0.521739130435,-0.5,-0.0333333333333,-0.276683950386,-0.00401360137788,0.0039405186542,-0.370041626658,-0.0019983700049,0.00363925576015,-0.139546868466,0.0234028835759,0.0217873324978,-0.00115110478776,-0.000304299245735,0,-0.00143672752368,-0.00115110478776,0,-0.0239487784942,-0.030887752898,-13,-0.00734048560136,-0.028909642546,0,-0.0434782608696,0.0434782608696,82,0,6,418,0.931818181818,1,0,0.0681818181818,1,0.931818181818,0.964705882353,0.958452959446,0.931818181818,0.931818181818,3,9,0,10,6,10
1019,WLNM_dir_neg_kfold,0.888888888889,0.734920634921,00:00:01,10,90,14,18359,threshold_sweep,0.2,1,0.111111111111,0.2,1,0,8,18,0.111111111111,1,0,0.888888888889,1,0.111111111111,0.2,0.703703703704,0.654320987654,0.142857142857,0.277350098113,0.111111111111,94,85,9,0,94,0,85,0,9,23,88,0.173913043478,1.68507579377,7.65217391304,7.33333333333,5.5,3.63829000359,0.475458352741,0.249505928854,5.32278271304,1.39118184545,0.672924901186,3.27042079462,0.854769071322,0.442687747036,0.749191304359,0.444603920564,2.5,1.68507579377,0.749191304359,2.5,0.259446613992,0.18878248974,46,0.025974025974,0.333144633145,23,23,23,1,0,0.478260869565,0.217391304348,0.304347826087,23,0.156126482213,1.68422181683,6.86956521739,6.58333333333,5.26666666667,3.26558289139,0.475369661405,0.25701706109,4.78469232369,1.39301168918,0.680242157402,3.01249046708,0.877054186617,0.466703357182,0.748433971026,0.444379691289,2.5,1.68422181683,0.748433971026,2.5,0.230926649108,0.149741824441,29,0.0163749294184,0.28423731151,23,23,23,1,0,0.478260869565,0.173913043478,0.347826086957,23,80,0.158102766798,1.68363906625,6.95652173913,6.66666666667,5.33333333333,3.33682294283,0.479668298031,0.258152173913,4.86984753558,1.40008116648,0.682608695652,3.05806779783,0.879194491876,0.46847826087,0.748040199571,0.444299621319,2.5,1.68363906625,0.748040199571,2.5,0.236172161172,0.155258764608,31,0.0175042348955,0.290619817893,23,23,23,1,0,0.478260869565,0.173913043478,0.347826086957,-8,-0.0158102766798,-0.00143672752368,-0.695652173913,-0.666666666667,-0.166666666667,-0.301467060759,0.00420994529,0.00864624505929,-0.452935177467,0.00889932102371,0.0096837944664,-0.212352996794,0.0244254205539,0.025790513834,-0.00115110478776,-0.000304299245735,0,-0.00143672752368,-0.00115110478776,0,-0.0232744528199,-0.0335237251324,-15,-0.00846979107849,-0.0425248152521,0,-0.0434782608696,0.0434782608696,80,0,8,418,0.909090909091,1,0,0.0909090909091,1,0.909090909091,0.952380952381,0.944467458064,0.909090909091,0.909090909091,1,9,0,10,6,10
1020,WLNM_dir_neg_kfold,0.888888888889,0.734920634921,00:00:01,10,90,14,18359,threshold_sweep,0.3,1,0.111111111111,0.2,1,0,8,18,0.111111111111,1,0,0.888888888889,1,0.111111111111,0.2,0.703703703704,0.654320987654,0.142857142857,0.277350098113,0.111111111111,94,85,9,0,94,0,85,0,9,23,88,0.173913043478,1.68507579377,7.65217391304,7.33333333333,5.5,3.63829000359,0.475458352741,0.249505928854,5.32278271304,1.39118184545,0.672924901186,3.27042079462,0.854769071322,0.442687747036,0.749191304359,0.444603920564,2.5,1.68507579377,0.749191304359,2.5,0.259446613992,0.18878248974,46,0.025974025974,0.333144633145,23,23,23,1,0,0.478260869565,0.217391304348,0.304347826087,23,0.156126482213,1.68422181683,6.86956521739,6.58333333333,5.26666666667,3.26558289139,0.475369661405,0.25701706109,4.78469232369,1.39301168918,0.680242157402,3.01249046708,0.877054186617,0.466703357182,0.748433971026,0.444379691289,2.5,1.68422181683,0.748433971026,2.5,0.230926649108,0.149741824441,29,0.0163749294184,0.28423731151,23,23,23,1,0,0.478260869565,0.173913043478,0.347826086957,23,80,0.158102766798,1.68363906625,6.95652173913,6.66666666667,5.33333333333,3.33682294283,0.479668298031,0.258152173913,4.86984753558,1.40008116648,0.682608695652,3.05806779783,0.879194491876,0.46847826087,0.748040199571,0.444299621319,2.5,1.68363906625,0.748040199571,2.5,0.236172161172,0.155258764608,31,0.0175042348955,0.290619817893,23,23,23,1,0,0.478260869565,0.173913043478,0.347826086957,-8,-0.0158102766798,-0.00143672752368,-0.695652173913,-0.666666666667,-0.166666666667,-0.301467060759,0.00420994529,0.00864624505929,-0.452935177467,0.00889932102371,0.0096837944664,-0.212352996794,0.0244254205539,0.025790513834,-0.00115110478776,-0.000304299245735,0,-0.00143672752368,-0.00115110478776,0,-0.0232744528199,-0.0335237251324,-15,-0.00846979107849,-0.0425248152521,0,-0.0434782608696,0.0434782608696,80,0,8,418,0.909090909091,1,0,0.0909090909091,1,0.909090909091,0.952380952381,0.944467458064,0.909090909091,0.909090909091,1,9,0,10,6,10
1021,WLNM_dir_neg_kfold,0.888888888889,0.734920634921,00:00:01,10,90,14,18359,threshold_sweep,0.4,1,0.111111111111,0.2,1,0,8,18,0.111111111111,1,0,0.888888888889,1,0.111111111111,0.2,0.703703703704,0.654320987654,0.142857142857,0.277350098113,0.111111111111,94,85,9,0,94,0,85,0,9,23,88,0.173913043478,1.68507579377,7.65217391304,7.33333333333,5.5,3.63829000359,0.475458352741,0.249505928854,5.32278271304,1.39118184545,0.672924901186,3.27042079462,0.854769071322,0.442687747036,0.749191304359,0.444603920564,2.5,1.68507579377,0.749191304359,2.5,0.259446613992,0.18878248974,46,0.025974025974,0.333144633145,23,23,23,1,0,0.478260869565,0.217391304348,0.304347826087,23,0.156126482213,1.68422181683,6.86956521739,6.58333333333,5.26666666667,3.26558289139,0.475369661405,0.25701706109,4.78469232369,1.39301168918,0.680242157402,3.01249046708,0.877054186617,0.466703357182,0.748433971026,0.444379691289,2.5,1.68422181683,0.748433971026,2.5,0.230926649108,0.149741824441,29,0.0163749294184,0.28423731151,23,23,23,1,0,0.478260869565,0.173913043478,0.347826086957,23,80,0.158102766798,1.68363906625,6.95652173913,6.66666666667,5.33333333333,3.33682294283,0.479668298031,0.258152173913,4.86984753558,1.40008116648,0.682608695652,3.05806779783,0.879194491876,0.46847826087,0.748040199571,0.444299621319,2.5,1.68363906625,0.748040199571,2.5,0.236172161172,0.155258764608,31,0.0175042348955,0.290619817893,23,23,23,1,0,0.478260869565,0.173913043478,0.347826086957,-8,-0.0158102766798,-0.00143672752368,-0.695652173913,-0.666666666667,-0.166666666667,-0.301467060759,0.00420994529,0.00864624505929,-0.452935177467,0.00889932102371,0.0096837944664,-0.212352996794,0.0244254205539,0.025790513834,-0.00115110478776,-0.000304299245735,0,-0.00143672752368,-0.00115110478776,0,-0.0232744528199,-0.0335237251324,-15,-0.00846979107849,-0.0425248152521,0,-0.0434782608696,0.0434782608696,80,0,8,418,0.909090909091,1,0,0.0909090909091,1,0.909090909091,0.952380952381,0.944467458064,0.909090909091,0.909090909091,1,9,0,10,6,10
1022,WLNM_dir_neg_kfold,0.888888888889,0.734920634921,00:00:01,10,90,14,18359,threshold_sweep,0.5,1,0.111111111111,0.2,1,0,8,18,0.111111111111,1,0,0.888888888889,1,0.111111111111,0.2,0.703703703704,0.654320987654,0.142857142857,0.277350098113,0.111111111111,94,85,9,0,94,0,85,0,9,23,88,0.173913043478,1.68507579377,7.65217391304,7.33333333333,5.5,3.63829000359,0.475458352741,0.249505928854,5.32278271304,1.39118184545,0.672924901186,3.27042079462,0.854769071322,0.442687747036,0.749191304359,0.444603920564,2.5,1.68507579377,0.749191304359,2.5,0.259446613992,0.18878248974,46,0.025974025974,0.333144633145,23,23,23,1,0,0.478260869565,0.217391304348,0.304347826087,23,0.156126482213,1.68422181683,6.86956521739,6.58333333333,5.26666666667,3.26558289139,0.475369661405,0.25701706109,4.78469232369,1.39301168918,0.680242157402,3.01249046708,0.877054186617,0.466703357182,0.748433971026,0.444379691289,2.5,1.68422181683,0.748433971026,2.5,0.230926649108,0.149741824441,29,0.0163749294184,0.28423731151,23,23,23,1,0,0.478260869565,0.173913043478,0.347826086957,23,80,0.158102766798,1.68363906625,6.95652173913,6.66666666667,5.33333333333,3.33682294283,0.479668298031,0.258152173913,4.86984753558,1.40008116648,0.682608695652,3.05806779783,0.879194491876,0.46847826087,0.748040199571,0.444299621319,2.5,1.68363906625,0.748040199571,2.5,0.236172161172,0.155258764608,31,0.0175042348955,0.290619817893,23,23,23,1,0,0.478260869565,0.173913043478,0.347826086957,-8,-0.0158102766798,-0.00143672752368,-0.695652173913,-0.666666666667,-0.166666666667,-0.301467060759,0.00420994529,0.00864624505929,-0.452935177467,0.00889932102371,0.0096837944664,-0.212352996794,0.0244254205539,0.025790513834,-0.00115110478776,-0.000304299245735,0,-0.00143672752368,-0.00115110478776,0,-0.0232744528199,-0.0335237251324,-15,-0.00846979107849,-0.0425248152521,0,-0.0434782608696,0.0434782608696,80,0,8,418,0.909090909091,1,0,0.0909090909091,1,0.909090909091,0.952380952381,0.944467458064,0.909090909091,0.909090909091,1,9,0,10,6,10
1023,WLNM_dir_neg_kfold,0.888888888889,0.734920634921,00:00:01,10,90,14,18359,threshold_sweep,0.6,1,0.111111111111,0.2,1,0,8,18,0.111111111111,1,0,0.888888888889,1,0.111111111111,0.2,0.703703703704,0.654320987654,0.142857142857,0.277350098113,0.111111111111,94,85,9,0,94,0,85,0,9,23,88,0.173913043478,1.68507579377,7.65217391304,7.33333333333,5.5,3.63829000359,0.475458352741,0.249505928854,5.32278271304,1.39118184545,0.672924901186,3.27042079462,0.854769071322,0.442687747036,0.749191304359,0.444603920564,2.5,1.68507579377,0.749191304359,2.5,0.259446613992,0.18878248974,46,0.025974025974,0.333144633145,23,23,23,1,0,0.478260869565,0.217391304348,0.304347826087,23,0.156126482213,1.68422181683,6.86956521739,6.58333333333,5.26666666667,3.26558289139,0.475369661405,0.25701706109,4.78469232369,1.39301168918,0.680242157402,3.01249046708,0.877054186617,0.466703357182,0.748433971026,0.444379691289,2.5,1.68422181683,0.748433971026,2.5,0.230926649108,0.149741824441,29,0.0163749294184,0.28423731151,23,23,23,1,0,0.478260869565,0.173913043478,0.347826086957,23,80,0.158102766798,1.68363906625,6.95652173913,6.66666666667,5.33333333333,3.33682294283,0.479668298031,0.258152173913,4.86984753558,1.40008116648,0.682608695652,3.05806779783,0.879194491876,0.46847826087,0.748040199571,0.444299621319,2.5,1.68363906625,0.748040199571,2.5,0.236172161172,0.155258764608,31,0.0175042348955,0.290619817893,23,23,23,1,0,0.478260869565,0.173913043478,0.347826086957,-8,-0.0158102766798,-0.00143672752368,-0.695652173913,-0.666666666667,-0.166666666667,-0.301467060759,0.00420994529,0.00864624505929,-0.452935177467,0.00889932102371,0.0096837944664,-0.212352996794,0.0244254205539,0.025790513834,-0.00115110478776,-0.000304299245735,0,-0.00143672752368,-0.00115110478776,0,-0.0232744528199,-0.0335237251324,-15,-0.00846979107849,-0.0425248152521,0,-0.0434782608696,0.0434782608696,80,0,8,418,0.909090909091,1,0,0.0909090909091,1,0.909090909091,0.952380952381,0.944467458064,0.909090909091,0.909090909091,1,9,0,10,6,10
1024,WLNM_dir_neg_kfold,0.888888888889,0.734920634921,00:00:01,10,90,14,18359,threshold_sweep,0.7,1,0.111111111111,0.2,1,0,8,18,0.111111111111,1,0,0.888888888889,1,0.111111111111,0.2,0.703703703704,0.654320987654,0.142857142857,0.277350098113,0.111111111111,94,85,9,0,94,0,85,0,9,23,88,0.173913043478,1.68507579377,7.65217391304,7.33333333333,5.5,3.63829000359,0.475458352741,0.249505928854,5.32278271304,1.39118184545,0.672924901186,3.27042079462,0.854769071322,0.442687747036,0.749191304359,0.444603920564,2.5,1.68507579377,0.749191304359,2.5,0.259446613992,0.18878248974,46,0.025974025974,0.333144633145,23,23,23,1,0,0.478260869565,0.217391304348,0.304347826087,23,0.156126482213,1.68422181683,6.86956521739,6.58333333333,5.26666666667,3.26558289139,0.475369661405,0.25701706109,4.78469232369,1.39301168918,0.680242157402,3.01249046708,0.877054186617,0.466703357182,0.748433971026,0.444379691289,2.5,1.68422181683,0.748433971026,2.5,0.230926649108,0.149741824441,29,0.0163749294184,0.28423731151,23,23,23,1,0,0.478260869565,0.173913043478,0.347826086957,23,80,0.158102766798,1.68363906625,6.95652173913,6.66666666667,5.33333333333,3.33682294283,0.479668298031,0.258152173913,4.86984753558,1.40008116648,0.682608695652,3.05806779783,0.879194491876,0.46847826087,0.748040199571,0.444299621319,2.5,1.68363906625,0.748040199571,2.5,0.236172161172,0.155258764608,31,0.0175042348955,0.290619817893,23,23,23,1,0,0.478260869565,0.173913043478,0.347826086957,-8,-0.0158102766798,-0.00143672752368,-0.695652173913,-0.666666666667,-0.166666666667,-0.301467060759,0.00420994529,0.00864624505929,-0.452935177467,0.00889932102371,0.0096837944664,-0.212352996794,0.0244254205539,0.025790513834,-0.00115110478776,-0.000304299245735,0,-0.00143672752368,-0.00115110478776,0,-0.0232744528199,-0.0335237251324,-15,-0.00846979107849,-0.0425248152521,0,-0.0434782608696,0.0434782608696,80,0,8,418,0.909090909091,1,0,0.0909090909091,1,0.909090909091,0.952380952381,0.944467458064,0.909090909091,0.909090909091,1,9,0,10,6,10
1025,WLNM_dir_neg_kfold,0.888888888889,0.734920634921,00:00:01,10,90,14,18359,threshold_sweep,0.8,1,0.111111111111,0.2,1,0,8,18,0.111111111111,1,0,0.888888888889,1,0.111111111111,0.2,0.703703703704,0.654320987654,0.142857142857,0.277350098113,0.111111111111,94,85,9,0,94,0,85,0,9,23,88,0.173913043478,1.68507579377,7.65217391304,7.33333333333,5.5,3.63829000359,0.475458352741,0.249505928854,5.32278271304,1.39118184545,0.672924901186,3.27042079462,0.854769071322,0.442687747036,0.749191304359,0.444603920564,2.5,1.68507579377,0.749191304359,2.5,0.259446613992,0.18878248974,46,0.025974025974,0.333144633145,23,23,23,1,0,0.478260869565,0.217391304348,0.304347826087,23,0.156126482213,1.68422181683,6.86956521739,6.58333333333,5.26666666667,3.26558289139,0.475369661405,0.25701706109,4.78469232369,1.39301168918,0.680242157402,3.01249046708,0.877054186617,0.466703357182,0.748433971026,0.444379691289,2.5,1.68422181683,0.748433971026,2.5,0.230926649108,0.149741824441,29,0.0163749294184,0.28423731151,23,23,23,1,0,0.478260869565,0.173913043478,0.347826086957,23,80,0.158102766798,1.68363906625,6.95652173913,6.66666666667,5.33333333333,3.33682294283,0.479668298031,0.258152173913,4.86984753558,1.40008116648,0.682608695652,3.05806779783,0.879194491876,0.46847826087,0.748040199571,0.444299621319,2.5,1.68363906625,0.748040199571,2.5,0.236172161172,0.155258764608,31,0.0175042348955,0.290619817893,23,23,23,1,0,0.478260869565,0.173913043478,0.347826086957,-8,-0.0158102766798,-0.00143672752368,-0.695652173913,-0.666666666667,-0.166666666667,-0.301467060759,0.00420994529,0.00864624505929,-0.452935177467,0.00889932102371,0.0096837944664,-0.212352996794,0.0244254205539,0.025790513834,-0.00115110478776,-0.000304299245735,0,-0.00143672752368,-0.00115110478776,0,-0.0232744528199,-0.0335237251324,-15,-0.00846979107849,-0.0425248152521,0,-0.0434782608696,0.0434782608696,80,0,8,418,0.909090909091,1,0,0.0909090909091,1,0.909090909091,0.952380952381,0.944467458064,0.909090909091,0.909090909091,1,9,0,10,6,10
1026,WLNM_dir_neg_kfold,0.888888888889,0.734920634921,00:00:01,10,90,14,18359,threshold_sweep,0.9,1,0.111111111111,0.2,1,0,8,18,0.111111111111,1,0,0.888888888889,1,0.111111111111,0.2,0.703703703704,0.654320987654,0.142857142857,0.277350098113,0.111111111111,94,85,9,0,94,0,85,0,9,23,88,0.173913043478,1.68507579377,7.65217391304,7.33333333333,5.5,3.63829000359,0.475458352741,0.249505928854,5.32278271304,1.39118184545,0.672924901186,3.27042079462,0.854769071322,0.442687747036,0.749191304359,0.444603920564,2.5,1.68507579377,0.749191304359,2.5,0.259446613992,0.18878248974,46,0.025974025974,0.333144633145,23,23,23,1,0,0.478260869565,0.217391304348,0.304347826087,23,0.156126482213,1.68422181683,6.86956521739,6.58333333333,5.26666666667,3.26558289139,0.475369661405,0.25701706109,4.78469232369,1.39301168918,0.680242157402,3.01249046708,0.877054186617,0.466703357182,0.748433971026,0.444379691289,2.5,1.68422181683,0.748433971026,2.5,0.230926649108,0.149741824441,29,0.0163749294184,0.28423731151,23,23,23,1,0,0.478260869565,0.173913043478,0.347826086957,23,80,0.158102766798,1.68363906625,6.95652173913,6.66666666667,5.33333333333,3.33682294283,0.479668298031,0.258152173913,4.86984753558,1.40008116648,0.682608695652,3.05806779783,0.879194491876,0.46847826087,0.748040199571,0.444299621319,2.5,1.68363906625,0.748040199571,2.5,0.236172161172,0.155258764608,31,0.0175042348955,0.290619817893,23,23,23,1,0,0.478260869565,0.173913043478,0.347826086957,-8,-0.0158102766798,-0.00143672752368,-0.695652173913,-0.666666666667,-0.166666666667,-0.301467060759,0.00420994529,0.00864624505929,-0.452935177467,0.00889932102371,0.0096837944664,-0.212352996794,0.0244254205539,0.025790513834,-0.00115110478776,-0.000304299245735,0,-0.00143672752368,-0.00115110478776,0,-0.0232744528199,-0.0335237251324,-15,-0.00846979107849,-0.0425248152521,0,-0.0434782608696,0.0434782608696,80,0,8,418,0.909090909091,1,0,0.0909090909091,1,0.909090909091,0.952380952381,0.944467458064,0.909090909091,0.909090909091,1,9,0,10,6,10
1027,WLNM_dir_neg_kfold,0.796296296296,0.606111111111,00:00:01,10,90,15,18360,threshold_sweep,0.1,0.8,0.444444444444,0.571428571429,4,1,5,17,0.444444444444,0.944444444444,0.0555555555556,0.555555555556,0.8,0.444444444444,0.571428571429,0.777777777778,0.604938271605,0.4375,0.471939903724,0.388888888889,94,85,9,0,94,0,85,0,9,23,88,0.173913043478,1.68507579377,7.65217391304,7.33333333333,5.5,3.63829000359,0.475458352741,0.249505928854,5.32278271304,1.39118184545,0.672924901186,3.27042079462,0.854769071322,0.442687747036,0.749191304359,0.444603920564,2.5,1.68507579377,0.749191304359,2.5,0.259446613992,0.18878248974,46,0.025974025974,0.333144633145,23,23,23,1,0,0.478260869565,0.217391304348,0.304347826087,23,0.156126482213,1.68422181683,6.86956521739,6.58333333333,5.26666666667,3.26558289139,0.475369661405,0.25701706109,4.78469232369,1.39301168918,0.680242157402,3.01249046708,0.877054186617,0.466703357182,0.748433971026,0.444379691289,2.5,1.68422181683,0.748433971026,2.5,0.230926649108,0.149741824441,29,0.0163749294184,0.28423731151,23,23,23,1,0,0.478260869565,0.173913043478,0.347826086957,23,84,0.166007905138,1.68624515581,7.30434782609,7,5.25,3.39029071707,0.464146943408,0.247929606625,5.09553008798,1.39520466695,0.678053830228,3.11314946714,0.852409973145,0.449275362319,0.74988042956,0.444704275043,2.5,1.68624515581,0.74988042956,2.5,0.270287683331,0.16006097561,35,0.0197628458498,0.304878791242,23,23,23,1,0,0.478260869565,0.217391304348,0.304347826087,-4,-0.00790513833992,0.00116936203893,-0.347826086957,-0.333333333333,-0.25,-0.247999286517,-0.0113114093331,-0.0015763222285,-0.227252625068,0.00402282149125,0.00512892904197,-0.157271327486,-0.00235909817735,0.00658761528327,0.000689125200763,0.000100354478774,0,0.00116936203893,0.000689125200763,0,0.0108410693391,-0.0287215141303,-11,-0.00621118012422,-0.0282658419022,0,0,0,83,1,5,417,0.943181818182,0.997607655502,0.00239234449761,0.0568181818182,0.988095238095,0.943181818182,0.96511627907,0.958354216501,0.940789473684,0.932584269663,5,9,0,10,6,10
1028,WLNM_dir_neg_kfold,0.796296296296,0.606111111111,00:00:01,10,90,15,18360,threshold_sweep,0.2,0.8,0.444444444444,0.571428571429,4,1,5,17,0.444444444444,0.944444444444,0.0555555555556,0.555555555556,0.8,0.444444444444,0.571428571429,0.777777777778,0.604938271605,0.4375,0.471939903724,0.388888888889,94,85,9,0,94,0,85,0,9,23,88,0.173913043478,1.68507579377,7.65217391304,7.33333333333,5.5,3.63829000359,0.475458352741,0.249505928854,5.32278271304,1.39118184545,0.672924901186,3.27042079462,0.854769071322,0.442687747036,0.749191304359,0.444603920564,2.5,1.68507579377,0.749191304359,2.5,0.259446613992,0.18878248974,46,0.025974025974,0.333144633145,23,23,23,1,0,0.478260869565,0.217391304348,0.304347826087,23,0.156126482213,1.68422181683,6.86956521739,6.58333333333,5.26666666667,3.26558289139,0.475369661405,0.25701706109,4.78469232369,1.39301168918,0.680242157402,3.01249046708,0.877054186617,0.466703357182,0.748433971026,0.444379691289,2.5,1.68422181683,0.748433971026,2.5,0.230926649108,0.149741824441,29,0.0163749294184,0.28423731151,23,23,23,1,0,0.478260869565,0.173913043478,0.347826086957,23,84,0.166007905138,1.68624515581,7.30434782609,7,5.25,3.39029071707,0.464146943408,0.247929606625,5.09553008798,1.39520466695,0.678053830228,3.11314946714,0.852409973145,0.449275362319,0.74988042956,0.444704275043,2.5,1.68624515581,0.74988042956,2.5,0.270287683331,0.16006097561,35,0.0197628458498,0.304878791242,23,23,23,1,0,0.478260869565,0.217391304348,0.304347826087,-4,-0.00790513833992,0.00116936203893,-0.347826086957,-0.333333333333,-0.25,-0.247999286517,-0.0113114093331,-0.0015763222285,-0.227252625068,0.00402282149125,0.00512892904197,-0.157271327486,-0.00235909817735,0.00658761528327,0.000689125200763,0.000100354478774,0,0.00116936203893,0.000689125200763,0,0.0108410693391,-0.0287215141303,-11,-0.00621118012422,-0.0282658419022,0,0,0,83,1,5,417,0.943181818182,0.997607655502,0.00239234449761,0.0568181818182,0.988095238095,0.943181818182,0.96511627907,0.958354216501,0.940789473684,0.932584269663,5,9,0,10,6,10
1029,WLNM_dir_neg_kfold,0.796296296296,0.606111111111,00:00:01,10,90,15,18360,threshold_sweep,0.3,0.8,0.444444444444,0.571428571429,4,1,5,17,0.444444444444,0.944444444444,0.0555555555556,0.555555555556,0.8,0.444444444444,0.571428571429,0.777777777778,0.604938271605,0.4375,0.471939903724,0.388888888889,94,85,9,0,94,0,85,0,9,23,88,0.173913043478,1.68507579377,7.65217391304,7.33333333333,5.5,3.63829000359,0.475458352741,0.249505928854,5.32278271304,1.39118184545,0.672924901186,3.27042079462,0.854769071322,0.442687747036,0.749191304359,0.444603920564,2.5,1.68507579377,0.749191304359,2.5,0.259446613992,0.18878248974,46,0.025974025974,0.333144633145,23,23,23,1,0,0.478260869565,0.217391304348,0.304347826087,23,0.156126482213,1.68422181683,6.86956521739,6.58333333333,5.26666666667,3.26558289139,0.475369661405,0.25701706109,4.78469232369,1.39301168918,0.680242157402,3.01249046708,0.877054186617,0.466703357182,0.748433971026,0.444379691289,2.5,1.68422181683,0.748433971026,2.5,0.230926649108,0.149741824441,29,0.0163749294184,0.28423731151,23,23,23,1,0,0.478260869565,0.173913043478,0.347826086957,23,84,0.166007905138,1.68624515581,7.30434782609,7,5.25,3.39029071707,0.464146943408,0.247929606625,5.09553008798,1.39520466695,0.678053830228,3.11314946714,0.852409973145,0.449275362319,0.74988042956,0.444704275043,2.5,1.68624515581,0.74988042956,2.5,0.270287683331,0.16006097561,35,0.0197628458498,0.304878791242,23,23,23,1,0,0.478260869565,0.217391304348,0.304347826087,-4,-0.00790513833992,0.00116936203893,-0.347826086957,-0.333333333333,-0.25,-0.247999286517,-0.0113114093331,-0.0015763222285,-0.227252625068,0.00402282149125,0.00512892904197,-0.157271327486,-0.00235909817735,0.00658761528327,0.000689125200763,0.000100354478774,0,0.00116936203893,0.000689125200763,0,0.0108410693391,-0.0287215141303,-11,-0.00621118012422,-0.0282658419022,0,0,0,83,1,5,417,0.943181818182,0.997607655502,0.00239234449761,0.0568181818182,0.988095238095,0.943181818182,0.96511627907,0.958354216501,0.940789473684,0.932584269663,5,9,0,10,6,10
1030,WLNM_dir_neg_kfold,0.796296296296,0.606111111111,00:00:01,10,90,15,18360,threshold_sweep,0.4,0.8,0.444444444444,0.571428571429,4,1,5,17,0.444444444444,0.944444444444,0.0555555555556,0.555555555556,0.8,0.444444444444,0.571428571429,0.777777777778,0.604938271605,0.4375,0.471939903724,0.388888888889,94,85,9,0,94,0,85,0,9,23,88,0.173913043478,1.68507579377,7.65217391304,7.33333333333,5.5,3.63829000359,0.475458352741,0.249505928854,5.32278271304,1.39118184545,0.672924901186,3.27042079462,0.854769071322,0.442687747036,0.749191304359,0.444603920564,2.5,1.68507579377,0.749191304359,2.5,0.259446613992,0.18878248974,46,0.025974025974,0.333144633145,23,23,23,1,0,0.478260869565,0.217391304348,0.304347826087,23,0.156126482213,1.68422181683,6.86956521739,6.58333333333,5.26666666667,3.26558289139,0.475369661405,0.25701706109,4.78469232369,1.39301168918,0.680242157402,3.01249046708,0.877054186617,0.466703357182,0.748433971026,0.444379691289,2.5,1.68422181683,0.748433971026,2.5,0.230926649108,0.149741824441,29,0.0163749294184,0.28423731151,23,23,23,1,0,0.478260869565,0.173913043478,0.347826086957,23,84,0.166007905138,1.68624515581,7.30434782609,7,5.25,3.39029071707,0.464146943408,0.247929606625,5.09553008798,1.39520466695,0.678053830228,3.11314946714,0.852409973145,0.449275362319,0.74988042956,0.444704275043,2.5,1.68624515581,0.74988042956,2.5,0.270287683331,0.16006097561,35,0.0197628458498,0.304878791242,23,23,23,1,0,0.478260869565,0.217391304348,0.304347826087,-4,-0.00790513833992,0.00116936203893,-0.347826086957,-0.333333333333,-0.25,-0.247999286517,-0.0113114093331,-0.0015763222285,-0.227252625068,0.00402282149125,0.00512892904197,-0.157271327486,-0.00235909817735,0.00658761528327,0.000689125200763,0.000100354478774,0,0.00116936203893,0.000689125200763,0,0.0108410693391,-0.0287215141303,-11,-0.00621118012422,-0.0282658419022,0,0,0,83,1,5,417,0.943181818182,0.997607655502,0.00239234449761,0.0568181818182,0.988095238095,0.943181818182,0.96511627907,0.958354216501,0.940789473684,0.932584269663,5,9,0,10,6,10
1031,WLNM_dir_neg_kfold,0.796296296296,0.606111111111,00:00:01,10,90,15,18360,threshold_sweep,0.5,0.8,0.444444444444,0.571428571429,4,1,5,17,0.444444444444,0.944444444444,0.0555555555556,0.555555555556,0.8,0.444444444444,0.571428571429,0.777777777778,0.604938271605,0.4375,0.471939903724,0.388888888889,94,85,9,0,94,0,85,0,9,23,88,0.173913043478,1.68507579377,7.65217391304,7.33333333333,5.5,3.63829000359,0.475458352741,0.249505928854,5.32278271304,1.39118184545,0.672924901186,3.27042079462,0.854769071322,0.442687747036,0.749191304359,0.444603920564,2.5,1.68507579377,0.749191304359,2.5,0.259446613992,0.18878248974,46,0.025974025974,0.333144633145,23,23,23,1,0,0.478260869565,0.217391304348,0.304347826087,23,0.156126482213,1.68422181683,6.86956521739,6.58333333333,5.26666666667,3.26558289139,0.475369661405,0.25701706109,4.78469232369,1.39301168918,0.680242157402,3.01249046708,0.877054186617,0.466703357182,0.748433971026,0.444379691289,2.5,1.68422181683,0.748433971026,2.5,0.230926649108,0.149741824441,29,0.0163749294184,0.28423731151,23,23,23,1,0,0.478260869565,0.173913043478,0.347826086957,23,84,0.166007905138,1.68624515581,7.30434782609,7,5.25,3.39029071707,0.464146943408,0.247929606625,5.09553008798,1.39520466695,0.678053830228,3.11314946714,0.852409973145,0.449275362319,0.74988042956,0.444704275043,2.5,1.68624515581,0.74988042956,2.5,0.270287683331,0.16006097561,35,0.0197628458498,0.304878791242,23,23,23,1,0,0.478260869565,0.217391304348,0.304347826087,-4,-0.00790513833992,0.00116936203893,-0.347826086957,-0.333333333333,-0.25,-0.247999286517,-0.0113114093331,-0.0015763222285,-0.227252625068,0.00402282149125,0.00512892904197,-0.157271327486,-0.00235909817735,0.00658761528327,0.000689125200763,0.000100354478774,0,0.00116936203893,0.000689125200763,0,0.0108410693391,-0.0287215141303,-11,-0.00621118012422,-0.0282658419022,0,0,0,83,1,5,417,0.943181818182,0.997607655502,0.00239234449761,0.0568181818182,0.988095238095,0.943181818182,0.96511627907,0.958354216501,0.940789473684,0.932584269663,5,9,0,10,6,10
1032,WLNM_dir_neg_kfold,0.796296296296,0.606111111111,00:00:01,10,90,15,18360,threshold_sweep,0.6,0.8,0.444444444444,0.571428571429,4,1,5,17,0.444444444444,0.944444444444,0.0555555555556,0.555555555556,0.8,0.444444444444,0.571428571429,0.777777777778,0.604938271605,0.4375,0.471939903724,0.388888888889,94,85,9,0,94,0,85,0,9,23,88,0.173913043478,1.68507579377,7.65217391304,7.33333333333,5.5,3.63829000359,0.475458352741,0.249505928854,5.32278271304,1.39118184545,0.672924901186,3.27042079462,0.854769071322,0.442687747036,0.749191304359,0.444603920564,2.5,1.68507579377,0.749191304359,2.5,0.259446613992,0.18878248974,46,0.025974025974,0.333144633145,23,23,23,1,0,0.478260869565,0.217391304348,0.304347826087,23,0.156126482213,1.68422181683,6.86956521739,6.58333333333,5.26666666667,3.26558289139,0.475369661405,0.25701706109,4.78469232369,1.39301168918,0.680242157402,3.01249046708,0.877054186617,0.466703357182,0.748433971026,0.444379691289,2.5,1.68422181683,0.748433971026,2.5,0.230926649108,0.149741824441,29,0.0163749294184,0.28423731151,23,23,23,1,0,0.478260869565,0.173913043478,0.347826086957,23,84,0.166007905138,1.68624515581,7.30434782609,7,5.25,3.39029071707,0.464146943408,0.247929606625,5.09553008798,1.39520466695,0.678053830228,3.11314946714,0.852409973145,0.449275362319,0.74988042956,0.444704275043,2.5,1.68624515581,0.74988042956,2.5,0.270287683331,0.16006097561,35,0.0197628458498,0.304878791242,23,23,23,1,0,0.478260869565,0.217391304348,0.304347826087,-4,-0.00790513833992,0.00116936203893,-0.347826086957,-0.333333333333,-0.25,-0.247999286517,-0.0113114093331,-0.0015763222285,-0.227252625068,0.00402282149125,0.00512892904197,-0.157271327486,-0.00235909817735,0.00658761528327,0.000689125200763,0.000100354478774,0,0.00116936203893,0.000689125200763,0,0.0108410693391,-0.0287215141303,-11,-0.00621118012422,-0.0282658419022,0,0,0,83,1,5,417,0.943181818182,0.997607655502,0.00239234449761,0.0568181818182,0.988095238095,0.943181818182,0.96511627907,0.958354216501,0.940789473684,0.932584269663,5,9,0,10,6,10
1033,WLNM_dir_neg_kfold,0.796296296296,0.606111111111,00:00:01,10,90,15,18360,threshold_sweep,0.7,0.8,0.444444444444,0.571428571429,4,1,5,17,0.444444444444,0.944444444444,0.0555555555556,0.555555555556,0.8,0.444444444444,0.571428571429,0.777777777778,0.604938271605,0.4375,0.471939903724,0.388888888889,94,85,9,0,94,0,85,0,9,23,88,0.173913043478,1.68507579377,7.65217391304,7.33333333333,5.5,3.63829000359,0.475458352741,0.249505928854,5.32278271304,1.39118184545,0.672924901186,3.27042079462,0.854769071322,0.442687747036,0.749191304359,0.444603920564,2.5,1.68507579377,0.749191304359,2.5,0.259446613992,0.18878248974,46,0.025974025974,0.333144633145,23,23,23,1,0,0.478260869565,0.217391304348,0.304347826087,23,0.156126482213,1.68422181683,6.86956521739,6.58333333333,5.26666666667,3.26558289139,0.475369661405,0.25701706109,4.78469232369,1.39301168918,0.680242157402,3.01249046708,0.877054186617,0.466703357182,0.748433971026,0.444379691289,2.5,1.68422181683,0.748433971026,2.5,0.230926649108,0.149741824441,29,0.0163749294184,0.28423731151,23,23,23,1,0,0.478260869565,0.173913043478,0.347826086957,23,84,0.166007905138,1.68624515581,7.30434782609,7,5.25,3.39029071707,0.464146943408,0.247929606625,5.09553008798,1.39520466695,0.678053830228,3.11314946714,0.852409973145,0.449275362319,0.74988042956,0.444704275043,2.5,1.68624515581,0.74988042956,2.5,0.270287683331,0.16006097561,35,0.0197628458498,0.304878791242,23,23,23,1,0,0.478260869565,0.217391304348,0.304347826087,-4,-0.00790513833992,0.00116936203893,-0.347826086957,-0.333333333333,-0.25,-0.247999286517,-0.0113114093331,-0.0015763222285,-0.227252625068,0.00402282149125,0.00512892904197,-0.157271327486,-0.00235909817735,0.00658761528327,0.000689125200763,0.000100354478774,0,0.00116936203893,0.000689125200763,0,0.0108410693391,-0.0287215141303,-11,-0.00621118012422,-0.0282658419022,0,0,0,83,1,5,417,0.943181818182,0.997607655502,0.00239234449761,0.0568181818182,0.988095238095,0.943181818182,0.96511627907,0.958354216501,0.940789473684,0.932584269663,5,9,0,10,6,10
1034,WLNM_dir_neg_kfold,0.796296296296,0.606111111111,00:00:01,10,90,15,18360,threshold_sweep,0.8,0.75,0.333333333333,0.461538461538,3,1,6,17,0.333333333333,0.944444444444,0.0555555555556,0.666666666667,0.75,0.333333333333,0.461538461538,0.740740740741,0.617283950617,0.322580645161,0.368604890387,0.277777777778,94,85,9,0,94,0,85,0,9,23,88,0.173913043478,1.68507579377,7.65217391304,7.33333333333,5.5,3.63829000359,0.475458352741,0.249505928854,5.32278271304,1.39118184545,0.672924901186,3.27042079462,0.854769071322,0.442687747036,0.749191304359,0.444603920564,2.5,1.68507579377,0.749191304359,2.5,0.259446613992,0.18878248974,46,0.025974025974,0.333144633145,23,23,23,1,0,0.478260869565,0.217391304348,0.304347826087,23,0.156126482213,1.68422181683,6.86956521739,6.58333333333,5.26666666667,3.26558289139,0.475369661405,0.25701706109,4.78469232369,1.39301168918,0.680242157402,3.01249046708,0.877054186617,0.466703357182,0.748433971026,0.444379691289,2.5,1.68422181683,0.748433971026,2.5,0.230926649108,0.149741824441,29,0.0163749294184,0.28423731151,23,23,23,1,0,0.478260869565,0.173913043478,0.347826086957,23,83,0.164031620553,1.68624515581,7.21739130435,6.91666666667,5.1875,3.37041300058,0.466984933815,0.250392875851,5.04289897177,1.39742983555,0.679937139864,3.08573153894,0.855082233683,0.454688318491,0.74988042956,0.444704275043,2.5,1.68624515581,0.74988042956,2.5,0.270600414079,0.159126365055,34,0.0191981931112,0.299600735964,23,23,23,1,0,0.478260869565,0.217391304348,0.304347826087,-5,-0.0098814229249,0.00116936203893,-0.434782608696,-0.416666666667,-0.3125,-0.267877003008,-0.00847341892637,0.000886946997476,-0.279883741269,0.00624799009741,0.00701223867803,-0.18468925568,0.000313162360985,0.0120005714558,0.000689125200763,0.000100354478774,0,0.00116936203893,0.000689125200763,0,0.0111538000866,-0.0296561246855,-12,-0.00677583286279,-0.0335438971803,0,0,0,82,1,6,417,0.931818181818,0.997607655502,0.00239234449761,0.0681818181818,0.987951807229,0.931818181818,0.959064327485,0.951338315457,0.929425837321,0.921348314607,4,9,0,10,6,10
1035,WLNM_dir_neg_kfold,0.796296296296,0.606111111111,00:00:01,10,90,15,18360,threshold_sweep,0.9,0.75,0.333333333333,0.461538461538,3,1,6,17,0.333333333333,0.944444444444,0.0555555555556,0.666666666667,0.75,0.333333333333,0.461538461538,0.740740740741,0.617283950617,0.322580645161,0.368604890387,0.277777777778,94,85,9,0,94,0,85,0,9,23,88,0.173913043478,1.68507579377,7.65217391304,7.33333333333,5.5,3.63829000359,0.475458352741,0.249505928854,5.32278271304,1.39118184545,0.672924901186,3.27042079462,0.854769071322,0.442687747036,0.749191304359,0.444603920564,2.5,1.68507579377,0.749191304359,2.5,0.259446613992,0.18878248974,46,0.025974025974,0.333144633145,23,23,23,1,0,0.478260869565,0.217391304348,0.304347826087,23,0.156126482213,1.68422181683,6.86956521739,6.58333333333,5.26666666667,3.26558289139,0.475369661405,0.25701706109,4.78469232369,1.39301168918,0.680242157402,3.01249046708,0.877054186617,0.466703357182,0.748433971026,0.444379691289,2.5,1.68422181683,0.748433971026,2.5,0.230926649108,0.149741824441,29,0.0163749294184,0.28423731151,23,23,23,1,0,0.478260869565,0.173913043478,0.347826086957,23,83,0.164031620553,1.68624515581,7.21739130435,6.91666666667,5.1875,3.37041300058,0.466984933815,0.250392875851,5.04289897177,1.39742983555,0.679937139864,3.08573153894,0.855082233683,0.454688318491,0.74988042956,0.444704275043,2.5,1.68624515581,0.74988042956,2.5,0.270600414079,0.159126365055,34,0.0191981931112,0.299600735964,23,23,23,1,0,0.478260869565,0.217391304348,0.304347826087,-5,-0.0098814229249,0.00116936203893,-0.434782608696,-0.416666666667,-0.3125,-0.267877003008,-0.00847341892637,0.000886946997476,-0.279883741269,0.00624799009741,0.00701223867803,-0.18468925568,0.000313162360985,0.0120005714558,0.000689125200763,0.000100354478774,0,0.00116936203893,0.000689125200763,0,0.0111538000866,-0.0296561246855,-12,-0.00677583286279,-0.0335438971803,0,0,0,82,1,6,417,0.931818181818,0.997607655502,0.00239234449761,0.0681818181818,0.987951807229,0.931818181818,0.959064327485,0.951338315457,0.929425837321,0.921348314607,4,9,0,10,6,10
1036,WLNM_dir_neg_kfold,0.938271604938,0.63949013949,00:00:01,10,90,16,18361,threshold_sweep,0.1,1,0.444444444444,0.615384615385,4,0,5,18,0.444444444444,1,0,0.555555555556,1,0.444444444444,0.615384615385,0.814814814815,0.617283950617,0.516129032258,0.58976782462,0.444444444444,94,85,9,0,94,0,85,0,9,23,88,0.173913043478,1.68507579377,7.65217391304,7.33333333333,5.5,3.63829000359,0.475458352741,0.249505928854,5.32278271304,1.39118184545,0.672924901186,3.27042079462,0.854769071322,0.442687747036,0.749191304359,0.444603920564,2.5,1.68507579377,0.749191304359,2.5,0.259446613992,0.18878248974,46,0.025974025974,0.333144633145,23,23,23,1,0,0.478260869565,0.217391304348,0.304347826087,23,0.156126482213,1.68422181683,6.86956521739,6.58333333333,5.26666666667,3.26558289139,0.475369661405,0.25701706109,4.78469232369,1.39301168918,0.680242157402,3.01249046708,0.877054186617,0.466703357182,0.748433971026,0.444379691289,2.5,1.68422181683,0.748433971026,2.5,0.230926649108,0.149741824441,29,0.0163749294184,0.28423731151,23,23,23,1,0,0.478260869565,0.173913043478,0.347826086957,23,83,0.164031620553,1.68363906625,7.21739130435,6.91666666667,5.53333333333,3.38387246884,0.4688497999,0.25091671032,5.00671485866,1.38740291264,0.674698795181,3.15852569801,0.875254109087,0.458878994238,0.748040199571,0.444299621319,2.5,1.68363906625,0.748040199571,2.5,0.2352541398,0.158878504673,34,0.0191981931112,0.30959629596,23,23,23,1,0,0.478260869565,0.173913043478,0.347826086957,-5,-0.0098814229249,-0.00143672752368,-0.434782608696,-0.416666666667,0.0333333333333,-0.254417534746,-0.00660855284186,0.00141078146578,-0.316067854387,-0.00377893281491,0.00177389399495,-0.111895096616,0.0204850377644,0.0161912472022,-0.00115110478776,-0.000304299245735,0,-0.00143672752368,-0.00115110478776,0,-0.0241924741925,-0.0299039850672,-12,-0.00677583286279,-0.0235483371847,0,-0.0434782608696,0.0434782608696,83,0,5,418,0.943181818182,1,0,0.0568181818182,1,0.943181818182,0.970760233918,0.965418612275,0.943181818182,0.943181818182,4,9,0,10,6,10
1037,WLNM_dir_neg_kfold,0.938271604938,0.63949013949,00:00:01,10,90,16,18361,threshold_sweep,0.2,1,0.444444444444,0.615384615385,4,0,5,18,0.444444444444,1,0,0.555555555556,1,0.444444444444,0.615384615385,0.814814814815,0.617283950617,0.516129032258,0.58976782462,0.444444444444,94,85,9,0,94,0,85,0,9,23,88,0.173913043478,1.68507579377,7.65217391304,7.33333333333,5.5,3.63829000359,0.475458352741,0.249505928854,5.32278271304,1.39118184545,0.672924901186,3.27042079462,0.854769071322,0.442687747036,0.749191304359,0.444603920564,2.5,1.68507579377,0.749191304359,2.5,0.259446613992,0.18878248974,46,0.025974025974,0.333144633145,23,23,23,1,0,0.478260869565,0.217391304348,0.304347826087,23,0.156126482213,1.68422181683,6.86956521739,6.58333333333,5.26666666667,3.26558289139,0.475369661405,0.25701706109,4.78469232369,1.39301168918,0.680242157402,3.01249046708,0.877054186617,0.466703357182,0.748433971026,0.444379691289,2.5,1.68422181683,0.748433971026,2.5,0.230926649108,0.149741824441,29,0.0163749294184,0.28423731151,23,23,23,1,0,0.478260869565,0.173913043478,0.347826086957,23,83,0.164031620553,1.68363906625,7.21739130435,6.91666666667,5.53333333333,3.38387246884,0.4688497999,0.25091671032,5.00671485866,1.38740291264,0.674698795181,3.15852569801,0.875254109087,0.458878994238,0.748040199571,0.444299621319,2.5,1.68363906625,0.748040199571,2.5,0.2352541398,0.158878504673,34,0.0191981931112,0.30959629596,23,23,23,1,0,0.478260869565,0.173913043478,0.347826086957,-5,-0.0098814229249,-0.00143672752368,-0.434782608696,-0.416666666667,0.0333333333333,-0.254417534746,-0.00660855284186,0.00141078146578,-0.316067854387,-0.00377893281491,0.00177389399495,-0.111895096616,0.0204850377644,0.0161912472022,-0.00115110478776,-0.000304299245735,0,-0.00143672752368,-0.00115110478776,0,-0.0241924741925,-0.0299039850672,-12,-0.00677583286279,-0.0235483371847,0,-0.0434782608696,0.0434782608696,83,0,5,418,0.943181818182,1,0,0.0568181818182,1,0.943181818182,0.970760233918,0.965418612275,0.943181818182,0.943181818182,4,9,0,10,6,10
1038,WLNM_dir_neg_kfold,0.938271604938,0.63949013949,00:00:01,10,90,16,18361,threshold_sweep,0.3,1,0.444444444444,0.615384615385,4,0,5,18,0.444444444444,1,0,0.555555555556,1,0.444444444444,0.615384615385,0.814814814815,0.617283950617,0.516129032258,0.58976782462,0.444444444444,94,85,9,0,94,0,85,0,9,23,88,0.173913043478,1.68507579377,7.65217391304,7.33333333333,5.5,3.63829000359,0.475458352741,0.249505928854,5.32278271304,1.39118184545,0.672924901186,3.27042079462,0.854769071322,0.442687747036,0.749191304359,0.444603920564,2.5,1.68507579377,0.749191304359,2.5,0.259446613992,0.18878248974,46,0.025974025974,0.333144633145,23,23,23,1,0,0.478260869565,0.217391304348,0.304347826087,23,0.156126482213,1.68422181683,6.86956521739,6.58333333333,5.26666666667,3.26558289139,0.475369661405,0.25701706109,4.78469232369,1.39301168918,0.680242157402,3.01249046708,0.877054186617,0.466703357182,0.748433971026,0.444379691289,2.5,1.68422181683,0.748433971026,2.5,0.230926649108,0.149741824441,29,0.0163749294184,0.28423731151,23,23,23,1,0,0.478260869565,0.173913043478,0.347826086957,23,83,0.164031620553,1.68363906625,7.21739130435,6.91666666667,5.53333333333,3.38387246884,0.4688497999,0.25091671032,5.00671485866,1.38740291264,0.674698795181,3.15852569801,0.875254109087,0.458878994238,0.748040199571,0.444299621319,2.5,1.68363906625,0.748040199571,2.5,0.2352541398,0.158878504673,34,0.0191981931112,0.30959629596,23,23,23,1,0,0.478260869565,0.173913043478,0.347826086957,-5,-0.0098814229249,-0.00143672752368,-0.434782608696,-0.416666666667,0.0333333333333,-0.254417534746,-0.00660855284186,0.00141078146578,-0.316067854387,-0.00377893281491,0.00177389399495,-0.111895096616,0.0204850377644,0.0161912472022,-0.00115110478776,-0.000304299245735,0,-0.00143672752368,-0.00115110478776,0,-0.0241924741925,-0.0299039850672,-12,-0.00677583286279,-0.0235483371847,0,-0.0434782608696,0.0434782608696,83,0,5,418,0.943181818182,1,0,0.0568181818182,1,0.943181818182,0.970760233918,0.965418612275,0.943181818182,0.943181818182,4,9,0,10,6,10
1039,WLNM_dir_neg_kfold,0.938271604938,0.63949013949,00:00:01,10,90,16,18361,threshold_sweep,0.4,1,0.444444444444,0.615384615385,4,0,5,18,0.444444444444,1,0,0.555555555556,1,0.444444444444,0.615384615385,0.814814814815,0.617283950617,0.516129032258,0.58976782462,0.444444444444,94,85,9,0,94,0,85,0,9,23,88,0.173913043478,1.68507579377,7.65217391304,7.33333333333,5.5,3.63829000359,0.475458352741,0.249505928854,5.32278271304,1.39118184545,0.672924901186,3.27042079462,0.854769071322,0.442687747036,0.749191304359,0.444603920564,2.5,1.68507579377,0.749191304359,2.5,0.259446613992,0.18878248974,46,0.025974025974,0.333144633145,23,23,23,1,0,0.478260869565,0.217391304348,0.304347826087,23,0.156126482213,1.68422181683,6.86956521739,6.58333333333,5.26666666667,3.26558289139,0.475369661405,0.25701706109,4.78469232369,1.39301168918,0.680242157402,3.01249046708,0.877054186617,0.466703357182,0.748433971026,0.444379691289,2.5,1.68422181683,0.748433971026,2.5,0.230926649108,0.149741824441,29,0.0163749294184,0.28423731151,23,23,23,1,0,0.478260869565,0.173913043478,0.347826086957,23,83,0.164031620553,1.68363906625,7.21739130435,6.91666666667,5.53333333333,3.38387246884,0.4688497999,0.25091671032,5.00671485866,1.38740291264,0.674698795181,3.15852569801,0.875254109087,0.458878994238,0.748040199571,0.444299621319,2.5,1.68363906625,0.748040199571,2.5,0.2352541398,0.158878504673,34,0.0191981931112,0.30959629596,23,23,23,1,0,0.478260869565,0.173913043478,0.347826086957,-5,-0.0098814229249,-0.00143672752368,-0.434782608696,-0.416666666667,0.0333333333333,-0.254417534746,-0.00660855284186,0.00141078146578,-0.316067854387,-0.00377893281491,0.00177389399495,-0.111895096616,0.0204850377644,0.0161912472022,-0.00115110478776,-0.000304299245735,0,-0.00143672752368,-0.00115110478776,0,-0.0241924741925,-0.0299039850672,-12,-0.00677583286279,-0.0235483371847,0,-0.0434782608696,0.0434782608696,83,0,5,418,0.943181818182,1,0,0.0568181818182,1,0.943181818182,0.970760233918,0.965418612275,0.943181818182,0.943181818182,4,9,0,10,6,10
1040,WLNM_dir_neg_kfold,0.938271604938,0.63949013949,00:00:01,10,90,16,18361,threshold_sweep,0.5,1,0.444444444444,0.615384615385,4,0,5,18,0.444444444444,1,0,0.555555555556,1,0.444444444444,0.615384615385,0.814814814815,0.617283950617,0.516129032258,0.58976782462,0.444444444444,94,85,9,0,94,0,85,0,9,23,88,0.173913043478,1.68507579377,7.65217391304,7.33333333333,5.5,3.63829000359,0.475458352741,0.249505928854,5.32278271304,1.39118184545,0.672924901186,3.27042079462,0.854769071322,0.442687747036,0.749191304359,0.444603920564,2.5,1.68507579377,0.749191304359,2.5,0.259446613992,0.18878248974,46,0.025974025974,0.333144633145,23,23,23,1,0,0.478260869565,0.217391304348,0.304347826087,23,0.156126482213,1.68422181683,6.86956521739,6.58333333333,5.26666666667,3.26558289139,0.475369661405,0.25701706109,4.78469232369,1.39301168918,0.680242157402,3.01249046708,0.877054186617,0.466703357182,0.748433971026,0.444379691289,2.5,1.68422181683,0.748433971026,2.5,0.230926649108,0.149741824441,29,0.0163749294184,0.28423731151,23,23,23,1,0,0.478260869565,0.173913043478,0.347826086957,23,83,0.164031620553,1.68363906625,7.21739130435,6.91666666667,5.53333333333,3.38387246884,0.4688497999,0.25091671032,5.00671485866,1.38740291264,0.674698795181,3.15852569801,0.875254109087,0.458878994238,0.748040199571,0.444299621319,2.5,1.68363906625,0.748040199571,2.5,0.2352541398,0.158878504673,34,0.0191981931112,0.30959629596,23,23,23,1,0,0.478260869565,0.173913043478,0.347826086957,-5,-0.0098814229249,-0.00143672752368,-0.434782608696,-0.416666666667,0.0333333333333,-0.254417534746,-0.00660855284186,0.00141078146578,-0.316067854387,-0.00377893281491,0.00177389399495,-0.111895096616,0.0204850377644,0.0161912472022,-0.00115110478776,-0.000304299245735,0,-0.00143672752368,-0.00115110478776,0,-0.0241924741925,-0.0299039850672,-12,-0.00677583286279,-0.0235483371847,0,-0.0434782608696,0.0434782608696,83,0,5,418,0.943181818182,1,0,0.0568181818182,1,0.943181818182,0.970760233918,0.965418612275,0.943181818182,0.943181818182,4,9,0,10,6,10
1041,WLNM_dir_neg_kfold,0.938271604938,0.63949013949,00:00:01,10,90,16,18361,threshold_sweep,0.6,1,0.444444444444,0.615384615385,4,0,5,18,0.444444444444,1,0,0.555555555556,1,0.444444444444,0.615384615385,0.814814814815,0.617283950617,0.516129032258,0.58976782462,0.444444444444,94,85,9,0,94,0,85,0,9,23,88,0.173913043478,1.68507579377,7.65217391304,7.33333333333,5.5,3.63829000359,0.475458352741,0.249505928854,5.32278271304,1.39118184545,0.672924901186,3.27042079462,0.854769071322,0.442687747036,0.749191304359,0.444603920564,2.5,1.68507579377,0.749191304359,2.5,0.259446613992,0.18878248974,46,0.025974025974,0.333144633145,23,23,23,1,0,0.478260869565,0.217391304348,0.304347826087,23,0.156126482213,1.68422181683,6.86956521739,6.58333333333,5.26666666667,3.26558289139,0.475369661405,0.25701706109,4.78469232369,1.39301168918,0.680242157402,3.01249046708,0.877054186617,0.466703357182,0.748433971026,0.444379691289,2.5,1.68422181683,0.748433971026,2.5,0.230926649108,0.149741824441,29,0.0163749294184,0.28423731151,23,23,23,1,0,0.478260869565,0.173913043478,0.347826086957,23,83,0.164031620553,1.68363906625,7.21739130435,6.91666666667,5.53333333333,3.38387246884,0.4688497999,0.25091671032,5.00671485866,1.38740291264,0.674698795181,3.15852569801,0.875254109087,0.458878994238,0.748040199571,0.444299621319,2.5,1.68363906625,0.748040199571,2.5,0.2352541398,0.158878504673,34,0.0191981931112,0.30959629596,23,23,23,1,0,0.478260869565,0.173913043478,0.347826086957,-5,-0.0098814229249,-0.00143672752368,-0.434782608696,-0.416666666667,0.0333333333333,-0.254417534746,-0.00660855284186,0.00141078146578,-0.316067854387,-0.00377893281491,0.00177389399495,-0.111895096616,0.0204850377644,0.0161912472022,-0.00115110478776,-0.000304299245735,0,-0.00143672752368,-0.00115110478776,0,-0.0241924741925,-0.0299039850672,-12,-0.00677583286279,-0.0235483371847,0,-0.0434782608696,0.0434782608696,83,0,5,418,0.943181818182,1,0,0.0568181818182,1,0.943181818182,0.970760233918,0.965418612275,0.943181818182,0.943181818182,4,9,0,10,6,10
1042,WLNM_dir_neg_kfold,0.938271604938,0.63949013949,00:00:01,10,90,16,18361,threshold_sweep,0.7,1,0.444444444444,0.615384615385,4,0,5,18,0.444444444444,1,0,0.555555555556,1,0.444444444444,0.615384615385,0.814814814815,0.617283950617,0.516129032258,0.58976782462,0.444444444444,94,85,9,0,94,0,85,0,9,23,88,0.173913043478,1.68507579377,7.65217391304,7.33333333333,5.5,3.63829000359,0.475458352741,0.249505928854,5.32278271304,1.39118184545,0.672924901186,3.27042079462,0.854769071322,0.442687747036,0.749191304359,0.444603920564,2.5,1.68507579377,0.749191304359,2.5,0.259446613992,0.18878248974,46,0.025974025974,0.333144633145,23,23,23,1,0,0.478260869565,0.217391304348,0.304347826087,23,0.156126482213,1.68422181683,6.86956521739,6.58333333333,5.26666666667,3.26558289139,0.475369661405,0.25701706109,4.78469232369,1.39301168918,0.680242157402,3.01249046708,0.877054186617,0.466703357182,0.748433971026,0.444379691289,2.5,1.68422181683,0.748433971026,2.5,0.230926649108,0.149741824441,29,0.0163749294184,0.28423731151,23,23,23,1,0,0.478260869565,0.173913043478,0.347826086957,23,83,0.164031620553,1.68363906625,7.21739130435,6.91666666667,5.53333333333,3.38387246884,0.4688497999,0.25091671032,5.00671485866,1.38740291264,0.674698795181,3.15852569801,0.875254109087,0.458878994238,0.748040199571,0.444299621319,2.5,1.68363906625,0.748040199571,2.5,0.2352541398,0.158878504673,34,0.0191981931112,0.30959629596,23,23,23,1,0,0.478260869565,0.173913043478,0.347826086957,-5,-0.0098814229249,-0.00143672752368,-0.434782608696,-0.416666666667,0.0333333333333,-0.254417534746,-0.00660855284186,0.00141078146578,-0.316067854387,-0.00377893281491,0.00177389399495,-0.111895096616,0.0204850377644,0.0161912472022,-0.00115110478776,-0.000304299245735,0,-0.00143672752368,-0.00115110478776,0,-0.0241924741925,-0.0299039850672,-12,-0.00677583286279,-0.0235483371847,0,-0.0434782608696,0.0434782608696,83,0,5,418,0.943181818182,1,0,0.0568181818182,1,0.943181818182,0.970760233918,0.965418612275,0.943181818182,0.943181818182,4,9,0,10,6,10
1043,WLNM_dir_neg_kfold,0.938271604938,0.63949013949,00:00:01,10,90,16,18361,threshold_sweep,0.8,1,0.444444444444,0.615384615385,4,0,5,18,0.444444444444,1,0,0.555555555556,1,0.444444444444,0.615384615385,0.814814814815,0.617283950617,0.516129032258,0.58976782462,0.444444444444,94,85,9,0,94,0,85,0,9,23,88,0.173913043478,1.68507579377,7.65217391304,7.33333333333,5.5,3.63829000359,0.475458352741,0.249505928854,5.32278271304,1.39118184545,0.672924901186,3.27042079462,0.854769071322,0.442687747036,0.749191304359,0.444603920564,2.5,1.68507579377,0.749191304359,2.5,0.259446613992,0.18878248974,46,0.025974025974,0.333144633145,23,23,23,1,0,0.478260869565,0.217391304348,0.304347826087,23,0.156126482213,1.68422181683,6.86956521739,6.58333333333,5.26666666667,3.26558289139,0.475369661405,0.25701706109,4.78469232369,1.39301168918,0.680242157402,3.01249046708,0.877054186617,0.466703357182,0.748433971026,0.444379691289,2.5,1.68422181683,0.748433971026,2.5,0.230926649108,0.149741824441,29,0.0163749294184,0.28423731151,23,23,23,1,0,0.478260869565,0.173913043478,0.347826086957,23,83,0.164031620553,1.68363906625,7.21739130435,6.91666666667,5.53333333333,3.38387246884,0.4688497999,0.25091671032,5.00671485866,1.38740291264,0.674698795181,3.15852569801,0.875254109087,0.458878994238,0.748040199571,0.444299621319,2.5,1.68363906625,0.748040199571,2.5,0.2352541398,0.158878504673,34,0.0191981931112,0.30959629596,23,23,23,1,0,0.478260869565,0.173913043478,0.347826086957,-5,-0.0098814229249,-0.00143672752368,-0.434782608696,-0.416666666667,0.0333333333333,-0.254417534746,-0.00660855284186,0.00141078146578,-0.316067854387,-0.00377893281491,0.00177389399495,-0.111895096616,0.0204850377644,0.0161912472022,-0.00115110478776,-0.000304299245735,0,-0.00143672752368,-0.00115110478776,0,-0.0241924741925,-0.0299039850672,-12,-0.00677583286279,-0.0235483371847,0,-0.0434782608696,0.0434782608696,83,0,5,418,0.943181818182,1,0,0.0568181818182,1,0.943181818182,0.970760233918,0.965418612275,0.943181818182,0.943181818182,4,9,0,10,6,10
1044,WLNM_dir_neg_kfold,0.938271604938,0.63949013949,00:00:01,10,90,16,18361,threshold_sweep,0.9,1,0.444444444444,0.615384615385,4,0,5,18,0.444444444444,1,0,0.555555555556,1,0.444444444444,0.615384615385,0.814814814815,0.617283950617,0.516129032258,0.58976782462,0.444444444444,94,85,9,0,94,0,85,0,9,23,88,0.173913043478,1.68507579377,7.65217391304,7.33333333333,5.5,3.63829000359,0.475458352741,0.249505928854,5.32278271304,1.39118184545,0.672924901186,3.27042079462,0.854769071322,0.442687747036,0.749191304359,0.444603920564,2.5,1.68507579377,0.749191304359,2.5,0.259446613992,0.18878248974,46,0.025974025974,0.333144633145,23,23,23,1,0,0.478260869565,0.217391304348,0.304347826087,23,0.156126482213,1.68422181683,6.86956521739,6.58333333333,5.26666666667,3.26558289139,0.475369661405,0.25701706109,4.78469232369,1.39301168918,0.680242157402,3.01249046708,0.877054186617,0.466703357182,0.748433971026,0.444379691289,2.5,1.68422181683,0.748433971026,2.5,0.230926649108,0.149741824441,29,0.0163749294184,0.28423731151,23,23,23,1,0,0.478260869565,0.173913043478,0.347826086957,23,83,0.164031620553,1.68363906625,7.21739130435,6.91666666667,5.53333333333,3.38387246884,0.4688497999,0.25091671032,5.00671485866,1.38740291264,0.674698795181,3.15852569801,0.875254109087,0.458878994238,0.748040199571,0.444299621319,2.5,1.68363906625,0.748040199571,2.5,0.2352541398,0.158878504673,34,0.0191981931112,0.30959629596,23,23,23,1,0,0.478260869565,0.173913043478,0.347826086957,-5,-0.0098814229249,-0.00143672752368,-0.434782608696,-0.416666666667,0.0333333333333,-0.254417534746,-0.00660855284186,0.00141078146578,-0.316067854387,-0.00377893281491,0.00177389399495,-0.111895096616,0.0204850377644,0.0161912472022,-0.00115110478776,-0.000304299245735,0,-0.00143672752368,-0.00115110478776,0,-0.0241924741925,-0.0299039850672,-12,-0.00677583286279,-0.0235483371847,0,-0.0434782608696,0.0434782608696,83,0,5,418,0.943181818182,1,0,0.0568181818182,1,0.943181818182,0.970760233918,0.965418612275,0.943181818182,0.943181818182,4,9,0,10,6,10
1045,WLNM_dir_neg_kfold,0.87037037037,0.64283625731,00:00:01,10,90,17,18362,threshold_sweep,0.1,0.8,0.444444444444,0.571428571429,4,1,5,17,0.444444444444,0.944444444444,0.0555555555556,0.555555555556,0.8,0.444444444444,0.571428571429,0.777777777778,0.604938271605,0.4375,0.471939903724,0.388888888889,94,85,9,0,94,0,85,0,9,23,88,0.173913043478,1.68507579377,7.65217391304,7.33333333333,5.5,3.63829000359,0.475458352741,0.249505928854,5.32278271304,1.39118184545,0.672924901186,3.27042079462,0.854769071322,0.442687747036,0.749191304359,0.444603920564,2.5,1.68507579377,0.749191304359,2.5,0.259446613992,0.18878248974,46,0.025974025974,0.333144633145,23,23,23,1,0,0.478260869565,0.217391304348,0.304347826087,23,0.156126482213,1.68422181683,6.86956521739,6.58333333333,5.26666666667,3.26558289139,0.475369661405,0.25701706109,4.78469232369,1.39301168918,0.680242157402,3.01249046708,0.877054186617,0.466703357182,0.748433971026,0.444379691289,2.5,1.68422181683,0.748433971026,2.5,0.230926649108,0.149741824441,29,0.0163749294184,0.28423731151,23,23,23,1,0,0.478260869565,0.173913043478,0.347826086957,23,84,0.166007905138,1,7.30434782609,6.46153846154,5.6,3.37685683074,0.462307780399,0.248447204969,4.97821340399,1.36308224157,0.665631469979,3.19955530507,0.876068714483,0.458592132505,0,0,0,NaN,NaN,NaN,0.2352541398,0.158878504673,34,0.0191981931112,0.291183318106,23,23,0,1,2,0.434782608696,0.217391304348,0.347826086957,-4,-0.00790513833992,-0.685075793771,-0.347826086957,-0.871794871795,0.1,-0.261433172843,-0.0131505723421,-0.00105872388481,-0.344569309055,-0.0280996038863,-0.00729343120647,-0.0708654895552,0.0212996431609,0.0159043854696,-0.749191304359,-0.444603920564,-2.5,NaN,NaN,NaN,-0.0241924741925,-0.0299039850672,-12,-0.00677583286279,-0.0419613150382,-0.0434782608696,0,0.0434782608696,83,1,5,417,0.943181818182,0.997607655502,0.00239234449761,0.0568181818182,0.988095238095,0.943181818182,0.96511627907,0.958354216501,0.940789473684,0.932584269663,5,9,0,10,6,10
1046,WLNM_dir_neg_kfold,0.87037037037,0.64283625731,00:00:01,10,90,17,18362,threshold_sweep,0.2,0.8,0.444444444444,0.571428571429,4,1,5,17,0.444444444444,0.944444444444,0.0555555555556,0.555555555556,0.8,0.444444444444,0.571428571429,0.777777777778,0.604938271605,0.4375,0.471939903724,0.388888888889,94,85,9,0,94,0,85,0,9,23,88,0.173913043478,1.68507579377,7.65217391304,7.33333333333,5.5,3.63829000359,0.475458352741,0.249505928854,5.32278271304,1.39118184545,0.672924901186,3.27042079462,0.854769071322,0.442687747036,0.749191304359,0.444603920564,2.5,1.68507579377,0.749191304359,2.5,0.259446613992,0.18878248974,46,0.025974025974,0.333144633145,23,23,23,1,0,0.478260869565,0.217391304348,0.304347826087,23,0.156126482213,1.68422181683,6.86956521739,6.58333333333,5.26666666667,3.26558289139,0.475369661405,0.25701706109,4.78469232369,1.39301168918,0.680242157402,3.01249046708,0.877054186617,0.466703357182,0.748433971026,0.444379691289,2.5,1.68422181683,0.748433971026,2.5,0.230926649108,0.149741824441,29,0.0163749294184,0.28423731151,23,23,23,1,0,0.478260869565,0.173913043478,0.347826086957,23,84,0.166007905138,1,7.30434782609,6.46153846154,5.6,3.37685683074,0.462307780399,0.248447204969,4.97821340399,1.36308224157,0.665631469979,3.19955530507,0.876068714483,0.458592132505,0,0,0,NaN,NaN,NaN,0.2352541398,0.158878504673,34,0.0191981931112,0.291183318106,23,23,0,1,2,0.434782608696,0.217391304348,0.347826086957,-4,-0.00790513833992,-0.685075793771,-0.347826086957,-0.871794871795,0.1,-0.261433172843,-0.0131505723421,-0.00105872388481,-0.344569309055,-0.0280996038863,-0.00729343120647,-0.0708654895552,0.0212996431609,0.0159043854696,-0.749191304359,-0.444603920564,-2.5,NaN,NaN,NaN,-0.0241924741925,-0.0299039850672,-12,-0.00677583286279,-0.0419613150382,-0.0434782608696,0,0.0434782608696,83,1,5,417,0.943181818182,0.997607655502,0.00239234449761,0.0568181818182,0.988095238095,0.943181818182,0.96511627907,0.958354216501,0.940789473684,0.932584269663,5,9,0,10,6,10
1047,WLNM_dir_neg_kfold,0.87037037037,0.64283625731,00:00:01,10,90,17,18362,threshold_sweep,0.3,0.8,0.444444444444,0.571428571429,4,1,5,17,0.444444444444,0.944444444444,0.0555555555556,0.555555555556,0.8,0.444444444444,0.571428571429,0.777777777778,0.604938271605,0.4375,0.471939903724,0.388888888889,94,85,9,0,94,0,85,0,9,23,88,0.173913043478,1.68507579377,7.65217391304,7.33333333333,5.5,3.63829000359,0.475458352741,0.249505928854,5.32278271304,1.39118184545,0.672924901186,3.27042079462,0.854769071322,0.442687747036,0.749191304359,0.444603920564,2.5,1.68507579377,0.749191304359,2.5,0.259446613992,0.18878248974,46,0.025974025974,0.333144633145,23,23,23,1,0,0.478260869565,0.217391304348,0.304347826087,23,0.156126482213,1.68422181683,6.86956521739,6.58333333333,5.26666666667,3.26558289139,0.475369661405,0.25701706109,4.78469232369,1.39301168918,0.680242157402,3.01249046708,0.877054186617,0.466703357182,0.748433971026,0.444379691289,2.5,1.68422181683,0.748433971026,2.5,0.230926649108,0.149741824441,29,0.0163749294184,0.28423731151,23,23,23,1,0,0.478260869565,0.173913043478,0.347826086957,23,84,0.166007905138,1,7.30434782609,6.46153846154,5.6,3.37685683074,0.462307780399,0.248447204969,4.97821340399,1.36308224157,0.665631469979,3.19955530507,0.876068714483,0.458592132505,0,0,0,NaN,NaN,NaN,0.2352541398,0.158878504673,34,0.0191981931112,0.291183318106,23,23,0,1,2,0.434782608696,0.217391304348,0.347826086957,-4,-0.00790513833992,-0.685075793771,-0.347826086957,-0.871794871795,0.1,-0.261433172843,-0.0131505723421,-0.00105872388481,-0.344569309055,-0.0280996038863,-0.00729343120647,-0.0708654895552,0.0212996431609,0.0159043854696,-0.749191304359,-0.444603920564,-2.5,NaN,NaN,NaN,-0.0241924741925,-0.0299039850672,-12,-0.00677583286279,-0.0419613150382,-0.0434782608696,0,0.0434782608696,83,1,5,417,0.943181818182,0.997607655502,0.00239234449761,0.0568181818182,0.988095238095,0.943181818182,0.96511627907,0.958354216501,0.940789473684,0.932584269663,5,9,0,10,6,10
1048,WLNM_dir_neg_kfold,0.87037037037,0.64283625731,00:00:01,10,90,17,18362,threshold_sweep,0.4,0.8,0.444444444444,0.571428571429,4,1,5,17,0.444444444444,0.944444444444,0.0555555555556,0.555555555556,0.8,0.444444444444,0.571428571429,0.777777777778,0.604938271605,0.4375,0.471939903724,0.388888888889,94,85,9,0,94,0,85,0,9,23,88,0.173913043478,1.68507579377,7.65217391304,7.33333333333,5.5,3.63829000359,0.475458352741,0.249505928854,5.32278271304,1.39118184545,0.672924901186,3.27042079462,0.854769071322,0.442687747036,0.749191304359,0.444603920564,2.5,1.68507579377,0.749191304359,2.5,0.259446613992,0.18878248974,46,0.025974025974,0.333144633145,23,23,23,1,0,0.478260869565,0.217391304348,0.304347826087,23,0.156126482213,1.68422181683,6.86956521739,6.58333333333,5.26666666667,3.26558289139,0.475369661405,0.25701706109,4.78469232369,1.39301168918,0.680242157402,3.01249046708,0.877054186617,0.466703357182,0.748433971026,0.444379691289,2.5,1.68422181683,0.748433971026,2.5,0.230926649108,0.149741824441,29,0.0163749294184,0.28423731151,23,23,23,1,0,0.478260869565,0.173913043478,0.347826086957,23,84,0.166007905138,1,7.30434782609,6.46153846154,5.6,3.37685683074,0.462307780399,0.248447204969,4.97821340399,1.36308224157,0.665631469979,3.19955530507,0.876068714483,0.458592132505,0,0,0,NaN,NaN,NaN,0.2352541398,0.158878504673,34,0.0191981931112,0.291183318106,23,23,0,1,2,0.434782608696,0.217391304348,0.347826086957,-4,-0.00790513833992,-0.685075793771,-0.347826086957,-0.871794871795,0.1,-0.261433172843,-0.0131505723421,-0.00105872388481,-0.344569309055,-0.0280996038863,-0.00729343120647,-0.0708654895552,0.0212996431609,0.0159043854696,-0.749191304359,-0.444603920564,-2.5,NaN,NaN,NaN,-0.0241924741925,-0.0299039850672,-12,-0.00677583286279,-0.0419613150382,-0.0434782608696,0,0.0434782608696,83,1,5,417,0.943181818182,0.997607655502,0.00239234449761,0.0568181818182,0.988095238095,0.943181818182,0.96511627907,0.958354216501,0.940789473684,0.932584269663,5,9,0,10,6,10
1049,WLNM_dir_neg_kfold,0.87037037037,0.64283625731,00:00:01,10,90,17,18362,threshold_sweep,0.5,0.8,0.444444444444,0.571428571429,4,1,5,17,0.444444444444,0.944444444444,0.0555555555556,0.555555555556,0.8,0.444444444444,0.571428571429,0.777777777778,0.604938271605,0.4375,0.471939903724,0.388888888889,94,85,9,0,94,0,85,0,9,23,88,0.173913043478,1.68507579377,7.65217391304,7.33333333333,5.5,3.63829000359,0.475458352741,0.249505928854,5.32278271304,1.39118184545,0.672924901186,3.27042079462,0.854769071322,0.442687747036,0.749191304359,0.444603920564,2.5,1.68507579377,0.749191304359,2.5,0.259446613992,0.18878248974,46,0.025974025974,0.333144633145,23,23,23,1,0,0.478260869565,0.217391304348,0.304347826087,23,0.156126482213,1.68422181683,6.86956521739,6.58333333333,5.26666666667,3.26558289139,0.475369661405,0.25701706109,4.78469232369,1.39301168918,0.680242157402,3.01249046708,0.877054186617,0.466703357182,0.748433971026,0.444379691289,2.5,1.68422181683,0.748433971026,2.5,0.230926649108,0.149741824441,29,0.0163749294184,0.28423731151,23,23,23,1,0,0.478260869565,0.173913043478,0.347826086957,23,84,0.166007905138,1,7.30434782609,6.46153846154,5.6,3.37685683074,0.462307780399,0.248447204969,4.97821340399,1.36308224157,0.665631469979,3.19955530507,0.876068714483,0.458592132505,0,0,0,NaN,NaN,NaN,0.2352541398,0.158878504673,34,0.0191981931112,0.291183318106,23,23,0,1,2,0.434782608696,0.217391304348,0.347826086957,-4,-0.00790513833992,-0.685075793771,-0.347826086957,-0.871794871795,0.1,-0.261433172843,-0.0131505723421,-0.00105872388481,-0.344569309055,-0.0280996038863,-0.00729343120647,-0.0708654895552,0.0212996431609,0.0159043854696,-0.749191304359,-0.444603920564,-2.5,NaN,NaN,NaN,-0.0241924741925,-0.0299039850672,-12,-0.00677583286279,-0.0419613150382,-0.0434782608696,0,0.0434782608696,83,1,5,417,0.943181818182,0.997607655502,0.00239234449761,0.0568181818182,0.988095238095,0.943181818182,0.96511627907,0.958354216501,0.940789473684,0.932584269663,5,9,0,10,6,10
1050,WLNM_dir_neg_kfold,0.87037037037,0.64283625731,00:00:01,10,90,17,18362,threshold_sweep,0.6,0.8,0.444444444444,0.571428571429,4,1,5,17,0.444444444444,0.944444444444,0.0555555555556,0.555555555556,0.8,0.444444444444,0.571428571429,0.777777777778,0.604938271605,0.4375,0.471939903724,0.388888888889,94,85,9,0,94,0,85,0,9,23,88,0.173913043478,1.68507579377,7.65217391304,7.33333333333,5.5,3.63829000359,0.475458352741,0.249505928854,5.32278271304,1.39118184545,0.672924901186,3.27042079462,0.854769071322,0.442687747036,0.749191304359,0.444603920564,2.5,1.68507579377,0.749191304359,2.5,0.259446613992,0.18878248974,46,0.025974025974,0.333144633145,23,23,23,1,0,0.478260869565,0.217391304348,0.304347826087,23,0.156126482213,1.68422181683,6.86956521739,6.58333333333,5.26666666667,3.26558289139,0.475369661405,0.25701706109,4.78469232369,1.39301168918,0.680242157402,3.01249046708,0.877054186617,0.466703357182,0.748433971026,0.444379691289,2.5,1.68422181683,0.748433971026,2.5,0.230926649108,0.149741824441,29,0.0163749294184,0.28423731151,23,23,23,1,0,0.478260869565,0.173913043478,0.347826086957,23,84,0.166007905138,1,7.30434782609,6.46153846154,5.6,3.37685683074,0.462307780399,0.248447204969,4.97821340399,1.36308224157,0.665631469979,3.19955530507,0.876068714483,0.458592132505,0,0,0,NaN,NaN,NaN,0.2352541398,0.158878504673,34,0.0191981931112,0.291183318106,23,23,0,1,2,0.434782608696,0.217391304348,0.347826086957,-4,-0.00790513833992,-0.685075793771,-0.347826086957,-0.871794871795,0.1,-0.261433172843,-0.0131505723421,-0.00105872388481,-0.344569309055,-0.0280996038863,-0.00729343120647,-0.0708654895552,0.0212996431609,0.0159043854696,-0.749191304359,-0.444603920564,-2.5,NaN,NaN,NaN,-0.0241924741925,-0.0299039850672,-12,-0.00677583286279,-0.0419613150382,-0.0434782608696,0,0.0434782608696,83,1,5,417,0.943181818182,0.997607655502,0.00239234449761,0.0568181818182,0.988095238095,0.943181818182,0.96511627907,0.958354216501,0.940789473684,0.932584269663,5,9,0,10,6,10
1051,WLNM_dir_neg_kfold,0.87037037037,0.64283625731,00:00:01,10,90,17,18362,threshold_sweep,0.7,0.8,0.444444444444,0.571428571429,4,1,5,17,0.444444444444,0.944444444444,0.0555555555556,0.555555555556,0.8,0.444444444444,0.571428571429,0.777777777778,0.604938271605,0.4375,0.471939903724,0.388888888889,94,85,9,0,94,0,85,0,9,23,88,0.173913043478,1.68507579377,7.65217391304,7.33333333333,5.5,3.63829000359,0.475458352741,0.249505928854,5.32278271304,1.39118184545,0.672924901186,3.27042079462,0.854769071322,0.442687747036,0.749191304359,0.444603920564,2.5,1.68507579377,0.749191304359,2.5,0.259446613992,0.18878248974,46,0.025974025974,0.333144633145,23,23,23,1,0,0.478260869565,0.217391304348,0.304347826087,23,0.156126482213,1.68422181683,6.86956521739,6.58333333333,5.26666666667,3.26558289139,0.475369661405,0.25701706109,4.78469232369,1.39301168918,0.680242157402,3.01249046708,0.877054186617,0.466703357182,0.748433971026,0.444379691289,2.5,1.68422181683,0.748433971026,2.5,0.230926649108,0.149741824441,29,0.0163749294184,0.28423731151,23,23,23,1,0,0.478260869565,0.173913043478,0.347826086957,23,84,0.166007905138,1,7.30434782609,6.46153846154,5.6,3.37685683074,0.462307780399,0.248447204969,4.97821340399,1.36308224157,0.665631469979,3.19955530507,0.876068714483,0.458592132505,0,0,0,NaN,NaN,NaN,0.2352541398,0.158878504673,34,0.0191981931112,0.291183318106,23,23,0,1,2,0.434782608696,0.217391304348,0.347826086957,-4,-0.00790513833992,-0.685075793771,-0.347826086957,-0.871794871795,0.1,-0.261433172843,-0.0131505723421,-0.00105872388481,-0.344569309055,-0.0280996038863,-0.00729343120647,-0.0708654895552,0.0212996431609,0.0159043854696,-0.749191304359,-0.444603920564,-2.5,NaN,NaN,NaN,-0.0241924741925,-0.0299039850672,-12,-0.00677583286279,-0.0419613150382,-0.0434782608696,0,0.0434782608696,83,1,5,417,0.943181818182,0.997607655502,0.00239234449761,0.0568181818182,0.988095238095,0.943181818182,0.96511627907,0.958354216501,0.940789473684,0.932584269663,5,9,0,10,6,10
1052,WLNM_dir_neg_kfold,0.87037037037,0.64283625731,00:00:01,10,90,17,18362,threshold_sweep,0.8,0.8,0.444444444444,0.571428571429,4,1,5,17,0.444444444444,0.944444444444,0.0555555555556,0.555555555556,0.8,0.444444444444,0.571428571429,0.777777777778,0.604938271605,0.4375,0.471939903724,0.388888888889,94,85,9,0,94,0,85,0,9,23,88,0.173913043478,1.68507579377,7.65217391304,7.33333333333,5.5,3.63829000359,0.475458352741,0.249505928854,5.32278271304,1.39118184545,0.672924901186,3.27042079462,0.854769071322,0.442687747036,0.749191304359,0.444603920564,2.5,1.68507579377,0.749191304359,2.5,0.259446613992,0.18878248974,46,0.025974025974,0.333144633145,23,23,23,1,0,0.478260869565,0.217391304348,0.304347826087,23,0.156126482213,1.68422181683,6.86956521739,6.58333333333,5.26666666667,3.26558289139,0.475369661405,0.25701706109,4.78469232369,1.39301168918,0.680242157402,3.01249046708,0.877054186617,0.466703357182,0.748433971026,0.444379691289,2.5,1.68422181683,0.748433971026,2.5,0.230926649108,0.149741824441,29,0.0163749294184,0.28423731151,23,23,23,1,0,0.478260869565,0.173913043478,0.347826086957,23,84,0.166007905138,1,7.30434782609,6.46153846154,5.6,3.37685683074,0.462307780399,0.248447204969,4.97821340399,1.36308224157,0.665631469979,3.19955530507,0.876068714483,0.458592132505,0,0,0,NaN,NaN,NaN,0.2352541398,0.158878504673,34,0.0191981931112,0.291183318106,23,23,0,1,2,0.434782608696,0.217391304348,0.347826086957,-4,-0.00790513833992,-0.685075793771,-0.347826086957,-0.871794871795,0.1,-0.261433172843,-0.0131505723421,-0.00105872388481,-0.344569309055,-0.0280996038863,-0.00729343120647,-0.0708654895552,0.0212996431609,0.0159043854696,-0.749191304359,-0.444603920564,-2.5,NaN,NaN,NaN,-0.0241924741925,-0.0299039850672,-12,-0.00677583286279,-0.0419613150382,-0.0434782608696,0,0.0434782608696,83,1,5,417,0.943181818182,0.997607655502,0.00239234449761,0.0568181818182,0.988095238095,0.943181818182,0.96511627907,0.958354216501,0.940789473684,0.932584269663,5,9,0,10,6,10
1053,WLNM_dir_neg_kfold,0.87037037037,0.64283625731,00:00:01,10,90,17,18362,threshold_sweep,0.9,0.8,0.444444444444,0.571428571429,4,1,5,17,0.444444444444,0.944444444444,0.0555555555556,0.555555555556,0.8,0.444444444444,0.571428571429,0.777777777778,0.604938271605,0.4375,0.471939903724,0.388888888889,94,85,9,0,94,0,85,0,9,23,88,0.173913043478,1.68507579377,7.65217391304,7.33333333333,5.5,3.63829000359,0.475458352741,0.249505928854,5.32278271304,1.39118184545,0.672924901186,3.27042079462,0.854769071322,0.442687747036,0.749191304359,0.444603920564,2.5,1.68507579377,0.749191304359,2.5,0.259446613992,0.18878248974,46,0.025974025974,0.333144633145,23,23,23,1,0,0.478260869565,0.217391304348,0.304347826087,23,0.156126482213,1.68422181683,6.86956521739,6.58333333333,5.26666666667,3.26558289139,0.475369661405,0.25701706109,4.78469232369,1.39301168918,0.680242157402,3.01249046708,0.877054186617,0.466703357182,0.748433971026,0.444379691289,2.5,1.68422181683,0.748433971026,2.5,0.230926649108,0.149741824441,29,0.0163749294184,0.28423731151,23,23,23,1,0,0.478260869565,0.173913043478,0.347826086957,23,84,0.166007905138,1,7.30434782609,6.46153846154,5.6,3.37685683074,0.462307780399,0.248447204969,4.97821340399,1.36308224157,0.665631469979,3.19955530507,0.876068714483,0.458592132505,0,0,0,NaN,NaN,NaN,0.2352541398,0.158878504673,34,0.0191981931112,0.291183318106,23,23,0,1,2,0.434782608696,0.217391304348,0.347826086957,-4,-0.00790513833992,-0.685075793771,-0.347826086957,-0.871794871795,0.1,-0.261433172843,-0.0131505723421,-0.00105872388481,-0.344569309055,-0.0280996038863,-0.00729343120647,-0.0708654895552,0.0212996431609,0.0159043854696,-0.749191304359,-0.444603920564,-2.5,NaN,NaN,NaN,-0.0241924741925,-0.0299039850672,-12,-0.00677583286279,-0.0419613150382,-0.0434782608696,0,0.0434782608696,83,1,5,417,0.943181818182,0.997607655502,0.00239234449761,0.0568181818182,0.988095238095,0.943181818182,0.96511627907,0.958354216501,0.940789473684,0.932584269663,5,9,0,10,6,10
1054,WLNM_dir_neg_kfold,0.895061728395,0.590265906933,00:00:01,10,90,18,18363,threshold_sweep,0.1,1,0.444444444444,0.615384615385,4,0,5,18,0.444444444444,1,0,0.555555555556,1,0.444444444444,0.615384615385,0.814814814815,0.617283950617,0.516129032258,0.58976782462,0.444444444444,94,85,9,0,94,0,85,0,9,23,88,0.173913043478,1.68507579377,7.65217391304,7.33333333333,5.5,3.63829000359,0.475458352741,0.249505928854,5.32278271304,1.39118184545,0.672924901186,3.27042079462,0.854769071322,0.442687747036,0.749191304359,0.444603920564,2.5,1.68507579377,0.749191304359,2.5,0.259446613992,0.18878248974,46,0.025974025974,0.333144633145,23,23,23,1,0,0.478260869565,0.217391304348,0.304347826087,23,0.156126482213,1.68422181683,6.86956521739,6.58333333333,5.26666666667,3.26558289139,0.475369661405,0.25701706109,4.78469232369,1.39301168918,0.680242157402,3.01249046708,0.877054186617,0.466703357182,0.748433971026,0.444379691289,2.5,1.68422181683,0.748433971026,2.5,0.230926649108,0.149741824441,29,0.0163749294184,0.28423731151,23,23,23,1,0,0.478260869565,0.173913043478,0.347826086957,23,83,0.164031620553,1.68363906625,7.21739130435,6.91666666667,5.53333333333,3.38387246884,0.4688497999,0.25091671032,5.00671485866,1.38740291264,0.674698795181,3.15852569801,0.875254109087,0.458878994238,0.748040199571,0.444299621319,2.5,1.68363906625,0.748040199571,2.5,0.2352541398,0.158878504673,34,0.0191981931112,0.30959629596,23,23,23,1,0,0.478260869565,0.173913043478,0.347826086957,-5,-0.0098814229249,-0.00143672752368,-0.434782608696,-0.416666666667,0.0333333333333,-0.254417534746,-0.00660855284186,0.00141078146578,-0.316067854387,-0.00377893281491,0.00177389399495,-0.111895096616,0.0204850377644,0.0161912472022,-0.00115110478776,-0.000304299245735,0,-0.00143672752368,-0.00115110478776,0,-0.0241924741925,-0.0299039850672,-12,-0.00677583286279,-0.0235483371847,0,-0.0434782608696,0.0434782608696,83,0,5,418,0.943181818182,1,0,0.0568181818182,1,0.943181818182,0.970760233918,0.965418612275,0.943181818182,0.943181818182,4,9,0,10,6,10
1055,WLNM_dir_neg_kfold,0.895061728395,0.590265906933,00:00:01,10,90,18,18363,threshold_sweep,0.2,1,0.444444444444,0.615384615385,4,0,5,18,0.444444444444,1,0,0.555555555556,1,0.444444444444,0.615384615385,0.814814814815,0.617283950617,0.516129032258,0.58976782462,0.444444444444,94,85,9,0,94,0,85,0,9,23,88,0.173913043478,1.68507579377,7.65217391304,7.33333333333,5.5,3.63829000359,0.475458352741,0.249505928854,5.32278271304,1.39118184545,0.672924901186,3.27042079462,0.854769071322,0.442687747036,0.749191304359,0.444603920564,2.5,1.68507579377,0.749191304359,2.5,0.259446613992,0.18878248974,46,0.025974025974,0.333144633145,23,23,23,1,0,0.478260869565,0.217391304348,0.304347826087,23,0.156126482213,1.68422181683,6.86956521739,6.58333333333,5.26666666667,3.26558289139,0.475369661405,0.25701706109,4.78469232369,1.39301168918,0.680242157402,3.01249046708,0.877054186617,0.466703357182,0.748433971026,0.444379691289,2.5,1.68422181683,0.748433971026,2.5,0.230926649108,0.149741824441,29,0.0163749294184,0.28423731151,23,23,23,1,0,0.478260869565,0.173913043478,0.347826086957,23,83,0.164031620553,1.68363906625,7.21739130435,6.91666666667,5.53333333333,3.38387246884,0.4688497999,0.25091671032,5.00671485866,1.38740291264,0.674698795181,3.15852569801,0.875254109087,0.458878994238,0.748040199571,0.444299621319,2.5,1.68363906625,0.748040199571,2.5,0.2352541398,0.158878504673,34,0.0191981931112,0.30959629596,23,23,23,1,0,0.478260869565,0.173913043478,0.347826086957,-5,-0.0098814229249,-0.00143672752368,-0.434782608696,-0.416666666667,0.0333333333333,-0.254417534746,-0.00660855284186,0.00141078146578,-0.316067854387,-0.00377893281491,0.00177389399495,-0.111895096616,0.0204850377644,0.0161912472022,-0.00115110478776,-0.000304299245735,0,-0.00143672752368,-0.00115110478776,0,-0.0241924741925,-0.0299039850672,-12,-0.00677583286279,-0.0235483371847,0,-0.0434782608696,0.0434782608696,83,0,5,418,0.943181818182,1,0,0.0568181818182,1,0.943181818182,0.970760233918,0.965418612275,0.943181818182,0.943181818182,4,9,0,10,6,10
1056,WLNM_dir_neg_kfold,0.895061728395,0.590265906933,00:00:01,10,90,18,18363,threshold_sweep,0.3,1,0.444444444444,0.615384615385,4,0,5,18,0.444444444444,1,0,0.555555555556,1,0.444444444444,0.615384615385,0.814814814815,0.617283950617,0.516129032258,0.58976782462,0.444444444444,94,85,9,0,94,0,85,0,9,23,88,0.173913043478,1.68507579377,7.65217391304,7.33333333333,5.5,3.63829000359,0.475458352741,0.249505928854,5.32278271304,1.39118184545,0.672924901186,3.27042079462,0.854769071322,0.442687747036,0.749191304359,0.444603920564,2.5,1.68507579377,0.749191304359,2.5,0.259446613992,0.18878248974,46,0.025974025974,0.333144633145,23,23,23,1,0,0.478260869565,0.217391304348,0.304347826087,23,0.156126482213,1.68422181683,6.86956521739,6.58333333333,5.26666666667,3.26558289139,0.475369661405,0.25701706109,4.78469232369,1.39301168918,0.680242157402,3.01249046708,0.877054186617,0.466703357182,0.748433971026,0.444379691289,2.5,1.68422181683,0.748433971026,2.5,0.230926649108,0.149741824441,29,0.0163749294184,0.28423731151,23,23,23,1,0,0.478260869565,0.173913043478,0.347826086957,23,83,0.164031620553,1.68363906625,7.21739130435,6.91666666667,5.53333333333,3.38387246884,0.4688497999,0.25091671032,5.00671485866,1.38740291264,0.674698795181,3.15852569801,0.875254109087,0.458878994238,0.748040199571,0.444299621319,2.5,1.68363906625,0.748040199571,2.5,0.2352541398,0.158878504673,34,0.0191981931112,0.30959629596,23,23,23,1,0,0.478260869565,0.173913043478,0.347826086957,-5,-0.0098814229249,-0.00143672752368,-0.434782608696,-0.416666666667,0.0333333333333,-0.254417534746,-0.00660855284186,0.00141078146578,-0.316067854387,-0.00377893281491,0.00177389399495,-0.111895096616,0.0204850377644,0.0161912472022,-0.00115110478776,-0.000304299245735,0,-0.00143672752368,-0.00115110478776,0,-0.0241924741925,-0.0299039850672,-12,-0.00677583286279,-0.0235483371847,0,-0.0434782608696,0.0434782608696,83,0,5,418,0.943181818182,1,0,0.0568181818182,1,0.943181818182,0.970760233918,0.965418612275,0.943181818182,0.943181818182,4,9,0,10,6,10
1057,WLNM_dir_neg_kfold,0.895061728395,0.590265906933,00:00:01,10,90,18,18363,threshold_sweep,0.4,1,0.444444444444,0.615384615385,4,0,5,18,0.444444444444,1,0,0.555555555556,1,0.444444444444,0.615384615385,0.814814814815,0.617283950617,0.516129032258,0.58976782462,0.444444444444,94,85,9,0,94,0,85,0,9,23,88,0.173913043478,1.68507579377,7.65217391304,7.33333333333,5.5,3.63829000359,0.475458352741,0.249505928854,5.32278271304,1.39118184545,0.672924901186,3.27042079462,0.854769071322,0.442687747036,0.749191304359,0.444603920564,2.5,1.68507579377,0.749191304359,2.5,0.259446613992,0.18878248974,46,0.025974025974,0.333144633145,23,23,23,1,0,0.478260869565,0.217391304348,0.304347826087,23,0.156126482213,1.68422181683,6.86956521739,6.58333333333,5.26666666667,3.26558289139,0.475369661405,0.25701706109,4.78469232369,1.39301168918,0.680242157402,3.01249046708,0.877054186617,0.466703357182,0.748433971026,0.444379691289,2.5,1.68422181683,0.748433971026,2.5,0.230926649108,0.149741824441,29,0.0163749294184,0.28423731151,23,23,23,1,0,0.478260869565,0.173913043478,0.347826086957,23,83,0.164031620553,1.68363906625,7.21739130435,6.91666666667,5.53333333333,3.38387246884,0.4688497999,0.25091671032,5.00671485866,1.38740291264,0.674698795181,3.15852569801,0.875254109087,0.458878994238,0.748040199571,0.444299621319,2.5,1.68363906625,0.748040199571,2.5,0.2352541398,0.158878504673,34,0.0191981931112,0.30959629596,23,23,23,1,0,0.478260869565,0.173913043478,0.347826086957,-5,-0.0098814229249,-0.00143672752368,-0.434782608696,-0.416666666667,0.0333333333333,-0.254417534746,-0.00660855284186,0.00141078146578,-0.316067854387,-0.00377893281491,0.00177389399495,-0.111895096616,0.0204850377644,0.0161912472022,-0.00115110478776,-0.000304299245735,0,-0.00143672752368,-0.00115110478776,0,-0.0241924741925,-0.0299039850672,-12,-0.00677583286279,-0.0235483371847,0,-0.0434782608696,0.0434782608696,83,0,5,418,0.943181818182,1,0,0.0568181818182,1,0.943181818182,0.970760233918,0.965418612275,0.943181818182,0.943181818182,4,9,0,10,6,10
1058,WLNM_dir_neg_kfold,0.895061728395,0.590265906933,00:00:01,10,90,18,18363,threshold_sweep,0.5,1,0.444444444444,0.615384615385,4,0,5,18,0.444444444444,1,0,0.555555555556,1,0.444444444444,0.615384615385,0.814814814815,0.617283950617,0.516129032258,0.58976782462,0.444444444444,94,85,9,0,94,0,85,0,9,23,88,0.173913043478,1.68507579377,7.65217391304,7.33333333333,5.5,3.63829000359,0.475458352741,0.249505928854,5.32278271304,1.39118184545,0.672924901186,3.27042079462,0.854769071322,0.442687747036,0.749191304359,0.444603920564,2.5,1.68507579377,0.749191304359,2.5,0.259446613992,0.18878248974,46,0.025974025974,0.333144633145,23,23,23,1,0,0.478260869565,0.217391304348,0.304347826087,23,0.156126482213,1.68422181683,6.86956521739,6.58333333333,5.26666666667,3.26558289139,0.475369661405,0.25701706109,4.78469232369,1.39301168918,0.680242157402,3.01249046708,0.877054186617,0.466703357182,0.748433971026,0.444379691289,2.5,1.68422181683,0.748433971026,2.5,0.230926649108,0.149741824441,29,0.0163749294184,0.28423731151,23,23,23,1,0,0.478260869565,0.173913043478,0.347826086957,23,83,0.164031620553,1.68363906625,7.21739130435,6.91666666667,5.53333333333,3.38387246884,0.4688497999,0.25091671032,5.00671485866,1.38740291264,0.674698795181,3.15852569801,0.875254109087,0.458878994238,0.748040199571,0.444299621319,2.5,1.68363906625,0.748040199571,2.5,0.2352541398,0.158878504673,34,0.0191981931112,0.30959629596,23,23,23,1,0,0.478260869565,0.173913043478,0.347826086957,-5,-0.0098814229249,-0.00143672752368,-0.434782608696,-0.416666666667,0.0333333333333,-0.254417534746,-0.00660855284186,0.00141078146578,-0.316067854387,-0.00377893281491,0.00177389399495,-0.111895096616,0.0204850377644,0.0161912472022,-0.00115110478776,-0.000304299245735,0,-0.00143672752368,-0.00115110478776,0,-0.0241924741925,-0.0299039850672,-12,-0.00677583286279,-0.0235483371847,0,-0.0434782608696,0.0434782608696,83,0,5,418,0.943181818182,1,0,0.0568181818182,1,0.943181818182,0.970760233918,0.965418612275,0.943181818182,0.943181818182,4,9,0,10,6,10
1059,WLNM_dir_neg_kfold,0.895061728395,0.590265906933,00:00:01,10,90,18,18363,threshold_sweep,0.6,1,0.444444444444,0.615384615385,4,0,5,18,0.444444444444,1,0,0.555555555556,1,0.444444444444,0.615384615385,0.814814814815,0.617283950617,0.516129032258,0.58976782462,0.444444444444,94,85,9,0,94,0,85,0,9,23,88,0.173913043478,1.68507579377,7.65217391304,7.33333333333,5.5,3.63829000359,0.475458352741,0.249505928854,5.32278271304,1.39118184545,0.672924901186,3.27042079462,0.854769071322,0.442687747036,0.749191304359,0.444603920564,2.5,1.68507579377,0.749191304359,2.5,0.259446613992,0.18878248974,46,0.025974025974,0.333144633145,23,23,23,1,0,0.478260869565,0.217391304348,0.304347826087,23,0.156126482213,1.68422181683,6.86956521739,6.58333333333,5.26666666667,3.26558289139,0.475369661405,0.25701706109,4.78469232369,1.39301168918,0.680242157402,3.01249046708,0.877054186617,0.466703357182,0.748433971026,0.444379691289,2.5,1.68422181683,0.748433971026,2.5,0.230926649108,0.149741824441,29,0.0163749294184,0.28423731151,23,23,23,1,0,0.478260869565,0.173913043478,0.347826086957,23,83,0.164031620553,1.68363906625,7.21739130435,6.91666666667,5.53333333333,3.38387246884,0.4688497999,0.25091671032,5.00671485866,1.38740291264,0.674698795181,3.15852569801,0.875254109087,0.458878994238,0.748040199571,0.444299621319,2.5,1.68363906625,0.748040199571,2.5,0.2352541398,0.158878504673,34,0.0191981931112,0.30959629596,23,23,23,1,0,0.478260869565,0.173913043478,0.347826086957,-5,-0.0098814229249,-0.00143672752368,-0.434782608696,-0.416666666667,0.0333333333333,-0.254417534746,-0.00660855284186,0.00141078146578,-0.316067854387,-0.00377893281491,0.00177389399495,-0.111895096616,0.0204850377644,0.0161912472022,-0.00115110478776,-0.000304299245735,0,-0.00143672752368,-0.00115110478776,0,-0.0241924741925,-0.0299039850672,-12,-0.00677583286279,-0.0235483371847,0,-0.0434782608696,0.0434782608696,83,0,5,418,0.943181818182,1,0,0.0568181818182,1,0.943181818182,0.970760233918,0.965418612275,0.943181818182,0.943181818182,4,9,0,10,6,10
1060,WLNM_dir_neg_kfold,0.895061728395,0.590265906933,00:00:01,10,90,18,18363,threshold_sweep,0.7,1,0.444444444444,0.615384615385,4,0,5,18,0.444444444444,1,0,0.555555555556,1,0.444444444444,0.615384615385,0.814814814815,0.617283950617,0.516129032258,0.58976782462,0.444444444444,94,85,9,0,94,0,85,0,9,23,88,0.173913043478,1.68507579377,7.65217391304,7.33333333333,5.5,3.63829000359,0.475458352741,0.249505928854,5.32278271304,1.39118184545,0.672924901186,3.27042079462,0.854769071322,0.442687747036,0.749191304359,0.444603920564,2.5,1.68507579377,0.749191304359,2.5,0.259446613992,0.18878248974,46,0.025974025974,0.333144633145,23,23,23,1,0,0.478260869565,0.217391304348,0.304347826087,23,0.156126482213,1.68422181683,6.86956521739,6.58333333333,5.26666666667,3.26558289139,0.475369661405,0.25701706109,4.78469232369,1.39301168918,0.680242157402,3.01249046708,0.877054186617,0.466703357182,0.748433971026,0.444379691289,2.5,1.68422181683,0.748433971026,2.5,0.230926649108,0.149741824441,29,0.0163749294184,0.28423731151,23,23,23,1,0,0.478260869565,0.173913043478,0.347826086957,23,83,0.164031620553,1.68363906625,7.21739130435,6.91666666667,5.53333333333,3.38387246884,0.4688497999,0.25091671032,5.00671485866,1.38740291264,0.674698795181,3.15852569801,0.875254109087,0.458878994238,0.748040199571,0.444299621319,2.5,1.68363906625,0.748040199571,2.5,0.2352541398,0.158878504673,34,0.0191981931112,0.30959629596,23,23,23,1,0,0.478260869565,0.173913043478,0.347826086957,-5,-0.0098814229249,-0.00143672752368,-0.434782608696,-0.416666666667,0.0333333333333,-0.254417534746,-0.00660855284186,0.00141078146578,-0.316067854387,-0.00377893281491,0.00177389399495,-0.111895096616,0.0204850377644,0.0161912472022,-0.00115110478776,-0.000304299245735,0,-0.00143672752368,-0.00115110478776,0,-0.0241924741925,-0.0299039850672,-12,-0.00677583286279,-0.0235483371847,0,-0.0434782608696,0.0434782608696,83,0,5,418,0.943181818182,1,0,0.0568181818182,1,0.943181818182,0.970760233918,0.965418612275,0.943181818182,0.943181818182,4,9,0,10,6,10
1061,WLNM_dir_neg_kfold,0.895061728395,0.590265906933,00:00:01,10,90,18,18363,threshold_sweep,0.8,1,0.444444444444,0.615384615385,4,0,5,18,0.444444444444,1,0,0.555555555556,1,0.444444444444,0.615384615385,0.814814814815,0.617283950617,0.516129032258,0.58976782462,0.444444444444,94,85,9,0,94,0,85,0,9,23,88,0.173913043478,1.68507579377,7.65217391304,7.33333333333,5.5,3.63829000359,0.475458352741,0.249505928854,5.32278271304,1.39118184545,0.672924901186,3.27042079462,0.854769071322,0.442687747036,0.749191304359,0.444603920564,2.5,1.68507579377,0.749191304359,2.5,0.259446613992,0.18878248974,46,0.025974025974,0.333144633145,23,23,23,1,0,0.478260869565,0.217391304348,0.304347826087,23,0.156126482213,1.68422181683,6.86956521739,6.58333333333,5.26666666667,3.26558289139,0.475369661405,0.25701706109,4.78469232369,1.39301168918,0.680242157402,3.01249046708,0.877054186617,0.466703357182,0.748433971026,0.444379691289,2.5,1.68422181683,0.748433971026,2.5,0.230926649108,0.149741824441,29,0.0163749294184,0.28423731151,23,23,23,1,0,0.478260869565,0.173913043478,0.347826086957,23,83,0.164031620553,1.68363906625,7.21739130435,6.91666666667,5.53333333333,3.38387246884,0.4688497999,0.25091671032,5.00671485866,1.38740291264,0.674698795181,3.15852569801,0.875254109087,0.458878994238,0.748040199571,0.444299621319,2.5,1.68363906625,0.748040199571,2.5,0.2352541398,0.158878504673,34,0.0191981931112,0.30959629596,23,23,23,1,0,0.478260869565,0.173913043478,0.347826086957,-5,-0.0098814229249,-0.00143672752368,-0.434782608696,-0.416666666667,0.0333333333333,-0.254417534746,-0.00660855284186,0.00141078146578,-0.316067854387,-0.00377893281491,0.00177389399495,-0.111895096616,0.0204850377644,0.0161912472022,-0.00115110478776,-0.000304299245735,0,-0.00143672752368,-0.00115110478776,0,-0.0241924741925,-0.0299039850672,-12,-0.00677583286279,-0.0235483371847,0,-0.0434782608696,0.0434782608696,83,0,5,418,0.943181818182,1,0,0.0568181818182,1,0.943181818182,0.970760233918,0.965418612275,0.943181818182,0.943181818182,4,9,0,10,6,10
1062,WLNM_dir_neg_kfold,0.895061728395,0.590265906933,00:00:01,10,90,18,18363,threshold_sweep,0.9,1,0.444444444444,0.615384615385,4,0,5,18,0.444444444444,1,0,0.555555555556,1,0.444444444444,0.615384615385,0.814814814815,0.617283950617,0.516129032258,0.58976782462,0.444444444444,94,85,9,0,94,0,85,0,9,23,88,0.173913043478,1.68507579377,7.65217391304,7.33333333333,5.5,3.63829000359,0.475458352741,0.249505928854,5.32278271304,1.39118184545,0.672924901186,3.27042079462,0.854769071322,0.442687747036,0.749191304359,0.444603920564,2.5,1.68507579377,0.749191304359,2.5,0.259446613992,0.18878248974,46,0.025974025974,0.333144633145,23,23,23,1,0,0.478260869565,0.217391304348,0.304347826087,23,0.156126482213,1.68422181683,6.86956521739,6.58333333333,5.26666666667,3.26558289139,0.475369661405,0.25701706109,4.78469232369,1.39301168918,0.680242157402,3.01249046708,0.877054186617,0.466703357182,0.748433971026,0.444379691289,2.5,1.68422181683,0.748433971026,2.5,0.230926649108,0.149741824441,29,0.0163749294184,0.28423731151,23,23,23,1,0,0.478260869565,0.173913043478,0.347826086957,23,83,0.164031620553,1.68363906625,7.21739130435,6.91666666667,5.53333333333,3.38387246884,0.4688497999,0.25091671032,5.00671485866,1.38740291264,0.674698795181,3.15852569801,0.875254109087,0.458878994238,0.748040199571,0.444299621319,2.5,1.68363906625,0.748040199571,2.5,0.2352541398,0.158878504673,34,0.0191981931112,0.30959629596,23,23,23,1,0,0.478260869565,0.173913043478,0.347826086957,-5,-0.0098814229249,-0.00143672752368,-0.434782608696,-0.416666666667,0.0333333333333,-0.254417534746,-0.00660855284186,0.00141078146578,-0.316067854387,-0.00377893281491,0.00177389399495,-0.111895096616,0.0204850377644,0.0161912472022,-0.00115110478776,-0.000304299245735,0,-0.00143672752368,-0.00115110478776,0,-0.0241924741925,-0.0299039850672,-12,-0.00677583286279,-0.0235483371847,0,-0.0434782608696,0.0434782608696,83,0,5,418,0.943181818182,1,0,0.0568181818182,1,0.943181818182,0.970760233918,0.965418612275,0.943181818182,0.943181818182,4,9,0,10,6,10
1063,WLNM_dir_neg_kfold,0.851851851852,0.669240765732,00:00:01,10,90,19,18364,threshold_sweep,0.1,0.8,0.444444444444,0.571428571429,4,1,5,17,0.444444444444,0.944444444444,0.0555555555556,0.555555555556,0.8,0.444444444444,0.571428571429,0.777777777778,0.604938271605,0.4375,0.471939903724,0.388888888889,94,85,9,0,94,0,85,0,9,23,88,0.173913043478,1.68507579377,7.65217391304,7.33333333333,5.5,3.63829000359,0.475458352741,0.249505928854,5.32278271304,1.39118184545,0.672924901186,3.27042079462,0.854769071322,0.442687747036,0.749191304359,0.444603920564,2.5,1.68507579377,0.749191304359,2.5,0.259446613992,0.18878248974,46,0.025974025974,0.333144633145,23,23,23,1,0,0.478260869565,0.217391304348,0.304347826087,23,0.156126482213,1.68422181683,6.86956521739,6.58333333333,5.26666666667,3.26558289139,0.475369661405,0.25701706109,4.78469232369,1.39301168918,0.680242157402,3.01249046708,0.877054186617,0.466703357182,0.748433971026,0.444379691289,2.5,1.68422181683,0.748433971026,2.5,0.230926649108,0.149741824441,29,0.0163749294184,0.28423731151,23,23,23,1,0,0.478260869565,0.173913043478,0.347826086957,23,84,0.166007905138,2.10678355461,7.30434782609,7,5.25,3.32257816939,0.45487677319,0.245341614907,4.98733574031,1.36558002413,0.668737060041,3.11314946714,0.852409973145,0.449275362319,1.49125292433,0.707833949563,5,2.10678355461,1.49125292433,5,0.2352541398,0.158878504673,34,0.0191981931112,0.299191044646,23,23,23,1,0,0.478260869565,0.217391304348,0.304347826087,-4,-0.00790513833992,0.421707760838,-0.347826086957,-0.333333333333,-0.25,-0.315711834198,-0.0205815795513,-0.00416431394692,-0.335446972735,-0.0256018213224,-0.00418784114436,-0.157271327486,-0.00235909817735,0.00658761528327,0.742061619975,0.263230028999,2.5,0.421707760838,0.742061619975,2.5,-0.0241924741925,-0.0299039850672,-12,-0.00677583286279,-0.033953588499,0,0,0,83,1,5,417,0.943181818182,0.997607655502,0.00239234449761,0.0568181818182,0.988095238095,0.943181818182,0.96511627907,0.958354216501,0.940789473684,0.932584269663,5,9,0,10,6,10
1064,WLNM_dir_neg_kfold,0.851851851852,0.669240765732,00:00:01,10,90,19,18364,threshold_sweep,0.2,1,0.444444444444,0.615384615385,4,0,5,18,0.444444444444,1,0,0.555555555556,1,0.444444444444,0.615384615385,0.814814814815,0.617283950617,0.516129032258,0.58976782462,0.444444444444,94,85,9,0,94,0,85,0,9,23,88,0.173913043478,1.68507579377,7.65217391304,7.33333333333,5.5,3.63829000359,0.475458352741,0.249505928854,5.32278271304,1.39118184545,0.672924901186,3.27042079462,0.854769071322,0.442687747036,0.749191304359,0.444603920564,2.5,1.68507579377,0.749191304359,2.5,0.259446613992,0.18878248974,46,0.025974025974,0.333144633145,23,23,23,1,0,0.478260869565,0.217391304348,0.304347826087,23,0.156126482213,1.68422181683,6.86956521739,6.58333333333,5.26666666667,3.26558289139,0.475369661405,0.25701706109,4.78469232369,1.39301168918,0.680242157402,3.01249046708,0.877054186617,0.466703357182,0.748433971026,0.444379691289,2.5,1.68422181683,0.748433971026,2.5,0.230926649108,0.149741824441,29,0.0163749294184,0.28423731151,23,23,23,1,0,0.478260869565,0.173913043478,0.347826086957,23,83,0.164031620553,1.68363906625,7.21739130435,6.91666666667,5.53333333333,3.38387246884,0.4688497999,0.25091671032,5.00671485866,1.38740291264,0.674698795181,3.15852569801,0.875254109087,0.458878994238,0.748040199571,0.444299621319,2.5,1.68363906625,0.748040199571,2.5,0.2352541398,0.158878504673,34,0.0191981931112,0.30959629596,23,23,23,1,0,0.478260869565,0.173913043478,0.347826086957,-5,-0.0098814229249,-0.00143672752368,-0.434782608696,-0.416666666667,0.0333333333333,-0.254417534746,-0.00660855284186,0.00141078146578,-0.316067854387,-0.00377893281491,0.00177389399495,-0.111895096616,0.0204850377644,0.0161912472022,-0.00115110478776,-0.000304299245735,0,-0.00143672752368,-0.00115110478776,0,-0.0241924741925,-0.0299039850672,-12,-0.00677583286279,-0.0235483371847,0,-0.0434782608696,0.0434782608696,83,0,5,418,0.943181818182,1,0,0.0568181818182,1,0.943181818182,0.970760233918,0.965418612275,0.943181818182,0.943181818182,4,9,0,10,6,10
1065,WLNM_dir_neg_kfold,0.851851851852,0.669240765732,00:00:01,10,90,19,18364,threshold_sweep,0.3,1,0.444444444444,0.615384615385,4,0,5,18,0.444444444444,1,0,0.555555555556,1,0.444444444444,0.615384615385,0.814814814815,0.617283950617,0.516129032258,0.58976782462,0.444444444444,94,85,9,0,94,0,85,0,9,23,88,0.173913043478,1.68507579377,7.65217391304,7.33333333333,5.5,3.63829000359,0.475458352741,0.249505928854,5.32278271304,1.39118184545,0.672924901186,3.27042079462,0.854769071322,0.442687747036,0.749191304359,0.444603920564,2.5,1.68507579377,0.749191304359,2.5,0.259446613992,0.18878248974,46,0.025974025974,0.333144633145,23,23,23,1,0,0.478260869565,0.217391304348,0.304347826087,23,0.156126482213,1.68422181683,6.86956521739,6.58333333333,5.26666666667,3.26558289139,0.475369661405,0.25701706109,4.78469232369,1.39301168918,0.680242157402,3.01249046708,0.877054186617,0.466703357182,0.748433971026,0.444379691289,2.5,1.68422181683,0.748433971026,2.5,0.230926649108,0.149741824441,29,0.0163749294184,0.28423731151,23,23,23,1,0,0.478260869565,0.173913043478,0.347826086957,23,83,0.164031620553,1.68363906625,7.21739130435,6.91666666667,5.53333333333,3.38387246884,0.4688497999,0.25091671032,5.00671485866,1.38740291264,0.674698795181,3.15852569801,0.875254109087,0.458878994238,0.748040199571,0.444299621319,2.5,1.68363906625,0.748040199571,2.5,0.2352541398,0.158878504673,34,0.0191981931112,0.30959629596,23,23,23,1,0,0.478260869565,0.173913043478,0.347826086957,-5,-0.0098814229249,-0.00143672752368,-0.434782608696,-0.416666666667,0.0333333333333,-0.254417534746,-0.00660855284186,0.00141078146578,-0.316067854387,-0.00377893281491,0.00177389399495,-0.111895096616,0.0204850377644,0.0161912472022,-0.00115110478776,-0.000304299245735,0,-0.00143672752368,-0.00115110478776,0,-0.0241924741925,-0.0299039850672,-12,-0.00677583286279,-0.0235483371847,0,-0.0434782608696,0.0434782608696,83,0,5,418,0.943181818182,1,0,0.0568181818182,1,0.943181818182,0.970760233918,0.965418612275,0.943181818182,0.943181818182,4,9,0,10,6,10
1066,WLNM_dir_neg_kfold,0.851851851852,0.669240765732,00:00:01,10,90,19,18364,threshold_sweep,0.4,1,0.444444444444,0.615384615385,4,0,5,18,0.444444444444,1,0,0.555555555556,1,0.444444444444,0.615384615385,0.814814814815,0.617283950617,0.516129032258,0.58976782462,0.444444444444,94,85,9,0,94,0,85,0,9,23,88,0.173913043478,1.68507579377,7.65217391304,7.33333333333,5.5,3.63829000359,0.475458352741,0.249505928854,5.32278271304,1.39118184545,0.672924901186,3.27042079462,0.854769071322,0.442687747036,0.749191304359,0.444603920564,2.5,1.68507579377,0.749191304359,2.5,0.259446613992,0.18878248974,46,0.025974025974,0.333144633145,23,23,23,1,0,0.478260869565,0.217391304348,0.304347826087,23,0.156126482213,1.68422181683,6.86956521739,6.58333333333,5.26666666667,3.26558289139,0.475369661405,0.25701706109,4.78469232369,1.39301168918,0.680242157402,3.01249046708,0.877054186617,0.466703357182,0.748433971026,0.444379691289,2.5,1.68422181683,0.748433971026,2.5,0.230926649108,0.149741824441,29,0.0163749294184,0.28423731151,23,23,23,1,0,0.478260869565,0.173913043478,0.347826086957,23,83,0.164031620553,1.68363906625,7.21739130435,6.91666666667,5.53333333333,3.38387246884,0.4688497999,0.25091671032,5.00671485866,1.38740291264,0.674698795181,3.15852569801,0.875254109087,0.458878994238,0.748040199571,0.444299621319,2.5,1.68363906625,0.748040199571,2.5,0.2352541398,0.158878504673,34,0.0191981931112,0.30959629596,23,23,23,1,0,0.478260869565,0.173913043478,0.347826086957,-5,-0.0098814229249,-0.00143672752368,-0.434782608696,-0.416666666667,0.0333333333333,-0.254417534746,-0.00660855284186,0.00141078146578,-0.316067854387,-0.00377893281491,0.00177389399495,-0.111895096616,0.0204850377644,0.0161912472022,-0.00115110478776,-0.000304299245735,0,-0.00143672752368,-0.00115110478776,0,-0.0241924741925,-0.0299039850672,-12,-0.00677583286279,-0.0235483371847,0,-0.0434782608696,0.0434782608696,83,0,5,418,0.943181818182,1,0,0.0568181818182,1,0.943181818182,0.970760233918,0.965418612275,0.943181818182,0.943181818182,4,9,0,10,6,10
1067,WLNM_dir_neg_kfold,0.851851851852,0.669240765732,00:00:01,10,90,19,18364,threshold_sweep,0.5,1,0.444444444444,0.615384615385,4,0,5,18,0.444444444444,1,0,0.555555555556,1,0.444444444444,0.615384615385,0.814814814815,0.617283950617,0.516129032258,0.58976782462,0.444444444444,94,85,9,0,94,0,85,0,9,23,88,0.173913043478,1.68507579377,7.65217391304,7.33333333333,5.5,3.63829000359,0.475458352741,0.249505928854,5.32278271304,1.39118184545,0.672924901186,3.27042079462,0.854769071322,0.442687747036,0.749191304359,0.444603920564,2.5,1.68507579377,0.749191304359,2.5,0.259446613992,0.18878248974,46,0.025974025974,0.333144633145,23,23,23,1,0,0.478260869565,0.217391304348,0.304347826087,23,0.156126482213,1.68422181683,6.86956521739,6.58333333333,5.26666666667,3.26558289139,0.475369661405,0.25701706109,4.78469232369,1.39301168918,0.680242157402,3.01249046708,0.877054186617,0.466703357182,0.748433971026,0.444379691289,2.5,1.68422181683,0.748433971026,2.5,0.230926649108,0.149741824441,29,0.0163749294184,0.28423731151,23,23,23,1,0,0.478260869565,0.173913043478,0.347826086957,23,83,0.164031620553,1.68363906625,7.21739130435,6.91666666667,5.53333333333,3.38387246884,0.4688497999,0.25091671032,5.00671485866,1.38740291264,0.674698795181,3.15852569801,0.875254109087,0.458878994238,0.748040199571,0.444299621319,2.5,1.68363906625,0.748040199571,2.5,0.2352541398,0.158878504673,34,0.0191981931112,0.30959629596,23,23,23,1,0,0.478260869565,0.173913043478,0.347826086957,-5,-0.0098814229249,-0.00143672752368,-0.434782608696,-0.416666666667,0.0333333333333,-0.254417534746,-0.00660855284186,0.00141078146578,-0.316067854387,-0.00377893281491,0.00177389399495,-0.111895096616,0.0204850377644,0.0161912472022,-0.00115110478776,-0.000304299245735,0,-0.00143672752368,-0.00115110478776,0,-0.0241924741925,-0.0299039850672,-12,-0.00677583286279,-0.0235483371847,0,-0.0434782608696,0.0434782608696,83,0,5,418,0.943181818182,1,0,0.0568181818182,1,0.943181818182,0.970760233918,0.965418612275,0.943181818182,0.943181818182,4,9,0,10,6,10
1068,WLNM_dir_neg_kfold,0.851851851852,0.669240765732,00:00:01,10,90,19,18364,threshold_sweep,0.6,1,0.444444444444,0.615384615385,4,0,5,18,0.444444444444,1,0,0.555555555556,1,0.444444444444,0.615384615385,0.814814814815,0.617283950617,0.516129032258,0.58976782462,0.444444444444,94,85,9,0,94,0,85,0,9,23,88,0.173913043478,1.68507579377,7.65217391304,7.33333333333,5.5,3.63829000359,0.475458352741,0.249505928854,5.32278271304,1.39118184545,0.672924901186,3.27042079462,0.854769071322,0.442687747036,0.749191304359,0.444603920564,2.5,1.68507579377,0.749191304359,2.5,0.259446613992,0.18878248974,46,0.025974025974,0.333144633145,23,23,23,1,0,0.478260869565,0.217391304348,0.304347826087,23,0.156126482213,1.68422181683,6.86956521739,6.58333333333,5.26666666667,3.26558289139,0.475369661405,0.25701706109,4.78469232369,1.39301168918,0.680242157402,3.01249046708,0.877054186617,0.466703357182,0.748433971026,0.444379691289,2.5,1.68422181683,0.748433971026,2.5,0.230926649108,0.149741824441,29,0.0163749294184,0.28423731151,23,23,23,1,0,0.478260869565,0.173913043478,0.347826086957,23,83,0.164031620553,1.68363906625,7.21739130435,6.91666666667,5.53333333333,3.38387246884,0.4688497999,0.25091671032,5.00671485866,1.38740291264,0.674698795181,3.15852569801,0.875254109087,0.458878994238,0.748040199571,0.444299621319,2.5,1.68363906625,0.748040199571,2.5,0.2352541398,0.158878504673,34,0.0191981931112,0.30959629596,23,23,23,1,0,0.478260869565,0.173913043478,0.347826086957,-5,-0.0098814229249,-0.00143672752368,-0.434782608696,-0.416666666667,0.0333333333333,-0.254417534746,-0.00660855284186,0.00141078146578,-0.316067854387,-0.00377893281491,0.00177389399495,-0.111895096616,0.0204850377644,0.0161912472022,-0.00115110478776,-0.000304299245735,0,-0.00143672752368,-0.00115110478776,0,-0.0241924741925,-0.0299039850672,-12,-0.00677583286279,-0.0235483371847,0,-0.0434782608696,0.0434782608696,83,0,5,418,0.943181818182,1,0,0.0568181818182,1,0.943181818182,0.970760233918,0.965418612275,0.943181818182,0.943181818182,4,9,0,10,6,10
1069,WLNM_dir_neg_kfold,0.851851851852,0.669240765732,00:00:01,10,90,19,18364,threshold_sweep,0.7,1,0.444444444444,0.615384615385,4,0,5,18,0.444444444444,1,0,0.555555555556,1,0.444444444444,0.615384615385,0.814814814815,0.617283950617,0.516129032258,0.58976782462,0.444444444444,94,85,9,0,94,0,85,0,9,23,88,0.173913043478,1.68507579377,7.65217391304,7.33333333333,5.5,3.63829000359,0.475458352741,0.249505928854,5.32278271304,1.39118184545,0.672924901186,3.27042079462,0.854769071322,0.442687747036,0.749191304359,0.444603920564,2.5,1.68507579377,0.749191304359,2.5,0.259446613992,0.18878248974,46,0.025974025974,0.333144633145,23,23,23,1,0,0.478260869565,0.217391304348,0.304347826087,23,0.156126482213,1.68422181683,6.86956521739,6.58333333333,5.26666666667,3.26558289139,0.475369661405,0.25701706109,4.78469232369,1.39301168918,0.680242157402,3.01249046708,0.877054186617,0.466703357182,0.748433971026,0.444379691289,2.5,1.68422181683,0.748433971026,2.5,0.230926649108,0.149741824441,29,0.0163749294184,0.28423731151,23,23,23,1,0,0.478260869565,0.173913043478,0.347826086957,23,83,0.164031620553,1.68363906625,7.21739130435,6.91666666667,5.53333333333,3.38387246884,0.4688497999,0.25091671032,5.00671485866,1.38740291264,0.674698795181,3.15852569801,0.875254109087,0.458878994238,0.748040199571,0.444299621319,2.5,1.68363906625,0.748040199571,2.5,0.2352541398,0.158878504673,34,0.0191981931112,0.30959629596,23,23,23,1,0,0.478260869565,0.173913043478,0.347826086957,-5,-0.0098814229249,-0.00143672752368,-0.434782608696,-0.416666666667,0.0333333333333,-0.254417534746,-0.00660855284186,0.00141078146578,-0.316067854387,-0.00377893281491,0.00177389399495,-0.111895096616,0.0204850377644,0.0161912472022,-0.00115110478776,-0.000304299245735,0,-0.00143672752368,-0.00115110478776,0,-0.0241924741925,-0.0299039850672,-12,-0.00677583286279,-0.0235483371847,0,-0.0434782608696,0.0434782608696,83,0,5,418,0.943181818182,1,0,0.0568181818182,1,0.943181818182,0.970760233918,0.965418612275,0.943181818182,0.943181818182,4,9,0,10,6,10
1070,WLNM_dir_neg_kfold,0.851851851852,0.669240765732,00:00:01,10,90,19,18364,threshold_sweep,0.8,1,0.444444444444,0.615384615385,4,0,5,18,0.444444444444,1,0,0.555555555556,1,0.444444444444,0.615384615385,0.814814814815,0.617283950617,0.516129032258,0.58976782462,0.444444444444,94,85,9,0,94,0,85,0,9,23,88,0.173913043478,1.68507579377,7.65217391304,7.33333333333,5.5,3.63829000359,0.475458352741,0.249505928854,5.32278271304,1.39118184545,0.672924901186,3.27042079462,0.854769071322,0.442687747036,0.749191304359,0.444603920564,2.5,1.68507579377,0.749191304359,2.5,0.259446613992,0.18878248974,46,0.025974025974,0.333144633145,23,23,23,1,0,0.478260869565,0.217391304348,0.304347826087,23,0.156126482213,1.68422181683,6.86956521739,6.58333333333,5.26666666667,3.26558289139,0.475369661405,0.25701706109,4.78469232369,1.39301168918,0.680242157402,3.01249046708,0.877054186617,0.466703357182,0.748433971026,0.444379691289,2.5,1.68422181683,0.748433971026,2.5,0.230926649108,0.149741824441,29,0.0163749294184,0.28423731151,23,23,23,1,0,0.478260869565,0.173913043478,0.347826086957,23,83,0.164031620553,1.68363906625,7.21739130435,6.91666666667,5.53333333333,3.38387246884,0.4688497999,0.25091671032,5.00671485866,1.38740291264,0.674698795181,3.15852569801,0.875254109087,0.458878994238,0.748040199571,0.444299621319,2.5,1.68363906625,0.748040199571,2.5,0.2352541398,0.158878504673,34,0.0191981931112,0.30959629596,23,23,23,1,0,0.478260869565,0.173913043478,0.347826086957,-5,-0.0098814229249,-0.00143672752368,-0.434782608696,-0.416666666667,0.0333333333333,-0.254417534746,-0.00660855284186,0.00141078146578,-0.316067854387,-0.00377893281491,0.00177389399495,-0.111895096616,0.0204850377644,0.0161912472022,-0.00115110478776,-0.000304299245735,0,-0.00143672752368,-0.00115110478776,0,-0.0241924741925,-0.0299039850672,-12,-0.00677583286279,-0.0235483371847,0,-0.0434782608696,0.0434782608696,83,0,5,418,0.943181818182,1,0,0.0568181818182,1,0.943181818182,0.970760233918,0.965418612275,0.943181818182,0.943181818182,4,9,0,10,6,10
1071,WLNM_dir_neg_kfold,0.851851851852,0.669240765732,00:00:01,10,90,19,18364,threshold_sweep,0.9,1,0.444444444444,0.615384615385,4,0,5,18,0.444444444444,1,0,0.555555555556,1,0.444444444444,0.615384615385,0.814814814815,0.617283950617,0.516129032258,0.58976782462,0.444444444444,94,85,9,0,94,0,85,0,9,23,88,0.173913043478,1.68507579377,7.65217391304,7.33333333333,5.5,3.63829000359,0.475458352741,0.249505928854,5.32278271304,1.39118184545,0.672924901186,3.27042079462,0.854769071322,0.442687747036,0.749191304359,0.444603920564,2.5,1.68507579377,0.749191304359,2.5,0.259446613992,0.18878248974,46,0.025974025974,0.333144633145,23,23,23,1,0,0.478260869565,0.217391304348,0.304347826087,23,0.156126482213,1.68422181683,6.86956521739,6.58333333333,5.26666666667,3.26558289139,0.475369661405,0.25701706109,4.78469232369,1.39301168918,0.680242157402,3.01249046708,0.877054186617,0.466703357182,0.748433971026,0.444379691289,2.5,1.68422181683,0.748433971026,2.5,0.230926649108,0.149741824441,29,0.0163749294184,0.28423731151,23,23,23,1,0,0.478260869565,0.173913043478,0.347826086957,23,83,0.164031620553,1.68363906625,7.21739130435,6.91666666667,5.53333333333,3.38387246884,0.4688497999,0.25091671032,5.00671485866,1.38740291264,0.674698795181,3.15852569801,0.875254109087,0.458878994238,0.748040199571,0.444299621319,2.5,1.68363906625,0.748040199571,2.5,0.2352541398,0.158878504673,34,0.0191981931112,0.30959629596,23,23,23,1,0,0.478260869565,0.173913043478,0.347826086957,-5,-0.0098814229249,-0.00143672752368,-0.434782608696,-0.416666666667,0.0333333333333,-0.254417534746,-0.00660855284186,0.00141078146578,-0.316067854387,-0.00377893281491,0.00177389399495,-0.111895096616,0.0204850377644,0.0161912472022,-0.00115110478776,-0.000304299245735,0,-0.00143672752368,-0.00115110478776,0,-0.0241924741925,-0.0299039850672,-12,-0.00677583286279,-0.0235483371847,0,-0.0434782608696,0.0434782608696,83,0,5,418,0.943181818182,1,0,0.0568181818182,1,0.943181818182,0.970760233918,0.965418612275,0.943181818182,0.943181818182,4,9,0,10,6,10
1072,WLNM_dir_neg_kfold,0.944444444444,0.6674331841,00:00:01,10,90,20,18365,threshold_sweep,0.1,0.8,0.444444444444,0.571428571429,4,1,5,17,0.444444444444,0.944444444444,0.0555555555556,0.555555555556,0.8,0.444444444444,0.571428571429,0.777777777778,0.604938271605,0.4375,0.471939903724,0.388888888889,94,85,9,0,94,0,85,0,9,23,88,0.173913043478,1.68507579377,7.65217391304,7.33333333333,5.5,3.63829000359,0.475458352741,0.249505928854,5.32278271304,1.39118184545,0.672924901186,3.27042079462,0.854769071322,0.442687747036,0.749191304359,0.444603920564,2.5,1.68507579377,0.749191304359,2.5,0.259446613992,0.18878248974,46,0.025974025974,0.333144633145,23,23,23,1,0,0.478260869565,0.217391304348,0.304347826087,23,0.156126482213,1.68422181683,6.86956521739,6.58333333333,5.26666666667,3.26558289139,0.475369661405,0.25701706109,4.78469232369,1.39301168918,0.680242157402,3.01249046708,0.877054186617,0.466703357182,0.748433971026,0.444379691289,2.5,1.68422181683,0.748433971026,2.5,0.230926649108,0.149741824441,29,0.0163749294184,0.28423731151,23,23,23,1,0,0.478260869565,0.173913043478,0.347826086957,23,84,0.166007905138,1.76826796392,7.30434782609,7,5.25,3.30886938406,0.452999975199,0.244306418219,4.98733574031,1.36558002413,0.668737060041,3.11314946714,0.852409973145,0.449275362319,0.879163129826,0.497188858117,3,1.76826796392,0.879163129826,3,0.270884912189,0.161538461538,35,0.0197628458498,0.299191044646,23,23,23,1,0,0.478260869565,0.217391304348,0.304347826087,-4,-0.00790513833992,0.0831921701487,-0.347826086957,-0.333333333333,-0.25,-0.329420619523,-0.0224583775423,-0.00519951063429,-0.335446972735,-0.0256018213224,-0.00418784114436,-0.157271327486,-0.00235909817735,0.00658761528327,0.129971825467,0.0525849375522,0.5,0.0831921701487,0.129971825467,0.5,0.0114382981972,-0.0272440282016,-11,-0.00621118012422,-0.033953588499,0,0,0,83,1,5,417,0.943181818182,0.997607655502,0.00239234449761,0.0568181818182,0.988095238095,0.943181818182,0.96511627907,0.958354216501,0.940789473684,0.932584269663,5,9,0,10,6,10
1073,WLNM_dir_neg_kfold,0.944444444444,0.6674331841,00:00:01,10,90,20,18365,threshold_sweep,0.2,0.8,0.444444444444,0.571428571429,4,1,5,17,0.444444444444,0.944444444444,0.0555555555556,0.555555555556,0.8,0.444444444444,0.571428571429,0.777777777778,0.604938271605,0.4375,0.471939903724,0.388888888889,94,85,9,0,94,0,85,0,9,23,88,0.173913043478,1.68507579377,7.65217391304,7.33333333333,5.5,3.63829000359,0.475458352741,0.249505928854,5.32278271304,1.39118184545,0.672924901186,3.27042079462,0.854769071322,0.442687747036,0.749191304359,0.444603920564,2.5,1.68507579377,0.749191304359,2.5,0.259446613992,0.18878248974,46,0.025974025974,0.333144633145,23,23,23,1,0,0.478260869565,0.217391304348,0.304347826087,23,0.156126482213,1.68422181683,6.86956521739,6.58333333333,5.26666666667,3.26558289139,0.475369661405,0.25701706109,4.78469232369,1.39301168918,0.680242157402,3.01249046708,0.877054186617,0.466703357182,0.748433971026,0.444379691289,2.5,1.68422181683,0.748433971026,2.5,0.230926649108,0.149741824441,29,0.0163749294184,0.28423731151,23,23,23,1,0,0.478260869565,0.173913043478,0.347826086957,23,84,0.166007905138,1.76826796392,7.30434782609,7,5.25,3.30886938406,0.452999975199,0.244306418219,4.98733574031,1.36558002413,0.668737060041,3.11314946714,0.852409973145,0.449275362319,0.879163129826,0.497188858117,3,1.76826796392,0.879163129826,3,0.270884912189,0.161538461538,35,0.0197628458498,0.299191044646,23,23,23,1,0,0.478260869565,0.217391304348,0.304347826087,-4,-0.00790513833992,0.0831921701487,-0.347826086957,-0.333333333333,-0.25,-0.329420619523,-0.0224583775423,-0.00519951063429,-0.335446972735,-0.0256018213224,-0.00418784114436,-0.157271327486,-0.00235909817735,0.00658761528327,0.129971825467,0.0525849375522,0.5,0.0831921701487,0.129971825467,0.5,0.0114382981972,-0.0272440282016,-11,-0.00621118012422,-0.033953588499,0,0,0,83,1,5,417,0.943181818182,0.997607655502,0.00239234449761,0.0568181818182,0.988095238095,0.943181818182,0.96511627907,0.958354216501,0.940789473684,0.932584269663,5,9,0,10,6,10
1074,WLNM_dir_neg_kfold,0.944444444444,0.6674331841,00:00:01,10,90,20,18365,threshold_sweep,0.3,0.8,0.444444444444,0.571428571429,4,1,5,17,0.444444444444,0.944444444444,0.0555555555556,0.555555555556,0.8,0.444444444444,0.571428571429,0.777777777778,0.604938271605,0.4375,0.471939903724,0.388888888889,94,85,9,0,94,0,85,0,9,23,88,0.173913043478,1.68507579377,7.65217391304,7.33333333333,5.5,3.63829000359,0.475458352741,0.249505928854,5.32278271304,1.39118184545,0.672924901186,3.27042079462,0.854769071322,0.442687747036,0.749191304359,0.444603920564,2.5,1.68507579377,0.749191304359,2.5,0.259446613992,0.18878248974,46,0.025974025974,0.333144633145,23,23,23,1,0,0.478260869565,0.217391304348,0.304347826087,23,0.156126482213,1.68422181683,6.86956521739,6.58333333333,5.26666666667,3.26558289139,0.475369661405,0.25701706109,4.78469232369,1.39301168918,0.680242157402,3.01249046708,0.877054186617,0.466703357182,0.748433971026,0.444379691289,2.5,1.68422181683,0.748433971026,2.5,0.230926649108,0.149741824441,29,0.0163749294184,0.28423731151,23,23,23,1,0,0.478260869565,0.173913043478,0.347826086957,23,84,0.166007905138,1.76826796392,7.30434782609,7,5.25,3.30886938406,0.452999975199,0.244306418219,4.98733574031,1.36558002413,0.668737060041,3.11314946714,0.852409973145,0.449275362319,0.879163129826,0.497188858117,3,1.76826796392,0.879163129826,3,0.270884912189,0.161538461538,35,0.0197628458498,0.299191044646,23,23,23,1,0,0.478260869565,0.217391304348,0.304347826087,-4,-0.00790513833992,0.0831921701487,-0.347826086957,-0.333333333333,-0.25,-0.329420619523,-0.0224583775423,-0.00519951063429,-0.335446972735,-0.0256018213224,-0.00418784114436,-0.157271327486,-0.00235909817735,0.00658761528327,0.129971825467,0.0525849375522,0.5,0.0831921701487,0.129971825467,0.5,0.0114382981972,-0.0272440282016,-11,-0.00621118012422,-0.033953588499,0,0,0,83,1,5,417,0.943181818182,0.997607655502,0.00239234449761,0.0568181818182,0.988095238095,0.943181818182,0.96511627907,0.958354216501,0.940789473684,0.932584269663,5,9,0,10,6,10
1075,WLNM_dir_neg_kfold,0.944444444444,0.6674331841,00:00:01,10,90,20,18365,threshold_sweep,0.4,0.8,0.444444444444,0.571428571429,4,1,5,17,0.444444444444,0.944444444444,0.0555555555556,0.555555555556,0.8,0.444444444444,0.571428571429,0.777777777778,0.604938271605,0.4375,0.471939903724,0.388888888889,94,85,9,0,94,0,85,0,9,23,88,0.173913043478,1.68507579377,7.65217391304,7.33333333333,5.5,3.63829000359,0.475458352741,0.249505928854,5.32278271304,1.39118184545,0.672924901186,3.27042079462,0.854769071322,0.442687747036,0.749191304359,0.444603920564,2.5,1.68507579377,0.749191304359,2.5,0.259446613992,0.18878248974,46,0.025974025974,0.333144633145,23,23,23,1,0,0.478260869565,0.217391304348,0.304347826087,23,0.156126482213,1.68422181683,6.86956521739,6.58333333333,5.26666666667,3.26558289139,0.475369661405,0.25701706109,4.78469232369,1.39301168918,0.680242157402,3.01249046708,0.877054186617,0.466703357182,0.748433971026,0.444379691289,2.5,1.68422181683,0.748433971026,2.5,0.230926649108,0.149741824441,29,0.0163749294184,0.28423731151,23,23,23,1,0,0.478260869565,0.173913043478,0.347826086957,23,84,0.166007905138,1.76826796392,7.30434782609,7,5.25,3.30886938406,0.452999975199,0.244306418219,4.98733574031,1.36558002413,0.668737060041,3.11314946714,0.852409973145,0.449275362319,0.879163129826,0.497188858117,3,1.76826796392,0.879163129826,3,0.270884912189,0.161538461538,35,0.0197628458498,0.299191044646,23,23,23,1,0,0.478260869565,0.217391304348,0.304347826087,-4,-0.00790513833992,0.0831921701487,-0.347826086957,-0.333333333333,-0.25,-0.329420619523,-0.0224583775423,-0.00519951063429,-0.335446972735,-0.0256018213224,-0.00418784114436,-0.157271327486,-0.00235909817735,0.00658761528327,0.129971825467,0.0525849375522,0.5,0.0831921701487,0.129971825467,0.5,0.0114382981972,-0.0272440282016,-11,-0.00621118012422,-0.033953588499,0,0,0,83,1,5,417,0.943181818182,0.997607655502,0.00239234449761,0.0568181818182,0.988095238095,0.943181818182,0.96511627907,0.958354216501,0.940789473684,0.932584269663,5,9,0,10,6,10
1076,WLNM_dir_neg_kfold,0.944444444444,0.6674331841,00:00:01,10,90,20,18365,threshold_sweep,0.5,0.8,0.444444444444,0.571428571429,4,1,5,17,0.444444444444,0.944444444444,0.0555555555556,0.555555555556,0.8,0.444444444444,0.571428571429,0.777777777778,0.604938271605,0.4375,0.471939903724,0.388888888889,94,85,9,0,94,0,85,0,9,23,88,0.173913043478,1.68507579377,7.65217391304,7.33333333333,5.5,3.63829000359,0.475458352741,0.249505928854,5.32278271304,1.39118184545,0.672924901186,3.27042079462,0.854769071322,0.442687747036,0.749191304359,0.444603920564,2.5,1.68507579377,0.749191304359,2.5,0.259446613992,0.18878248974,46,0.025974025974,0.333144633145,23,23,23,1,0,0.478260869565,0.217391304348,0.304347826087,23,0.156126482213,1.68422181683,6.86956521739,6.58333333333,5.26666666667,3.26558289139,0.475369661405,0.25701706109,4.78469232369,1.39301168918,0.680242157402,3.01249046708,0.877054186617,0.466703357182,0.748433971026,0.444379691289,2.5,1.68422181683,0.748433971026,2.5,0.230926649108,0.149741824441,29,0.0163749294184,0.28423731151,23,23,23,1,0,0.478260869565,0.173913043478,0.347826086957,23,84,0.166007905138,1.76826796392,7.30434782609,7,5.25,3.30886938406,0.452999975199,0.244306418219,4.98733574031,1.36558002413,0.668737060041,3.11314946714,0.852409973145,0.449275362319,0.879163129826,0.497188858117,3,1.76826796392,0.879163129826,3,0.270884912189,0.161538461538,35,0.0197628458498,0.299191044646,23,23,23,1,0,0.478260869565,0.217391304348,0.304347826087,-4,-0.00790513833992,0.0831921701487,-0.347826086957,-0.333333333333,-0.25,-0.329420619523,-0.0224583775423,-0.00519951063429,-0.335446972735,-0.0256018213224,-0.00418784114436,-0.157271327486,-0.00235909817735,0.00658761528327,0.129971825467,0.0525849375522,0.5,0.0831921701487,0.129971825467,0.5,0.0114382981972,-0.0272440282016,-11,-0.00621118012422,-0.033953588499,0,0,0,83,1,5,417,0.943181818182,0.997607655502,0.00239234449761,0.0568181818182,0.988095238095,0.943181818182,0.96511627907,0.958354216501,0.940789473684,0.932584269663,5,9,0,10,6,10
1077,WLNM_dir_neg_kfold,0.944444444444,0.6674331841,00:00:01,10,90,20,18365,threshold_sweep,0.6,0.8,0.444444444444,0.571428571429,4,1,5,17,0.444444444444,0.944444444444,0.0555555555556,0.555555555556,0.8,0.444444444444,0.571428571429,0.777777777778,0.604938271605,0.4375,0.471939903724,0.388888888889,94,85,9,0,94,0,85,0,9,23,88,0.173913043478,1.68507579377,7.65217391304,7.33333333333,5.5,3.63829000359,0.475458352741,0.249505928854,5.32278271304,1.39118184545,0.672924901186,3.27042079462,0.854769071322,0.442687747036,0.749191304359,0.444603920564,2.5,1.68507579377,0.749191304359,2.5,0.259446613992,0.18878248974,46,0.025974025974,0.333144633145,23,23,23,1,0,0.478260869565,0.217391304348,0.304347826087,23,0.156126482213,1.68422181683,6.86956521739,6.58333333333,5.26666666667,3.26558289139,0.475369661405,0.25701706109,4.78469232369,1.39301168918,0.680242157402,3.01249046708,0.877054186617,0.466703357182,0.748433971026,0.444379691289,2.5,1.68422181683,0.748433971026,2.5,0.230926649108,0.149741824441,29,0.0163749294184,0.28423731151,23,23,23,1,0,0.478260869565,0.173913043478,0.347826086957,23,84,0.166007905138,1.76826796392,7.30434782609,7,5.25,3.30886938406,0.452999975199,0.244306418219,4.98733574031,1.36558002413,0.668737060041,3.11314946714,0.852409973145,0.449275362319,0.879163129826,0.497188858117,3,1.76826796392,0.879163129826,3,0.270884912189,0.161538461538,35,0.0197628458498,0.299191044646,23,23,23,1,0,0.478260869565,0.217391304348,0.304347826087,-4,-0.00790513833992,0.0831921701487,-0.347826086957,-0.333333333333,-0.25,-0.329420619523,-0.0224583775423,-0.00519951063429,-0.335446972735,-0.0256018213224,-0.00418784114436,-0.157271327486,-0.00235909817735,0.00658761528327,0.129971825467,0.0525849375522,0.5,0.0831921701487,0.129971825467,0.5,0.0114382981972,-0.0272440282016,-11,-0.00621118012422,-0.033953588499,0,0,0,83,1,5,417,0.943181818182,0.997607655502,0.00239234449761,0.0568181818182,0.988095238095,0.943181818182,0.96511627907,0.958354216501,0.940789473684,0.932584269663,5,9,0,10,6,10
1078,WLNM_dir_neg_kfold,0.944444444444,0.6674331841,00:00:01,10,90,20,18365,threshold_sweep,0.7,0.8,0.444444444444,0.571428571429,4,1,5,17,0.444444444444,0.944444444444,0.0555555555556,0.555555555556,0.8,0.444444444444,0.571428571429,0.777777777778,0.604938271605,0.4375,0.471939903724,0.388888888889,94,85,9,0,94,0,85,0,9,23,88,0.173913043478,1.68507579377,7.65217391304,7.33333333333,5.5,3.63829000359,0.475458352741,0.249505928854,5.32278271304,1.39118184545,0.672924901186,3.27042079462,0.854769071322,0.442687747036,0.749191304359,0.444603920564,2.5,1.68507579377,0.749191304359,2.5,0.259446613992,0.18878248974,46,0.025974025974,0.333144633145,23,23,23,1,0,0.478260869565,0.217391304348,0.304347826087,23,0.156126482213,1.68422181683,6.86956521739,6.58333333333,5.26666666667,3.26558289139,0.475369661405,0.25701706109,4.78469232369,1.39301168918,0.680242157402,3.01249046708,0.877054186617,0.466703357182,0.748433971026,0.444379691289,2.5,1.68422181683,0.748433971026,2.5,0.230926649108,0.149741824441,29,0.0163749294184,0.28423731151,23,23,23,1,0,0.478260869565,0.173913043478,0.347826086957,23,84,0.166007905138,1.76826796392,7.30434782609,7,5.25,3.30886938406,0.452999975199,0.244306418219,4.98733574031,1.36558002413,0.668737060041,3.11314946714,0.852409973145,0.449275362319,0.879163129826,0.497188858117,3,1.76826796392,0.879163129826,3,0.270884912189,0.161538461538,35,0.0197628458498,0.299191044646,23,23,23,1,0,0.478260869565,0.217391304348,0.304347826087,-4,-0.00790513833992,0.0831921701487,-0.347826086957,-0.333333333333,-0.25,-0.329420619523,-0.0224583775423,-0.00519951063429,-0.335446972735,-0.0256018213224,-0.00418784114436,-0.157271327486,-0.00235909817735,0.00658761528327,0.129971825467,0.0525849375522,0.5,0.0831921701487,0.129971825467,0.5,0.0114382981972,-0.0272440282016,-11,-0.00621118012422,-0.033953588499,0,0,0,83,1,5,417,0.943181818182,0.997607655502,0.00239234449761,0.0568181818182,0.988095238095,0.943181818182,0.96511627907,0.958354216501,0.940789473684,0.932584269663,5,9,0,10,6,10
1079,WLNM_dir_neg_kfold,0.944444444444,0.6674331841,00:00:01,10,90,20,18365,threshold_sweep,0.8,0.8,0.444444444444,0.571428571429,4,1,5,17,0.444444444444,0.944444444444,0.0555555555556,0.555555555556,0.8,0.444444444444,0.571428571429,0.777777777778,0.604938271605,0.4375,0.471939903724,0.388888888889,94,85,9,0,94,0,85,0,9,23,88,0.173913043478,1.68507579377,7.65217391304,7.33333333333,5.5,3.63829000359,0.475458352741,0.249505928854,5.32278271304,1.39118184545,0.672924901186,3.27042079462,0.854769071322,0.442687747036,0.749191304359,0.444603920564,2.5,1.68507579377,0.749191304359,2.5,0.259446613992,0.18878248974,46,0.025974025974,0.333144633145,23,23,23,1,0,0.478260869565,0.217391304348,0.304347826087,23,0.156126482213,1.68422181683,6.86956521739,6.58333333333,5.26666666667,3.26558289139,0.475369661405,0.25701706109,4.78469232369,1.39301168918,0.680242157402,3.01249046708,0.877054186617,0.466703357182,0.748433971026,0.444379691289,2.5,1.68422181683,0.748433971026,2.5,0.230926649108,0.149741824441,29,0.0163749294184,0.28423731151,23,23,23,1,0,0.478260869565,0.173913043478,0.347826086957,23,84,0.166007905138,1.76826796392,7.30434782609,7,5.25,3.30886938406,0.452999975199,0.244306418219,4.98733574031,1.36558002413,0.668737060041,3.11314946714,0.852409973145,0.449275362319,0.879163129826,0.497188858117,3,1.76826796392,0.879163129826,3,0.270884912189,0.161538461538,35,0.0197628458498,0.299191044646,23,23,23,1,0,0.478260869565,0.217391304348,0.304347826087,-4,-0.00790513833992,0.0831921701487,-0.347826086957,-0.333333333333,-0.25,-0.329420619523,-0.0224583775423,-0.00519951063429,-0.335446972735,-0.0256018213224,-0.00418784114436,-0.157271327486,-0.00235909817735,0.00658761528327,0.129971825467,0.0525849375522,0.5,0.0831921701487,0.129971825467,0.5,0.0114382981972,-0.0272440282016,-11,-0.00621118012422,-0.033953588499,0,0,0,83,1,5,417,0.943181818182,0.997607655502,0.00239234449761,0.0568181818182,0.988095238095,0.943181818182,0.96511627907,0.958354216501,0.940789473684,0.932584269663,5,9,0,10,6,10
1080,WLNM_dir_neg_kfold,0.944444444444,0.6674331841,00:00:01,10,90,20,18365,threshold_sweep,0.9,0.8,0.444444444444,0.571428571429,4,1,5,17,0.444444444444,0.944444444444,0.0555555555556,0.555555555556,0.8,0.444444444444,0.571428571429,0.777777777778,0.604938271605,0.4375,0.471939903724,0.388888888889,94,85,9,0,94,0,85,0,9,23,88,0.173913043478,1.68507579377,7.65217391304,7.33333333333,5.5,3.63829000359,0.475458352741,0.249505928854,5.32278271304,1.39118184545,0.672924901186,3.27042079462,0.854769071322,0.442687747036,0.749191304359,0.444603920564,2.5,1.68507579377,0.749191304359,2.5,0.259446613992,0.18878248974,46,0.025974025974,0.333144633145,23,23,23,1,0,0.478260869565,0.217391304348,0.304347826087,23,0.156126482213,1.68422181683,6.86956521739,6.58333333333,5.26666666667,3.26558289139,0.475369661405,0.25701706109,4.78469232369,1.39301168918,0.680242157402,3.01249046708,0.877054186617,0.466703357182,0.748433971026,0.444379691289,2.5,1.68422181683,0.748433971026,2.5,0.230926649108,0.149741824441,29,0.0163749294184,0.28423731151,23,23,23,1,0,0.478260869565,0.173913043478,0.347826086957,23,84,0.166007905138,1.76826796392,7.30434782609,7,5.25,3.30886938406,0.452999975199,0.244306418219,4.98733574031,1.36558002413,0.668737060041,3.11314946714,0.852409973145,0.449275362319,0.879163129826,0.497188858117,3,1.76826796392,0.879163129826,3,0.270884912189,0.161538461538,35,0.0197628458498,0.299191044646,23,23,23,1,0,0.478260869565,0.217391304348,0.304347826087,-4,-0.00790513833992,0.0831921701487,-0.347826086957,-0.333333333333,-0.25,-0.329420619523,-0.0224583775423,-0.00519951063429,-0.335446972735,-0.0256018213224,-0.00418784114436,-0.157271327486,-0.00235909817735,0.00658761528327,0.129971825467,0.0525849375522,0.5,0.0831921701487,0.129971825467,0.5,0.0114382981972,-0.0272440282016,-11,-0.00621118012422,-0.033953588499,0,0,0,83,1,5,417,0.943181818182,0.997607655502,0.00239234449761,0.0568181818182,0.988095238095,0.943181818182,0.96511627907,0.958354216501,0.940789473684,0.932584269663,5,9,0,10,6,10
1081,WLNM_dir_neg_kfold,0.848765432099,0.535897435897,00:00:01,10,90,1,19346,threshold_sweep,0.1,0.666666666667,0.222222222222,0.333333333333,2,1,7,17,0.222222222222,0.944444444444,0.0555555555556,0.777777777778,0.666666666667,0.222222222222,0.333333333333,0.703703703704,0.62962962963,0.2,0.25,0.166666666667,94,85,9,0,94,0,85,0,9,23,88,0.173913043478,1.68507579377,7.65217391304,7.33333333333,5.5,3.63829000359,0.475458352741,0.249505928854,5.32278271304,1.39118184545,0.672924901186,3.27042079462,0.854769071322,0.442687747036,0.749191304359,0.444603920564,2.5,1.68507579377,0.749191304359,2.5,0.259446613992,0.18878248974,46,0.025974025974,0.333144633145,23,23,23,1,0,0.478260869565,0.217391304348,0.304347826087,23,0.156126482213,1.6902722881,6.86956521739,6.58333333333,4.9375,3.22355461375,0.469251620989,0.255916345625,4.69841450004,1.36789282913,0.664832140892,2.92055547264,0.850288302161,0.453494771602,0.752800287119,0.445372199745,2.5,1.6902722881,0.752800287119,2.5,0.249370326643,0.181660899654,35,0.0197628458498,0.27680257453,23,23,23,1,0,0.478260869565,0.217391304348,0.304347826087,23,82,0.162055335968,1.69327435849,7.13043478261,6.83333333333,4.82352941176,3.44178003399,0.482688663303,0.25821845175,4.943554913,1.38660686584,0.673382820785,2.9360778872,0.823534041531,0.432661717922,0.753894142867,0.445228582767,2.5,1.69327435849,0.753894142867,2.5,0.29854034854,0.227488151659,48,0.0271033314512,0.280116684662,23,23,23,1,0,0.478260869565,0.260869565217,0.260869565217,-6,-0.0118577075099,0.0081985647203,-0.521739130435,-0.5,-0.676470588235,-0.196509969597,0.00723031056204,0.00871252289598,-0.379227800042,-0.00457497961259,0.000457919598959,-0.334342907428,-0.0312350297916,-0.010026029114,0.00470283850848,0.000624662202865,0,0.0081985647203,0.00470283850848,0,0.0390937345483,0.0387056619187,2,0.00112930547713,-0.0530279484825,0,0.0434782608696,-0.0434782608696,81,1,7,417,0.920454545455,0.997607655502,0.00239234449761,0.0795454545455,0.987804878049,0.920454545455,0.952941176471,0.944303782253,0.918062200957,0.910112359551,3,9,0,10,7,10
1082,WLNM_dir_neg_kfold,0.848765432099,0.535897435897,00:00:01,10,90,1,19346,threshold_sweep,0.2,0.666666666667,0.222222222222,0.333333333333,2,1,7,17,0.222222222222,0.944444444444,0.0555555555556,0.777777777778,0.666666666667,0.222222222222,0.333333333333,0.703703703704,0.62962962963,0.2,0.25,0.166666666667,94,85,9,0,94,0,85,0,9,23,88,0.173913043478,1.68507579377,7.65217391304,7.33333333333,5.5,3.63829000359,0.475458352741,0.249505928854,5.32278271304,1.39118184545,0.672924901186,3.27042079462,0.854769071322,0.442687747036,0.749191304359,0.444603920564,2.5,1.68507579377,0.749191304359,2.5,0.259446613992,0.18878248974,46,0.025974025974,0.333144633145,23,23,23,1,0,0.478260869565,0.217391304348,0.304347826087,23,0.156126482213,1.6902722881,6.86956521739,6.58333333333,4.9375,3.22355461375,0.469251620989,0.255916345625,4.69841450004,1.36789282913,0.664832140892,2.92055547264,0.850288302161,0.453494771602,0.752800287119,0.445372199745,2.5,1.6902722881,0.752800287119,2.5,0.249370326643,0.181660899654,35,0.0197628458498,0.27680257453,23,23,23,1,0,0.478260869565,0.217391304348,0.304347826087,23,82,0.162055335968,1.69327435849,7.13043478261,6.83333333333,4.82352941176,3.44178003399,0.482688663303,0.25821845175,4.943554913,1.38660686584,0.673382820785,2.9360778872,0.823534041531,0.432661717922,0.753894142867,0.445228582767,2.5,1.69327435849,0.753894142867,2.5,0.29854034854,0.227488151659,48,0.0271033314512,0.280116684662,23,23,23,1,0,0.478260869565,0.260869565217,0.260869565217,-6,-0.0118577075099,0.0081985647203,-0.521739130435,-0.5,-0.676470588235,-0.196509969597,0.00723031056204,0.00871252289598,-0.379227800042,-0.00457497961259,0.000457919598959,-0.334342907428,-0.0312350297916,-0.010026029114,0.00470283850848,0.000624662202865,0,0.0081985647203,0.00470283850848,0,0.0390937345483,0.0387056619187,2,0.00112930547713,-0.0530279484825,0,0.0434782608696,-0.0434782608696,81,1,7,417,0.920454545455,0.997607655502,0.00239234449761,0.0795454545455,0.987804878049,0.920454545455,0.952941176471,0.944303782253,0.918062200957,0.910112359551,3,9,0,10,7,10
1083,WLNM_dir_neg_kfold,0.848765432099,0.535897435897,00:00:01,10,90,1,19346,threshold_sweep,0.3,0.666666666667,0.222222222222,0.333333333333,2,1,7,17,0.222222222222,0.944444444444,0.0555555555556,0.777777777778,0.666666666667,0.222222222222,0.333333333333,0.703703703704,0.62962962963,0.2,0.25,0.166666666667,94,85,9,0,94,0,85,0,9,23,88,0.173913043478,1.68507579377,7.65217391304,7.33333333333,5.5,3.63829000359,0.475458352741,0.249505928854,5.32278271304,1.39118184545,0.672924901186,3.27042079462,0.854769071322,0.442687747036,0.749191304359,0.444603920564,2.5,1.68507579377,0.749191304359,2.5,0.259446613992,0.18878248974,46,0.025974025974,0.333144633145,23,23,23,1,0,0.478260869565,0.217391304348,0.304347826087,23,0.156126482213,1.6902722881,6.86956521739,6.58333333333,4.9375,3.22355461375,0.469251620989,0.255916345625,4.69841450004,1.36789282913,0.664832140892,2.92055547264,0.850288302161,0.453494771602,0.752800287119,0.445372199745,2.5,1.6902722881,0.752800287119,2.5,0.249370326643,0.181660899654,35,0.0197628458498,0.27680257453,23,23,23,1,0,0.478260869565,0.217391304348,0.304347826087,23,82,0.162055335968,1.69327435849,7.13043478261,6.83333333333,4.82352941176,3.44178003399,0.482688663303,0.25821845175,4.943554913,1.38660686584,0.673382820785,2.9360778872,0.823534041531,0.432661717922,0.753894142867,0.445228582767,2.5,1.69327435849,0.753894142867,2.5,0.29854034854,0.227488151659,48,0.0271033314512,0.280116684662,23,23,23,1,0,0.478260869565,0.260869565217,0.260869565217,-6,-0.0118577075099,0.0081985647203,-0.521739130435,-0.5,-0.676470588235,-0.196509969597,0.00723031056204,0.00871252289598,-0.379227800042,-0.00457497961259,0.000457919598959,-0.334342907428,-0.0312350297916,-0.010026029114,0.00470283850848,0.000624662202865,0,0.0081985647203,0.00470283850848,0,0.0390937345483,0.0387056619187,2,0.00112930547713,-0.0530279484825,0,0.0434782608696,-0.0434782608696,81,1,7,417,0.920454545455,0.997607655502,0.00239234449761,0.0795454545455,0.987804878049,0.920454545455,0.952941176471,0.944303782253,0.918062200957,0.910112359551,3,9,0,10,7,10
1084,WLNM_dir_neg_kfold,0.848765432099,0.535897435897,00:00:01,10,90,1,19346,threshold_sweep,0.4,0.666666666667,0.222222222222,0.333333333333,2,1,7,17,0.222222222222,0.944444444444,0.0555555555556,0.777777777778,0.666666666667,0.222222222222,0.333333333333,0.703703703704,0.62962962963,0.2,0.25,0.166666666667,94,85,9,0,94,0,85,0,9,23,88,0.173913043478,1.68507579377,7.65217391304,7.33333333333,5.5,3.63829000359,0.475458352741,0.249505928854,5.32278271304,1.39118184545,0.672924901186,3.27042079462,0.854769071322,0.442687747036,0.749191304359,0.444603920564,2.5,1.68507579377,0.749191304359,2.5,0.259446613992,0.18878248974,46,0.025974025974,0.333144633145,23,23,23,1,0,0.478260869565,0.217391304348,0.304347826087,23,0.156126482213,1.6902722881,6.86956521739,6.58333333333,4.9375,3.22355461375,0.469251620989,0.255916345625,4.69841450004,1.36789282913,0.664832140892,2.92055547264,0.850288302161,0.453494771602,0.752800287119,0.445372199745,2.5,1.6902722881,0.752800287119,2.5,0.249370326643,0.181660899654,35,0.0197628458498,0.27680257453,23,23,23,1,0,0.478260869565,0.217391304348,0.304347826087,23,82,0.162055335968,1.69327435849,7.13043478261,6.83333333333,4.82352941176,3.44178003399,0.482688663303,0.25821845175,4.943554913,1.38660686584,0.673382820785,2.9360778872,0.823534041531,0.432661717922,0.753894142867,0.445228582767,2.5,1.69327435849,0.753894142867,2.5,0.29854034854,0.227488151659,48,0.0271033314512,0.280116684662,23,23,23,1,0,0.478260869565,0.260869565217,0.260869565217,-6,-0.0118577075099,0.0081985647203,-0.521739130435,-0.5,-0.676470588235,-0.196509969597,0.00723031056204,0.00871252289598,-0.379227800042,-0.00457497961259,0.000457919598959,-0.334342907428,-0.0312350297916,-0.010026029114,0.00470283850848,0.000624662202865,0,0.0081985647203,0.00470283850848,0,0.0390937345483,0.0387056619187,2,0.00112930547713,-0.0530279484825,0,0.0434782608696,-0.0434782608696,81,1,7,417,0.920454545455,0.997607655502,0.00239234449761,0.0795454545455,0.987804878049,0.920454545455,0.952941176471,0.944303782253,0.918062200957,0.910112359551,3,9,0,10,7,10
1085,WLNM_dir_neg_kfold,0.848765432099,0.535897435897,00:00:01,10,90,1,19346,threshold_sweep,0.5,0.666666666667,0.222222222222,0.333333333333,2,1,7,17,0.222222222222,0.944444444444,0.0555555555556,0.777777777778,0.666666666667,0.222222222222,0.333333333333,0.703703703704,0.62962962963,0.2,0.25,0.166666666667,94,85,9,0,94,0,85,0,9,23,88,0.173913043478,1.68507579377,7.65217391304,7.33333333333,5.5,3.63829000359,0.475458352741,0.249505928854,5.32278271304,1.39118184545,0.672924901186,3.27042079462,0.854769071322,0.442687747036,0.749191304359,0.444603920564,2.5,1.68507579377,0.749191304359,2.5,0.259446613992,0.18878248974,46,0.025974025974,0.333144633145,23,23,23,1,0,0.478260869565,0.217391304348,0.304347826087,23,0.156126482213,1.6902722881,6.86956521739,6.58333333333,4.9375,3.22355461375,0.469251620989,0.255916345625,4.69841450004,1.36789282913,0.664832140892,2.92055547264,0.850288302161,0.453494771602,0.752800287119,0.445372199745,2.5,1.6902722881,0.752800287119,2.5,0.249370326643,0.181660899654,35,0.0197628458498,0.27680257453,23,23,23,1,0,0.478260869565,0.217391304348,0.304347826087,23,82,0.162055335968,1.69327435849,7.13043478261,6.83333333333,4.82352941176,3.44178003399,0.482688663303,0.25821845175,4.943554913,1.38660686584,0.673382820785,2.9360778872,0.823534041531,0.432661717922,0.753894142867,0.445228582767,2.5,1.69327435849,0.753894142867,2.5,0.29854034854,0.227488151659,48,0.0271033314512,0.280116684662,23,23,23,1,0,0.478260869565,0.260869565217,0.260869565217,-6,-0.0118577075099,0.0081985647203,-0.521739130435,-0.5,-0.676470588235,-0.196509969597,0.00723031056204,0.00871252289598,-0.379227800042,-0.00457497961259,0.000457919598959,-0.334342907428,-0.0312350297916,-0.010026029114,0.00470283850848,0.000624662202865,0,0.0081985647203,0.00470283850848,0,0.0390937345483,0.0387056619187,2,0.00112930547713,-0.0530279484825,0,0.0434782608696,-0.0434782608696,81,1,7,417,0.920454545455,0.997607655502,0.00239234449761,0.0795454545455,0.987804878049,0.920454545455,0.952941176471,0.944303782253,0.918062200957,0.910112359551,3,9,0,10,7,10
1086,WLNM_dir_neg_kfold,0.848765432099,0.535897435897,00:00:01,10,90,1,19346,threshold_sweep,0.6,0.666666666667,0.222222222222,0.333333333333,2,1,7,17,0.222222222222,0.944444444444,0.0555555555556,0.777777777778,0.666666666667,0.222222222222,0.333333333333,0.703703703704,0.62962962963,0.2,0.25,0.166666666667,94,85,9,0,94,0,85,0,9,23,88,0.173913043478,1.68507579377,7.65217391304,7.33333333333,5.5,3.63829000359,0.475458352741,0.249505928854,5.32278271304,1.39118184545,0.672924901186,3.27042079462,0.854769071322,0.442687747036,0.749191304359,0.444603920564,2.5,1.68507579377,0.749191304359,2.5,0.259446613992,0.18878248974,46,0.025974025974,0.333144633145,23,23,23,1,0,0.478260869565,0.217391304348,0.304347826087,23,0.156126482213,1.6902722881,6.86956521739,6.58333333333,4.9375,3.22355461375,0.469251620989,0.255916345625,4.69841450004,1.36789282913,0.664832140892,2.92055547264,0.850288302161,0.453494771602,0.752800287119,0.445372199745,2.5,1.6902722881,0.752800287119,2.5,0.249370326643,0.181660899654,35,0.0197628458498,0.27680257453,23,23,23,1,0,0.478260869565,0.217391304348,0.304347826087,23,82,0.162055335968,1.69327435849,7.13043478261,6.83333333333,4.82352941176,3.44178003399,0.482688663303,0.25821845175,4.943554913,1.38660686584,0.673382820785,2.9360778872,0.823534041531,0.432661717922,0.753894142867,0.445228582767,2.5,1.69327435849,0.753894142867,2.5,0.29854034854,0.227488151659,48,0.0271033314512,0.280116684662,23,23,23,1,0,0.478260869565,0.260869565217,0.260869565217,-6,-0.0118577075099,0.0081985647203,-0.521739130435,-0.5,-0.676470588235,-0.196509969597,0.00723031056204,0.00871252289598,-0.379227800042,-0.00457497961259,0.000457919598959,-0.334342907428,-0.0312350297916,-0.010026029114,0.00470283850848,0.000624662202865,0,0.0081985647203,0.00470283850848,0,0.0390937345483,0.0387056619187,2,0.00112930547713,-0.0530279484825,0,0.0434782608696,-0.0434782608696,81,1,7,417,0.920454545455,0.997607655502,0.00239234449761,0.0795454545455,0.987804878049,0.920454545455,0.952941176471,0.944303782253,0.918062200957,0.910112359551,3,9,0,10,7,10
1087,WLNM_dir_neg_kfold,0.848765432099,0.535897435897,00:00:01,10,90,1,19346,threshold_sweep,0.7,0.666666666667,0.222222222222,0.333333333333,2,1,7,17,0.222222222222,0.944444444444,0.0555555555556,0.777777777778,0.666666666667,0.222222222222,0.333333333333,0.703703703704,0.62962962963,0.2,0.25,0.166666666667,94,85,9,0,94,0,85,0,9,23,88,0.173913043478,1.68507579377,7.65217391304,7.33333333333,5.5,3.63829000359,0.475458352741,0.249505928854,5.32278271304,1.39118184545,0.672924901186,3.27042079462,0.854769071322,0.442687747036,0.749191304359,0.444603920564,2.5,1.68507579377,0.749191304359,2.5,0.259446613992,0.18878248974,46,0.025974025974,0.333144633145,23,23,23,1,0,0.478260869565,0.217391304348,0.304347826087,23,0.156126482213,1.6902722881,6.86956521739,6.58333333333,4.9375,3.22355461375,0.469251620989,0.255916345625,4.69841450004,1.36789282913,0.664832140892,2.92055547264,0.850288302161,0.453494771602,0.752800287119,0.445372199745,2.5,1.6902722881,0.752800287119,2.5,0.249370326643,0.181660899654,35,0.0197628458498,0.27680257453,23,23,23,1,0,0.478260869565,0.217391304348,0.304347826087,23,82,0.162055335968,1.69327435849,7.13043478261,6.83333333333,4.82352941176,3.44178003399,0.482688663303,0.25821845175,4.943554913,1.38660686584,0.673382820785,2.9360778872,0.823534041531,0.432661717922,0.753894142867,0.445228582767,2.5,1.69327435849,0.753894142867,2.5,0.29854034854,0.227488151659,48,0.0271033314512,0.280116684662,23,23,23,1,0,0.478260869565,0.260869565217,0.260869565217,-6,-0.0118577075099,0.0081985647203,-0.521739130435,-0.5,-0.676470588235,-0.196509969597,0.00723031056204,0.00871252289598,-0.379227800042,-0.00457497961259,0.000457919598959,-0.334342907428,-0.0312350297916,-0.010026029114,0.00470283850848,0.000624662202865,0,0.0081985647203,0.00470283850848,0,0.0390937345483,0.0387056619187,2,0.00112930547713,-0.0530279484825,0,0.0434782608696,-0.0434782608696,81,1,7,417,0.920454545455,0.997607655502,0.00239234449761,0.0795454545455,0.987804878049,0.920454545455,0.952941176471,0.944303782253,0.918062200957,0.910112359551,3,9,0,10,7,10
1088,WLNM_dir_neg_kfold,0.848765432099,0.535897435897,00:00:01,10,90,1,19346,threshold_sweep,0.8,0.666666666667,0.222222222222,0.333333333333,2,1,7,17,0.222222222222,0.944444444444,0.0555555555556,0.777777777778,0.666666666667,0.222222222222,0.333333333333,0.703703703704,0.62962962963,0.2,0.25,0.166666666667,94,85,9,0,94,0,85,0,9,23,88,0.173913043478,1.68507579377,7.65217391304,7.33333333333,5.5,3.63829000359,0.475458352741,0.249505928854,5.32278271304,1.39118184545,0.672924901186,3.27042079462,0.854769071322,0.442687747036,0.749191304359,0.444603920564,2.5,1.68507579377,0.749191304359,2.5,0.259446613992,0.18878248974,46,0.025974025974,0.333144633145,23,23,23,1,0,0.478260869565,0.217391304348,0.304347826087,23,0.156126482213,1.6902722881,6.86956521739,6.58333333333,4.9375,3.22355461375,0.469251620989,0.255916345625,4.69841450004,1.36789282913,0.664832140892,2.92055547264,0.850288302161,0.453494771602,0.752800287119,0.445372199745,2.5,1.6902722881,0.752800287119,2.5,0.249370326643,0.181660899654,35,0.0197628458498,0.27680257453,23,23,23,1,0,0.478260869565,0.217391304348,0.304347826087,23,82,0.162055335968,1.69327435849,7.13043478261,6.83333333333,4.82352941176,3.44178003399,0.482688663303,0.25821845175,4.943554913,1.38660686584,0.673382820785,2.9360778872,0.823534041531,0.432661717922,0.753894142867,0.445228582767,2.5,1.69327435849,0.753894142867,2.5,0.29854034854,0.227488151659,48,0.0271033314512,0.280116684662,23,23,23,1,0,0.478260869565,0.260869565217,0.260869565217,-6,-0.0118577075099,0.0081985647203,-0.521739130435,-0.5,-0.676470588235,-0.196509969597,0.00723031056204,0.00871252289598,-0.379227800042,-0.00457497961259,0.000457919598959,-0.334342907428,-0.0312350297916,-0.010026029114,0.00470283850848,0.000624662202865,0,0.0081985647203,0.00470283850848,0,0.0390937345483,0.0387056619187,2,0.00112930547713,-0.0530279484825,0,0.0434782608696,-0.0434782608696,81,1,7,417,0.920454545455,0.997607655502,0.00239234449761,0.0795454545455,0.987804878049,0.920454545455,0.952941176471,0.944303782253,0.918062200957,0.910112359551,3,9,0,10,7,10
1089,WLNM_dir_neg_kfold,0.848765432099,0.535897435897,00:00:01,10,90,1,19346,threshold_sweep,0.9,0.666666666667,0.222222222222,0.333333333333,2,1,7,17,0.222222222222,0.944444444444,0.0555555555556,0.777777777778,0.666666666667,0.222222222222,0.333333333333,0.703703703704,0.62962962963,0.2,0.25,0.166666666667,94,85,9,0,94,0,85,0,9,23,88,0.173913043478,1.68507579377,7.65217391304,7.33333333333,5.5,3.63829000359,0.475458352741,0.249505928854,5.32278271304,1.39118184545,0.672924901186,3.27042079462,0.854769071322,0.442687747036,0.749191304359,0.444603920564,2.5,1.68507579377,0.749191304359,2.5,0.259446613992,0.18878248974,46,0.025974025974,0.333144633145,23,23,23,1,0,0.478260869565,0.217391304348,0.304347826087,23,0.156126482213,1.6902722881,6.86956521739,6.58333333333,4.9375,3.22355461375,0.469251620989,0.255916345625,4.69841450004,1.36789282913,0.664832140892,2.92055547264,0.850288302161,0.453494771602,0.752800287119,0.445372199745,2.5,1.6902722881,0.752800287119,2.5,0.249370326643,0.181660899654,35,0.0197628458498,0.27680257453,23,23,23,1,0,0.478260869565,0.217391304348,0.304347826087,23,82,0.162055335968,1.69327435849,7.13043478261,6.83333333333,4.82352941176,3.44178003399,0.482688663303,0.25821845175,4.943554913,1.38660686584,0.673382820785,2.9360778872,0.823534041531,0.432661717922,0.753894142867,0.445228582767,2.5,1.69327435849,0.753894142867,2.5,0.29854034854,0.227488151659,48,0.0271033314512,0.280116684662,23,23,23,1,0,0.478260869565,0.260869565217,0.260869565217,-6,-0.0118577075099,0.0081985647203,-0.521739130435,-0.5,-0.676470588235,-0.196509969597,0.00723031056204,0.00871252289598,-0.379227800042,-0.00457497961259,0.000457919598959,-0.334342907428,-0.0312350297916,-0.010026029114,0.00470283850848,0.000624662202865,0,0.0081985647203,0.00470283850848,0,0.0390937345483,0.0387056619187,2,0.00112930547713,-0.0530279484825,0,0.0434782608696,-0.0434782608696,81,1,7,417,0.920454545455,0.997607655502,0.00239234449761,0.0795454545455,0.987804878049,0.920454545455,0.952941176471,0.944303782253,0.918062200957,0.910112359551,3,9,0,10,7,10
1090,WLNM_dir_neg_kfold,0.734567901235,0.394675925926,00:00:01,10,90,2,19347,threshold_sweep,0.1,0.5,0.222222222222,0.307692307692,2,2,7,16,0.222222222222,0.888888888889,0.111111111111,0.777777777778,0.5,0.222222222222,0.307692307692,0.666666666667,0.617283950617,0.129032258065,0.147441956155,0.111111111111,94,85,9,0,94,0,85,0,9,23,88,0.173913043478,1.68507579377,7.65217391304,7.33333333333,5.5,3.63829000359,0.475458352741,0.249505928854,5.32278271304,1.39118184545,0.672924901186,3.27042079462,0.854769071322,0.442687747036,0.749191304359,0.444603920564,2.5,1.68507579377,0.749191304359,2.5,0.259446613992,0.18878248974,46,0.025974025974,0.333144633145,23,23,23,1,0,0.478260869565,0.217391304348,0.304347826087,23,0.156126482213,1.6902722881,6.86956521739,6.58333333333,4.9375,3.22355461375,0.469251620989,0.255916345625,4.69841450004,1.36789282913,0.664832140892,2.92055547264,0.850288302161,0.453494771602,0.752800287119,0.445372199745,2.5,1.6902722881,0.752800287119,2.5,0.249370326643,0.181660899654,35,0.0197628458498,0.27680257453,23,23,23,1,0,0.478260869565,0.217391304348,0.304347826087,23,83,0.164031620553,1,7.21739130435,6.38461538462,4.88235294118,3.45038234692,0.478065023971,0.258250392876,4.92432856923,1.36457297701,0.665269774751,2.98083469754,0.826014434259,0.435830277632,0,0,0,NaN,NaN,NaN,0.291568027932,0.222397476341,47,0.0265386787126,0.267298122106,23,23,0,1,2,0.434782608696,0.304347826087,0.260869565217,-5,-0.0098814229249,-0.685075793771,-0.434782608696,-0.948717948718,-0.617647058824,-0.187907656669,0.0026066712291,0.0087444640221,-0.398454143816,-0.0266088684398,-0.00765512643459,-0.289586097082,-0.0287546370637,-0.00685746940331,-0.749191304359,-0.444603920564,-2.5,NaN,NaN,NaN,0.0321214139396,0.0336149866006,1,0.000564652738566,-0.0658465110388,-0.0434782608696,0.0869565217391,-0.0434782608696,81,2,7,416,0.920454545455,0.995215311005,0.00478468899522,0.0795454545455,0.975903614458,0.920454545455,0.947368421053,0.937258018638,0.915669856459,0.9,4,9,0,10,7,10
1091,WLNM_dir_neg_kfold,0.734567901235,0.394675925926,00:00:01,10,90,2,19347,threshold_sweep,0.2,0.5,0.222222222222,0.307692307692,2,2,7,16,0.222222222222,0.888888888889,0.111111111111,0.777777777778,0.5,0.222222222222,0.307692307692,0.666666666667,0.617283950617,0.129032258065,0.147441956155,0.111111111111,94,85,9,0,94,0,85,0,9,23,88,0.173913043478,1.68507579377,7.65217391304,7.33333333333,5.5,3.63829000359,0.475458352741,0.249505928854,5.32278271304,1.39118184545,0.672924901186,3.27042079462,0.854769071322,0.442687747036,0.749191304359,0.444603920564,2.5,1.68507579377,0.749191304359,2.5,0.259446613992,0.18878248974,46,0.025974025974,0.333144633145,23,23,23,1,0,0.478260869565,0.217391304348,0.304347826087,23,0.156126482213,1.6902722881,6.86956521739,6.58333333333,4.9375,3.22355461375,0.469251620989,0.255916345625,4.69841450004,1.36789282913,0.664832140892,2.92055547264,0.850288302161,0.453494771602,0.752800287119,0.445372199745,2.5,1.6902722881,0.752800287119,2.5,0.249370326643,0.181660899654,35,0.0197628458498,0.27680257453,23,23,23,1,0,0.478260869565,0.217391304348,0.304347826087,23,83,0.164031620553,1,7.21739130435,6.38461538462,4.88235294118,3.45038234692,0.478065023971,0.258250392876,4.92432856923,1.36457297701,0.665269774751,2.98083469754,0.826014434259,0.435830277632,0,0,0,NaN,NaN,NaN,0.291568027932,0.222397476341,47,0.0265386787126,0.267298122106,23,23,0,1,2,0.434782608696,0.304347826087,0.260869565217,-5,-0.0098814229249,-0.685075793771,-0.434782608696,-0.948717948718,-0.617647058824,-0.187907656669,0.0026066712291,0.0087444640221,-0.398454143816,-0.0266088684398,-0.00765512643459,-0.289586097082,-0.0287546370637,-0.00685746940331,-0.749191304359,-0.444603920564,-2.5,NaN,NaN,NaN,0.0321214139396,0.0336149866006,1,0.000564652738566,-0.0658465110388,-0.0434782608696,0.0869565217391,-0.0434782608696,81,2,7,416,0.920454545455,0.995215311005,0.00478468899522,0.0795454545455,0.975903614458,0.920454545455,0.947368421053,0.937258018638,0.915669856459,0.9,4,9,0,10,7,10
1092,WLNM_dir_neg_kfold,0.734567901235,0.394675925926,00:00:01,10,90,2,19347,threshold_sweep,0.3,0.5,0.222222222222,0.307692307692,2,2,7,16,0.222222222222,0.888888888889,0.111111111111,0.777777777778,0.5,0.222222222222,0.307692307692,0.666666666667,0.617283950617,0.129032258065,0.147441956155,0.111111111111,94,85,9,0,94,0,85,0,9,23,88,0.173913043478,1.68507579377,7.65217391304,7.33333333333,5.5,3.63829000359,0.475458352741,0.249505928854,5.32278271304,1.39118184545,0.672924901186,3.27042079462,0.854769071322,0.442687747036,0.749191304359,0.444603920564,2.5,1.68507579377,0.749191304359,2.5,0.259446613992,0.18878248974,46,0.025974025974,0.333144633145,23,23,23,1,0,0.478260869565,0.217391304348,0.304347826087,23,0.156126482213,1.6902722881,6.86956521739,6.58333333333,4.9375,3.22355461375,0.469251620989,0.255916345625,4.69841450004,1.36789282913,0.664832140892,2.92055547264,0.850288302161,0.453494771602,0.752800287119,0.445372199745,2.5,1.6902722881,0.752800287119,2.5,0.249370326643,0.181660899654,35,0.0197628458498,0.27680257453,23,23,23,1,0,0.478260869565,0.217391304348,0.304347826087,23,83,0.164031620553,1,7.21739130435,6.38461538462,4.88235294118,3.45038234692,0.478065023971,0.258250392876,4.92432856923,1.36457297701,0.665269774751,2.98083469754,0.826014434259,0.435830277632,0,0,0,NaN,NaN,NaN,0.291568027932,0.222397476341,47,0.0265386787126,0.267298122106,23,23,0,1,2,0.434782608696,0.304347826087,0.260869565217,-5,-0.0098814229249,-0.685075793771,-0.434782608696,-0.948717948718,-0.617647058824,-0.187907656669,0.0026066712291,0.0087444640221,-0.398454143816,-0.0266088684398,-0.00765512643459,-0.289586097082,-0.0287546370637,-0.00685746940331,-0.749191304359,-0.444603920564,-2.5,NaN,NaN,NaN,0.0321214139396,0.0336149866006,1,0.000564652738566,-0.0658465110388,-0.0434782608696,0.0869565217391,-0.0434782608696,81,2,7,416,0.920454545455,0.995215311005,0.00478468899522,0.0795454545455,0.975903614458,0.920454545455,0.947368421053,0.937258018638,0.915669856459,0.9,4,9,0,10,7,10
1093,WLNM_dir_neg_kfold,0.734567901235,0.394675925926,00:00:01,10,90,2,19347,threshold_sweep,0.4,0.5,0.222222222222,0.307692307692,2,2,7,16,0.222222222222,0.888888888889,0.111111111111,0.777777777778,0.5,0.222222222222,0.307692307692,0.666666666667,0.617283950617,0.129032258065,0.147441956155,0.111111111111,94,85,9,0,94,0,85,0,9,23,88,0.173913043478,1.68507579377,7.65217391304,7.33333333333,5.5,3.63829000359,0.475458352741,0.249505928854,5.32278271304,1.39118184545,0.672924901186,3.27042079462,0.854769071322,0.442687747036,0.749191304359,0.444603920564,2.5,1.68507579377,0.749191304359,2.5,0.259446613992,0.18878248974,46,0.025974025974,0.333144633145,23,23,23,1,0,0.478260869565,0.217391304348,0.304347826087,23,0.156126482213,1.6902722881,6.86956521739,6.58333333333,4.9375,3.22355461375,0.469251620989,0.255916345625,4.69841450004,1.36789282913,0.664832140892,2.92055547264,0.850288302161,0.453494771602,0.752800287119,0.445372199745,2.5,1.6902722881,0.752800287119,2.5,0.249370326643,0.181660899654,35,0.0197628458498,0.27680257453,23,23,23,1,0,0.478260869565,0.217391304348,0.304347826087,23,83,0.164031620553,1,7.21739130435,6.38461538462,4.88235294118,3.45038234692,0.478065023971,0.258250392876,4.92432856923,1.36457297701,0.665269774751,2.98083469754,0.826014434259,0.435830277632,0,0,0,NaN,NaN,NaN,0.291568027932,0.222397476341,47,0.0265386787126,0.267298122106,23,23,0,1,2,0.434782608696,0.304347826087,0.260869565217,-5,-0.0098814229249,-0.685075793771,-0.434782608696,-0.948717948718,-0.617647058824,-0.187907656669,0.0026066712291,0.0087444640221,-0.398454143816,-0.0266088684398,-0.00765512643459,-0.289586097082,-0.0287546370637,-0.00685746940331,-0.749191304359,-0.444603920564,-2.5,NaN,NaN,NaN,0.0321214139396,0.0336149866006,1,0.000564652738566,-0.0658465110388,-0.0434782608696,0.0869565217391,-0.0434782608696,81,2,7,416,0.920454545455,0.995215311005,0.00478468899522,0.0795454545455,0.975903614458,0.920454545455,0.947368421053,0.937258018638,0.915669856459,0.9,4,9,0,10,7,10
1094,WLNM_dir_neg_kfold,0.734567901235,0.394675925926,00:00:01,10,90,2,19347,threshold_sweep,0.5,0.5,0.222222222222,0.307692307692,2,2,7,16,0.222222222222,0.888888888889,0.111111111111,0.777777777778,0.5,0.222222222222,0.307692307692,0.666666666667,0.617283950617,0.129032258065,0.147441956155,0.111111111111,94,85,9,0,94,0,85,0,9,23,88,0.173913043478,1.68507579377,7.65217391304,7.33333333333,5.5,3.63829000359,0.475458352741,0.249505928854,5.32278271304,1.39118184545,0.672924901186,3.27042079462,0.854769071322,0.442687747036,0.749191304359,0.444603920564,2.5,1.68507579377,0.749191304359,2.5,0.259446613992,0.18878248974,46,0.025974025974,0.333144633145,23,23,23,1,0,0.478260869565,0.217391304348,0.304347826087,23,0.156126482213,1.6902722881,6.86956521739,6.58333333333,4.9375,3.22355461375,0.469251620989,0.255916345625,4.69841450004,1.36789282913,0.664832140892,2.92055547264,0.850288302161,0.453494771602,0.752800287119,0.445372199745,2.5,1.6902722881,0.752800287119,2.5,0.249370326643,0.181660899654,35,0.0197628458498,0.27680257453,23,23,23,1,0,0.478260869565,0.217391304348,0.304347826087,23,83,0.164031620553,1,7.21739130435,6.38461538462,4.88235294118,3.45038234692,0.478065023971,0.258250392876,4.92432856923,1.36457297701,0.665269774751,2.98083469754,0.826014434259,0.435830277632,0,0,0,NaN,NaN,NaN,0.291568027932,0.222397476341,47,0.0265386787126,0.267298122106,23,23,0,1,2,0.434782608696,0.304347826087,0.260869565217,-5,-0.0098814229249,-0.685075793771,-0.434782608696,-0.948717948718,-0.617647058824,-0.187907656669,0.0026066712291,0.0087444640221,-0.398454143816,-0.0266088684398,-0.00765512643459,-0.289586097082,-0.0287546370637,-0.00685746940331,-0.749191304359,-0.444603920564,-2.5,NaN,NaN,NaN,0.0321214139396,0.0336149866006,1,0.000564652738566,-0.0658465110388,-0.0434782608696,0.0869565217391,-0.0434782608696,81,2,7,416,0.920454545455,0.995215311005,0.00478468899522,0.0795454545455,0.975903614458,0.920454545455,0.947368421053,0.937258018638,0.915669856459,0.9,4,9,0,10,7,10
1095,WLNM_dir_neg_kfold,0.734567901235,0.394675925926,00:00:01,10,90,2,19347,threshold_sweep,0.6,0.5,0.222222222222,0.307692307692,2,2,7,16,0.222222222222,0.888888888889,0.111111111111,0.777777777778,0.5,0.222222222222,0.307692307692,0.666666666667,0.617283950617,0.129032258065,0.147441956155,0.111111111111,94,85,9,0,94,0,85,0,9,23,88,0.173913043478,1.68507579377,7.65217391304,7.33333333333,5.5,3.63829000359,0.475458352741,0.249505928854,5.32278271304,1.39118184545,0.672924901186,3.27042079462,0.854769071322,0.442687747036,0.749191304359,0.444603920564,2.5,1.68507579377,0.749191304359,2.5,0.259446613992,0.18878248974,46,0.025974025974,0.333144633145,23,23,23,1,0,0.478260869565,0.217391304348,0.304347826087,23,0.156126482213,1.6902722881,6.86956521739,6.58333333333,4.9375,3.22355461375,0.469251620989,0.255916345625,4.69841450004,1.36789282913,0.664832140892,2.92055547264,0.850288302161,0.453494771602,0.752800287119,0.445372199745,2.5,1.6902722881,0.752800287119,2.5,0.249370326643,0.181660899654,35,0.0197628458498,0.27680257453,23,23,23,1,0,0.478260869565,0.217391304348,0.304347826087,23,83,0.164031620553,1,7.21739130435,6.38461538462,4.88235294118,3.45038234692,0.478065023971,0.258250392876,4.92432856923,1.36457297701,0.665269774751,2.98083469754,0.826014434259,0.435830277632,0,0,0,NaN,NaN,NaN,0.291568027932,0.222397476341,47,0.0265386787126,0.267298122106,23,23,0,1,2,0.434782608696,0.304347826087,0.260869565217,-5,-0.0098814229249,-0.685075793771,-0.434782608696,-0.948717948718,-0.617647058824,-0.187907656669,0.0026066712291,0.0087444640221,-0.398454143816,-0.0266088684398,-0.00765512643459,-0.289586097082,-0.0287546370637,-0.00685746940331,-0.749191304359,-0.444603920564,-2.5,NaN,NaN,NaN,0.0321214139396,0.0336149866006,1,0.000564652738566,-0.0658465110388,-0.0434782608696,0.0869565217391,-0.0434782608696,81,2,7,416,0.920454545455,0.995215311005,0.00478468899522,0.0795454545455,0.975903614458,0.920454545455,0.947368421053,0.937258018638,0.915669856459,0.9,4,9,0,10,7,10
1096,WLNM_dir_neg_kfold,0.734567901235,0.394675925926,00:00:01,10,90,2,19347,threshold_sweep,0.7,0.5,0.222222222222,0.307692307692,2,2,7,16,0.222222222222,0.888888888889,0.111111111111,0.777777777778,0.5,0.222222222222,0.307692307692,0.666666666667,0.617283950617,0.129032258065,0.147441956155,0.111111111111,94,85,9,0,94,0,85,0,9,23,88,0.173913043478,1.68507579377,7.65217391304,7.33333333333,5.5,3.63829000359,0.475458352741,0.249505928854,5.32278271304,1.39118184545,0.672924901186,3.27042079462,0.854769071322,0.442687747036,0.749191304359,0.444603920564,2.5,1.68507579377,0.749191304359,2.5,0.259446613992,0.18878248974,46,0.025974025974,0.333144633145,23,23,23,1,0,0.478260869565,0.217391304348,0.304347826087,23,0.156126482213,1.6902722881,6.86956521739,6.58333333333,4.9375,3.22355461375,0.469251620989,0.255916345625,4.69841450004,1.36789282913,0.664832140892,2.92055547264,0.850288302161,0.453494771602,0.752800287119,0.445372199745,2.5,1.6902722881,0.752800287119,2.5,0.249370326643,0.181660899654,35,0.0197628458498,0.27680257453,23,23,23,1,0,0.478260869565,0.217391304348,0.304347826087,23,83,0.164031620553,1,7.21739130435,6.38461538462,4.88235294118,3.45038234692,0.478065023971,0.258250392876,4.92432856923,1.36457297701,0.665269774751,2.98083469754,0.826014434259,0.435830277632,0,0,0,NaN,NaN,NaN,0.291568027932,0.222397476341,47,0.0265386787126,0.267298122106,23,23,0,1,2,0.434782608696,0.304347826087,0.260869565217,-5,-0.0098814229249,-0.685075793771,-0.434782608696,-0.948717948718,-0.617647058824,-0.187907656669,0.0026066712291,0.0087444640221,-0.398454143816,-0.0266088684398,-0.00765512643459,-0.289586097082,-0.0287546370637,-0.00685746940331,-0.749191304359,-0.444603920564,-2.5,NaN,NaN,NaN,0.0321214139396,0.0336149866006,1,0.000564652738566,-0.0658465110388,-0.0434782608696,0.0869565217391,-0.0434782608696,81,2,7,416,0.920454545455,0.995215311005,0.00478468899522,0.0795454545455,0.975903614458,0.920454545455,0.947368421053,0.937258018638,0.915669856459,0.9,4,9,0,10,7,10
1097,WLNM_dir_neg_kfold,0.734567901235,0.394675925926,00:00:01,10,90,2,19347,threshold_sweep,0.8,0.5,0.222222222222,0.307692307692,2,2,7,16,0.222222222222,0.888888888889,0.111111111111,0.777777777778,0.5,0.222222222222,0.307692307692,0.666666666667,0.617283950617,0.129032258065,0.147441956155,0.111111111111,94,85,9,0,94,0,85,0,9,23,88,0.173913043478,1.68507579377,7.65217391304,7.33333333333,5.5,3.63829000359,0.475458352741,0.249505928854,5.32278271304,1.39118184545,0.672924901186,3.27042079462,0.854769071322,0.442687747036,0.749191304359,0.444603920564,2.5,1.68507579377,0.749191304359,2.5,0.259446613992,0.18878248974,46,0.025974025974,0.333144633145,23,23,23,1,0,0.478260869565,0.217391304348,0.304347826087,23,0.156126482213,1.6902722881,6.86956521739,6.58333333333,4.9375,3.22355461375,0.469251620989,0.255916345625,4.69841450004,1.36789282913,0.664832140892,2.92055547264,0.850288302161,0.453494771602,0.752800287119,0.445372199745,2.5,1.6902722881,0.752800287119,2.5,0.249370326643,0.181660899654,35,0.0197628458498,0.27680257453,23,23,23,1,0,0.478260869565,0.217391304348,0.304347826087,23,83,0.164031620553,1,7.21739130435,6.38461538462,4.88235294118,3.45038234692,0.478065023971,0.258250392876,4.92432856923,1.36457297701,0.665269774751,2.98083469754,0.826014434259,0.435830277632,0,0,0,NaN,NaN,NaN,0.291568027932,0.222397476341,47,0.0265386787126,0.267298122106,23,23,0,1,2,0.434782608696,0.304347826087,0.260869565217,-5,-0.0098814229249,-0.685075793771,-0.434782608696,-0.948717948718,-0.617647058824,-0.187907656669,0.0026066712291,0.0087444640221,-0.398454143816,-0.0266088684398,-0.00765512643459,-0.289586097082,-0.0287546370637,-0.00685746940331,-0.749191304359,-0.444603920564,-2.5,NaN,NaN,NaN,0.0321214139396,0.0336149866006,1,0.000564652738566,-0.0658465110388,-0.0434782608696,0.0869565217391,-0.0434782608696,81,2,7,416,0.920454545455,0.995215311005,0.00478468899522,0.0795454545455,0.975903614458,0.920454545455,0.947368421053,0.937258018638,0.915669856459,0.9,4,9,0,10,7,10
1098,WLNM_dir_neg_kfold,0.734567901235,0.394675925926,00:00:01,10,90,2,19347,threshold_sweep,0.9,0.5,0.222222222222,0.307692307692,2,2,7,16,0.222222222222,0.888888888889,0.111111111111,0.777777777778,0.5,0.222222222222,0.307692307692,0.666666666667,0.617283950617,0.129032258065,0.147441956155,0.111111111111,94,85,9,0,94,0,85,0,9,23,88,0.173913043478,1.68507579377,7.65217391304,7.33333333333,5.5,3.63829000359,0.475458352741,0.249505928854,5.32278271304,1.39118184545,0.672924901186,3.27042079462,0.854769071322,0.442687747036,0.749191304359,0.444603920564,2.5,1.68507579377,0.749191304359,2.5,0.259446613992,0.18878248974,46,0.025974025974,0.333144633145,23,23,23,1,0,0.478260869565,0.217391304348,0.304347826087,23,0.156126482213,1.6902722881,6.86956521739,6.58333333333,4.9375,3.22355461375,0.469251620989,0.255916345625,4.69841450004,1.36789282913,0.664832140892,2.92055547264,0.850288302161,0.453494771602,0.752800287119,0.445372199745,2.5,1.6902722881,0.752800287119,2.5,0.249370326643,0.181660899654,35,0.0197628458498,0.27680257453,23,23,23,1,0,0.478260869565,0.217391304348,0.304347826087,23,83,0.164031620553,1,7.21739130435,6.38461538462,4.88235294118,3.45038234692,0.478065023971,0.258250392876,4.92432856923,1.36457297701,0.665269774751,2.98083469754,0.826014434259,0.435830277632,0,0,0,NaN,NaN,NaN,0.291568027932,0.222397476341,47,0.0265386787126,0.267298122106,23,23,0,1,2,0.434782608696,0.304347826087,0.260869565217,-5,-0.0098814229249,-0.685075793771,-0.434782608696,-0.948717948718,-0.617647058824,-0.187907656669,0.0026066712291,0.0087444640221,-0.398454143816,-0.0266088684398,-0.00765512643459,-0.289586097082,-0.0287546370637,-0.00685746940331,-0.749191304359,-0.444603920564,-2.5,NaN,NaN,NaN,0.0321214139396,0.0336149866006,1,0.000564652738566,-0.0658465110388,-0.0434782608696,0.0869565217391,-0.0434782608696,81,2,7,416,0.920454545455,0.995215311005,0.00478468899522,0.0795454545455,0.975903614458,0.920454545455,0.947368421053,0.937258018638,0.915669856459,0.9,4,9,0,10,7,10
1099,WLNM_dir_neg_kfold,0.978395061728,0.85,00:00:01,10,90,3,19348,threshold_sweep,0.1,1,0.222222222222,0.363636363636,2,0,7,18,0.222222222222,1,0,0.777777777778,1,0.222222222222,0.363636363636,0.740740740741,0.641975308642,0.275862068966,0.4,0.222222222222,94,85,9,0,94,0,85,0,9,23,88,0.173913043478,1.68507579377,7.65217391304,7.33333333333,5.5,3.63829000359,0.475458352741,0.249505928854,5.32278271304,1.39118184545,0.672924901186,3.27042079462,0.854769071322,0.442687747036,0.749191304359,0.444603920564,2.5,1.68507579377,0.749191304359,2.5,0.259446613992,0.18878248974,46,0.025974025974,0.333144633145,23,23,23,1,0,0.478260869565,0.217391304348,0.304347826087,23,0.156126482213,1.6902722881,6.86956521739,6.58333333333,4.9375,3.22355461375,0.469251620989,0.255916345625,4.69841450004,1.36789282913,0.664832140892,2.92055547264,0.850288302161,0.453494771602,0.752800287119,0.445372199745,2.5,1.6902722881,0.752800287119,2.5,0.249370326643,0.181660899654,35,0.0197628458498,0.27680257453,23,23,23,1,0,0.478260869565,0.217391304348,0.304347826087,23,81,0.160079051383,1.688568919,7.04347826087,6.75,5.0625,3.35041735351,0.475676537844,0.254428341385,4.87917248216,1.38544403814,0.672034353194,2.98282302552,0.846974439346,0.443370907139,0.751462004267,0.445028921124,2.5,1.688568919,0.751462004267,2.5,0.26468228741,0.195758564437,40,0.0225861095426,0.285521633249,23,23,23,1,0,0.478260869565,0.217391304348,0.304347826087,-7,-0.0138339920949,0.00349312523226,-0.608695652174,-0.583333333333,-0.4375,-0.287872650078,0.000218185102312,0.00492241253111,-0.443610230883,-0.00573780731027,-0.000890547991997,-0.287597769103,-0.00779463197674,0.00068316010345,0.00227069990833,0.000425000559329,0,0.00349312523226,0.00227069990833,0,0.00523567341749,0.00697607469711,-6,-0.00338791643139,-0.0476229998957,0,0,0,81,0,7,418,0.920454545455,1,0,0.0795454545455,1,0.920454545455,0.958579881657,0.951469451768,0.920454545455,0.920454545455,2,9,0,10,7,10
1100,WLNM_dir_neg_kfold,0.978395061728,0.85,00:00:01,10,90,3,19348,threshold_sweep,0.2,1,0.222222222222,0.363636363636,2,0,7,18,0.222222222222,1,0,0.777777777778,1,0.222222222222,0.363636363636,0.740740740741,0.641975308642,0.275862068966,0.4,0.222222222222,94,85,9,0,94,0,85,0,9,23,88,0.173913043478,1.68507579377,7.65217391304,7.33333333333,5.5,3.63829000359,0.475458352741,0.249505928854,5.32278271304,1.39118184545,0.672924901186,3.27042079462,0.854769071322,0.442687747036,0.749191304359,0.444603920564,2.5,1.68507579377,0.749191304359,2.5,0.259446613992,0.18878248974,46,0.025974025974,0.333144633145,23,23,23,1,0,0.478260869565,0.217391304348,0.304347826087,23,0.156126482213,1.6902722881,6.86956521739,6.58333333333,4.9375,3.22355461375,0.469251620989,0.255916345625,4.69841450004,1.36789282913,0.664832140892,2.92055547264,0.850288302161,0.453494771602,0.752800287119,0.445372199745,2.5,1.6902722881,0.752800287119,2.5,0.249370326643,0.181660899654,35,0.0197628458498,0.27680257453,23,23,23,1,0,0.478260869565,0.217391304348,0.304347826087,23,81,0.160079051383,1.688568919,7.04347826087,6.75,5.0625,3.35041735351,0.475676537844,0.254428341385,4.87917248216,1.38544403814,0.672034353194,2.98282302552,0.846974439346,0.443370907139,0.751462004267,0.445028921124,2.5,1.688568919,0.751462004267,2.5,0.26468228741,0.195758564437,40,0.0225861095426,0.285521633249,23,23,23,1,0,0.478260869565,0.217391304348,0.304347826087,-7,-0.0138339920949,0.00349312523226,-0.608695652174,-0.583333333333,-0.4375,-0.287872650078,0.000218185102312,0.00492241253111,-0.443610230883,-0.00573780731027,-0.000890547991997,-0.287597769103,-0.00779463197674,0.00068316010345,0.00227069990833,0.000425000559329,0,0.00349312523226,0.00227069990833,0,0.00523567341749,0.00697607469711,-6,-0.00338791643139,-0.0476229998957,0,0,0,81,0,7,418,0.920454545455,1,0,0.0795454545455,1,0.920454545455,0.958579881657,0.951469451768,0.920454545455,0.920454545455,2,9,0,10,7,10
1101,WLNM_dir_neg_kfold,0.978395061728,0.85,00:00:01,10,90,3,19348,threshold_sweep,0.3,1,0.222222222222,0.363636363636,2,0,7,18,0.222222222222,1,0,0.777777777778,1,0.222222222222,0.363636363636,0.740740740741,0.641975308642,0.275862068966,0.4,0.222222222222,94,85,9,0,94,0,85,0,9,23,88,0.173913043478,1.68507579377,7.65217391304,7.33333333333,5.5,3.63829000359,0.475458352741,0.249505928854,5.32278271304,1.39118184545,0.672924901186,3.27042079462,0.854769071322,0.442687747036,0.749191304359,0.444603920564,2.5,1.68507579377,0.749191304359,2.5,0.259446613992,0.18878248974,46,0.025974025974,0.333144633145,23,23,23,1,0,0.478260869565,0.217391304348,0.304347826087,23,0.156126482213,1.6902722881,6.86956521739,6.58333333333,4.9375,3.22355461375,0.469251620989,0.255916345625,4.69841450004,1.36789282913,0.664832140892,2.92055547264,0.850288302161,0.453494771602,0.752800287119,0.445372199745,2.5,1.6902722881,0.752800287119,2.5,0.249370326643,0.181660899654,35,0.0197628458498,0.27680257453,23,23,23,1,0,0.478260869565,0.217391304348,0.304347826087,23,81,0.160079051383,1.688568919,7.04347826087,6.75,5.0625,3.35041735351,0.475676537844,0.254428341385,4.87917248216,1.38544403814,0.672034353194,2.98282302552,0.846974439346,0.443370907139,0.751462004267,0.445028921124,2.5,1.688568919,0.751462004267,2.5,0.26468228741,0.195758564437,40,0.0225861095426,0.285521633249,23,23,23,1,0,0.478260869565,0.217391304348,0.304347826087,-7,-0.0138339920949,0.00349312523226,-0.608695652174,-0.583333333333,-0.4375,-0.287872650078,0.000218185102312,0.00492241253111,-0.443610230883,-0.00573780731027,-0.000890547991997,-0.287597769103,-0.00779463197674,0.00068316010345,0.00227069990833,0.000425000559329,0,0.00349312523226,0.00227069990833,0,0.00523567341749,0.00697607469711,-6,-0.00338791643139,-0.0476229998957,0,0,0,81,0,7,418,0.920454545455,1,0,0.0795454545455,1,0.920454545455,0.958579881657,0.951469451768,0.920454545455,0.920454545455,2,9,0,10,7,10
1102,WLNM_dir_neg_kfold,0.978395061728,0.85,00:00:01,10,90,3,19348,threshold_sweep,0.4,1,0.222222222222,0.363636363636,2,0,7,18,0.222222222222,1,0,0.777777777778,1,0.222222222222,0.363636363636,0.740740740741,0.641975308642,0.275862068966,0.4,0.222222222222,94,85,9,0,94,0,85,0,9,23,88,0.173913043478,1.68507579377,7.65217391304,7.33333333333,5.5,3.63829000359,0.475458352741,0.249505928854,5.32278271304,1.39118184545,0.672924901186,3.27042079462,0.854769071322,0.442687747036,0.749191304359,0.444603920564,2.5,1.68507579377,0.749191304359,2.5,0.259446613992,0.18878248974,46,0.025974025974,0.333144633145,23,23,23,1,0,0.478260869565,0.217391304348,0.304347826087,23,0.156126482213,1.6902722881,6.86956521739,6.58333333333,4.9375,3.22355461375,0.469251620989,0.255916345625,4.69841450004,1.36789282913,0.664832140892,2.92055547264,0.850288302161,0.453494771602,0.752800287119,0.445372199745,2.5,1.6902722881,0.752800287119,2.5,0.249370326643,0.181660899654,35,0.0197628458498,0.27680257453,23,23,23,1,0,0.478260869565,0.217391304348,0.304347826087,23,81,0.160079051383,1.688568919,7.04347826087,6.75,5.0625,3.35041735351,0.475676537844,0.254428341385,4.87917248216,1.38544403814,0.672034353194,2.98282302552,0.846974439346,0.443370907139,0.751462004267,0.445028921124,2.5,1.688568919,0.751462004267,2.5,0.26468228741,0.195758564437,40,0.0225861095426,0.285521633249,23,23,23,1,0,0.478260869565,0.217391304348,0.304347826087,-7,-0.0138339920949,0.00349312523226,-0.608695652174,-0.583333333333,-0.4375,-0.287872650078,0.000218185102312,0.00492241253111,-0.443610230883,-0.00573780731027,-0.000890547991997,-0.287597769103,-0.00779463197674,0.00068316010345,0.00227069990833,0.000425000559329,0,0.00349312523226,0.00227069990833,0,0.00523567341749,0.00697607469711,-6,-0.00338791643139,-0.0476229998957,0,0,0,81,0,7,418,0.920454545455,1,0,0.0795454545455,1,0.920454545455,0.958579881657,0.951469451768,0.920454545455,0.920454545455,2,9,0,10,7,10
1103,WLNM_dir_neg_kfold,0.978395061728,0.85,00:00:01,10,90,3,19348,threshold_sweep,0.5,1,0.222222222222,0.363636363636,2,0,7,18,0.222222222222,1,0,0.777777777778,1,0.222222222222,0.363636363636,0.740740740741,0.641975308642,0.275862068966,0.4,0.222222222222,94,85,9,0,94,0,85,0,9,23,88,0.173913043478,1.68507579377,7.65217391304,7.33333333333,5.5,3.63829000359,0.475458352741,0.249505928854,5.32278271304,1.39118184545,0.672924901186,3.27042079462,0.854769071322,0.442687747036,0.749191304359,0.444603920564,2.5,1.68507579377,0.749191304359,2.5,0.259446613992,0.18878248974,46,0.025974025974,0.333144633145,23,23,23,1,0,0.478260869565,0.217391304348,0.304347826087,23,0.156126482213,1.6902722881,6.86956521739,6.58333333333,4.9375,3.22355461375,0.469251620989,0.255916345625,4.69841450004,1.36789282913,0.664832140892,2.92055547264,0.850288302161,0.453494771602,0.752800287119,0.445372199745,2.5,1.6902722881,0.752800287119,2.5,0.249370326643,0.181660899654,35,0.0197628458498,0.27680257453,23,23,23,1,0,0.478260869565,0.217391304348,0.304347826087,23,81,0.160079051383,1.688568919,7.04347826087,6.75,5.0625,3.35041735351,0.475676537844,0.254428341385,4.87917248216,1.38544403814,0.672034353194,2.98282302552,0.846974439346,0.443370907139,0.751462004267,0.445028921124,2.5,1.688568919,0.751462004267,2.5,0.26468228741,0.195758564437,40,0.0225861095426,0.285521633249,23,23,23,1,0,0.478260869565,0.217391304348,0.304347826087,-7,-0.0138339920949,0.00349312523226,-0.608695652174,-0.583333333333,-0.4375,-0.287872650078,0.000218185102312,0.00492241253111,-0.443610230883,-0.00573780731027,-0.000890547991997,-0.287597769103,-0.00779463197674,0.00068316010345,0.00227069990833,0.000425000559329,0,0.00349312523226,0.00227069990833,0,0.00523567341749,0.00697607469711,-6,-0.00338791643139,-0.0476229998957,0,0,0,81,0,7,418,0.920454545455,1,0,0.0795454545455,1,0.920454545455,0.958579881657,0.951469451768,0.920454545455,0.920454545455,2,9,0,10,7,10
1104,WLNM_dir_neg_kfold,0.978395061728,0.85,00:00:01,10,90,3,19348,threshold_sweep,0.6,1,0.222222222222,0.363636363636,2,0,7,18,0.222222222222,1,0,0.777777777778,1,0.222222222222,0.363636363636,0.740740740741,0.641975308642,0.275862068966,0.4,0.222222222222,94,85,9,0,94,0,85,0,9,23,88,0.173913043478,1.68507579377,7.65217391304,7.33333333333,5.5,3.63829000359,0.475458352741,0.249505928854,5.32278271304,1.39118184545,0.672924901186,3.27042079462,0.854769071322,0.442687747036,0.749191304359,0.444603920564,2.5,1.68507579377,0.749191304359,2.5,0.259446613992,0.18878248974,46,0.025974025974,0.333144633145,23,23,23,1,0,0.478260869565,0.217391304348,0.304347826087,23,0.156126482213,1.6902722881,6.86956521739,6.58333333333,4.9375,3.22355461375,0.469251620989,0.255916345625,4.69841450004,1.36789282913,0.664832140892,2.92055547264,0.850288302161,0.453494771602,0.752800287119,0.445372199745,2.5,1.6902722881,0.752800287119,2.5,0.249370326643,0.181660899654,35,0.0197628458498,0.27680257453,23,23,23,1,0,0.478260869565,0.217391304348,0.304347826087,23,81,0.160079051383,1.688568919,7.04347826087,6.75,5.0625,3.35041735351,0.475676537844,0.254428341385,4.87917248216,1.38544403814,0.672034353194,2.98282302552,0.846974439346,0.443370907139,0.751462004267,0.445028921124,2.5,1.688568919,0.751462004267,2.5,0.26468228741,0.195758564437,40,0.0225861095426,0.285521633249,23,23,23,1,0,0.478260869565,0.217391304348,0.304347826087,-7,-0.0138339920949,0.00349312523226,-0.608695652174,-0.583333333333,-0.4375,-0.287872650078,0.000218185102312,0.00492241253111,-0.443610230883,-0.00573780731027,-0.000890547991997,-0.287597769103,-0.00779463197674,0.00068316010345,0.00227069990833,0.000425000559329,0,0.00349312523226,0.00227069990833,0,0.00523567341749,0.00697607469711,-6,-0.00338791643139,-0.0476229998957,0,0,0,81,0,7,418,0.920454545455,1,0,0.0795454545455,1,0.920454545455,0.958579881657,0.951469451768,0.920454545455,0.920454545455,2,9,0,10,7,10
1105,WLNM_dir_neg_kfold,0.978395061728,0.85,00:00:01,10,90,3,19348,threshold_sweep,0.7,1,0.222222222222,0.363636363636,2,0,7,18,0.222222222222,1,0,0.777777777778,1,0.222222222222,0.363636363636,0.740740740741,0.641975308642,0.275862068966,0.4,0.222222222222,94,85,9,0,94,0,85,0,9,23,88,0.173913043478,1.68507579377,7.65217391304,7.33333333333,5.5,3.63829000359,0.475458352741,0.249505928854,5.32278271304,1.39118184545,0.672924901186,3.27042079462,0.854769071322,0.442687747036,0.749191304359,0.444603920564,2.5,1.68507579377,0.749191304359,2.5,0.259446613992,0.18878248974,46,0.025974025974,0.333144633145,23,23,23,1,0,0.478260869565,0.217391304348,0.304347826087,23,0.156126482213,1.6902722881,6.86956521739,6.58333333333,4.9375,3.22355461375,0.469251620989,0.255916345625,4.69841450004,1.36789282913,0.664832140892,2.92055547264,0.850288302161,0.453494771602,0.752800287119,0.445372199745,2.5,1.6902722881,0.752800287119,2.5,0.249370326643,0.181660899654,35,0.0197628458498,0.27680257453,23,23,23,1,0,0.478260869565,0.217391304348,0.304347826087,23,81,0.160079051383,1.688568919,7.04347826087,6.75,5.0625,3.35041735351,0.475676537844,0.254428341385,4.87917248216,1.38544403814,0.672034353194,2.98282302552,0.846974439346,0.443370907139,0.751462004267,0.445028921124,2.5,1.688568919,0.751462004267,2.5,0.26468228741,0.195758564437,40,0.0225861095426,0.285521633249,23,23,23,1,0,0.478260869565,0.217391304348,0.304347826087,-7,-0.0138339920949,0.00349312523226,-0.608695652174,-0.583333333333,-0.4375,-0.287872650078,0.000218185102312,0.00492241253111,-0.443610230883,-0.00573780731027,-0.000890547991997,-0.287597769103,-0.00779463197674,0.00068316010345,0.00227069990833,0.000425000559329,0,0.00349312523226,0.00227069990833,0,0.00523567341749,0.00697607469711,-6,-0.00338791643139,-0.0476229998957,0,0,0,81,0,7,418,0.920454545455,1,0,0.0795454545455,1,0.920454545455,0.958579881657,0.951469451768,0.920454545455,0.920454545455,2,9,0,10,7,10
1106,WLNM_dir_neg_kfold,0.978395061728,0.85,00:00:01,10,90,3,19348,threshold_sweep,0.8,1,0.222222222222,0.363636363636,2,0,7,18,0.222222222222,1,0,0.777777777778,1,0.222222222222,0.363636363636,0.740740740741,0.641975308642,0.275862068966,0.4,0.222222222222,94,85,9,0,94,0,85,0,9,23,88,0.173913043478,1.68507579377,7.65217391304,7.33333333333,5.5,3.63829000359,0.475458352741,0.249505928854,5.32278271304,1.39118184545,0.672924901186,3.27042079462,0.854769071322,0.442687747036,0.749191304359,0.444603920564,2.5,1.68507579377,0.749191304359,2.5,0.259446613992,0.18878248974,46,0.025974025974,0.333144633145,23,23,23,1,0,0.478260869565,0.217391304348,0.304347826087,23,0.156126482213,1.6902722881,6.86956521739,6.58333333333,4.9375,3.22355461375,0.469251620989,0.255916345625,4.69841450004,1.36789282913,0.664832140892,2.92055547264,0.850288302161,0.453494771602,0.752800287119,0.445372199745,2.5,1.6902722881,0.752800287119,2.5,0.249370326643,0.181660899654,35,0.0197628458498,0.27680257453,23,23,23,1,0,0.478260869565,0.217391304348,0.304347826087,23,81,0.160079051383,1.688568919,7.04347826087,6.75,5.0625,3.35041735351,0.475676537844,0.254428341385,4.87917248216,1.38544403814,0.672034353194,2.98282302552,0.846974439346,0.443370907139,0.751462004267,0.445028921124,2.5,1.688568919,0.751462004267,2.5,0.26468228741,0.195758564437,40,0.0225861095426,0.285521633249,23,23,23,1,0,0.478260869565,0.217391304348,0.304347826087,-7,-0.0138339920949,0.00349312523226,-0.608695652174,-0.583333333333,-0.4375,-0.287872650078,0.000218185102312,0.00492241253111,-0.443610230883,-0.00573780731027,-0.000890547991997,-0.287597769103,-0.00779463197674,0.00068316010345,0.00227069990833,0.000425000559329,0,0.00349312523226,0.00227069990833,0,0.00523567341749,0.00697607469711,-6,-0.00338791643139,-0.0476229998957,0,0,0,81,0,7,418,0.920454545455,1,0,0.0795454545455,1,0.920454545455,0.958579881657,0.951469451768,0.920454545455,0.920454545455,2,9,0,10,7,10
1107,WLNM_dir_neg_kfold,0.978395061728,0.85,00:00:01,10,90,3,19348,threshold_sweep,0.9,1,0.222222222222,0.363636363636,2,0,7,18,0.222222222222,1,0,0.777777777778,1,0.222222222222,0.363636363636,0.740740740741,0.641975308642,0.275862068966,0.4,0.222222222222,94,85,9,0,94,0,85,0,9,23,88,0.173913043478,1.68507579377,7.65217391304,7.33333333333,5.5,3.63829000359,0.475458352741,0.249505928854,5.32278271304,1.39118184545,0.672924901186,3.27042079462,0.854769071322,0.442687747036,0.749191304359,0.444603920564,2.5,1.68507579377,0.749191304359,2.5,0.259446613992,0.18878248974,46,0.025974025974,0.333144633145,23,23,23,1,0,0.478260869565,0.217391304348,0.304347826087,23,0.156126482213,1.6902722881,6.86956521739,6.58333333333,4.9375,3.22355461375,0.469251620989,0.255916345625,4.69841450004,1.36789282913,0.664832140892,2.92055547264,0.850288302161,0.453494771602,0.752800287119,0.445372199745,2.5,1.6902722881,0.752800287119,2.5,0.249370326643,0.181660899654,35,0.0197628458498,0.27680257453,23,23,23,1,0,0.478260869565,0.217391304348,0.304347826087,23,81,0.160079051383,1.688568919,7.04347826087,6.75,5.0625,3.35041735351,0.475676537844,0.254428341385,4.87917248216,1.38544403814,0.672034353194,2.98282302552,0.846974439346,0.443370907139,0.751462004267,0.445028921124,2.5,1.688568919,0.751462004267,2.5,0.26468228741,0.195758564437,40,0.0225861095426,0.285521633249,23,23,23,1,0,0.478260869565,0.217391304348,0.304347826087,-7,-0.0138339920949,0.00349312523226,-0.608695652174,-0.583333333333,-0.4375,-0.287872650078,0.000218185102312,0.00492241253111,-0.443610230883,-0.00573780731027,-0.000890547991997,-0.287597769103,-0.00779463197674,0.00068316010345,0.00227069990833,0.000425000559329,0,0.00349312523226,0.00227069990833,0,0.00523567341749,0.00697607469711,-6,-0.00338791643139,-0.0476229998957,0,0,0,81,0,7,418,0.920454545455,1,0,0.0795454545455,1,0.920454545455,0.958579881657,0.951469451768,0.920454545455,0.920454545455,2,9,0,10,7,10
1108,WLNM_dir_neg_kfold,0.913580246914,0.662037037037,00:00:01,10,90,4,19349,threshold_sweep,0.1,1,0.222222222222,0.363636363636,2,0,7,18,0.222222222222,1,0,0.777777777778,1,0.222222222222,0.363636363636,0.740740740741,0.641975308642,0.275862068966,0.4,0.222222222222,94,85,9,0,94,0,85,0,9,23,88,0.173913043478,1.68507579377,7.65217391304,7.33333333333,5.5,3.63829000359,0.475458352741,0.249505928854,5.32278271304,1.39118184545,0.672924901186,3.27042079462,0.854769071322,0.442687747036,0.749191304359,0.444603920564,2.5,1.68507579377,0.749191304359,2.5,0.259446613992,0.18878248974,46,0.025974025974,0.333144633145,23,23,23,1,0,0.478260869565,0.217391304348,0.304347826087,23,0.156126482213,1.6902722881,6.86956521739,6.58333333333,4.9375,3.22355461375,0.469251620989,0.255916345625,4.69841450004,1.36789282913,0.664832140892,2.92055547264,0.850288302161,0.453494771602,0.752800287119,0.445372199745,2.5,1.6902722881,0.752800287119,2.5,0.249370326643,0.181660899654,35,0.0197628458498,0.27680257453,23,23,23,1,0,0.478260869565,0.217391304348,0.304347826087,23,81,0.160079051383,1.688568919,7.04347826087,6.75,5.0625,3.35041735351,0.475676537844,0.254428341385,4.87917248216,1.38544403814,0.672034353194,2.98282302552,0.846974439346,0.443370907139,0.751462004267,0.445028921124,2.5,1.688568919,0.751462004267,2.5,0.26468228741,0.195758564437,40,0.0225861095426,0.285521633249,23,23,23,1,0,0.478260869565,0.217391304348,0.304347826087,-7,-0.0138339920949,0.00349312523226,-0.608695652174,-0.583333333333,-0.4375,-0.287872650078,0.000218185102312,0.00492241253111,-0.443610230883,-0.00573780731027,-0.000890547991997,-0.287597769103,-0.00779463197674,0.00068316010345,0.00227069990833,0.000425000559329,0,0.00349312523226,0.00227069990833,0,0.00523567341749,0.00697607469711,-6,-0.00338791643139,-0.0476229998957,0,0,0,81,0,7,418,0.920454545455,1,0,0.0795454545455,1,0.920454545455,0.958579881657,0.951469451768,0.920454545455,0.920454545455,2,9,0,10,7,10
1109,WLNM_dir_neg_kfold,0.913580246914,0.662037037037,00:00:01,10,90,4,19349,threshold_sweep,0.2,1,0.222222222222,0.363636363636,2,0,7,18,0.222222222222,1,0,0.777777777778,1,0.222222222222,0.363636363636,0.740740740741,0.641975308642,0.275862068966,0.4,0.222222222222,94,85,9,0,94,0,85,0,9,23,88,0.173913043478,1.68507579377,7.65217391304,7.33333333333,5.5,3.63829000359,0.475458352741,0.249505928854,5.32278271304,1.39118184545,0.672924901186,3.27042079462,0.854769071322,0.442687747036,0.749191304359,0.444603920564,2.5,1.68507579377,0.749191304359,2.5,0.259446613992,0.18878248974,46,0.025974025974,0.333144633145,23,23,23,1,0,0.478260869565,0.217391304348,0.304347826087,23,0.156126482213,1.6902722881,6.86956521739,6.58333333333,4.9375,3.22355461375,0.469251620989,0.255916345625,4.69841450004,1.36789282913,0.664832140892,2.92055547264,0.850288302161,0.453494771602,0.752800287119,0.445372199745,2.5,1.6902722881,0.752800287119,2.5,0.249370326643,0.181660899654,35,0.0197628458498,0.27680257453,23,23,23,1,0,0.478260869565,0.217391304348,0.304347826087,23,81,0.160079051383,1.688568919,7.04347826087,6.75,5.0625,3.35041735351,0.475676537844,0.254428341385,4.87917248216,1.38544403814,0.672034353194,2.98282302552,0.846974439346,0.443370907139,0.751462004267,0.445028921124,2.5,1.688568919,0.751462004267,2.5,0.26468228741,0.195758564437,40,0.0225861095426,0.285521633249,23,23,23,1,0,0.478260869565,0.217391304348,0.304347826087,-7,-0.0138339920949,0.00349312523226,-0.608695652174,-0.583333333333,-0.4375,-0.287872650078,0.000218185102312,0.00492241253111,-0.443610230883,-0.00573780731027,-0.000890547991997,-0.287597769103,-0.00779463197674,0.00068316010345,0.00227069990833,0.000425000559329,0,0.00349312523226,0.00227069990833,0,0.00523567341749,0.00697607469711,-6,-0.00338791643139,-0.0476229998957,0,0,0,81,0,7,418,0.920454545455,1,0,0.0795454545455,1,0.920454545455,0.958579881657,0.951469451768,0.920454545455,0.920454545455,2,9,0,10,7,10
1110,WLNM_dir_neg_kfold,0.913580246914,0.662037037037,00:00:01,10,90,4,19349,threshold_sweep,0.3,1,0.222222222222,0.363636363636,2,0,7,18,0.222222222222,1,0,0.777777777778,1,0.222222222222,0.363636363636,0.740740740741,0.641975308642,0.275862068966,0.4,0.222222222222,94,85,9,0,94,0,85,0,9,23,88,0.173913043478,1.68507579377,7.65217391304,7.33333333333,5.5,3.63829000359,0.475458352741,0.249505928854,5.32278271304,1.39118184545,0.672924901186,3.27042079462,0.854769071322,0.442687747036,0.749191304359,0.444603920564,2.5,1.68507579377,0.749191304359,2.5,0.259446613992,0.18878248974,46,0.025974025974,0.333144633145,23,23,23,1,0,0.478260869565,0.217391304348,0.304347826087,23,0.156126482213,1.6902722881,6.86956521739,6.58333333333,4.9375,3.22355461375,0.469251620989,0.255916345625,4.69841450004,1.36789282913,0.664832140892,2.92055547264,0.850288302161,0.453494771602,0.752800287119,0.445372199745,2.5,1.6902722881,0.752800287119,2.5,0.249370326643,0.181660899654,35,0.0197628458498,0.27680257453,23,23,23,1,0,0.478260869565,0.217391304348,0.304347826087,23,81,0.160079051383,1.688568919,7.04347826087,6.75,5.0625,3.35041735351,0.475676537844,0.254428341385,4.87917248216,1.38544403814,0.672034353194,2.98282302552,0.846974439346,0.443370907139,0.751462004267,0.445028921124,2.5,1.688568919,0.751462004267,2.5,0.26468228741,0.195758564437,40,0.0225861095426,0.285521633249,23,23,23,1,0,0.478260869565,0.217391304348,0.304347826087,-7,-0.0138339920949,0.00349312523226,-0.608695652174,-0.583333333333,-0.4375,-0.287872650078,0.000218185102312,0.00492241253111,-0.443610230883,-0.00573780731027,-0.000890547991997,-0.287597769103,-0.00779463197674,0.00068316010345,0.00227069990833,0.000425000559329,0,0.00349312523226,0.00227069990833,0,0.00523567341749,0.00697607469711,-6,-0.00338791643139,-0.0476229998957,0,0,0,81,0,7,418,0.920454545455,1,0,0.0795454545455,1,0.920454545455,0.958579881657,0.951469451768,0.920454545455,0.920454545455,2,9,0,10,7,10
1111,WLNM_dir_neg_kfold,0.913580246914,0.662037037037,00:00:01,10,90,4,19349,threshold_sweep,0.4,1,0.222222222222,0.363636363636,2,0,7,18,0.222222222222,1,0,0.777777777778,1,0.222222222222,0.363636363636,0.740740740741,0.641975308642,0.275862068966,0.4,0.222222222222,94,85,9,0,94,0,85,0,9,23,88,0.173913043478,1.68507579377,7.65217391304,7.33333333333,5.5,3.63829000359,0.475458352741,0.249505928854,5.32278271304,1.39118184545,0.672924901186,3.27042079462,0.854769071322,0.442687747036,0.749191304359,0.444603920564,2.5,1.68507579377,0.749191304359,2.5,0.259446613992,0.18878248974,46,0.025974025974,0.333144633145,23,23,23,1,0,0.478260869565,0.217391304348,0.304347826087,23,0.156126482213,1.6902722881,6.86956521739,6.58333333333,4.9375,3.22355461375,0.469251620989,0.255916345625,4.69841450004,1.36789282913,0.664832140892,2.92055547264,0.850288302161,0.453494771602,0.752800287119,0.445372199745,2.5,1.6902722881,0.752800287119,2.5,0.249370326643,0.181660899654,35,0.0197628458498,0.27680257453,23,23,23,1,0,0.478260869565,0.217391304348,0.304347826087,23,81,0.160079051383,1.688568919,7.04347826087,6.75,5.0625,3.35041735351,0.475676537844,0.254428341385,4.87917248216,1.38544403814,0.672034353194,2.98282302552,0.846974439346,0.443370907139,0.751462004267,0.445028921124,2.5,1.688568919,0.751462004267,2.5,0.26468228741,0.195758564437,40,0.0225861095426,0.285521633249,23,23,23,1,0,0.478260869565,0.217391304348,0.304347826087,-7,-0.0138339920949,0.00349312523226,-0.608695652174,-0.583333333333,-0.4375,-0.287872650078,0.000218185102312,0.00492241253111,-0.443610230883,-0.00573780731027,-0.000890547991997,-0.287597769103,-0.00779463197674,0.00068316010345,0.00227069990833,0.000425000559329,0,0.00349312523226,0.00227069990833,0,0.00523567341749,0.00697607469711,-6,-0.00338791643139,-0.0476229998957,0,0,0,81,0,7,418,0.920454545455,1,0,0.0795454545455,1,0.920454545455,0.958579881657,0.951469451768,0.920454545455,0.920454545455,2,9,0,10,7,10
1112,WLNM_dir_neg_kfold,0.913580246914,0.662037037037,00:00:01,10,90,4,19349,threshold_sweep,0.5,1,0.222222222222,0.363636363636,2,0,7,18,0.222222222222,1,0,0.777777777778,1,0.222222222222,0.363636363636,0.740740740741,0.641975308642,0.275862068966,0.4,0.222222222222,94,85,9,0,94,0,85,0,9,23,88,0.173913043478,1.68507579377,7.65217391304,7.33333333333,5.5,3.63829000359,0.475458352741,0.249505928854,5.32278271304,1.39118184545,0.672924901186,3.27042079462,0.854769071322,0.442687747036,0.749191304359,0.444603920564,2.5,1.68507579377,0.749191304359,2.5,0.259446613992,0.18878248974,46,0.025974025974,0.333144633145,23,23,23,1,0,0.478260869565,0.217391304348,0.304347826087,23,0.156126482213,1.6902722881,6.86956521739,6.58333333333,4.9375,3.22355461375,0.469251620989,0.255916345625,4.69841450004,1.36789282913,0.664832140892,2.92055547264,0.850288302161,0.453494771602,0.752800287119,0.445372199745,2.5,1.6902722881,0.752800287119,2.5,0.249370326643,0.181660899654,35,0.0197628458498,0.27680257453,23,23,23,1,0,0.478260869565,0.217391304348,0.304347826087,23,81,0.160079051383,1.688568919,7.04347826087,6.75,5.0625,3.35041735351,0.475676537844,0.254428341385,4.87917248216,1.38544403814,0.672034353194,2.98282302552,0.846974439346,0.443370907139,0.751462004267,0.445028921124,2.5,1.688568919,0.751462004267,2.5,0.26468228741,0.195758564437,40,0.0225861095426,0.285521633249,23,23,23,1,0,0.478260869565,0.217391304348,0.304347826087,-7,-0.0138339920949,0.00349312523226,-0.608695652174,-0.583333333333,-0.4375,-0.287872650078,0.000218185102312,0.00492241253111,-0.443610230883,-0.00573780731027,-0.000890547991997,-0.287597769103,-0.00779463197674,0.00068316010345,0.00227069990833,0.000425000559329,0,0.00349312523226,0.00227069990833,0,0.00523567341749,0.00697607469711,-6,-0.00338791643139,-0.0476229998957,0,0,0,81,0,7,418,0.920454545455,1,0,0.0795454545455,1,0.920454545455,0.958579881657,0.951469451768,0.920454545455,0.920454545455,2,9,0,10,7,10
1113,WLNM_dir_neg_kfold,0.913580246914,0.662037037037,00:00:01,10,90,4,19349,threshold_sweep,0.6,1,0.222222222222,0.363636363636,2,0,7,18,0.222222222222,1,0,0.777777777778,1,0.222222222222,0.363636363636,0.740740740741,0.641975308642,0.275862068966,0.4,0.222222222222,94,85,9,0,94,0,85,0,9,23,88,0.173913043478,1.68507579377,7.65217391304,7.33333333333,5.5,3.63829000359,0.475458352741,0.249505928854,5.32278271304,1.39118184545,0.672924901186,3.27042079462,0.854769071322,0.442687747036,0.749191304359,0.444603920564,2.5,1.68507579377,0.749191304359,2.5,0.259446613992,0.18878248974,46,0.025974025974,0.333144633145,23,23,23,1,0,0.478260869565,0.217391304348,0.304347826087,23,0.156126482213,1.6902722881,6.86956521739,6.58333333333,4.9375,3.22355461375,0.469251620989,0.255916345625,4.69841450004,1.36789282913,0.664832140892,2.92055547264,0.850288302161,0.453494771602,0.752800287119,0.445372199745,2.5,1.6902722881,0.752800287119,2.5,0.249370326643,0.181660899654,35,0.0197628458498,0.27680257453,23,23,23,1,0,0.478260869565,0.217391304348,0.304347826087,23,81,0.160079051383,1.688568919,7.04347826087,6.75,5.0625,3.35041735351,0.475676537844,0.254428341385,4.87917248216,1.38544403814,0.672034353194,2.98282302552,0.846974439346,0.443370907139,0.751462004267,0.445028921124,2.5,1.688568919,0.751462004267,2.5,0.26468228741,0.195758564437,40,0.0225861095426,0.285521633249,23,23,23,1,0,0.478260869565,0.217391304348,0.304347826087,-7,-0.0138339920949,0.00349312523226,-0.608695652174,-0.583333333333,-0.4375,-0.287872650078,0.000218185102312,0.00492241253111,-0.443610230883,-0.00573780731027,-0.000890547991997,-0.287597769103,-0.00779463197674,0.00068316010345,0.00227069990833,0.000425000559329,0,0.00349312523226,0.00227069990833,0,0.00523567341749,0.00697607469711,-6,-0.00338791643139,-0.0476229998957,0,0,0,81,0,7,418,0.920454545455,1,0,0.0795454545455,1,0.920454545455,0.958579881657,0.951469451768,0.920454545455,0.920454545455,2,9,0,10,7,10
1114,WLNM_dir_neg_kfold,0.913580246914,0.662037037037,00:00:01,10,90,4,19349,threshold_sweep,0.7,1,0.222222222222,0.363636363636,2,0,7,18,0.222222222222,1,0,0.777777777778,1,0.222222222222,0.363636363636,0.740740740741,0.641975308642,0.275862068966,0.4,0.222222222222,94,85,9,0,94,0,85,0,9,23,88,0.173913043478,1.68507579377,7.65217391304,7.33333333333,5.5,3.63829000359,0.475458352741,0.249505928854,5.32278271304,1.39118184545,0.672924901186,3.27042079462,0.854769071322,0.442687747036,0.749191304359,0.444603920564,2.5,1.68507579377,0.749191304359,2.5,0.259446613992,0.18878248974,46,0.025974025974,0.333144633145,23,23,23,1,0,0.478260869565,0.217391304348,0.304347826087,23,0.156126482213,1.6902722881,6.86956521739,6.58333333333,4.9375,3.22355461375,0.469251620989,0.255916345625,4.69841450004,1.36789282913,0.664832140892,2.92055547264,0.850288302161,0.453494771602,0.752800287119,0.445372199745,2.5,1.6902722881,0.752800287119,2.5,0.249370326643,0.181660899654,35,0.0197628458498,0.27680257453,23,23,23,1,0,0.478260869565,0.217391304348,0.304347826087,23,81,0.160079051383,1.688568919,7.04347826087,6.75,5.0625,3.35041735351,0.475676537844,0.254428341385,4.87917248216,1.38544403814,0.672034353194,2.98282302552,0.846974439346,0.443370907139,0.751462004267,0.445028921124,2.5,1.688568919,0.751462004267,2.5,0.26468228741,0.195758564437,40,0.0225861095426,0.285521633249,23,23,23,1,0,0.478260869565,0.217391304348,0.304347826087,-7,-0.0138339920949,0.00349312523226,-0.608695652174,-0.583333333333,-0.4375,-0.287872650078,0.000218185102312,0.00492241253111,-0.443610230883,-0.00573780731027,-0.000890547991997,-0.287597769103,-0.00779463197674,0.00068316010345,0.00227069990833,0.000425000559329,0,0.00349312523226,0.00227069990833,0,0.00523567341749,0.00697607469711,-6,-0.00338791643139,-0.0476229998957,0,0,0,81,0,7,418,0.920454545455,1,0,0.0795454545455,1,0.920454545455,0.958579881657,0.951469451768,0.920454545455,0.920454545455,2,9,0,10,7,10
1115,WLNM_dir_neg_kfold,0.913580246914,0.662037037037,00:00:01,10,90,4,19349,threshold_sweep,0.8,1,0.222222222222,0.363636363636,2,0,7,18,0.222222222222,1,0,0.777777777778,1,0.222222222222,0.363636363636,0.740740740741,0.641975308642,0.275862068966,0.4,0.222222222222,94,85,9,0,94,0,85,0,9,23,88,0.173913043478,1.68507579377,7.65217391304,7.33333333333,5.5,3.63829000359,0.475458352741,0.249505928854,5.32278271304,1.39118184545,0.672924901186,3.27042079462,0.854769071322,0.442687747036,0.749191304359,0.444603920564,2.5,1.68507579377,0.749191304359,2.5,0.259446613992,0.18878248974,46,0.025974025974,0.333144633145,23,23,23,1,0,0.478260869565,0.217391304348,0.304347826087,23,0.156126482213,1.6902722881,6.86956521739,6.58333333333,4.9375,3.22355461375,0.469251620989,0.255916345625,4.69841450004,1.36789282913,0.664832140892,2.92055547264,0.850288302161,0.453494771602,0.752800287119,0.445372199745,2.5,1.6902722881,0.752800287119,2.5,0.249370326643,0.181660899654,35,0.0197628458498,0.27680257453,23,23,23,1,0,0.478260869565,0.217391304348,0.304347826087,23,81,0.160079051383,1.688568919,7.04347826087,6.75,5.0625,3.35041735351,0.475676537844,0.254428341385,4.87917248216,1.38544403814,0.672034353194,2.98282302552,0.846974439346,0.443370907139,0.751462004267,0.445028921124,2.5,1.688568919,0.751462004267,2.5,0.26468228741,0.195758564437,40,0.0225861095426,0.285521633249,23,23,23,1,0,0.478260869565,0.217391304348,0.304347826087,-7,-0.0138339920949,0.00349312523226,-0.608695652174,-0.583333333333,-0.4375,-0.287872650078,0.000218185102312,0.00492241253111,-0.443610230883,-0.00573780731027,-0.000890547991997,-0.287597769103,-0.00779463197674,0.00068316010345,0.00227069990833,0.000425000559329,0,0.00349312523226,0.00227069990833,0,0.00523567341749,0.00697607469711,-6,-0.00338791643139,-0.0476229998957,0,0,0,81,0,7,418,0.920454545455,1,0,0.0795454545455,1,0.920454545455,0.958579881657,0.951469451768,0.920454545455,0.920454545455,2,9,0,10,7,10
1116,WLNM_dir_neg_kfold,0.913580246914,0.662037037037,00:00:01,10,90,4,19349,threshold_sweep,0.9,1,0.222222222222,0.363636363636,2,0,7,18,0.222222222222,1,0,0.777777777778,1,0.222222222222,0.363636363636,0.740740740741,0.641975308642,0.275862068966,0.4,0.222222222222,94,85,9,0,94,0,85,0,9,23,88,0.173913043478,1.68507579377,7.65217391304,7.33333333333,5.5,3.63829000359,0.475458352741,0.249505928854,5.32278271304,1.39118184545,0.672924901186,3.27042079462,0.854769071322,0.442687747036,0.749191304359,0.444603920564,2.5,1.68507579377,0.749191304359,2.5,0.259446613992,0.18878248974,46,0.025974025974,0.333144633145,23,23,23,1,0,0.478260869565,0.217391304348,0.304347826087,23,0.156126482213,1.6902722881,6.86956521739,6.58333333333,4.9375,3.22355461375,0.469251620989,0.255916345625,4.69841450004,1.36789282913,0.664832140892,2.92055547264,0.850288302161,0.453494771602,0.752800287119,0.445372199745,2.5,1.6902722881,0.752800287119,2.5,0.249370326643,0.181660899654,35,0.0197628458498,0.27680257453,23,23,23,1,0,0.478260869565,0.217391304348,0.304347826087,23,81,0.160079051383,1.688568919,7.04347826087,6.75,5.0625,3.35041735351,0.475676537844,0.254428341385,4.87917248216,1.38544403814,0.672034353194,2.98282302552,0.846974439346,0.443370907139,0.751462004267,0.445028921124,2.5,1.688568919,0.751462004267,2.5,0.26468228741,0.195758564437,40,0.0225861095426,0.285521633249,23,23,23,1,0,0.478260869565,0.217391304348,0.304347826087,-7,-0.0138339920949,0.00349312523226,-0.608695652174,-0.583333333333,-0.4375,-0.287872650078,0.000218185102312,0.00492241253111,-0.443610230883,-0.00573780731027,-0.000890547991997,-0.287597769103,-0.00779463197674,0.00068316010345,0.00227069990833,0.000425000559329,0,0.00349312523226,0.00227069990833,0,0.00523567341749,0.00697607469711,-6,-0.00338791643139,-0.0476229998957,0,0,0,81,0,7,418,0.920454545455,1,0,0.0795454545455,1,0.920454545455,0.958579881657,0.951469451768,0.920454545455,0.920454545455,2,9,0,10,7,10
1117,WLNM_dir_neg_kfold,0.685185185185,0.397762345679,00:00:01,10,90,5,19350,threshold_sweep,0.1,0.666666666667,0.222222222222,0.333333333333,2,1,7,17,0.222222222222,0.944444444444,0.0555555555556,0.777777777778,0.666666666667,0.222222222222,0.333333333333,0.703703703704,0.62962962963,0.2,0.25,0.166666666667,94,85,9,0,94,0,85,0,9,23,88,0.173913043478,1.68507579377,7.65217391304,7.33333333333,5.5,3.63829000359,0.475458352741,0.249505928854,5.32278271304,1.39118184545,0.672924901186,3.27042079462,0.854769071322,0.442687747036,0.749191304359,0.444603920564,2.5,1.68507579377,0.749191304359,2.5,0.259446613992,0.18878248974,46,0.025974025974,0.333144633145,23,23,23,1,0,0.478260869565,0.217391304348,0.304347826087,23,0.156126482213,1.6902722881,6.86956521739,6.58333333333,4.9375,3.22355461375,0.469251620989,0.255916345625,4.69841450004,1.36789282913,0.664832140892,2.92055547264,0.850288302161,0.453494771602,0.752800287119,0.445372199745,2.5,1.6902722881,0.752800287119,2.5,0.249370326643,0.181660899654,35,0.0197628458498,0.27680257453,23,23,23,1,0,0.478260869565,0.217391304348,0.304347826087,23,82,0.162055335968,1,7.13043478261,6.30769230769,5.125,3.34805707329,0.469544589547,0.253446447508,4.85073646664,1.36057242357,0.662778366914,3.02754156126,0.849188486694,0.446447507953,0,0,0,NaN,NaN,NaN,0.26468228741,0.195758564437,40,0.0225861095426,0.271108307647,23,23,0,1,2,0.434782608696,0.260869565217,0.304347826087,-6,-0.0118577075099,-0.685075793771,-0.521739130435,-1.02564102564,-0.375,-0.290232930296,-0.00591376319464,0.0039405186542,-0.472046246405,-0.0306094218853,-0.0101465342717,-0.242879233368,-0.00558058462831,0.00375976091777,-0.749191304359,-0.444603920564,-2.5,NaN,NaN,NaN,0.00523567341749,0.00697607469711,-6,-0.00338791643139,-0.0620363254979,-0.0434782608696,0.0434782608696,0,81,1,7,417,0.920454545455,0.997607655502,0.00239234449761,0.0795454545455,0.987804878049,0.920454545455,0.952941176471,0.944303782253,0.918062200957,0.910112359551,3,9,0,10,7,10
1118,WLNM_dir_neg_kfold,0.685185185185,0.397762345679,00:00:01,10,90,5,19350,threshold_sweep,0.2,0.666666666667,0.222222222222,0.333333333333,2,1,7,17,0.222222222222,0.944444444444,0.0555555555556,0.777777777778,0.666666666667,0.222222222222,0.333333333333,0.703703703704,0.62962962963,0.2,0.25,0.166666666667,94,85,9,0,94,0,85,0,9,23,88,0.173913043478,1.68507579377,7.65217391304,7.33333333333,5.5,3.63829000359,0.475458352741,0.249505928854,5.32278271304,1.39118184545,0.672924901186,3.27042079462,0.854769071322,0.442687747036,0.749191304359,0.444603920564,2.5,1.68507579377,0.749191304359,2.5,0.259446613992,0.18878248974,46,0.025974025974,0.333144633145,23,23,23,1,0,0.478260869565,0.217391304348,0.304347826087,23,0.156126482213,1.6902722881,6.86956521739,6.58333333333,4.9375,3.22355461375,0.469251620989,0.255916345625,4.69841450004,1.36789282913,0.664832140892,2.92055547264,0.850288302161,0.453494771602,0.752800287119,0.445372199745,2.5,1.6902722881,0.752800287119,2.5,0.249370326643,0.181660899654,35,0.0197628458498,0.27680257453,23,23,23,1,0,0.478260869565,0.217391304348,0.304347826087,23,82,0.162055335968,1,7.13043478261,6.30769230769,5.125,3.34805707329,0.469544589547,0.253446447508,4.85073646664,1.36057242357,0.662778366914,3.02754156126,0.849188486694,0.446447507953,0,0,0,NaN,NaN,NaN,0.26468228741,0.195758564437,40,0.0225861095426,0.271108307647,23,23,0,1,2,0.434782608696,0.260869565217,0.304347826087,-6,-0.0118577075099,-0.685075793771,-0.521739130435,-1.02564102564,-0.375,-0.290232930296,-0.00591376319464,0.0039405186542,-0.472046246405,-0.0306094218853,-0.0101465342717,-0.242879233368,-0.00558058462831,0.00375976091777,-0.749191304359,-0.444603920564,-2.5,NaN,NaN,NaN,0.00523567341749,0.00697607469711,-6,-0.00338791643139,-0.0620363254979,-0.0434782608696,0.0434782608696,0,81,1,7,417,0.920454545455,0.997607655502,0.00239234449761,0.0795454545455,0.987804878049,0.920454545455,0.952941176471,0.944303782253,0.918062200957,0.910112359551,3,9,0,10,7,10
1119,WLNM_dir_neg_kfold,0.685185185185,0.397762345679,00:00:01,10,90,5,19350,threshold_sweep,0.3,0.666666666667,0.222222222222,0.333333333333,2,1,7,17,0.222222222222,0.944444444444,0.0555555555556,0.777777777778,0.666666666667,0.222222222222,0.333333333333,0.703703703704,0.62962962963,0.2,0.25,0.166666666667,94,85,9,0,94,0,85,0,9,23,88,0.173913043478,1.68507579377,7.65217391304,7.33333333333,5.5,3.63829000359,0.475458352741,0.249505928854,5.32278271304,1.39118184545,0.672924901186,3.27042079462,0.854769071322,0.442687747036,0.749191304359,0.444603920564,2.5,1.68507579377,0.749191304359,2.5,0.259446613992,0.18878248974,46,0.025974025974,0.333144633145,23,23,23,1,0,0.478260869565,0.217391304348,0.304347826087,23,0.156126482213,1.6902722881,6.86956521739,6.58333333333,4.9375,3.22355461375,0.469251620989,0.255916345625,4.69841450004,1.36789282913,0.664832140892,2.92055547264,0.850288302161,0.453494771602,0.752800287119,0.445372199745,2.5,1.6902722881,0.752800287119,2.5,0.249370326643,0.181660899654,35,0.0197628458498,0.27680257453,23,23,23,1,0,0.478260869565,0.217391304348,0.304347826087,23,82,0.162055335968,1,7.13043478261,6.30769230769,5.125,3.34805707329,0.469544589547,0.253446447508,4.85073646664,1.36057242357,0.662778366914,3.02754156126,0.849188486694,0.446447507953,0,0,0,NaN,NaN,NaN,0.26468228741,0.195758564437,40,0.0225861095426,0.271108307647,23,23,0,1,2,0.434782608696,0.260869565217,0.304347826087,-6,-0.0118577075099,-0.685075793771,-0.521739130435,-1.02564102564,-0.375,-0.290232930296,-0.00591376319464,0.0039405186542,-0.472046246405,-0.0306094218853,-0.0101465342717,-0.242879233368,-0.00558058462831,0.00375976091777,-0.749191304359,-0.444603920564,-2.5,NaN,NaN,NaN,0.00523567341749,0.00697607469711,-6,-0.00338791643139,-0.0620363254979,-0.0434782608696,0.0434782608696,0,81,1,7,417,0.920454545455,0.997607655502,0.00239234449761,0.0795454545455,0.987804878049,0.920454545455,0.952941176471,0.944303782253,0.918062200957,0.910112359551,3,9,0,10,7,10
1120,WLNM_dir_neg_kfold,0.685185185185,0.397762345679,00:00:01,10,90,5,19350,threshold_sweep,0.4,0.666666666667,0.222222222222,0.333333333333,2,1,7,17,0.222222222222,0.944444444444,0.0555555555556,0.777777777778,0.666666666667,0.222222222222,0.333333333333,0.703703703704,0.62962962963,0.2,0.25,0.166666666667,94,85,9,0,94,0,85,0,9,23,88,0.173913043478,1.68507579377,7.65217391304,7.33333333333,5.5,3.63829000359,0.475458352741,0.249505928854,5.32278271304,1.39118184545,0.672924901186,3.27042079462,0.854769071322,0.442687747036,0.749191304359,0.444603920564,2.5,1.68507579377,0.749191304359,2.5,0.259446613992,0.18878248974,46,0.025974025974,0.333144633145,23,23,23,1,0,0.478260869565,0.217391304348,0.304347826087,23,0.156126482213,1.6902722881,6.86956521739,6.58333333333,4.9375,3.22355461375,0.469251620989,0.255916345625,4.69841450004,1.36789282913,0.664832140892,2.92055547264,0.850288302161,0.453494771602,0.752800287119,0.445372199745,2.5,1.6902722881,0.752800287119,2.5,0.249370326643,0.181660899654,35,0.0197628458498,0.27680257453,23,23,23,1,0,0.478260869565,0.217391304348,0.304347826087,23,82,0.162055335968,1,7.13043478261,6.30769230769,5.125,3.34805707329,0.469544589547,0.253446447508,4.85073646664,1.36057242357,0.662778366914,3.02754156126,0.849188486694,0.446447507953,0,0,0,NaN,NaN,NaN,0.26468228741,0.195758564437,40,0.0225861095426,0.271108307647,23,23,0,1,2,0.434782608696,0.260869565217,0.304347826087,-6,-0.0118577075099,-0.685075793771,-0.521739130435,-1.02564102564,-0.375,-0.290232930296,-0.00591376319464,0.0039405186542,-0.472046246405,-0.0306094218853,-0.0101465342717,-0.242879233368,-0.00558058462831,0.00375976091777,-0.749191304359,-0.444603920564,-2.5,NaN,NaN,NaN,0.00523567341749,0.00697607469711,-6,-0.00338791643139,-0.0620363254979,-0.0434782608696,0.0434782608696,0,81,1,7,417,0.920454545455,0.997607655502,0.00239234449761,0.0795454545455,0.987804878049,0.920454545455,0.952941176471,0.944303782253,0.918062200957,0.910112359551,3,9,0,10,7,10
1121,WLNM_dir_neg_kfold,0.685185185185,0.397762345679,00:00:01,10,90,5,19350,threshold_sweep,0.5,0.666666666667,0.222222222222,0.333333333333,2,1,7,17,0.222222222222,0.944444444444,0.0555555555556,0.777777777778,0.666666666667,0.222222222222,0.333333333333,0.703703703704,0.62962962963,0.2,0.25,0.166666666667,94,85,9,0,94,0,85,0,9,23,88,0.173913043478,1.68507579377,7.65217391304,7.33333333333,5.5,3.63829000359,0.475458352741,0.249505928854,5.32278271304,1.39118184545,0.672924901186,3.27042079462,0.854769071322,0.442687747036,0.749191304359,0.444603920564,2.5,1.68507579377,0.749191304359,2.5,0.259446613992,0.18878248974,46,0.025974025974,0.333144633145,23,23,23,1,0,0.478260869565,0.217391304348,0.304347826087,23,0.156126482213,1.6902722881,6.86956521739,6.58333333333,4.9375,3.22355461375,0.469251620989,0.255916345625,4.69841450004,1.36789282913,0.664832140892,2.92055547264,0.850288302161,0.453494771602,0.752800287119,0.445372199745,2.5,1.6902722881,0.752800287119,2.5,0.249370326643,0.181660899654,35,0.0197628458498,0.27680257453,23,23,23,1,0,0.478260869565,0.217391304348,0.304347826087,23,82,0.162055335968,1,7.13043478261,6.30769230769,5.125,3.34805707329,0.469544589547,0.253446447508,4.85073646664,1.36057242357,0.662778366914,3.02754156126,0.849188486694,0.446447507953,0,0,0,NaN,NaN,NaN,0.26468228741,0.195758564437,40,0.0225861095426,0.271108307647,23,23,0,1,2,0.434782608696,0.260869565217,0.304347826087,-6,-0.0118577075099,-0.685075793771,-0.521739130435,-1.02564102564,-0.375,-0.290232930296,-0.00591376319464,0.0039405186542,-0.472046246405,-0.0306094218853,-0.0101465342717,-0.242879233368,-0.00558058462831,0.00375976091777,-0.749191304359,-0.444603920564,-2.5,NaN,NaN,NaN,0.00523567341749,0.00697607469711,-6,-0.00338791643139,-0.0620363254979,-0.0434782608696,0.0434782608696,0,81,1,7,417,0.920454545455,0.997607655502,0.00239234449761,0.0795454545455,0.987804878049,0.920454545455,0.952941176471,0.944303782253,0.918062200957,0.910112359551,3,9,0,10,7,10
1122,WLNM_dir_neg_kfold,0.685185185185,0.397762345679,00:00:01,10,90,5,19350,threshold_sweep,0.6,0.666666666667,0.222222222222,0.333333333333,2,1,7,17,0.222222222222,0.944444444444,0.0555555555556,0.777777777778,0.666666666667,0.222222222222,0.333333333333,0.703703703704,0.62962962963,0.2,0.25,0.166666666667,94,85,9,0,94,0,85,0,9,23,88,0.173913043478,1.68507579377,7.65217391304,7.33333333333,5.5,3.63829000359,0.475458352741,0.249505928854,5.32278271304,1.39118184545,0.672924901186,3.27042079462,0.854769071322,0.442687747036,0.749191304359,0.444603920564,2.5,1.68507579377,0.749191304359,2.5,0.259446613992,0.18878248974,46,0.025974025974,0.333144633145,23,23,23,1,0,0.478260869565,0.217391304348,0.304347826087,23,0.156126482213,1.6902722881,6.86956521739,6.58333333333,4.9375,3.22355461375,0.469251620989,0.255916345625,4.69841450004,1.36789282913,0.664832140892,2.92055547264,0.850288302161,0.453494771602,0.752800287119,0.445372199745,2.5,1.6902722881,0.752800287119,2.5,0.249370326643,0.181660899654,35,0.0197628458498,0.27680257453,23,23,23,1,0,0.478260869565,0.217391304348,0.304347826087,23,82,0.162055335968,1,7.13043478261,6.30769230769,5.125,3.34805707329,0.469544589547,0.253446447508,4.85073646664,1.36057242357,0.662778366914,3.02754156126,0.849188486694,0.446447507953,0,0,0,NaN,NaN,NaN,0.26468228741,0.195758564437,40,0.0225861095426,0.271108307647,23,23,0,1,2,0.434782608696,0.260869565217,0.304347826087,-6,-0.0118577075099,-0.685075793771,-0.521739130435,-1.02564102564,-0.375,-0.290232930296,-0.00591376319464,0.0039405186542,-0.472046246405,-0.0306094218853,-0.0101465342717,-0.242879233368,-0.00558058462831,0.00375976091777,-0.749191304359,-0.444603920564,-2.5,NaN,NaN,NaN,0.00523567341749,0.00697607469711,-6,-0.00338791643139,-0.0620363254979,-0.0434782608696,0.0434782608696,0,81,1,7,417,0.920454545455,0.997607655502,0.00239234449761,0.0795454545455,0.987804878049,0.920454545455,0.952941176471,0.944303782253,0.918062200957,0.910112359551,3,9,0,10,7,10
1123,WLNM_dir_neg_kfold,0.685185185185,0.397762345679,00:00:01,10,90,5,19350,threshold_sweep,0.7,0.666666666667,0.222222222222,0.333333333333,2,1,7,17,0.222222222222,0.944444444444,0.0555555555556,0.777777777778,0.666666666667,0.222222222222,0.333333333333,0.703703703704,0.62962962963,0.2,0.25,0.166666666667,94,85,9,0,94,0,85,0,9,23,88,0.173913043478,1.68507579377,7.65217391304,7.33333333333,5.5,3.63829000359,0.475458352741,0.249505928854,5.32278271304,1.39118184545,0.672924901186,3.27042079462,0.854769071322,0.442687747036,0.749191304359,0.444603920564,2.5,1.68507579377,0.749191304359,2.5,0.259446613992,0.18878248974,46,0.025974025974,0.333144633145,23,23,23,1,0,0.478260869565,0.217391304348,0.304347826087,23,0.156126482213,1.6902722881,6.86956521739,6.58333333333,4.9375,3.22355461375,0.469251620989,0.255916345625,4.69841450004,1.36789282913,0.664832140892,2.92055547264,0.850288302161,0.453494771602,0.752800287119,0.445372199745,2.5,1.6902722881,0.752800287119,2.5,0.249370326643,0.181660899654,35,0.0197628458498,0.27680257453,23,23,23,1,0,0.478260869565,0.217391304348,0.304347826087,23,82,0.162055335968,1,7.13043478261,6.30769230769,5.125,3.34805707329,0.469544589547,0.253446447508,4.85073646664,1.36057242357,0.662778366914,3.02754156126,0.849188486694,0.446447507953,0,0,0,NaN,NaN,NaN,0.26468228741,0.195758564437,40,0.0225861095426,0.271108307647,23,23,0,1,2,0.434782608696,0.260869565217,0.304347826087,-6,-0.0118577075099,-0.685075793771,-0.521739130435,-1.02564102564,-0.375,-0.290232930296,-0.00591376319464,0.0039405186542,-0.472046246405,-0.0306094218853,-0.0101465342717,-0.242879233368,-0.00558058462831,0.00375976091777,-0.749191304359,-0.444603920564,-2.5,NaN,NaN,NaN,0.00523567341749,0.00697607469711,-6,-0.00338791643139,-0.0620363254979,-0.0434782608696,0.0434782608696,0,81,1,7,417,0.920454545455,0.997607655502,0.00239234449761,0.0795454545455,0.987804878049,0.920454545455,0.952941176471,0.944303782253,0.918062200957,0.910112359551,3,9,0,10,7,10
1124,WLNM_dir_neg_kfold,0.685185185185,0.397762345679,00:00:01,10,90,5,19350,threshold_sweep,0.8,0.666666666667,0.222222222222,0.333333333333,2,1,7,17,0.222222222222,0.944444444444,0.0555555555556,0.777777777778,0.666666666667,0.222222222222,0.333333333333,0.703703703704,0.62962962963,0.2,0.25,0.166666666667,94,85,9,0,94,0,85,0,9,23,88,0.173913043478,1.68507579377,7.65217391304,7.33333333333,5.5,3.63829000359,0.475458352741,0.249505928854,5.32278271304,1.39118184545,0.672924901186,3.27042079462,0.854769071322,0.442687747036,0.749191304359,0.444603920564,2.5,1.68507579377,0.749191304359,2.5,0.259446613992,0.18878248974,46,0.025974025974,0.333144633145,23,23,23,1,0,0.478260869565,0.217391304348,0.304347826087,23,0.156126482213,1.6902722881,6.86956521739,6.58333333333,4.9375,3.22355461375,0.469251620989,0.255916345625,4.69841450004,1.36789282913,0.664832140892,2.92055547264,0.850288302161,0.453494771602,0.752800287119,0.445372199745,2.5,1.6902722881,0.752800287119,2.5,0.249370326643,0.181660899654,35,0.0197628458498,0.27680257453,23,23,23,1,0,0.478260869565,0.217391304348,0.304347826087,23,82,0.162055335968,1,7.13043478261,6.30769230769,5.125,3.34805707329,0.469544589547,0.253446447508,4.85073646664,1.36057242357,0.662778366914,3.02754156126,0.849188486694,0.446447507953,0,0,0,NaN,NaN,NaN,0.26468228741,0.195758564437,40,0.0225861095426,0.271108307647,23,23,0,1,2,0.434782608696,0.260869565217,0.304347826087,-6,-0.0118577075099,-0.685075793771,-0.521739130435,-1.02564102564,-0.375,-0.290232930296,-0.00591376319464,0.0039405186542,-0.472046246405,-0.0306094218853,-0.0101465342717,-0.242879233368,-0.00558058462831,0.00375976091777,-0.749191304359,-0.444603920564,-2.5,NaN,NaN,NaN,0.00523567341749,0.00697607469711,-6,-0.00338791643139,-0.0620363254979,-0.0434782608696,0.0434782608696,0,81,1,7,417,0.920454545455,0.997607655502,0.00239234449761,0.0795454545455,0.987804878049,0.920454545455,0.952941176471,0.944303782253,0.918062200957,0.910112359551,3,9,0,10,7,10
1125,WLNM_dir_neg_kfold,0.685185185185,0.397762345679,00:00:01,10,90,5,19350,threshold_sweep,0.9,0.666666666667,0.222222222222,0.333333333333,2,1,7,17,0.222222222222,0.944444444444,0.0555555555556,0.777777777778,0.666666666667,0.222222222222,0.333333333333,0.703703703704,0.62962962963,0.2,0.25,0.166666666667,94,85,9,0,94,0,85,0,9,23,88,0.173913043478,1.68507579377,7.65217391304,7.33333333333,5.5,3.63829000359,0.475458352741,0.249505928854,5.32278271304,1.39118184545,0.672924901186,3.27042079462,0.854769071322,0.442687747036,0.749191304359,0.444603920564,2.5,1.68507579377,0.749191304359,2.5,0.259446613992,0.18878248974,46,0.025974025974,0.333144633145,23,23,23,1,0,0.478260869565,0.217391304348,0.304347826087,23,0.156126482213,1.6902722881,6.86956521739,6.58333333333,4.9375,3.22355461375,0.469251620989,0.255916345625,4.69841450004,1.36789282913,0.664832140892,2.92055547264,0.850288302161,0.453494771602,0.752800287119,0.445372199745,2.5,1.6902722881,0.752800287119,2.5,0.249370326643,0.181660899654,35,0.0197628458498,0.27680257453,23,23,23,1,0,0.478260869565,0.217391304348,0.304347826087,23,82,0.162055335968,1,7.13043478261,6.30769230769,5.125,3.34805707329,0.469544589547,0.253446447508,4.85073646664,1.36057242357,0.662778366914,3.02754156126,0.849188486694,0.446447507953,0,0,0,NaN,NaN,NaN,0.26468228741,0.195758564437,40,0.0225861095426,0.271108307647,23,23,0,1,2,0.434782608696,0.260869565217,0.304347826087,-6,-0.0118577075099,-0.685075793771,-0.521739130435,-1.02564102564,-0.375,-0.290232930296,-0.00591376319464,0.0039405186542,-0.472046246405,-0.0306094218853,-0.0101465342717,-0.242879233368,-0.00558058462831,0.00375976091777,-0.749191304359,-0.444603920564,-2.5,NaN,NaN,NaN,0.00523567341749,0.00697607469711,-6,-0.00338791643139,-0.0620363254979,-0.0434782608696,0.0434782608696,0,81,1,7,417,0.920454545455,0.997607655502,0.00239234449761,0.0795454545455,0.987804878049,0.920454545455,0.952941176471,0.944303782253,0.918062200957,0.910112359551,3,9,0,10,7,10
1126,WLNM_dir_neg_kfold,0.783950617284,0.472222222222,00:00:01,10,90,6,19351,threshold_sweep,0.1,1,0.222222222222,0.363636363636,2,0,7,18,0.222222222222,1,0,0.777777777778,1,0.222222222222,0.363636363636,0.740740740741,0.641975308642,0.275862068966,0.4,0.222222222222,94,85,9,0,94,0,85,0,9,23,88,0.173913043478,1.68507579377,7.65217391304,7.33333333333,5.5,3.63829000359,0.475458352741,0.249505928854,5.32278271304,1.39118184545,0.672924901186,3.27042079462,0.854769071322,0.442687747036,0.749191304359,0.444603920564,2.5,1.68507579377,0.749191304359,2.5,0.259446613992,0.18878248974,46,0.025974025974,0.333144633145,23,23,23,1,0,0.478260869565,0.217391304348,0.304347826087,23,0.156126482213,1.6902722881,6.86956521739,6.58333333333,4.9375,3.22355461375,0.469251620989,0.255916345625,4.69841450004,1.36789282913,0.664832140892,2.92055547264,0.850288302161,0.453494771602,0.752800287119,0.445372199745,2.5,1.6902722881,0.752800287119,2.5,0.249370326643,0.181660899654,35,0.0197628458498,0.27680257453,23,23,23,1,0,0.478260869565,0.217391304348,0.304347826087,23,81,0.160079051383,1.688568919,7.04347826087,6.75,5.0625,3.35041735351,0.475676537844,0.254428341385,4.87917248216,1.38544403814,0.672034353194,2.98282302552,0.846974439346,0.443370907139,0.751462004267,0.445028921124,2.5,1.688568919,0.751462004267,2.5,0.26468228741,0.195758564437,40,0.0225861095426,0.285521633249,23,23,23,1,0,0.478260869565,0.217391304348,0.304347826087,-7,-0.0138339920949,0.00349312523226,-0.608695652174,-0.583333333333,-0.4375,-0.287872650078,0.000218185102312,0.00492241253111,-0.443610230883,-0.00573780731027,-0.000890547991997,-0.287597769103,-0.00779463197674,0.00068316010345,0.00227069990833,0.000425000559329,0,0.00349312523226,0.00227069990833,0,0.00523567341749,0.00697607469711,-6,-0.00338791643139,-0.0476229998957,0,0,0,81,0,7,418,0.920454545455,1,0,0.0795454545455,1,0.920454545455,0.958579881657,0.951469451768,0.920454545455,0.920454545455,2,9,0,10,7,10
1127,WLNM_dir_neg_kfold,0.783950617284,0.472222222222,00:00:01,10,90,6,19351,threshold_sweep,0.2,1,0.222222222222,0.363636363636,2,0,7,18,0.222222222222,1,0,0.777777777778,1,0.222222222222,0.363636363636,0.740740740741,0.641975308642,0.275862068966,0.4,0.222222222222,94,85,9,0,94,0,85,0,9,23,88,0.173913043478,1.68507579377,7.65217391304,7.33333333333,5.5,3.63829000359,0.475458352741,0.249505928854,5.32278271304,1.39118184545,0.672924901186,3.27042079462,0.854769071322,0.442687747036,0.749191304359,0.444603920564,2.5,1.68507579377,0.749191304359,2.5,0.259446613992,0.18878248974,46,0.025974025974,0.333144633145,23,23,23,1,0,0.478260869565,0.217391304348,0.304347826087,23,0.156126482213,1.6902722881,6.86956521739,6.58333333333,4.9375,3.22355461375,0.469251620989,0.255916345625,4.69841450004,1.36789282913,0.664832140892,2.92055547264,0.850288302161,0.453494771602,0.752800287119,0.445372199745,2.5,1.6902722881,0.752800287119,2.5,0.249370326643,0.181660899654,35,0.0197628458498,0.27680257453,23,23,23,1,0,0.478260869565,0.217391304348,0.304347826087,23,81,0.160079051383,1.688568919,7.04347826087,6.75,5.0625,3.35041735351,0.475676537844,0.254428341385,4.87917248216,1.38544403814,0.672034353194,2.98282302552,0.846974439346,0.443370907139,0.751462004267,0.445028921124,2.5,1.688568919,0.751462004267,2.5,0.26468228741,0.195758564437,40,0.0225861095426,0.285521633249,23,23,23,1,0,0.478260869565,0.217391304348,0.304347826087,-7,-0.0138339920949,0.00349312523226,-0.608695652174,-0.583333333333,-0.4375,-0.287872650078,0.000218185102312,0.00492241253111,-0.443610230883,-0.00573780731027,-0.000890547991997,-0.287597769103,-0.00779463197674,0.00068316010345,0.00227069990833,0.000425000559329,0,0.00349312523226,0.00227069990833,0,0.00523567341749,0.00697607469711,-6,-0.00338791643139,-0.0476229998957,0,0,0,81,0,7,418,0.920454545455,1,0,0.0795454545455,1,0.920454545455,0.958579881657,0.951469451768,0.920454545455,0.920454545455,2,9,0,10,7,10
1128,WLNM_dir_neg_kfold,0.783950617284,0.472222222222,00:00:01,10,90,6,19351,threshold_sweep,0.3,1,0.111111111111,0.2,1,0,8,18,0.111111111111,1,0,0.888888888889,1,0.111111111111,0.2,0.703703703704,0.654320987654,0.142857142857,0.277350098113,0.111111111111,94,85,9,0,94,0,85,0,9,23,88,0.173913043478,1.68507579377,7.65217391304,7.33333333333,5.5,3.63829000359,0.475458352741,0.249505928854,5.32278271304,1.39118184545,0.672924901186,3.27042079462,0.854769071322,0.442687747036,0.749191304359,0.444603920564,2.5,1.68507579377,0.749191304359,2.5,0.259446613992,0.18878248974,46,0.025974025974,0.333144633145,23,23,23,1,0,0.478260869565,0.217391304348,0.304347826087,23,0.156126482213,1.6902722881,6.86956521739,6.58333333333,4.9375,3.22355461375,0.469251620989,0.255916345625,4.69841450004,1.36789282913,0.664832140892,2.92055547264,0.850288302161,0.453494771602,0.752800287119,0.445372199745,2.5,1.6902722881,0.752800287119,2.5,0.249370326643,0.181660899654,35,0.0197628458498,0.27680257453,23,23,23,1,0,0.478260869565,0.217391304348,0.304347826087,23,80,0.158102766798,1.68935508936,6.95652173913,6.66666666667,5,3.28188223252,0.471770570925,0.255434782609,4.78510534906,1.37571778785,0.66847826087,2.95218817486,0.848754100271,0.448913043478,0.752068943211,0.445181091856,2.5,1.68935508936,0.752068943211,2.5,0.258355281083,0.191596638655,38,0.0214568040655,0.281286979014,23,23,23,1,0,0.478260869565,0.217391304348,0.304347826087,-8,-0.0158102766798,0.00427929558364,-0.695652173913,-0.666666666667,-0.5,-0.356407771065,-0.00368778181641,0.00592885375494,-0.537677363986,-0.0154640576005,-0.00444664031621,-0.318232619768,-0.00601497105108,0.00622529644269,0.00287763885235,0.000577171291433,0,0.00427929558364,0.00287763885235,0,-0.00109133290951,0.00281414891538,-8,-0.00451722190853,-0.0518576541304,0,0,0,80,0,8,418,0.909090909091,1,0,0.0909090909091,1,0.909090909091,0.952380952381,0.944467458064,0.909090909091,0.909090909091,1,9,0,10,7,10
1129,WLNM_dir_neg_kfold,0.783950617284,0.472222222222,00:00:01,10,90,6,19351,threshold_sweep,0.4,1,0.111111111111,0.2,1,0,8,18,0.111111111111,1,0,0.888888888889,1,0.111111111111,0.2,0.703703703704,0.654320987654,0.142857142857,0.277350098113,0.111111111111,94,85,9,0,94,0,85,0,9,23,88,0.173913043478,1.68507579377,7.65217391304,7.33333333333,5.5,3.63829000359,0.475458352741,0.249505928854,5.32278271304,1.39118184545,0.672924901186,3.27042079462,0.854769071322,0.442687747036,0.749191304359,0.444603920564,2.5,1.68507579377,0.749191304359,2.5,0.259446613992,0.18878248974,46,0.025974025974,0.333144633145,23,23,23,1,0,0.478260869565,0.217391304348,0.304347826087,23,0.156126482213,1.6902722881,6.86956521739,6.58333333333,4.9375,3.22355461375,0.469251620989,0.255916345625,4.69841450004,1.36789282913,0.664832140892,2.92055547264,0.850288302161,0.453494771602,0.752800287119,0.445372199745,2.5,1.6902722881,0.752800287119,2.5,0.249370326643,0.181660899654,35,0.0197628458498,0.27680257453,23,23,23,1,0,0.478260869565,0.217391304348,0.304347826087,23,80,0.158102766798,1.68935508936,6.95652173913,6.66666666667,5,3.28188223252,0.471770570925,0.255434782609,4.78510534906,1.37571778785,0.66847826087,2.95218817486,0.848754100271,0.448913043478,0.752068943211,0.445181091856,2.5,1.68935508936,0.752068943211,2.5,0.258355281083,0.191596638655,38,0.0214568040655,0.281286979014,23,23,23,1,0,0.478260869565,0.217391304348,0.304347826087,-8,-0.0158102766798,0.00427929558364,-0.695652173913,-0.666666666667,-0.5,-0.356407771065,-0.00368778181641,0.00592885375494,-0.537677363986,-0.0154640576005,-0.00444664031621,-0.318232619768,-0.00601497105108,0.00622529644269,0.00287763885235,0.000577171291433,0,0.00427929558364,0.00287763885235,0,-0.00109133290951,0.00281414891538,-8,-0.00451722190853,-0.0518576541304,0,0,0,80,0,8,418,0.909090909091,1,0,0.0909090909091,1,0.909090909091,0.952380952381,0.944467458064,0.909090909091,0.909090909091,1,9,0,10,7,10
1130,WLNM_dir_neg_kfold,0.783950617284,0.472222222222,00:00:01,10,90,6,19351,threshold_sweep,0.5,1,0.111111111111,0.2,1,0,8,18,0.111111111111,1,0,0.888888888889,1,0.111111111111,0.2,0.703703703704,0.654320987654,0.142857142857,0.277350098113,0.111111111111,94,85,9,0,94,0,85,0,9,23,88,0.173913043478,1.68507579377,7.65217391304,7.33333333333,5.5,3.63829000359,0.475458352741,0.249505928854,5.32278271304,1.39118184545,0.672924901186,3.27042079462,0.854769071322,0.442687747036,0.749191304359,0.444603920564,2.5,1.68507579377,0.749191304359,2.5,0.259446613992,0.18878248974,46,0.025974025974,0.333144633145,23,23,23,1,0,0.478260869565,0.217391304348,0.304347826087,23,0.156126482213,1.6902722881,6.86956521739,6.58333333333,4.9375,3.22355461375,0.469251620989,0.255916345625,4.69841450004,1.36789282913,0.664832140892,2.92055547264,0.850288302161,0.453494771602,0.752800287119,0.445372199745,2.5,1.6902722881,0.752800287119,2.5,0.249370326643,0.181660899654,35,0.0197628458498,0.27680257453,23,23,23,1,0,0.478260869565,0.217391304348,0.304347826087,23,80,0.158102766798,1.68935508936,6.95652173913,6.66666666667,5,3.28188223252,0.471770570925,0.255434782609,4.78510534906,1.37571778785,0.66847826087,2.95218817486,0.848754100271,0.448913043478,0.752068943211,0.445181091856,2.5,1.68935508936,0.752068943211,2.5,0.258355281083,0.191596638655,38,0.0214568040655,0.281286979014,23,23,23,1,0,0.478260869565,0.217391304348,0.304347826087,-8,-0.0158102766798,0.00427929558364,-0.695652173913,-0.666666666667,-0.5,-0.356407771065,-0.00368778181641,0.00592885375494,-0.537677363986,-0.0154640576005,-0.00444664031621,-0.318232619768,-0.00601497105108,0.00622529644269,0.00287763885235,0.000577171291433,0,0.00427929558364,0.00287763885235,0,-0.00109133290951,0.00281414891538,-8,-0.00451722190853,-0.0518576541304,0,0,0,80,0,8,418,0.909090909091,1,0,0.0909090909091,1,0.909090909091,0.952380952381,0.944467458064,0.909090909091,0.909090909091,1,9,0,10,7,10
1131,WLNM_dir_neg_kfold,0.783950617284,0.472222222222,00:00:01,10,90,6,19351,threshold_sweep,0.6,1,0.111111111111,0.2,1,0,8,18,0.111111111111,1,0,0.888888888889,1,0.111111111111,0.2,0.703703703704,0.654320987654,0.142857142857,0.277350098113,0.111111111111,94,85,9,0,94,0,85,0,9,23,88,0.173913043478,1.68507579377,7.65217391304,7.33333333333,5.5,3.63829000359,0.475458352741,0.249505928854,5.32278271304,1.39118184545,0.672924901186,3.27042079462,0.854769071322,0.442687747036,0.749191304359,0.444603920564,2.5,1.68507579377,0.749191304359,2.5,0.259446613992,0.18878248974,46,0.025974025974,0.333144633145,23,23,23,1,0,0.478260869565,0.217391304348,0.304347826087,23,0.156126482213,1.6902722881,6.86956521739,6.58333333333,4.9375,3.22355461375,0.469251620989,0.255916345625,4.69841450004,1.36789282913,0.664832140892,2.92055547264,0.850288302161,0.453494771602,0.752800287119,0.445372199745,2.5,1.6902722881,0.752800287119,2.5,0.249370326643,0.181660899654,35,0.0197628458498,0.27680257453,23,23,23,1,0,0.478260869565,0.217391304348,0.304347826087,23,80,0.158102766798,1.68935508936,6.95652173913,6.66666666667,5,3.28188223252,0.471770570925,0.255434782609,4.78510534906,1.37571778785,0.66847826087,2.95218817486,0.848754100271,0.448913043478,0.752068943211,0.445181091856,2.5,1.68935508936,0.752068943211,2.5,0.258355281083,0.191596638655,38,0.0214568040655,0.281286979014,23,23,23,1,0,0.478260869565,0.217391304348,0.304347826087,-8,-0.0158102766798,0.00427929558364,-0.695652173913,-0.666666666667,-0.5,-0.356407771065,-0.00368778181641,0.00592885375494,-0.537677363986,-0.0154640576005,-0.00444664031621,-0.318232619768,-0.00601497105108,0.00622529644269,0.00287763885235,0.000577171291433,0,0.00427929558364,0.00287763885235,0,-0.00109133290951,0.00281414891538,-8,-0.00451722190853,-0.0518576541304,0,0,0,80,0,8,418,0.909090909091,1,0,0.0909090909091,1,0.909090909091,0.952380952381,0.944467458064,0.909090909091,0.909090909091,1,9,0,10,7,10
1132,WLNM_dir_neg_kfold,0.783950617284,0.472222222222,00:00:01,10,90,6,19351,threshold_sweep,0.7,1,0.111111111111,0.2,1,0,8,18,0.111111111111,1,0,0.888888888889,1,0.111111111111,0.2,0.703703703704,0.654320987654,0.142857142857,0.277350098113,0.111111111111,94,85,9,0,94,0,85,0,9,23,88,0.173913043478,1.68507579377,7.65217391304,7.33333333333,5.5,3.63829000359,0.475458352741,0.249505928854,5.32278271304,1.39118184545,0.672924901186,3.27042079462,0.854769071322,0.442687747036,0.749191304359,0.444603920564,2.5,1.68507579377,0.749191304359,2.5,0.259446613992,0.18878248974,46,0.025974025974,0.333144633145,23,23,23,1,0,0.478260869565,0.217391304348,0.304347826087,23,0.156126482213,1.6902722881,6.86956521739,6.58333333333,4.9375,3.22355461375,0.469251620989,0.255916345625,4.69841450004,1.36789282913,0.664832140892,2.92055547264,0.850288302161,0.453494771602,0.752800287119,0.445372199745,2.5,1.6902722881,0.752800287119,2.5,0.249370326643,0.181660899654,35,0.0197628458498,0.27680257453,23,23,23,1,0,0.478260869565,0.217391304348,0.304347826087,23,80,0.158102766798,1.68935508936,6.95652173913,6.66666666667,5,3.28188223252,0.471770570925,0.255434782609,4.78510534906,1.37571778785,0.66847826087,2.95218817486,0.848754100271,0.448913043478,0.752068943211,0.445181091856,2.5,1.68935508936,0.752068943211,2.5,0.258355281083,0.191596638655,38,0.0214568040655,0.281286979014,23,23,23,1,0,0.478260869565,0.217391304348,0.304347826087,-8,-0.0158102766798,0.00427929558364,-0.695652173913,-0.666666666667,-0.5,-0.356407771065,-0.00368778181641,0.00592885375494,-0.537677363986,-0.0154640576005,-0.00444664031621,-0.318232619768,-0.00601497105108,0.00622529644269,0.00287763885235,0.000577171291433,0,0.00427929558364,0.00287763885235,0,-0.00109133290951,0.00281414891538,-8,-0.00451722190853,-0.0518576541304,0,0,0,80,0,8,418,0.909090909091,1,0,0.0909090909091,1,0.909090909091,0.952380952381,0.944467458064,0.909090909091,0.909090909091,1,9,0,10,7,10
1133,WLNM_dir_neg_kfold,0.783950617284,0.472222222222,00:00:01,10,90,6,19351,threshold_sweep,0.8,1,0.111111111111,0.2,1,0,8,18,0.111111111111,1,0,0.888888888889,1,0.111111111111,0.2,0.703703703704,0.654320987654,0.142857142857,0.277350098113,0.111111111111,94,85,9,0,94,0,85,0,9,23,88,0.173913043478,1.68507579377,7.65217391304,7.33333333333,5.5,3.63829000359,0.475458352741,0.249505928854,5.32278271304,1.39118184545,0.672924901186,3.27042079462,0.854769071322,0.442687747036,0.749191304359,0.444603920564,2.5,1.68507579377,0.749191304359,2.5,0.259446613992,0.18878248974,46,0.025974025974,0.333144633145,23,23,23,1,0,0.478260869565,0.217391304348,0.304347826087,23,0.156126482213,1.6902722881,6.86956521739,6.58333333333,4.9375,3.22355461375,0.469251620989,0.255916345625,4.69841450004,1.36789282913,0.664832140892,2.92055547264,0.850288302161,0.453494771602,0.752800287119,0.445372199745,2.5,1.6902722881,0.752800287119,2.5,0.249370326643,0.181660899654,35,0.0197628458498,0.27680257453,23,23,23,1,0,0.478260869565,0.217391304348,0.304347826087,23,80,0.158102766798,1.68935508936,6.95652173913,6.66666666667,5,3.28188223252,0.471770570925,0.255434782609,4.78510534906,1.37571778785,0.66847826087,2.95218817486,0.848754100271,0.448913043478,0.752068943211,0.445181091856,2.5,1.68935508936,0.752068943211,2.5,0.258355281083,0.191596638655,38,0.0214568040655,0.281286979014,23,23,23,1,0,0.478260869565,0.217391304348,0.304347826087,-8,-0.0158102766798,0.00427929558364,-0.695652173913,-0.666666666667,-0.5,-0.356407771065,-0.00368778181641,0.00592885375494,-0.537677363986,-0.0154640576005,-0.00444664031621,-0.318232619768,-0.00601497105108,0.00622529644269,0.00287763885235,0.000577171291433,0,0.00427929558364,0.00287763885235,0,-0.00109133290951,0.00281414891538,-8,-0.00451722190853,-0.0518576541304,0,0,0,80,0,8,418,0.909090909091,1,0,0.0909090909091,1,0.909090909091,0.952380952381,0.944467458064,0.909090909091,0.909090909091,1,9,0,10,7,10
1134,WLNM_dir_neg_kfold,0.783950617284,0.472222222222,00:00:01,10,90,6,19351,threshold_sweep,0.9,1,0.111111111111,0.2,1,0,8,18,0.111111111111,1,0,0.888888888889,1,0.111111111111,0.2,0.703703703704,0.654320987654,0.142857142857,0.277350098113,0.111111111111,94,85,9,0,94,0,85,0,9,23,88,0.173913043478,1.68507579377,7.65217391304,7.33333333333,5.5,3.63829000359,0.475458352741,0.249505928854,5.32278271304,1.39118184545,0.672924901186,3.27042079462,0.854769071322,0.442687747036,0.749191304359,0.444603920564,2.5,1.68507579377,0.749191304359,2.5,0.259446613992,0.18878248974,46,0.025974025974,0.333144633145,23,23,23,1,0,0.478260869565,0.217391304348,0.304347826087,23,0.156126482213,1.6902722881,6.86956521739,6.58333333333,4.9375,3.22355461375,0.469251620989,0.255916345625,4.69841450004,1.36789282913,0.664832140892,2.92055547264,0.850288302161,0.453494771602,0.752800287119,0.445372199745,2.5,1.6902722881,0.752800287119,2.5,0.249370326643,0.181660899654,35,0.0197628458498,0.27680257453,23,23,23,1,0,0.478260869565,0.217391304348,0.304347826087,23,80,0.158102766798,1.68935508936,6.95652173913,6.66666666667,5,3.28188223252,0.471770570925,0.255434782609,4.78510534906,1.37571778785,0.66847826087,2.95218817486,0.848754100271,0.448913043478,0.752068943211,0.445181091856,2.5,1.68935508936,0.752068943211,2.5,0.258355281083,0.191596638655,38,0.0214568040655,0.281286979014,23,23,23,1,0,0.478260869565,0.217391304348,0.304347826087,-8,-0.0158102766798,0.00427929558364,-0.695652173913,-0.666666666667,-0.5,-0.356407771065,-0.00368778181641,0.00592885375494,-0.537677363986,-0.0154640576005,-0.00444664031621,-0.318232619768,-0.00601497105108,0.00622529644269,0.00287763885235,0.000577171291433,0,0.00427929558364,0.00287763885235,0,-0.00109133290951,0.00281414891538,-8,-0.00451722190853,-0.0518576541304,0,0,0,80,0,8,418,0.909090909091,1,0,0.0909090909091,1,0.909090909091,0.952380952381,0.944467458064,0.909090909091,0.909090909091,1,9,0,10,7,10
1135,WLNM_dir_neg_kfold,0.740740740741,0.441666666667,00:00:01,10,90,7,19352,threshold_sweep,0.1,0.5,0.222222222222,0.307692307692,2,2,7,16,0.222222222222,0.888888888889,0.111111111111,0.777777777778,0.5,0.222222222222,0.307692307692,0.666666666667,0.617283950617,0.129032258065,0.147441956155,0.111111111111,94,85,9,0,94,0,85,0,9,23,88,0.173913043478,1.68507579377,7.65217391304,7.33333333333,5.5,3.63829000359,0.475458352741,0.249505928854,5.32278271304,1.39118184545,0.672924901186,3.27042079462,0.854769071322,0.442687747036,0.749191304359,0.444603920564,2.5,1.68507579377,0.749191304359,2.5,0.259446613992,0.18878248974,46,0.025974025974,0.333144633145,23,23,23,1,0,0.478260869565,0.217391304348,0.304347826087,23,0.156126482213,1.6902722881,6.86956521739,6.58333333333,4.9375,3.22355461375,0.469251620989,0.255916345625,4.69841450004,1.36789282913,0.664832140892,2.92055547264,0.850288302161,0.453494771602,0.752800287119,0.445372199745,2.5,1.6902722881,0.752800287119,2.5,0.249370326643,0.181660899654,35,0.0197628458498,0.27680257453,23,23,23,1,0,0.478260869565,0.217391304348,0.304347826087,23,83,0.164031620553,1.90260738383,7.21739130435,6.38461538462,4.88235294118,3.39727861329,0.470707277744,0.251964379256,4.91508929388,1.36201269589,0.664222105815,2.9192017968,0.808935437667,0.426401257203,0.916152082449,0.481524506966,3,1.90260738383,0.916152082449,3,0.284392375301,0.223950233281,48,0.0271033314512,0.244966376216,23,23,23,1,0,0.434782608696,0.304347826087,0.260869565217,-5,-0.0098814229249,0.217531590061,-0.434782608696,-0.948717948718,-0.617647058824,-0.241011390301,-0.00475107499709,0.0024584504024,-0.407693419165,-0.0291691495606,-0.00870279537121,-0.351218997826,-0.0458336336551,-0.0162864898328,0.166960778091,0.0369205864014,0.5,0.217531590061,0.166960778091,0.5,0.0249457613094,0.0351677435414,2,0.00112930547713,-0.0881782569283,-0.0434782608696,0.0869565217391,-0.0434782608696,81,2,7,416,0.920454545455,0.995215311005,0.00478468899522,0.0795454545455,0.975903614458,0.920454545455,0.947368421053,0.937258018638,0.915669856459,0.9,4,9,0,10,7,10
1136,WLNM_dir_neg_kfold,0.740740740741,0.441666666667,00:00:01,10,90,7,19352,threshold_sweep,0.2,0.5,0.222222222222,0.307692307692,2,2,7,16,0.222222222222,0.888888888889,0.111111111111,0.777777777778,0.5,0.222222222222,0.307692307692,0.666666666667,0.617283950617,0.129032258065,0.147441956155,0.111111111111,94,85,9,0,94,0,85,0,9,23,88,0.173913043478,1.68507579377,7.65217391304,7.33333333333,5.5,3.63829000359,0.475458352741,0.249505928854,5.32278271304,1.39118184545,0.672924901186,3.27042079462,0.854769071322,0.442687747036,0.749191304359,0.444603920564,2.5,1.68507579377,0.749191304359,2.5,0.259446613992,0.18878248974,46,0.025974025974,0.333144633145,23,23,23,1,0,0.478260869565,0.217391304348,0.304347826087,23,0.156126482213,1.6902722881,6.86956521739,6.58333333333,4.9375,3.22355461375,0.469251620989,0.255916345625,4.69841450004,1.36789282913,0.664832140892,2.92055547264,0.850288302161,0.453494771602,0.752800287119,0.445372199745,2.5,1.6902722881,0.752800287119,2.5,0.249370326643,0.181660899654,35,0.0197628458498,0.27680257453,23,23,23,1,0,0.478260869565,0.217391304348,0.304347826087,23,83,0.164031620553,1.90260738383,7.21739130435,6.38461538462,4.88235294118,3.39727861329,0.470707277744,0.251964379256,4.91508929388,1.36201269589,0.664222105815,2.9192017968,0.808935437667,0.426401257203,0.916152082449,0.481524506966,3,1.90260738383,0.916152082449,3,0.284392375301,0.223950233281,48,0.0271033314512,0.244966376216,23,23,23,1,0,0.434782608696,0.304347826087,0.260869565217,-5,-0.0098814229249,0.217531590061,-0.434782608696,-0.948717948718,-0.617647058824,-0.241011390301,-0.00475107499709,0.0024584504024,-0.407693419165,-0.0291691495606,-0.00870279537121,-0.351218997826,-0.0458336336551,-0.0162864898328,0.166960778091,0.0369205864014,0.5,0.217531590061,0.166960778091,0.5,0.0249457613094,0.0351677435414,2,0.00112930547713,-0.0881782569283,-0.0434782608696,0.0869565217391,-0.0434782608696,81,2,7,416,0.920454545455,0.995215311005,0.00478468899522,0.0795454545455,0.975903614458,0.920454545455,0.947368421053,0.937258018638,0.915669856459,0.9,4,9,0,10,7,10
1137,WLNM_dir_neg_kfold,0.740740740741,0.441666666667,00:00:01,10,90,7,19352,threshold_sweep,0.3,0.5,0.222222222222,0.307692307692,2,2,7,16,0.222222222222,0.888888888889,0.111111111111,0.777777777778,0.5,0.222222222222,0.307692307692,0.666666666667,0.617283950617,0.129032258065,0.147441956155,0.111111111111,94,85,9,0,94,0,85,0,9,23,88,0.173913043478,1.68507579377,7.65217391304,7.33333333333,5.5,3.63829000359,0.475458352741,0.249505928854,5.32278271304,1.39118184545,0.672924901186,3.27042079462,0.854769071322,0.442687747036,0.749191304359,0.444603920564,2.5,1.68507579377,0.749191304359,2.5,0.259446613992,0.18878248974,46,0.025974025974,0.333144633145,23,23,23,1,0,0.478260869565,0.217391304348,0.304347826087,23,0.156126482213,1.6902722881,6.86956521739,6.58333333333,4.9375,3.22355461375,0.469251620989,0.255916345625,4.69841450004,1.36789282913,0.664832140892,2.92055547264,0.850288302161,0.453494771602,0.752800287119,0.445372199745,2.5,1.6902722881,0.752800287119,2.5,0.249370326643,0.181660899654,35,0.0197628458498,0.27680257453,23,23,23,1,0,0.478260869565,0.217391304348,0.304347826087,23,83,0.164031620553,1.90260738383,7.21739130435,6.38461538462,4.88235294118,3.39727861329,0.470707277744,0.251964379256,4.91508929388,1.36201269589,0.664222105815,2.9192017968,0.808935437667,0.426401257203,0.916152082449,0.481524506966,3,1.90260738383,0.916152082449,3,0.284392375301,0.223950233281,48,0.0271033314512,0.244966376216,23,23,23,1,0,0.434782608696,0.304347826087,0.260869565217,-5,-0.0098814229249,0.217531590061,-0.434782608696,-0.948717948718,-0.617647058824,-0.241011390301,-0.00475107499709,0.0024584504024,-0.407693419165,-0.0291691495606,-0.00870279537121,-0.351218997826,-0.0458336336551,-0.0162864898328,0.166960778091,0.0369205864014,0.5,0.217531590061,0.166960778091,0.5,0.0249457613094,0.0351677435414,2,0.00112930547713,-0.0881782569283,-0.0434782608696,0.0869565217391,-0.0434782608696,81,2,7,416,0.920454545455,0.995215311005,0.00478468899522,0.0795454545455,0.975903614458,0.920454545455,0.947368421053,0.937258018638,0.915669856459,0.9,4,9,0,10,7,10
1138,WLNM_dir_neg_kfold,0.740740740741,0.441666666667,00:00:01,10,90,7,19352,threshold_sweep,0.4,0.5,0.222222222222,0.307692307692,2,2,7,16,0.222222222222,0.888888888889,0.111111111111,0.777777777778,0.5,0.222222222222,0.307692307692,0.666666666667,0.617283950617,0.129032258065,0.147441956155,0.111111111111,94,85,9,0,94,0,85,0,9,23,88,0.173913043478,1.68507579377,7.65217391304,7.33333333333,5.5,3.63829000359,0.475458352741,0.249505928854,5.32278271304,1.39118184545,0.672924901186,3.27042079462,0.854769071322,0.442687747036,0.749191304359,0.444603920564,2.5,1.68507579377,0.749191304359,2.5,0.259446613992,0.18878248974,46,0.025974025974,0.333144633145,23,23,23,1,0,0.478260869565,0.217391304348,0.304347826087,23,0.156126482213,1.6902722881,6.86956521739,6.58333333333,4.9375,3.22355461375,0.469251620989,0.255916345625,4.69841450004,1.36789282913,0.664832140892,2.92055547264,0.850288302161,0.453494771602,0.752800287119,0.445372199745,2.5,1.6902722881,0.752800287119,2.5,0.249370326643,0.181660899654,35,0.0197628458498,0.27680257453,23,23,23,1,0,0.478260869565,0.217391304348,0.304347826087,23,83,0.164031620553,1.90260738383,7.21739130435,6.38461538462,4.88235294118,3.39727861329,0.470707277744,0.251964379256,4.91508929388,1.36201269589,0.664222105815,2.9192017968,0.808935437667,0.426401257203,0.916152082449,0.481524506966,3,1.90260738383,0.916152082449,3,0.284392375301,0.223950233281,48,0.0271033314512,0.244966376216,23,23,23,1,0,0.434782608696,0.304347826087,0.260869565217,-5,-0.0098814229249,0.217531590061,-0.434782608696,-0.948717948718,-0.617647058824,-0.241011390301,-0.00475107499709,0.0024584504024,-0.407693419165,-0.0291691495606,-0.00870279537121,-0.351218997826,-0.0458336336551,-0.0162864898328,0.166960778091,0.0369205864014,0.5,0.217531590061,0.166960778091,0.5,0.0249457613094,0.0351677435414,2,0.00112930547713,-0.0881782569283,-0.0434782608696,0.0869565217391,-0.0434782608696,81,2,7,416,0.920454545455,0.995215311005,0.00478468899522,0.0795454545455,0.975903614458,0.920454545455,0.947368421053,0.937258018638,0.915669856459,0.9,4,9,0,10,7,10
1139,WLNM_dir_neg_kfold,0.740740740741,0.441666666667,00:00:01,10,90,7,19352,threshold_sweep,0.5,0.5,0.222222222222,0.307692307692,2,2,7,16,0.222222222222,0.888888888889,0.111111111111,0.777777777778,0.5,0.222222222222,0.307692307692,0.666666666667,0.617283950617,0.129032258065,0.147441956155,0.111111111111,94,85,9,0,94,0,85,0,9,23,88,0.173913043478,1.68507579377,7.65217391304,7.33333333333,5.5,3.63829000359,0.475458352741,0.249505928854,5.32278271304,1.39118184545,0.672924901186,3.27042079462,0.854769071322,0.442687747036,0.749191304359,0.444603920564,2.5,1.68507579377,0.749191304359,2.5,0.259446613992,0.18878248974,46,0.025974025974,0.333144633145,23,23,23,1,0,0.478260869565,0.217391304348,0.304347826087,23,0.156126482213,1.6902722881,6.86956521739,6.58333333333,4.9375,3.22355461375,0.469251620989,0.255916345625,4.69841450004,1.36789282913,0.664832140892,2.92055547264,0.850288302161,0.453494771602,0.752800287119,0.445372199745,2.5,1.6902722881,0.752800287119,2.5,0.249370326643,0.181660899654,35,0.0197628458498,0.27680257453,23,23,23,1,0,0.478260869565,0.217391304348,0.304347826087,23,83,0.164031620553,1.90260738383,7.21739130435,6.38461538462,4.88235294118,3.39727861329,0.470707277744,0.251964379256,4.91508929388,1.36201269589,0.664222105815,2.9192017968,0.808935437667,0.426401257203,0.916152082449,0.481524506966,3,1.90260738383,0.916152082449,3,0.284392375301,0.223950233281,48,0.0271033314512,0.244966376216,23,23,23,1,0,0.434782608696,0.304347826087,0.260869565217,-5,-0.0098814229249,0.217531590061,-0.434782608696,-0.948717948718,-0.617647058824,-0.241011390301,-0.00475107499709,0.0024584504024,-0.407693419165,-0.0291691495606,-0.00870279537121,-0.351218997826,-0.0458336336551,-0.0162864898328,0.166960778091,0.0369205864014,0.5,0.217531590061,0.166960778091,0.5,0.0249457613094,0.0351677435414,2,0.00112930547713,-0.0881782569283,-0.0434782608696,0.0869565217391,-0.0434782608696,81,2,7,416,0.920454545455,0.995215311005,0.00478468899522,0.0795454545455,0.975903614458,0.920454545455,0.947368421053,0.937258018638,0.915669856459,0.9,4,9,0,10,7,10
1140,WLNM_dir_neg_kfold,0.740740740741,0.441666666667,00:00:01,10,90,7,19352,threshold_sweep,0.6,0.5,0.222222222222,0.307692307692,2,2,7,16,0.222222222222,0.888888888889,0.111111111111,0.777777777778,0.5,0.222222222222,0.307692307692,0.666666666667,0.617283950617,0.129032258065,0.147441956155,0.111111111111,94,85,9,0,94,0,85,0,9,23,88,0.173913043478,1.68507579377,7.65217391304,7.33333333333,5.5,3.63829000359,0.475458352741,0.249505928854,5.32278271304,1.39118184545,0.672924901186,3.27042079462,0.854769071322,0.442687747036,0.749191304359,0.444603920564,2.5,1.68507579377,0.749191304359,2.5,0.259446613992,0.18878248974,46,0.025974025974,0.333144633145,23,23,23,1,0,0.478260869565,0.217391304348,0.304347826087,23,0.156126482213,1.6902722881,6.86956521739,6.58333333333,4.9375,3.22355461375,0.469251620989,0.255916345625,4.69841450004,1.36789282913,0.664832140892,2.92055547264,0.850288302161,0.453494771602,0.752800287119,0.445372199745,2.5,1.6902722881,0.752800287119,2.5,0.249370326643,0.181660899654,35,0.0197628458498,0.27680257453,23,23,23,1,0,0.478260869565,0.217391304348,0.304347826087,23,83,0.164031620553,1.90260738383,7.21739130435,6.38461538462,4.88235294118,3.39727861329,0.470707277744,0.251964379256,4.91508929388,1.36201269589,0.664222105815,2.9192017968,0.808935437667,0.426401257203,0.916152082449,0.481524506966,3,1.90260738383,0.916152082449,3,0.284392375301,0.223950233281,48,0.0271033314512,0.244966376216,23,23,23,1,0,0.434782608696,0.304347826087,0.260869565217,-5,-0.0098814229249,0.217531590061,-0.434782608696,-0.948717948718,-0.617647058824,-0.241011390301,-0.00475107499709,0.0024584504024,-0.407693419165,-0.0291691495606,-0.00870279537121,-0.351218997826,-0.0458336336551,-0.0162864898328,0.166960778091,0.0369205864014,0.5,0.217531590061,0.166960778091,0.5,0.0249457613094,0.0351677435414,2,0.00112930547713,-0.0881782569283,-0.0434782608696,0.0869565217391,-0.0434782608696,81,2,7,416,0.920454545455,0.995215311005,0.00478468899522,0.0795454545455,0.975903614458,0.920454545455,0.947368421053,0.937258018638,0.915669856459,0.9,4,9,0,10,7,10
1141,WLNM_dir_neg_kfold,0.740740740741,0.441666666667,00:00:01,10,90,7,19352,threshold_sweep,0.7,0.5,0.222222222222,0.307692307692,2,2,7,16,0.222222222222,0.888888888889,0.111111111111,0.777777777778,0.5,0.222222222222,0.307692307692,0.666666666667,0.617283950617,0.129032258065,0.147441956155,0.111111111111,94,85,9,0,94,0,85,0,9,23,88,0.173913043478,1.68507579377,7.65217391304,7.33333333333,5.5,3.63829000359,0.475458352741,0.249505928854,5.32278271304,1.39118184545,0.672924901186,3.27042079462,0.854769071322,0.442687747036,0.749191304359,0.444603920564,2.5,1.68507579377,0.749191304359,2.5,0.259446613992,0.18878248974,46,0.025974025974,0.333144633145,23,23,23,1,0,0.478260869565,0.217391304348,0.304347826087,23,0.156126482213,1.6902722881,6.86956521739,6.58333333333,4.9375,3.22355461375,0.469251620989,0.255916345625,4.69841450004,1.36789282913,0.664832140892,2.92055547264,0.850288302161,0.453494771602,0.752800287119,0.445372199745,2.5,1.6902722881,0.752800287119,2.5,0.249370326643,0.181660899654,35,0.0197628458498,0.27680257453,23,23,23,1,0,0.478260869565,0.217391304348,0.304347826087,23,83,0.164031620553,1.90260738383,7.21739130435,6.38461538462,4.88235294118,3.39727861329,0.470707277744,0.251964379256,4.91508929388,1.36201269589,0.664222105815,2.9192017968,0.808935437667,0.426401257203,0.916152082449,0.481524506966,3,1.90260738383,0.916152082449,3,0.284392375301,0.223950233281,48,0.0271033314512,0.244966376216,23,23,23,1,0,0.434782608696,0.304347826087,0.260869565217,-5,-0.0098814229249,0.217531590061,-0.434782608696,-0.948717948718,-0.617647058824,-0.241011390301,-0.00475107499709,0.0024584504024,-0.407693419165,-0.0291691495606,-0.00870279537121,-0.351218997826,-0.0458336336551,-0.0162864898328,0.166960778091,0.0369205864014,0.5,0.217531590061,0.166960778091,0.5,0.0249457613094,0.0351677435414,2,0.00112930547713,-0.0881782569283,-0.0434782608696,0.0869565217391,-0.0434782608696,81,2,7,416,0.920454545455,0.995215311005,0.00478468899522,0.0795454545455,0.975903614458,0.920454545455,0.947368421053,0.937258018638,0.915669856459,0.9,4,9,0,10,7,10
1142,WLNM_dir_neg_kfold,0.740740740741,0.441666666667,00:00:01,10,90,7,19352,threshold_sweep,0.8,0.5,0.222222222222,0.307692307692,2,2,7,16,0.222222222222,0.888888888889,0.111111111111,0.777777777778,0.5,0.222222222222,0.307692307692,0.666666666667,0.617283950617,0.129032258065,0.147441956155,0.111111111111,94,85,9,0,94,0,85,0,9,23,88,0.173913043478,1.68507579377,7.65217391304,7.33333333333,5.5,3.63829000359,0.475458352741,0.249505928854,5.32278271304,1.39118184545,0.672924901186,3.27042079462,0.854769071322,0.442687747036,0.749191304359,0.444603920564,2.5,1.68507579377,0.749191304359,2.5,0.259446613992,0.18878248974,46,0.025974025974,0.333144633145,23,23,23,1,0,0.478260869565,0.217391304348,0.304347826087,23,0.156126482213,1.6902722881,6.86956521739,6.58333333333,4.9375,3.22355461375,0.469251620989,0.255916345625,4.69841450004,1.36789282913,0.664832140892,2.92055547264,0.850288302161,0.453494771602,0.752800287119,0.445372199745,2.5,1.6902722881,0.752800287119,2.5,0.249370326643,0.181660899654,35,0.0197628458498,0.27680257453,23,23,23,1,0,0.478260869565,0.217391304348,0.304347826087,23,83,0.164031620553,1.90260738383,7.21739130435,6.38461538462,4.88235294118,3.39727861329,0.470707277744,0.251964379256,4.91508929388,1.36201269589,0.664222105815,2.9192017968,0.808935437667,0.426401257203,0.916152082449,0.481524506966,3,1.90260738383,0.916152082449,3,0.284392375301,0.223950233281,48,0.0271033314512,0.244966376216,23,23,23,1,0,0.434782608696,0.304347826087,0.260869565217,-5,-0.0098814229249,0.217531590061,-0.434782608696,-0.948717948718,-0.617647058824,-0.241011390301,-0.00475107499709,0.0024584504024,-0.407693419165,-0.0291691495606,-0.00870279537121,-0.351218997826,-0.0458336336551,-0.0162864898328,0.166960778091,0.0369205864014,0.5,0.217531590061,0.166960778091,0.5,0.0249457613094,0.0351677435414,2,0.00112930547713,-0.0881782569283,-0.0434782608696,0.0869565217391,-0.0434782608696,81,2,7,416,0.920454545455,0.995215311005,0.00478468899522,0.0795454545455,0.975903614458,0.920454545455,0.947368421053,0.937258018638,0.915669856459,0.9,4,9,0,10,7,10
1143,WLNM_dir_neg_kfold,0.740740740741,0.441666666667,00:00:01,10,90,7,19352,threshold_sweep,0.9,0.666666666667,0.222222222222,0.333333333333,2,1,7,17,0.222222222222,0.944444444444,0.0555555555556,0.777777777778,0.666666666667,0.222222222222,0.333333333333,0.703703703704,0.62962962963,0.2,0.25,0.166666666667,94,85,9,0,94,0,85,0,9,23,88,0.173913043478,1.68507579377,7.65217391304,7.33333333333,5.5,3.63829000359,0.475458352741,0.249505928854,5.32278271304,1.39118184545,0.672924901186,3.27042079462,0.854769071322,0.442687747036,0.749191304359,0.444603920564,2.5,1.68507579377,0.749191304359,2.5,0.259446613992,0.18878248974,46,0.025974025974,0.333144633145,23,23,23,1,0,0.478260869565,0.217391304348,0.304347826087,23,0.156126482213,1.6902722881,6.86956521739,6.58333333333,4.9375,3.22355461375,0.469251620989,0.255916345625,4.69841450004,1.36789282913,0.664832140892,2.92055547264,0.850288302161,0.453494771602,0.752800287119,0.445372199745,2.5,1.6902722881,0.752800287119,2.5,0.249370326643,0.181660899654,35,0.0197628458498,0.27680257453,23,23,23,1,0,0.478260869565,0.217391304348,0.304347826087,23,82,0.162055335968,1.69324013711,7.13043478261,6.83333333333,4.82352941176,3.45496148941,0.484537282051,0.259278897137,4.943554913,1.38660686584,0.673382820785,2.9360778872,0.823534041531,0.432661717922,0.754478217781,0.445582526213,2.5,1.69324013711,0.754478217781,2.5,0.296297137206,0.227129337539,48,0.0271033314512,0.280414808256,23,23,23,1,0,0.478260869565,0.260869565217,0.260869565217,-6,-0.0118577075099,0.00816434334221,-0.521739130435,-0.5,-0.676470588235,-0.18332851418,0.00907892930946,0.00977296828304,-0.379227800042,-0.00457497961259,0.000457919598959,-0.334342907428,-0.0312350297916,-0.010026029114,0.00528691342189,0.00097860564889,0,0.00816434334221,0.00528691342189,0,0.0368505232142,0.0383468477994,2,0.00112930547713,-0.0527298248889,0,0.0434782608696,-0.0434782608696,81,1,7,417,0.920454545455,0.997607655502,0.00239234449761,0.0795454545455,0.987804878049,0.920454545455,0.952941176471,0.944303782253,0.918062200957,0.910112359551,3,9,0,10,7,10
1144,WLNM_dir_neg_kfold,0.913580246914,0.662037037037,00:00:01,10,90,8,19353,threshold_sweep,0.1,1,0.222222222222,0.363636363636,2,0,7,18,0.222222222222,1,0,0.777777777778,1,0.222222222222,0.363636363636,0.740740740741,0.641975308642,0.275862068966,0.4,0.222222222222,94,85,9,0,94,0,85,0,9,23,88,0.173913043478,1.68507579377,7.65217391304,7.33333333333,5.5,3.63829000359,0.475458352741,0.249505928854,5.32278271304,1.39118184545,0.672924901186,3.27042079462,0.854769071322,0.442687747036,0.749191304359,0.444603920564,2.5,1.68507579377,0.749191304359,2.5,0.259446613992,0.18878248974,46,0.025974025974,0.333144633145,23,23,23,1,0,0.478260869565,0.217391304348,0.304347826087,23,0.156126482213,1.6902722881,6.86956521739,6.58333333333,4.9375,3.22355461375,0.469251620989,0.255916345625,4.69841450004,1.36789282913,0.664832140892,2.92055547264,0.850288302161,0.453494771602,0.752800287119,0.445372199745,2.5,1.6902722881,0.752800287119,2.5,0.249370326643,0.181660899654,35,0.0197628458498,0.27680257453,23,23,23,1,0,0.478260869565,0.217391304348,0.304347826087,23,81,0.160079051383,1.688568919,7.04347826087,6.75,5.0625,3.35041735351,0.475676537844,0.254428341385,4.87917248216,1.38544403814,0.672034353194,2.98282302552,0.846974439346,0.443370907139,0.751462004267,0.445028921124,2.5,1.688568919,0.751462004267,2.5,0.26468228741,0.195758564437,40,0.0225861095426,0.285521633249,23,23,23,1,0,0.478260869565,0.217391304348,0.304347826087,-7,-0.0138339920949,0.00349312523226,-0.608695652174,-0.583333333333,-0.4375,-0.287872650078,0.000218185102312,0.00492241253111,-0.443610230883,-0.00573780731027,-0.000890547991997,-0.287597769103,-0.00779463197674,0.00068316010345,0.00227069990833,0.000425000559329,0,0.00349312523226,0.00227069990833,0,0.00523567341749,0.00697607469711,-6,-0.00338791643139,-0.0476229998957,0,0,0,81,0,7,418,0.920454545455,1,0,0.0795454545455,1,0.920454545455,0.958579881657,0.951469451768,0.920454545455,0.920454545455,2,9,0,10,7,10
1145,WLNM_dir_neg_kfold,0.913580246914,0.662037037037,00:00:01,10,90,8,19353,threshold_sweep,0.2,1,0.222222222222,0.363636363636,2,0,7,18,0.222222222222,1,0,0.777777777778,1,0.222222222222,0.363636363636,0.740740740741,0.641975308642,0.275862068966,0.4,0.222222222222,94,85,9,0,94,0,85,0,9,23,88,0.173913043478,1.68507579377,7.65217391304,7.33333333333,5.5,3.63829000359,0.475458352741,0.249505928854,5.32278271304,1.39118184545,0.672924901186,3.27042079462,0.854769071322,0.442687747036,0.749191304359,0.444603920564,2.5,1.68507579377,0.749191304359,2.5,0.259446613992,0.18878248974,46,0.025974025974,0.333144633145,23,23,23,1,0,0.478260869565,0.217391304348,0.304347826087,23,0.156126482213,1.6902722881,6.86956521739,6.58333333333,4.9375,3.22355461375,0.469251620989,0.255916345625,4.69841450004,1.36789282913,0.664832140892,2.92055547264,0.850288302161,0.453494771602,0.752800287119,0.445372199745,2.5,1.6902722881,0.752800287119,2.5,0.249370326643,0.181660899654,35,0.0197628458498,0.27680257453,23,23,23,1,0,0.478260869565,0.217391304348,0.304347826087,23,81,0.160079051383,1.688568919,7.04347826087,6.75,5.0625,3.35041735351,0.475676537844,0.254428341385,4.87917248216,1.38544403814,0.672034353194,2.98282302552,0.846974439346,0.443370907139,0.751462004267,0.445028921124,2.5,1.688568919,0.751462004267,2.5,0.26468228741,0.195758564437,40,0.0225861095426,0.285521633249,23,23,23,1,0,0.478260869565,0.217391304348,0.304347826087,-7,-0.0138339920949,0.00349312523226,-0.608695652174,-0.583333333333,-0.4375,-0.287872650078,0.000218185102312,0.00492241253111,-0.443610230883,-0.00573780731027,-0.000890547991997,-0.287597769103,-0.00779463197674,0.00068316010345,0.00227069990833,0.000425000559329,0,0.00349312523226,0.00227069990833,0,0.00523567341749,0.00697607469711,-6,-0.00338791643139,-0.0476229998957,0,0,0,81,0,7,418,0.920454545455,1,0,0.0795454545455,1,0.920454545455,0.958579881657,0.951469451768,0.920454545455,0.920454545455,2,9,0,10,7,10
1146,WLNM_dir_neg_kfold,0.913580246914,0.662037037037,00:00:01,10,90,8,19353,threshold_sweep,0.3,1,0.222222222222,0.363636363636,2,0,7,18,0.222222222222,1,0,0.777777777778,1,0.222222222222,0.363636363636,0.740740740741,0.641975308642,0.275862068966,0.4,0.222222222222,94,85,9,0,94,0,85,0,9,23,88,0.173913043478,1.68507579377,7.65217391304,7.33333333333,5.5,3.63829000359,0.475458352741,0.249505928854,5.32278271304,1.39118184545,0.672924901186,3.27042079462,0.854769071322,0.442687747036,0.749191304359,0.444603920564,2.5,1.68507579377,0.749191304359,2.5,0.259446613992,0.18878248974,46,0.025974025974,0.333144633145,23,23,23,1,0,0.478260869565,0.217391304348,0.304347826087,23,0.156126482213,1.6902722881,6.86956521739,6.58333333333,4.9375,3.22355461375,0.469251620989,0.255916345625,4.69841450004,1.36789282913,0.664832140892,2.92055547264,0.850288302161,0.453494771602,0.752800287119,0.445372199745,2.5,1.6902722881,0.752800287119,2.5,0.249370326643,0.181660899654,35,0.0197628458498,0.27680257453,23,23,23,1,0,0.478260869565,0.217391304348,0.304347826087,23,81,0.160079051383,1.688568919,7.04347826087,6.75,5.0625,3.35041735351,0.475676537844,0.254428341385,4.87917248216,1.38544403814,0.672034353194,2.98282302552,0.846974439346,0.443370907139,0.751462004267,0.445028921124,2.5,1.688568919,0.751462004267,2.5,0.26468228741,0.195758564437,40,0.0225861095426,0.285521633249,23,23,23,1,0,0.478260869565,0.217391304348,0.304347826087,-7,-0.0138339920949,0.00349312523226,-0.608695652174,-0.583333333333,-0.4375,-0.287872650078,0.000218185102312,0.00492241253111,-0.443610230883,-0.00573780731027,-0.000890547991997,-0.287597769103,-0.00779463197674,0.00068316010345,0.00227069990833,0.000425000559329,0,0.00349312523226,0.00227069990833,0,0.00523567341749,0.00697607469711,-6,-0.00338791643139,-0.0476229998957,0,0,0,81,0,7,418,0.920454545455,1,0,0.0795454545455,1,0.920454545455,0.958579881657,0.951469451768,0.920454545455,0.920454545455,2,9,0,10,7,10
1147,WLNM_dir_neg_kfold,0.913580246914,0.662037037037,00:00:01,10,90,8,19353,threshold_sweep,0.4,1,0.222222222222,0.363636363636,2,0,7,18,0.222222222222,1,0,0.777777777778,1,0.222222222222,0.363636363636,0.740740740741,0.641975308642,0.275862068966,0.4,0.222222222222,94,85,9,0,94,0,85,0,9,23,88,0.173913043478,1.68507579377,7.65217391304,7.33333333333,5.5,3.63829000359,0.475458352741,0.249505928854,5.32278271304,1.39118184545,0.672924901186,3.27042079462,0.854769071322,0.442687747036,0.749191304359,0.444603920564,2.5,1.68507579377,0.749191304359,2.5,0.259446613992,0.18878248974,46,0.025974025974,0.333144633145,23,23,23,1,0,0.478260869565,0.217391304348,0.304347826087,23,0.156126482213,1.6902722881,6.86956521739,6.58333333333,4.9375,3.22355461375,0.469251620989,0.255916345625,4.69841450004,1.36789282913,0.664832140892,2.92055547264,0.850288302161,0.453494771602,0.752800287119,0.445372199745,2.5,1.6902722881,0.752800287119,2.5,0.249370326643,0.181660899654,35,0.0197628458498,0.27680257453,23,23,23,1,0,0.478260869565,0.217391304348,0.304347826087,23,81,0.160079051383,1.688568919,7.04347826087,6.75,5.0625,3.35041735351,0.475676537844,0.254428341385,4.87917248216,1.38544403814,0.672034353194,2.98282302552,0.846974439346,0.443370907139,0.751462004267,0.445028921124,2.5,1.688568919,0.751462004267,2.5,0.26468228741,0.195758564437,40,0.0225861095426,0.285521633249,23,23,23,1,0,0.478260869565,0.217391304348,0.304347826087,-7,-0.0138339920949,0.00349312523226,-0.608695652174,-0.583333333333,-0.4375,-0.287872650078,0.000218185102312,0.00492241253111,-0.443610230883,-0.00573780731027,-0.000890547991997,-0.287597769103,-0.00779463197674,0.00068316010345,0.00227069990833,0.000425000559329,0,0.00349312523226,0.00227069990833,0,0.00523567341749,0.00697607469711,-6,-0.00338791643139,-0.0476229998957,0,0,0,81,0,7,418,0.920454545455,1,0,0.0795454545455,1,0.920454545455,0.958579881657,0.951469451768,0.920454545455,0.920454545455,2,9,0,10,7,10
1148,WLNM_dir_neg_kfold,0.913580246914,0.662037037037,00:00:01,10,90,8,19353,threshold_sweep,0.5,1,0.222222222222,0.363636363636,2,0,7,18,0.222222222222,1,0,0.777777777778,1,0.222222222222,0.363636363636,0.740740740741,0.641975308642,0.275862068966,0.4,0.222222222222,94,85,9,0,94,0,85,0,9,23,88,0.173913043478,1.68507579377,7.65217391304,7.33333333333,5.5,3.63829000359,0.475458352741,0.249505928854,5.32278271304,1.39118184545,0.672924901186,3.27042079462,0.854769071322,0.442687747036,0.749191304359,0.444603920564,2.5,1.68507579377,0.749191304359,2.5,0.259446613992,0.18878248974,46,0.025974025974,0.333144633145,23,23,23,1,0,0.478260869565,0.217391304348,0.304347826087,23,0.156126482213,1.6902722881,6.86956521739,6.58333333333,4.9375,3.22355461375,0.469251620989,0.255916345625,4.69841450004,1.36789282913,0.664832140892,2.92055547264,0.850288302161,0.453494771602,0.752800287119,0.445372199745,2.5,1.6902722881,0.752800287119,2.5,0.249370326643,0.181660899654,35,0.0197628458498,0.27680257453,23,23,23,1,0,0.478260869565,0.217391304348,0.304347826087,23,81,0.160079051383,1.688568919,7.04347826087,6.75,5.0625,3.35041735351,0.475676537844,0.254428341385,4.87917248216,1.38544403814,0.672034353194,2.98282302552,0.846974439346,0.443370907139,0.751462004267,0.445028921124,2.5,1.688568919,0.751462004267,2.5,0.26468228741,0.195758564437,40,0.0225861095426,0.285521633249,23,23,23,1,0,0.478260869565,0.217391304348,0.304347826087,-7,-0.0138339920949,0.00349312523226,-0.608695652174,-0.583333333333,-0.4375,-0.287872650078,0.000218185102312,0.00492241253111,-0.443610230883,-0.00573780731027,-0.000890547991997,-0.287597769103,-0.00779463197674,0.00068316010345,0.00227069990833,0.000425000559329,0,0.00349312523226,0.00227069990833,0,0.00523567341749,0.00697607469711,-6,-0.00338791643139,-0.0476229998957,0,0,0,81,0,7,418,0.920454545455,1,0,0.0795454545455,1,0.920454545455,0.958579881657,0.951469451768,0.920454545455,0.920454545455,2,9,0,10,7,10
1149,WLNM_dir_neg_kfold,0.913580246914,0.662037037037,00:00:01,10,90,8,19353,threshold_sweep,0.6,1,0.222222222222,0.363636363636,2,0,7,18,0.222222222222,1,0,0.777777777778,1,0.222222222222,0.363636363636,0.740740740741,0.641975308642,0.275862068966,0.4,0.222222222222,94,85,9,0,94,0,85,0,9,23,88,0.173913043478,1.68507579377,7.65217391304,7.33333333333,5.5,3.63829000359,0.475458352741,0.249505928854,5.32278271304,1.39118184545,0.672924901186,3.27042079462,0.854769071322,0.442687747036,0.749191304359,0.444603920564,2.5,1.68507579377,0.749191304359,2.5,0.259446613992,0.18878248974,46,0.025974025974,0.333144633145,23,23,23,1,0,0.478260869565,0.217391304348,0.304347826087,23,0.156126482213,1.6902722881,6.86956521739,6.58333333333,4.9375,3.22355461375,0.469251620989,0.255916345625,4.69841450004,1.36789282913,0.664832140892,2.92055547264,0.850288302161,0.453494771602,0.752800287119,0.445372199745,2.5,1.6902722881,0.752800287119,2.5,0.249370326643,0.181660899654,35,0.0197628458498,0.27680257453,23,23,23,1,0,0.478260869565,0.217391304348,0.304347826087,23,81,0.160079051383,1.688568919,7.04347826087,6.75,5.0625,3.35041735351,0.475676537844,0.254428341385,4.87917248216,1.38544403814,0.672034353194,2.98282302552,0.846974439346,0.443370907139,0.751462004267,0.445028921124,2.5,1.688568919,0.751462004267,2.5,0.26468228741,0.195758564437,40,0.0225861095426,0.285521633249,23,23,23,1,0,0.478260869565,0.217391304348,0.304347826087,-7,-0.0138339920949,0.00349312523226,-0.608695652174,-0.583333333333,-0.4375,-0.287872650078,0.000218185102312,0.00492241253111,-0.443610230883,-0.00573780731027,-0.000890547991997,-0.287597769103,-0.00779463197674,0.00068316010345,0.00227069990833,0.000425000559329,0,0.00349312523226,0.00227069990833,0,0.00523567341749,0.00697607469711,-6,-0.00338791643139,-0.0476229998957,0,0,0,81,0,7,418,0.920454545455,1,0,0.0795454545455,1,0.920454545455,0.958579881657,0.951469451768,0.920454545455,0.920454545455,2,9,0,10,7,10
1150,WLNM_dir_neg_kfold,0.913580246914,0.662037037037,00:00:01,10,90,8,19353,threshold_sweep,0.7,1,0.222222222222,0.363636363636,2,0,7,18,0.222222222222,1,0,0.777777777778,1,0.222222222222,0.363636363636,0.740740740741,0.641975308642,0.275862068966,0.4,0.222222222222,94,85,9,0,94,0,85,0,9,23,88,0.173913043478,1.68507579377,7.65217391304,7.33333333333,5.5,3.63829000359,0.475458352741,0.249505928854,5.32278271304,1.39118184545,0.672924901186,3.27042079462,0.854769071322,0.442687747036,0.749191304359,0.444603920564,2.5,1.68507579377,0.749191304359,2.5,0.259446613992,0.18878248974,46,0.025974025974,0.333144633145,23,23,23,1,0,0.478260869565,0.217391304348,0.304347826087,23,0.156126482213,1.6902722881,6.86956521739,6.58333333333,4.9375,3.22355461375,0.469251620989,0.255916345625,4.69841450004,1.36789282913,0.664832140892,2.92055547264,0.850288302161,0.453494771602,0.752800287119,0.445372199745,2.5,1.6902722881,0.752800287119,2.5,0.249370326643,0.181660899654,35,0.0197628458498,0.27680257453,23,23,23,1,0,0.478260869565,0.217391304348,0.304347826087,23,81,0.160079051383,1.688568919,7.04347826087,6.75,5.0625,3.35041735351,0.475676537844,0.254428341385,4.87917248216,1.38544403814,0.672034353194,2.98282302552,0.846974439346,0.443370907139,0.751462004267,0.445028921124,2.5,1.688568919,0.751462004267,2.5,0.26468228741,0.195758564437,40,0.0225861095426,0.285521633249,23,23,23,1,0,0.478260869565,0.217391304348,0.304347826087,-7,-0.0138339920949,0.00349312523226,-0.608695652174,-0.583333333333,-0.4375,-0.287872650078,0.000218185102312,0.00492241253111,-0.443610230883,-0.00573780731027,-0.000890547991997,-0.287597769103,-0.00779463197674,0.00068316010345,0.00227069990833,0.000425000559329,0,0.00349312523226,0.00227069990833,0,0.00523567341749,0.00697607469711,-6,-0.00338791643139,-0.0476229998957,0,0,0,81,0,7,418,0.920454545455,1,0,0.0795454545455,1,0.920454545455,0.958579881657,0.951469451768,0.920454545455,0.920454545455,2,9,0,10,7,10
1151,WLNM_dir_neg_kfold,0.913580246914,0.662037037037,00:00:01,10,90,8,19353,threshold_sweep,0.8,1,0.222222222222,0.363636363636,2,0,7,18,0.222222222222,1,0,0.777777777778,1,0.222222222222,0.363636363636,0.740740740741,0.641975308642,0.275862068966,0.4,0.222222222222,94,85,9,0,94,0,85,0,9,23,88,0.173913043478,1.68507579377,7.65217391304,7.33333333333,5.5,3.63829000359,0.475458352741,0.249505928854,5.32278271304,1.39118184545,0.672924901186,3.27042079462,0.854769071322,0.442687747036,0.749191304359,0.444603920564,2.5,1.68507579377,0.749191304359,2.5,0.259446613992,0.18878248974,46,0.025974025974,0.333144633145,23,23,23,1,0,0.478260869565,0.217391304348,0.304347826087,23,0.156126482213,1.6902722881,6.86956521739,6.58333333333,4.9375,3.22355461375,0.469251620989,0.255916345625,4.69841450004,1.36789282913,0.664832140892,2.92055547264,0.850288302161,0.453494771602,0.752800287119,0.445372199745,2.5,1.6902722881,0.752800287119,2.5,0.249370326643,0.181660899654,35,0.0197628458498,0.27680257453,23,23,23,1,0,0.478260869565,0.217391304348,0.304347826087,23,81,0.160079051383,1.688568919,7.04347826087,6.75,5.0625,3.35041735351,0.475676537844,0.254428341385,4.87917248216,1.38544403814,0.672034353194,2.98282302552,0.846974439346,0.443370907139,0.751462004267,0.445028921124,2.5,1.688568919,0.751462004267,2.5,0.26468228741,0.195758564437,40,0.0225861095426,0.285521633249,23,23,23,1,0,0.478260869565,0.217391304348,0.304347826087,-7,-0.0138339920949,0.00349312523226,-0.608695652174,-0.583333333333,-0.4375,-0.287872650078,0.000218185102312,0.00492241253111,-0.443610230883,-0.00573780731027,-0.000890547991997,-0.287597769103,-0.00779463197674,0.00068316010345,0.00227069990833,0.000425000559329,0,0.00349312523226,0.00227069990833,0,0.00523567341749,0.00697607469711,-6,-0.00338791643139,-0.0476229998957,0,0,0,81,0,7,418,0.920454545455,1,0,0.0795454545455,1,0.920454545455,0.958579881657,0.951469451768,0.920454545455,0.920454545455,2,9,0,10,7,10
1152,WLNM_dir_neg_kfold,0.913580246914,0.662037037037,00:00:01,10,90,8,19353,threshold_sweep,0.9,1,0.222222222222,0.363636363636,2,0,7,18,0.222222222222,1,0,0.777777777778,1,0.222222222222,0.363636363636,0.740740740741,0.641975308642,0.275862068966,0.4,0.222222222222,94,85,9,0,94,0,85,0,9,23,88,0.173913043478,1.68507579377,7.65217391304,7.33333333333,5.5,3.63829000359,0.475458352741,0.249505928854,5.32278271304,1.39118184545,0.672924901186,3.27042079462,0.854769071322,0.442687747036,0.749191304359,0.444603920564,2.5,1.68507579377,0.749191304359,2.5,0.259446613992,0.18878248974,46,0.025974025974,0.333144633145,23,23,23,1,0,0.478260869565,0.217391304348,0.304347826087,23,0.156126482213,1.6902722881,6.86956521739,6.58333333333,4.9375,3.22355461375,0.469251620989,0.255916345625,4.69841450004,1.36789282913,0.664832140892,2.92055547264,0.850288302161,0.453494771602,0.752800287119,0.445372199745,2.5,1.6902722881,0.752800287119,2.5,0.249370326643,0.181660899654,35,0.0197628458498,0.27680257453,23,23,23,1,0,0.478260869565,0.217391304348,0.304347826087,23,81,0.160079051383,1.688568919,7.04347826087,6.75,5.0625,3.35041735351,0.475676537844,0.254428341385,4.87917248216,1.38544403814,0.672034353194,2.98282302552,0.846974439346,0.443370907139,0.751462004267,0.445028921124,2.5,1.688568919,0.751462004267,2.5,0.26468228741,0.195758564437,40,0.0225861095426,0.285521633249,23,23,23,1,0,0.478260869565,0.217391304348,0.304347826087,-7,-0.0138339920949,0.00349312523226,-0.608695652174,-0.583333333333,-0.4375,-0.287872650078,0.000218185102312,0.00492241253111,-0.443610230883,-0.00573780731027,-0.000890547991997,-0.287597769103,-0.00779463197674,0.00068316010345,0.00227069990833,0.000425000559329,0,0.00349312523226,0.00227069990833,0,0.00523567341749,0.00697607469711,-6,-0.00338791643139,-0.0476229998957,0,0,0,81,0,7,418,0.920454545455,1,0,0.0795454545455,1,0.920454545455,0.958579881657,0.951469451768,0.920454545455,0.920454545455,2,9,0,10,7,10
1153,WLNM_dir_neg_kfold,0.935185185185,0.688552188552,00:00:01,10,90,9,19354,threshold_sweep,0.1,1,0.222222222222,0.363636363636,2,0,7,18,0.222222222222,1,0,0.777777777778,1,0.222222222222,0.363636363636,0.740740740741,0.641975308642,0.275862068966,0.4,0.222222222222,94,85,9,0,94,0,85,0,9,23,88,0.173913043478,1.68507579377,7.65217391304,7.33333333333,5.5,3.63829000359,0.475458352741,0.249505928854,5.32278271304,1.39118184545,0.672924901186,3.27042079462,0.854769071322,0.442687747036,0.749191304359,0.444603920564,2.5,1.68507579377,0.749191304359,2.5,0.259446613992,0.18878248974,46,0.025974025974,0.333144633145,23,23,23,1,0,0.478260869565,0.217391304348,0.304347826087,23,0.156126482213,1.6902722881,6.86956521739,6.58333333333,4.9375,3.22355461375,0.469251620989,0.255916345625,4.69841450004,1.36789282913,0.664832140892,2.92055547264,0.850288302161,0.453494771602,0.752800287119,0.445372199745,2.5,1.6902722881,0.752800287119,2.5,0.249370326643,0.181660899654,35,0.0197628458498,0.27680257453,23,23,23,1,0,0.478260869565,0.217391304348,0.304347826087,23,81,0.160079051383,1.688568919,7.04347826087,6.75,5.0625,3.35041735351,0.475676537844,0.254428341385,4.87917248216,1.38544403814,0.672034353194,2.98282302552,0.846974439346,0.443370907139,0.751462004267,0.445028921124,2.5,1.688568919,0.751462004267,2.5,0.26468228741,0.195758564437,40,0.0225861095426,0.285521633249,23,23,23,1,0,0.478260869565,0.217391304348,0.304347826087,-7,-0.0138339920949,0.00349312523226,-0.608695652174,-0.583333333333,-0.4375,-0.287872650078,0.000218185102312,0.00492241253111,-0.443610230883,-0.00573780731027,-0.000890547991997,-0.287597769103,-0.00779463197674,0.00068316010345,0.00227069990833,0.000425000559329,0,0.00349312523226,0.00227069990833,0,0.00523567341749,0.00697607469711,-6,-0.00338791643139,-0.0476229998957,0,0,0,81,0,7,418,0.920454545455,1,0,0.0795454545455,1,0.920454545455,0.958579881657,0.951469451768,0.920454545455,0.920454545455,2,9,0,10,7,10
1154,WLNM_dir_neg_kfold,0.935185185185,0.688552188552,00:00:01,10,90,9,19354,threshold_sweep,0.2,1,0.222222222222,0.363636363636,2,0,7,18,0.222222222222,1,0,0.777777777778,1,0.222222222222,0.363636363636,0.740740740741,0.641975308642,0.275862068966,0.4,0.222222222222,94,85,9,0,94,0,85,0,9,23,88,0.173913043478,1.68507579377,7.65217391304,7.33333333333,5.5,3.63829000359,0.475458352741,0.249505928854,5.32278271304,1.39118184545,0.672924901186,3.27042079462,0.854769071322,0.442687747036,0.749191304359,0.444603920564,2.5,1.68507579377,0.749191304359,2.5,0.259446613992,0.18878248974,46,0.025974025974,0.333144633145,23,23,23,1,0,0.478260869565,0.217391304348,0.304347826087,23,0.156126482213,1.6902722881,6.86956521739,6.58333333333,4.9375,3.22355461375,0.469251620989,0.255916345625,4.69841450004,1.36789282913,0.664832140892,2.92055547264,0.850288302161,0.453494771602,0.752800287119,0.445372199745,2.5,1.6902722881,0.752800287119,2.5,0.249370326643,0.181660899654,35,0.0197628458498,0.27680257453,23,23,23,1,0,0.478260869565,0.217391304348,0.304347826087,23,81,0.160079051383,1.688568919,7.04347826087,6.75,5.0625,3.35041735351,0.475676537844,0.254428341385,4.87917248216,1.38544403814,0.672034353194,2.98282302552,0.846974439346,0.443370907139,0.751462004267,0.445028921124,2.5,1.688568919,0.751462004267,2.5,0.26468228741,0.195758564437,40,0.0225861095426,0.285521633249,23,23,23,1,0,0.478260869565,0.217391304348,0.304347826087,-7,-0.0138339920949,0.00349312523226,-0.608695652174,-0.583333333333,-0.4375,-0.287872650078,0.000218185102312,0.00492241253111,-0.443610230883,-0.00573780731027,-0.000890547991997,-0.287597769103,-0.00779463197674,0.00068316010345,0.00227069990833,0.000425000559329,0,0.00349312523226,0.00227069990833,0,0.00523567341749,0.00697607469711,-6,-0.00338791643139,-0.0476229998957,0,0,0,81,0,7,418,0.920454545455,1,0,0.0795454545455,1,0.920454545455,0.958579881657,0.951469451768,0.920454545455,0.920454545455,2,9,0,10,7,10
1155,WLNM_dir_neg_kfold,0.935185185185,0.688552188552,00:00:01,10,90,9,19354,threshold_sweep,0.3,1,0.222222222222,0.363636363636,2,0,7,18,0.222222222222,1,0,0.777777777778,1,0.222222222222,0.363636363636,0.740740740741,0.641975308642,0.275862068966,0.4,0.222222222222,94,85,9,0,94,0,85,0,9,23,88,0.173913043478,1.68507579377,7.65217391304,7.33333333333,5.5,3.63829000359,0.475458352741,0.249505928854,5.32278271304,1.39118184545,0.672924901186,3.27042079462,0.854769071322,0.442687747036,0.749191304359,0.444603920564,2.5,1.68507579377,0.749191304359,2.5,0.259446613992,0.18878248974,46,0.025974025974,0.333144633145,23,23,23,1,0,0.478260869565,0.217391304348,0.304347826087,23,0.156126482213,1.6902722881,6.86956521739,6.58333333333,4.9375,3.22355461375,0.469251620989,0.255916345625,4.69841450004,1.36789282913,0.664832140892,2.92055547264,0.850288302161,0.453494771602,0.752800287119,0.445372199745,2.5,1.6902722881,0.752800287119,2.5,0.249370326643,0.181660899654,35,0.0197628458498,0.27680257453,23,23,23,1,0,0.478260869565,0.217391304348,0.304347826087,23,81,0.160079051383,1.688568919,7.04347826087,6.75,5.0625,3.35041735351,0.475676537844,0.254428341385,4.87917248216,1.38544403814,0.672034353194,2.98282302552,0.846974439346,0.443370907139,0.751462004267,0.445028921124,2.5,1.688568919,0.751462004267,2.5,0.26468228741,0.195758564437,40,0.0225861095426,0.285521633249,23,23,23,1,0,0.478260869565,0.217391304348,0.304347826087,-7,-0.0138339920949,0.00349312523226,-0.608695652174,-0.583333333333,-0.4375,-0.287872650078,0.000218185102312,0.00492241253111,-0.443610230883,-0.00573780731027,-0.000890547991997,-0.287597769103,-0.00779463197674,0.00068316010345,0.00227069990833,0.000425000559329,0,0.00349312523226,0.00227069990833,0,0.00523567341749,0.00697607469711,-6,-0.00338791643139,-0.0476229998957,0,0,0,81,0,7,418,0.920454545455,1,0,0.0795454545455,1,0.920454545455,0.958579881657,0.951469451768,0.920454545455,0.920454545455,2,9,0,10,7,10
1156,WLNM_dir_neg_kfold,0.935185185185,0.688552188552,00:00:01,10,90,9,19354,threshold_sweep,0.4,1,0.222222222222,0.363636363636,2,0,7,18,0.222222222222,1,0,0.777777777778,1,0.222222222222,0.363636363636,0.740740740741,0.641975308642,0.275862068966,0.4,0.222222222222,94,85,9,0,94,0,85,0,9,23,88,0.173913043478,1.68507579377,7.65217391304,7.33333333333,5.5,3.63829000359,0.475458352741,0.249505928854,5.32278271304,1.39118184545,0.672924901186,3.27042079462,0.854769071322,0.442687747036,0.749191304359,0.444603920564,2.5,1.68507579377,0.749191304359,2.5,0.259446613992,0.18878248974,46,0.025974025974,0.333144633145,23,23,23,1,0,0.478260869565,0.217391304348,0.304347826087,23,0.156126482213,1.6902722881,6.86956521739,6.58333333333,4.9375,3.22355461375,0.469251620989,0.255916345625,4.69841450004,1.36789282913,0.664832140892,2.92055547264,0.850288302161,0.453494771602,0.752800287119,0.445372199745,2.5,1.6902722881,0.752800287119,2.5,0.249370326643,0.181660899654,35,0.0197628458498,0.27680257453,23,23,23,1,0,0.478260869565,0.217391304348,0.304347826087,23,81,0.160079051383,1.688568919,7.04347826087,6.75,5.0625,3.35041735351,0.475676537844,0.254428341385,4.87917248216,1.38544403814,0.672034353194,2.98282302552,0.846974439346,0.443370907139,0.751462004267,0.445028921124,2.5,1.688568919,0.751462004267,2.5,0.26468228741,0.195758564437,40,0.0225861095426,0.285521633249,23,23,23,1,0,0.478260869565,0.217391304348,0.304347826087,-7,-0.0138339920949,0.00349312523226,-0.608695652174,-0.583333333333,-0.4375,-0.287872650078,0.000218185102312,0.00492241253111,-0.443610230883,-0.00573780731027,-0.000890547991997,-0.287597769103,-0.00779463197674,0.00068316010345,0.00227069990833,0.000425000559329,0,0.00349312523226,0.00227069990833,0,0.00523567341749,0.00697607469711,-6,-0.00338791643139,-0.0476229998957,0,0,0,81,0,7,418,0.920454545455,1,0,0.0795454545455,1,0.920454545455,0.958579881657,0.951469451768,0.920454545455,0.920454545455,2,9,0,10,7,10
1157,WLNM_dir_neg_kfold,0.935185185185,0.688552188552,00:00:01,10,90,9,19354,threshold_sweep,0.5,1,0.222222222222,0.363636363636,2,0,7,18,0.222222222222,1,0,0.777777777778,1,0.222222222222,0.363636363636,0.740740740741,0.641975308642,0.275862068966,0.4,0.222222222222,94,85,9,0,94,0,85,0,9,23,88,0.173913043478,1.68507579377,7.65217391304,7.33333333333,5.5,3.63829000359,0.475458352741,0.249505928854,5.32278271304,1.39118184545,0.672924901186,3.27042079462,0.854769071322,0.442687747036,0.749191304359,0.444603920564,2.5,1.68507579377,0.749191304359,2.5,0.259446613992,0.18878248974,46,0.025974025974,0.333144633145,23,23,23,1,0,0.478260869565,0.217391304348,0.304347826087,23,0.156126482213,1.6902722881,6.86956521739,6.58333333333,4.9375,3.22355461375,0.469251620989,0.255916345625,4.69841450004,1.36789282913,0.664832140892,2.92055547264,0.850288302161,0.453494771602,0.752800287119,0.445372199745,2.5,1.6902722881,0.752800287119,2.5,0.249370326643,0.181660899654,35,0.0197628458498,0.27680257453,23,23,23,1,0,0.478260869565,0.217391304348,0.304347826087,23,81,0.160079051383,1.688568919,7.04347826087,6.75,5.0625,3.35041735351,0.475676537844,0.254428341385,4.87917248216,1.38544403814,0.672034353194,2.98282302552,0.846974439346,0.443370907139,0.751462004267,0.445028921124,2.5,1.688568919,0.751462004267,2.5,0.26468228741,0.195758564437,40,0.0225861095426,0.285521633249,23,23,23,1,0,0.478260869565,0.217391304348,0.304347826087,-7,-0.0138339920949,0.00349312523226,-0.608695652174,-0.583333333333,-0.4375,-0.287872650078,0.000218185102312,0.00492241253111,-0.443610230883,-0.00573780731027,-0.000890547991997,-0.287597769103,-0.00779463197674,0.00068316010345,0.00227069990833,0.000425000559329,0,0.00349312523226,0.00227069990833,0,0.00523567341749,0.00697607469711,-6,-0.00338791643139,-0.0476229998957,0,0,0,81,0,7,418,0.920454545455,1,0,0.0795454545455,1,0.920454545455,0.958579881657,0.951469451768,0.920454545455,0.920454545455,2,9,0,10,7,10
1158,WLNM_dir_neg_kfold,0.935185185185,0.688552188552,00:00:01,10,90,9,19354,threshold_sweep,0.6,1,0.222222222222,0.363636363636,2,0,7,18,0.222222222222,1,0,0.777777777778,1,0.222222222222,0.363636363636,0.740740740741,0.641975308642,0.275862068966,0.4,0.222222222222,94,85,9,0,94,0,85,0,9,23,88,0.173913043478,1.68507579377,7.65217391304,7.33333333333,5.5,3.63829000359,0.475458352741,0.249505928854,5.32278271304,1.39118184545,0.672924901186,3.27042079462,0.854769071322,0.442687747036,0.749191304359,0.444603920564,2.5,1.68507579377,0.749191304359,2.5,0.259446613992,0.18878248974,46,0.025974025974,0.333144633145,23,23,23,1,0,0.478260869565,0.217391304348,0.304347826087,23,0.156126482213,1.6902722881,6.86956521739,6.58333333333,4.9375,3.22355461375,0.469251620989,0.255916345625,4.69841450004,1.36789282913,0.664832140892,2.92055547264,0.850288302161,0.453494771602,0.752800287119,0.445372199745,2.5,1.6902722881,0.752800287119,2.5,0.249370326643,0.181660899654,35,0.0197628458498,0.27680257453,23,23,23,1,0,0.478260869565,0.217391304348,0.304347826087,23,81,0.160079051383,1.688568919,7.04347826087,6.75,5.0625,3.35041735351,0.475676537844,0.254428341385,4.87917248216,1.38544403814,0.672034353194,2.98282302552,0.846974439346,0.443370907139,0.751462004267,0.445028921124,2.5,1.688568919,0.751462004267,2.5,0.26468228741,0.195758564437,40,0.0225861095426,0.285521633249,23,23,23,1,0,0.478260869565,0.217391304348,0.304347826087,-7,-0.0138339920949,0.00349312523226,-0.608695652174,-0.583333333333,-0.4375,-0.287872650078,0.000218185102312,0.00492241253111,-0.443610230883,-0.00573780731027,-0.000890547991997,-0.287597769103,-0.00779463197674,0.00068316010345,0.00227069990833,0.000425000559329,0,0.00349312523226,0.00227069990833,0,0.00523567341749,0.00697607469711,-6,-0.00338791643139,-0.0476229998957,0,0,0,81,0,7,418,0.920454545455,1,0,0.0795454545455,1,0.920454545455,0.958579881657,0.951469451768,0.920454545455,0.920454545455,2,9,0,10,7,10
1159,WLNM_dir_neg_kfold,0.935185185185,0.688552188552,00:00:01,10,90,9,19354,threshold_sweep,0.7,1,0.222222222222,0.363636363636,2,0,7,18,0.222222222222,1,0,0.777777777778,1,0.222222222222,0.363636363636,0.740740740741,0.641975308642,0.275862068966,0.4,0.222222222222,94,85,9,0,94,0,85,0,9,23,88,0.173913043478,1.68507579377,7.65217391304,7.33333333333,5.5,3.63829000359,0.475458352741,0.249505928854,5.32278271304,1.39118184545,0.672924901186,3.27042079462,0.854769071322,0.442687747036,0.749191304359,0.444603920564,2.5,1.68507579377,0.749191304359,2.5,0.259446613992,0.18878248974,46,0.025974025974,0.333144633145,23,23,23,1,0,0.478260869565,0.217391304348,0.304347826087,23,0.156126482213,1.6902722881,6.86956521739,6.58333333333,4.9375,3.22355461375,0.469251620989,0.255916345625,4.69841450004,1.36789282913,0.664832140892,2.92055547264,0.850288302161,0.453494771602,0.752800287119,0.445372199745,2.5,1.6902722881,0.752800287119,2.5,0.249370326643,0.181660899654,35,0.0197628458498,0.27680257453,23,23,23,1,0,0.478260869565,0.217391304348,0.304347826087,23,81,0.160079051383,1.688568919,7.04347826087,6.75,5.0625,3.35041735351,0.475676537844,0.254428341385,4.87917248216,1.38544403814,0.672034353194,2.98282302552,0.846974439346,0.443370907139,0.751462004267,0.445028921124,2.5,1.688568919,0.751462004267,2.5,0.26468228741,0.195758564437,40,0.0225861095426,0.285521633249,23,23,23,1,0,0.478260869565,0.217391304348,0.304347826087,-7,-0.0138339920949,0.00349312523226,-0.608695652174,-0.583333333333,-0.4375,-0.287872650078,0.000218185102312,0.00492241253111,-0.443610230883,-0.00573780731027,-0.000890547991997,-0.287597769103,-0.00779463197674,0.00068316010345,0.00227069990833,0.000425000559329,0,0.00349312523226,0.00227069990833,0,0.00523567341749,0.00697607469711,-6,-0.00338791643139,-0.0476229998957,0,0,0,81,0,7,418,0.920454545455,1,0,0.0795454545455,1,0.920454545455,0.958579881657,0.951469451768,0.920454545455,0.920454545455,2,9,0,10,7,10
1160,WLNM_dir_neg_kfold,0.935185185185,0.688552188552,00:00:01,10,90,9,19354,threshold_sweep,0.8,1,0.222222222222,0.363636363636,2,0,7,18,0.222222222222,1,0,0.777777777778,1,0.222222222222,0.363636363636,0.740740740741,0.641975308642,0.275862068966,0.4,0.222222222222,94,85,9,0,94,0,85,0,9,23,88,0.173913043478,1.68507579377,7.65217391304,7.33333333333,5.5,3.63829000359,0.475458352741,0.249505928854,5.32278271304,1.39118184545,0.672924901186,3.27042079462,0.854769071322,0.442687747036,0.749191304359,0.444603920564,2.5,1.68507579377,0.749191304359,2.5,0.259446613992,0.18878248974,46,0.025974025974,0.333144633145,23,23,23,1,0,0.478260869565,0.217391304348,0.304347826087,23,0.156126482213,1.6902722881,6.86956521739,6.58333333333,4.9375,3.22355461375,0.469251620989,0.255916345625,4.69841450004,1.36789282913,0.664832140892,2.92055547264,0.850288302161,0.453494771602,0.752800287119,0.445372199745,2.5,1.6902722881,0.752800287119,2.5,0.249370326643,0.181660899654,35,0.0197628458498,0.27680257453,23,23,23,1,0,0.478260869565,0.217391304348,0.304347826087,23,81,0.160079051383,1.688568919,7.04347826087,6.75,5.0625,3.35041735351,0.475676537844,0.254428341385,4.87917248216,1.38544403814,0.672034353194,2.98282302552,0.846974439346,0.443370907139,0.751462004267,0.445028921124,2.5,1.688568919,0.751462004267,2.5,0.26468228741,0.195758564437,40,0.0225861095426,0.285521633249,23,23,23,1,0,0.478260869565,0.217391304348,0.304347826087,-7,-0.0138339920949,0.00349312523226,-0.608695652174,-0.583333333333,-0.4375,-0.287872650078,0.000218185102312,0.00492241253111,-0.443610230883,-0.00573780731027,-0.000890547991997,-0.287597769103,-0.00779463197674,0.00068316010345,0.00227069990833,0.000425000559329,0,0.00349312523226,0.00227069990833,0,0.00523567341749,0.00697607469711,-6,-0.00338791643139,-0.0476229998957,0,0,0,81,0,7,418,0.920454545455,1,0,0.0795454545455,1,0.920454545455,0.958579881657,0.951469451768,0.920454545455,0.920454545455,2,9,0,10,7,10
1161,WLNM_dir_neg_kfold,0.935185185185,0.688552188552,00:00:01,10,90,9,19354,threshold_sweep,0.9,1,0.222222222222,0.363636363636,2,0,7,18,0.222222222222,1,0,0.777777777778,1,0.222222222222,0.363636363636,0.740740740741,0.641975308642,0.275862068966,0.4,0.222222222222,94,85,9,0,94,0,85,0,9,23,88,0.173913043478,1.68507579377,7.65217391304,7.33333333333,5.5,3.63829000359,0.475458352741,0.249505928854,5.32278271304,1.39118184545,0.672924901186,3.27042079462,0.854769071322,0.442687747036,0.749191304359,0.444603920564,2.5,1.68507579377,0.749191304359,2.5,0.259446613992,0.18878248974,46,0.025974025974,0.333144633145,23,23,23,1,0,0.478260869565,0.217391304348,0.304347826087,23,0.156126482213,1.6902722881,6.86956521739,6.58333333333,4.9375,3.22355461375,0.469251620989,0.255916345625,4.69841450004,1.36789282913,0.664832140892,2.92055547264,0.850288302161,0.453494771602,0.752800287119,0.445372199745,2.5,1.6902722881,0.752800287119,2.5,0.249370326643,0.181660899654,35,0.0197628458498,0.27680257453,23,23,23,1,0,0.478260869565,0.217391304348,0.304347826087,23,81,0.160079051383,1.688568919,7.04347826087,6.75,5.0625,3.35041735351,0.475676537844,0.254428341385,4.87917248216,1.38544403814,0.672034353194,2.98282302552,0.846974439346,0.443370907139,0.751462004267,0.445028921124,2.5,1.688568919,0.751462004267,2.5,0.26468228741,0.195758564437,40,0.0225861095426,0.285521633249,23,23,23,1,0,0.478260869565,0.217391304348,0.304347826087,-7,-0.0138339920949,0.00349312523226,-0.608695652174,-0.583333333333,-0.4375,-0.287872650078,0.000218185102312,0.00492241253111,-0.443610230883,-0.00573780731027,-0.000890547991997,-0.287597769103,-0.00779463197674,0.00068316010345,0.00227069990833,0.000425000559329,0,0.00349312523226,0.00227069990833,0,0.00523567341749,0.00697607469711,-6,-0.00338791643139,-0.0476229998957,0,0,0,81,0,7,418,0.920454545455,1,0,0.0795454545455,1,0.920454545455,0.958579881657,0.951469451768,0.920454545455,0.920454545455,2,9,0,10,7,10
1162,WLNM_dir_neg_kfold,0.827160493827,0.509971509972,00:00:01,10,90,10,19355,threshold_sweep,0.1,1,0.222222222222,0.363636363636,2,0,7,18,0.222222222222,1,0,0.777777777778,1,0.222222222222,0.363636363636,0.740740740741,0.641975308642,0.275862068966,0.4,0.222222222222,94,85,9,0,94,0,85,0,9,23,88,0.173913043478,1.68507579377,7.65217391304,7.33333333333,5.5,3.63829000359,0.475458352741,0.249505928854,5.32278271304,1.39118184545,0.672924901186,3.27042079462,0.854769071322,0.442687747036,0.749191304359,0.444603920564,2.5,1.68507579377,0.749191304359,2.5,0.259446613992,0.18878248974,46,0.025974025974,0.333144633145,23,23,23,1,0,0.478260869565,0.217391304348,0.304347826087,23,0.156126482213,1.6902722881,6.86956521739,6.58333333333,4.9375,3.22355461375,0.469251620989,0.255916345625,4.69841450004,1.36789282913,0.664832140892,2.92055547264,0.850288302161,0.453494771602,0.752800287119,0.445372199745,2.5,1.6902722881,0.752800287119,2.5,0.249370326643,0.181660899654,35,0.0197628458498,0.27680257453,23,23,23,1,0,0.478260869565,0.217391304348,0.304347826087,23,81,0.160079051383,1.688568919,7.04347826087,6.75,5.0625,3.35041735351,0.475676537844,0.254428341385,4.87917248216,1.38544403814,0.672034353194,2.98282302552,0.846974439346,0.443370907139,0.751462004267,0.445028921124,2.5,1.688568919,0.751462004267,2.5,0.26468228741,0.195758564437,40,0.0225861095426,0.285521633249,23,23,23,1,0,0.478260869565,0.217391304348,0.304347826087,-7,-0.0138339920949,0.00349312523226,-0.608695652174,-0.583333333333,-0.4375,-0.287872650078,0.000218185102312,0.00492241253111,-0.443610230883,-0.00573780731027,-0.000890547991997,-0.287597769103,-0.00779463197674,0.00068316010345,0.00227069990833,0.000425000559329,0,0.00349312523226,0.00227069990833,0,0.00523567341749,0.00697607469711,-6,-0.00338791643139,-0.0476229998957,0,0,0,81,0,7,418,0.920454545455,1,0,0.0795454545455,1,0.920454545455,0.958579881657,0.951469451768,0.920454545455,0.920454545455,2,9,0,10,7,10
1163,WLNM_dir_neg_kfold,0.827160493827,0.509971509972,00:00:01,10,90,10,19355,threshold_sweep,0.2,1,0.222222222222,0.363636363636,2,0,7,18,0.222222222222,1,0,0.777777777778,1,0.222222222222,0.363636363636,0.740740740741,0.641975308642,0.275862068966,0.4,0.222222222222,94,85,9,0,94,0,85,0,9,23,88,0.173913043478,1.68507579377,7.65217391304,7.33333333333,5.5,3.63829000359,0.475458352741,0.249505928854,5.32278271304,1.39118184545,0.672924901186,3.27042079462,0.854769071322,0.442687747036,0.749191304359,0.444603920564,2.5,1.68507579377,0.749191304359,2.5,0.259446613992,0.18878248974,46,0.025974025974,0.333144633145,23,23,23,1,0,0.478260869565,0.217391304348,0.304347826087,23,0.156126482213,1.6902722881,6.86956521739,6.58333333333,4.9375,3.22355461375,0.469251620989,0.255916345625,4.69841450004,1.36789282913,0.664832140892,2.92055547264,0.850288302161,0.453494771602,0.752800287119,0.445372199745,2.5,1.6902722881,0.752800287119,2.5,0.249370326643,0.181660899654,35,0.0197628458498,0.27680257453,23,23,23,1,0,0.478260869565,0.217391304348,0.304347826087,23,81,0.160079051383,1.688568919,7.04347826087,6.75,5.0625,3.35041735351,0.475676537844,0.254428341385,4.87917248216,1.38544403814,0.672034353194,2.98282302552,0.846974439346,0.443370907139,0.751462004267,0.445028921124,2.5,1.688568919,0.751462004267,2.5,0.26468228741,0.195758564437,40,0.0225861095426,0.285521633249,23,23,23,1,0,0.478260869565,0.217391304348,0.304347826087,-7,-0.0138339920949,0.00349312523226,-0.608695652174,-0.583333333333,-0.4375,-0.287872650078,0.000218185102312,0.00492241253111,-0.443610230883,-0.00573780731027,-0.000890547991997,-0.287597769103,-0.00779463197674,0.00068316010345,0.00227069990833,0.000425000559329,0,0.00349312523226,0.00227069990833,0,0.00523567341749,0.00697607469711,-6,-0.00338791643139,-0.0476229998957,0,0,0,81,0,7,418,0.920454545455,1,0,0.0795454545455,1,0.920454545455,0.958579881657,0.951469451768,0.920454545455,0.920454545455,2,9,0,10,7,10
1164,WLNM_dir_neg_kfold,0.827160493827,0.509971509972,00:00:01,10,90,10,19355,threshold_sweep,0.3,1,0.222222222222,0.363636363636,2,0,7,18,0.222222222222,1,0,0.777777777778,1,0.222222222222,0.363636363636,0.740740740741,0.641975308642,0.275862068966,0.4,0.222222222222,94,85,9,0,94,0,85,0,9,23,88,0.173913043478,1.68507579377,7.65217391304,7.33333333333,5.5,3.63829000359,0.475458352741,0.249505928854,5.32278271304,1.39118184545,0.672924901186,3.27042079462,0.854769071322,0.442687747036,0.749191304359,0.444603920564,2.5,1.68507579377,0.749191304359,2.5,0.259446613992,0.18878248974,46,0.025974025974,0.333144633145,23,23,23,1,0,0.478260869565,0.217391304348,0.304347826087,23,0.156126482213,1.6902722881,6.86956521739,6.58333333333,4.9375,3.22355461375,0.469251620989,0.255916345625,4.69841450004,1.36789282913,0.664832140892,2.92055547264,0.850288302161,0.453494771602,0.752800287119,0.445372199745,2.5,1.6902722881,0.752800287119,2.5,0.249370326643,0.181660899654,35,0.0197628458498,0.27680257453,23,23,23,1,0,0.478260869565,0.217391304348,0.304347826087,23,81,0.160079051383,1.688568919,7.04347826087,6.75,5.0625,3.35041735351,0.475676537844,0.254428341385,4.87917248216,1.38544403814,0.672034353194,2.98282302552,0.846974439346,0.443370907139,0.751462004267,0.445028921124,2.5,1.688568919,0.751462004267,2.5,0.26468228741,0.195758564437,40,0.0225861095426,0.285521633249,23,23,23,1,0,0.478260869565,0.217391304348,0.304347826087,-7,-0.0138339920949,0.00349312523226,-0.608695652174,-0.583333333333,-0.4375,-0.287872650078,0.000218185102312,0.00492241253111,-0.443610230883,-0.00573780731027,-0.000890547991997,-0.287597769103,-0.00779463197674,0.00068316010345,0.00227069990833,0.000425000559329,0,0.00349312523226,0.00227069990833,0,0.00523567341749,0.00697607469711,-6,-0.00338791643139,-0.0476229998957,0,0,0,81,0,7,418,0.920454545455,1,0,0.0795454545455,1,0.920454545455,0.958579881657,0.951469451768,0.920454545455,0.920454545455,2,9,0,10,7,10
1165,WLNM_dir_neg_kfold,0.827160493827,0.509971509972,00:00:01,10,90,10,19355,threshold_sweep,0.4,1,0.222222222222,0.363636363636,2,0,7,18,0.222222222222,1,0,0.777777777778,1,0.222222222222,0.363636363636,0.740740740741,0.641975308642,0.275862068966,0.4,0.222222222222,94,85,9,0,94,0,85,0,9,23,88,0.173913043478,1.68507579377,7.65217391304,7.33333333333,5.5,3.63829000359,0.475458352741,0.249505928854,5.32278271304,1.39118184545,0.672924901186,3.27042079462,0.854769071322,0.442687747036,0.749191304359,0.444603920564,2.5,1.68507579377,0.749191304359,2.5,0.259446613992,0.18878248974,46,0.025974025974,0.333144633145,23,23,23,1,0,0.478260869565,0.217391304348,0.304347826087,23,0.156126482213,1.6902722881,6.86956521739,6.58333333333,4.9375,3.22355461375,0.469251620989,0.255916345625,4.69841450004,1.36789282913,0.664832140892,2.92055547264,0.850288302161,0.453494771602,0.752800287119,0.445372199745,2.5,1.6902722881,0.752800287119,2.5,0.249370326643,0.181660899654,35,0.0197628458498,0.27680257453,23,23,23,1,0,0.478260869565,0.217391304348,0.304347826087,23,81,0.160079051383,1.688568919,7.04347826087,6.75,5.0625,3.35041735351,0.475676537844,0.254428341385,4.87917248216,1.38544403814,0.672034353194,2.98282302552,0.846974439346,0.443370907139,0.751462004267,0.445028921124,2.5,1.688568919,0.751462004267,2.5,0.26468228741,0.195758564437,40,0.0225861095426,0.285521633249,23,23,23,1,0,0.478260869565,0.217391304348,0.304347826087,-7,-0.0138339920949,0.00349312523226,-0.608695652174,-0.583333333333,-0.4375,-0.287872650078,0.000218185102312,0.00492241253111,-0.443610230883,-0.00573780731027,-0.000890547991997,-0.287597769103,-0.00779463197674,0.00068316010345,0.00227069990833,0.000425000559329,0,0.00349312523226,0.00227069990833,0,0.00523567341749,0.00697607469711,-6,-0.00338791643139,-0.0476229998957,0,0,0,81,0,7,418,0.920454545455,1,0,0.0795454545455,1,0.920454545455,0.958579881657,0.951469451768,0.920454545455,0.920454545455,2,9,0,10,7,10
1166,WLNM_dir_neg_kfold,0.827160493827,0.509971509972,00:00:01,10,90,10,19355,threshold_sweep,0.5,1,0.222222222222,0.363636363636,2,0,7,18,0.222222222222,1,0,0.777777777778,1,0.222222222222,0.363636363636,0.740740740741,0.641975308642,0.275862068966,0.4,0.222222222222,94,85,9,0,94,0,85,0,9,23,88,0.173913043478,1.68507579377,7.65217391304,7.33333333333,5.5,3.63829000359,0.475458352741,0.249505928854,5.32278271304,1.39118184545,0.672924901186,3.27042079462,0.854769071322,0.442687747036,0.749191304359,0.444603920564,2.5,1.68507579377,0.749191304359,2.5,0.259446613992,0.18878248974,46,0.025974025974,0.333144633145,23,23,23,1,0,0.478260869565,0.217391304348,0.304347826087,23,0.156126482213,1.6902722881,6.86956521739,6.58333333333,4.9375,3.22355461375,0.469251620989,0.255916345625,4.69841450004,1.36789282913,0.664832140892,2.92055547264,0.850288302161,0.453494771602,0.752800287119,0.445372199745,2.5,1.6902722881,0.752800287119,2.5,0.249370326643,0.181660899654,35,0.0197628458498,0.27680257453,23,23,23,1,0,0.478260869565,0.217391304348,0.304347826087,23,81,0.160079051383,1.688568919,7.04347826087,6.75,5.0625,3.35041735351,0.475676537844,0.254428341385,4.87917248216,1.38544403814,0.672034353194,2.98282302552,0.846974439346,0.443370907139,0.751462004267,0.445028921124,2.5,1.688568919,0.751462004267,2.5,0.26468228741,0.195758564437,40,0.0225861095426,0.285521633249,23,23,23,1,0,0.478260869565,0.217391304348,0.304347826087,-7,-0.0138339920949,0.00349312523226,-0.608695652174,-0.583333333333,-0.4375,-0.287872650078,0.000218185102312,0.00492241253111,-0.443610230883,-0.00573780731027,-0.000890547991997,-0.287597769103,-0.00779463197674,0.00068316010345,0.00227069990833,0.000425000559329,0,0.00349312523226,0.00227069990833,0,0.00523567341749,0.00697607469711,-6,-0.00338791643139,-0.0476229998957,0,0,0,81,0,7,418,0.920454545455,1,0,0.0795454545455,1,0.920454545455,0.958579881657,0.951469451768,0.920454545455,0.920454545455,2,9,0,10,7,10
1167,WLNM_dir_neg_kfold,0.827160493827,0.509971509972,00:00:01,10,90,10,19355,threshold_sweep,0.6,1,0.222222222222,0.363636363636,2,0,7,18,0.222222222222,1,0,0.777777777778,1,0.222222222222,0.363636363636,0.740740740741,0.641975308642,0.275862068966,0.4,0.222222222222,94,85,9,0,94,0,85,0,9,23,88,0.173913043478,1.68507579377,7.65217391304,7.33333333333,5.5,3.63829000359,0.475458352741,0.249505928854,5.32278271304,1.39118184545,0.672924901186,3.27042079462,0.854769071322,0.442687747036,0.749191304359,0.444603920564,2.5,1.68507579377,0.749191304359,2.5,0.259446613992,0.18878248974,46,0.025974025974,0.333144633145,23,23,23,1,0,0.478260869565,0.217391304348,0.304347826087,23,0.156126482213,1.6902722881,6.86956521739,6.58333333333,4.9375,3.22355461375,0.469251620989,0.255916345625,4.69841450004,1.36789282913,0.664832140892,2.92055547264,0.850288302161,0.453494771602,0.752800287119,0.445372199745,2.5,1.6902722881,0.752800287119,2.5,0.249370326643,0.181660899654,35,0.0197628458498,0.27680257453,23,23,23,1,0,0.478260869565,0.217391304348,0.304347826087,23,81,0.160079051383,1.688568919,7.04347826087,6.75,5.0625,3.35041735351,0.475676537844,0.254428341385,4.87917248216,1.38544403814,0.672034353194,2.98282302552,0.846974439346,0.443370907139,0.751462004267,0.445028921124,2.5,1.688568919,0.751462004267,2.5,0.26468228741,0.195758564437,40,0.0225861095426,0.285521633249,23,23,23,1,0,0.478260869565,0.217391304348,0.304347826087,-7,-0.0138339920949,0.00349312523226,-0.608695652174,-0.583333333333,-0.4375,-0.287872650078,0.000218185102312,0.00492241253111,-0.443610230883,-0.00573780731027,-0.000890547991997,-0.287597769103,-0.00779463197674,0.00068316010345,0.00227069990833,0.000425000559329,0,0.00349312523226,0.00227069990833,0,0.00523567341749,0.00697607469711,-6,-0.00338791643139,-0.0476229998957,0,0,0,81,0,7,418,0.920454545455,1,0,0.0795454545455,1,0.920454545455,0.958579881657,0.951469451768,0.920454545455,0.920454545455,2,9,0,10,7,10
1168,WLNM_dir_neg_kfold,0.827160493827,0.509971509972,00:00:01,10,90,10,19355,threshold_sweep,0.7,1,0.222222222222,0.363636363636,2,0,7,18,0.222222222222,1,0,0.777777777778,1,0.222222222222,0.363636363636,0.740740740741,0.641975308642,0.275862068966,0.4,0.222222222222,94,85,9,0,94,0,85,0,9,23,88,0.173913043478,1.68507579377,7.65217391304,7.33333333333,5.5,3.63829000359,0.475458352741,0.249505928854,5.32278271304,1.39118184545,0.672924901186,3.27042079462,0.854769071322,0.442687747036,0.749191304359,0.444603920564,2.5,1.68507579377,0.749191304359,2.5,0.259446613992,0.18878248974,46,0.025974025974,0.333144633145,23,23,23,1,0,0.478260869565,0.217391304348,0.304347826087,23,0.156126482213,1.6902722881,6.86956521739,6.58333333333,4.9375,3.22355461375,0.469251620989,0.255916345625,4.69841450004,1.36789282913,0.664832140892,2.92055547264,0.850288302161,0.453494771602,0.752800287119,0.445372199745,2.5,1.6902722881,0.752800287119,2.5,0.249370326643,0.181660899654,35,0.0197628458498,0.27680257453,23,23,23,1,0,0.478260869565,0.217391304348,0.304347826087,23,81,0.160079051383,1.688568919,7.04347826087,6.75,5.0625,3.35041735351,0.475676537844,0.254428341385,4.87917248216,1.38544403814,0.672034353194,2.98282302552,0.846974439346,0.443370907139,0.751462004267,0.445028921124,2.5,1.688568919,0.751462004267,2.5,0.26468228741,0.195758564437,40,0.0225861095426,0.285521633249,23,23,23,1,0,0.478260869565,0.217391304348,0.304347826087,-7,-0.0138339920949,0.00349312523226,-0.608695652174,-0.583333333333,-0.4375,-0.287872650078,0.000218185102312,0.00492241253111,-0.443610230883,-0.00573780731027,-0.000890547991997,-0.287597769103,-0.00779463197674,0.00068316010345,0.00227069990833,0.000425000559329,0,0.00349312523226,0.00227069990833,0,0.00523567341749,0.00697607469711,-6,-0.00338791643139,-0.0476229998957,0,0,0,81,0,7,418,0.920454545455,1,0,0.0795454545455,1,0.920454545455,0.958579881657,0.951469451768,0.920454545455,0.920454545455,2,9,0,10,7,10
1169,WLNM_dir_neg_kfold,0.827160493827,0.509971509972,00:00:01,10,90,10,19355,threshold_sweep,0.8,1,0.222222222222,0.363636363636,2,0,7,18,0.222222222222,1,0,0.777777777778,1,0.222222222222,0.363636363636,0.740740740741,0.641975308642,0.275862068966,0.4,0.222222222222,94,85,9,0,94,0,85,0,9,23,88,0.173913043478,1.68507579377,7.65217391304,7.33333333333,5.5,3.63829000359,0.475458352741,0.249505928854,5.32278271304,1.39118184545,0.672924901186,3.27042079462,0.854769071322,0.442687747036,0.749191304359,0.444603920564,2.5,1.68507579377,0.749191304359,2.5,0.259446613992,0.18878248974,46,0.025974025974,0.333144633145,23,23,23,1,0,0.478260869565,0.217391304348,0.304347826087,23,0.156126482213,1.6902722881,6.86956521739,6.58333333333,4.9375,3.22355461375,0.469251620989,0.255916345625,4.69841450004,1.36789282913,0.664832140892,2.92055547264,0.850288302161,0.453494771602,0.752800287119,0.445372199745,2.5,1.6902722881,0.752800287119,2.5,0.249370326643,0.181660899654,35,0.0197628458498,0.27680257453,23,23,23,1,0,0.478260869565,0.217391304348,0.304347826087,23,81,0.160079051383,1.688568919,7.04347826087,6.75,5.0625,3.35041735351,0.475676537844,0.254428341385,4.87917248216,1.38544403814,0.672034353194,2.98282302552,0.846974439346,0.443370907139,0.751462004267,0.445028921124,2.5,1.688568919,0.751462004267,2.5,0.26468228741,0.195758564437,40,0.0225861095426,0.285521633249,23,23,23,1,0,0.478260869565,0.217391304348,0.304347826087,-7,-0.0138339920949,0.00349312523226,-0.608695652174,-0.583333333333,-0.4375,-0.287872650078,0.000218185102312,0.00492241253111,-0.443610230883,-0.00573780731027,-0.000890547991997,-0.287597769103,-0.00779463197674,0.00068316010345,0.00227069990833,0.000425000559329,0,0.00349312523226,0.00227069990833,0,0.00523567341749,0.00697607469711,-6,-0.00338791643139,-0.0476229998957,0,0,0,81,0,7,418,0.920454545455,1,0,0.0795454545455,1,0.920454545455,0.958579881657,0.951469451768,0.920454545455,0.920454545455,2,9,0,10,7,10
1170,WLNM_dir_neg_kfold,0.827160493827,0.509971509972,00:00:01,10,90,10,19355,threshold_sweep,0.9,1,0.222222222222,0.363636363636,2,0,7,18,0.222222222222,1,0,0.777777777778,1,0.222222222222,0.363636363636,0.740740740741,0.641975308642,0.275862068966,0.4,0.222222222222,94,85,9,0,94,0,85,0,9,23,88,0.173913043478,1.68507579377,7.65217391304,7.33333333333,5.5,3.63829000359,0.475458352741,0.249505928854,5.32278271304,1.39118184545,0.672924901186,3.27042079462,0.854769071322,0.442687747036,0.749191304359,0.444603920564,2.5,1.68507579377,0.749191304359,2.5,0.259446613992,0.18878248974,46,0.025974025974,0.333144633145,23,23,23,1,0,0.478260869565,0.217391304348,0.304347826087,23,0.156126482213,1.6902722881,6.86956521739,6.58333333333,4.9375,3.22355461375,0.469251620989,0.255916345625,4.69841450004,1.36789282913,0.664832140892,2.92055547264,0.850288302161,0.453494771602,0.752800287119,0.445372199745,2.5,1.6902722881,0.752800287119,2.5,0.249370326643,0.181660899654,35,0.0197628458498,0.27680257453,23,23,23,1,0,0.478260869565,0.217391304348,0.304347826087,23,81,0.160079051383,1.688568919,7.04347826087,6.75,5.0625,3.35041735351,0.475676537844,0.254428341385,4.87917248216,1.38544403814,0.672034353194,2.98282302552,0.846974439346,0.443370907139,0.751462004267,0.445028921124,2.5,1.688568919,0.751462004267,2.5,0.26468228741,0.195758564437,40,0.0225861095426,0.285521633249,23,23,23,1,0,0.478260869565,0.217391304348,0.304347826087,-7,-0.0138339920949,0.00349312523226,-0.608695652174,-0.583333333333,-0.4375,-0.287872650078,0.000218185102312,0.00492241253111,-0.443610230883,-0.00573780731027,-0.000890547991997,-0.287597769103,-0.00779463197674,0.00068316010345,0.00227069990833,0.000425000559329,0,0.00349312523226,0.00227069990833,0,0.00523567341749,0.00697607469711,-6,-0.00338791643139,-0.0476229998957,0,0,0,81,0,7,418,0.920454545455,1,0,0.0795454545455,1,0.920454545455,0.958579881657,0.951469451768,0.920454545455,0.920454545455,2,9,0,10,7,10
1171,WLNM_dir_neg_kfold,0.222222222222,0.27962962963,00:00:01,10,90,11,19356,threshold_sweep,0.1,0.4,0.222222222222,0.285714285714,2,3,7,15,0.222222222222,0.833333333333,0.166666666667,0.777777777778,0.4,0.222222222222,0.285714285714,0.62962962963,0.604938271605,0.0625,0.0674199862463,0.0555555555556,94,85,9,0,94,0,85,0,9,23,88,0.173913043478,1.68507579377,7.65217391304,7.33333333333,5.5,3.63829000359,0.475458352741,0.249505928854,5.32278271304,1.39118184545,0.672924901186,3.27042079462,0.854769071322,0.442687747036,0.749191304359,0.444603920564,2.5,1.68507579377,0.749191304359,2.5,0.259446613992,0.18878248974,46,0.025974025974,0.333144633145,23,23,23,1,0,0.478260869565,0.217391304348,0.304347826087,23,0.156126482213,1.6902722881,6.86956521739,6.58333333333,4.9375,3.22355461375,0.469251620989,0.255916345625,4.69841450004,1.36789282913,0.664832140892,2.92055547264,0.850288302161,0.453494771602,0.752800287119,0.445372199745,2.5,1.6902722881,0.752800287119,2.5,0.249370326643,0.181660899654,35,0.0197628458498,0.27680257453,23,23,23,1,0,0.478260869565,0.217391304348,0.304347826087,23,84,0.166007905138,1.70233732012,7.30434782609,7,4.94117647059,3.64859602648,0.499510170292,0.267598343685,5.0686980187,1.38785779083,0.672877846791,2.88583839484,0.790170036681,0.418219461698,0.758995818193,0.445855124728,2.5,1.70233732012,0.758995818193,2.5,0.354233645143,0.279585798817,63,0.0355731225296,0.276499027067,23,23,23,1,0,0.478260869565,0.260869565217,0.260869565217,-4,-0.00790513833992,0.0172615263524,-0.347826086957,-0.333333333333,-0.558823529412,0.0103060228909,0.0240518175501,0.0180924148315,-0.254084694347,-0.00332405462089,-4.70543948805e-05,-0.384582399789,-0.0645990346412,-0.0244682853379,0.00980451383379,0.00125120416347,0,0.0172615263524,0.00980451383379,0,0.0947870311507,0.0908033090765,17,0.00959909655562,-0.0566456060774,0,0.0434782608696,-0.0434782608696,81,3,7,415,0.920454545455,0.992822966507,0.00717703349282,0.0795454545455,0.964285714286,0.920454545455,0.941860465116,0.930328600507,0.913277511962,0.89010989011,5,9,0,10,7,10
1172,WLNM_dir_neg_kfold,0.222222222222,0.27962962963,00:00:01,10,90,11,19356,threshold_sweep,0.2,0.4,0.222222222222,0.285714285714,2,3,7,15,0.222222222222,0.833333333333,0.166666666667,0.777777777778,0.4,0.222222222222,0.285714285714,0.62962962963,0.604938271605,0.0625,0.0674199862463,0.0555555555556,94,85,9,0,94,0,85,0,9,23,88,0.173913043478,1.68507579377,7.65217391304,7.33333333333,5.5,3.63829000359,0.475458352741,0.249505928854,5.32278271304,1.39118184545,0.672924901186,3.27042079462,0.854769071322,0.442687747036,0.749191304359,0.444603920564,2.5,1.68507579377,0.749191304359,2.5,0.259446613992,0.18878248974,46,0.025974025974,0.333144633145,23,23,23,1,0,0.478260869565,0.217391304348,0.304347826087,23,0.156126482213,1.6902722881,6.86956521739,6.58333333333,4.9375,3.22355461375,0.469251620989,0.255916345625,4.69841450004,1.36789282913,0.664832140892,2.92055547264,0.850288302161,0.453494771602,0.752800287119,0.445372199745,2.5,1.6902722881,0.752800287119,2.5,0.249370326643,0.181660899654,35,0.0197628458498,0.27680257453,23,23,23,1,0,0.478260869565,0.217391304348,0.304347826087,23,84,0.166007905138,1.70233732012,7.30434782609,7,4.94117647059,3.64859602648,0.499510170292,0.267598343685,5.0686980187,1.38785779083,0.672877846791,2.88583839484,0.790170036681,0.418219461698,0.758995818193,0.445855124728,2.5,1.70233732012,0.758995818193,2.5,0.354233645143,0.279585798817,63,0.0355731225296,0.276499027067,23,23,23,1,0,0.478260869565,0.260869565217,0.260869565217,-4,-0.00790513833992,0.0172615263524,-0.347826086957,-0.333333333333,-0.558823529412,0.0103060228909,0.0240518175501,0.0180924148315,-0.254084694347,-0.00332405462089,-4.70543948805e-05,-0.384582399789,-0.0645990346412,-0.0244682853379,0.00980451383379,0.00125120416347,0,0.0172615263524,0.00980451383379,0,0.0947870311507,0.0908033090765,17,0.00959909655562,-0.0566456060774,0,0.0434782608696,-0.0434782608696,81,3,7,415,0.920454545455,0.992822966507,0.00717703349282,0.0795454545455,0.964285714286,0.920454545455,0.941860465116,0.930328600507,0.913277511962,0.89010989011,5,9,0,10,7,10
1173,WLNM_dir_neg_kfold,0.222222222222,0.27962962963,00:00:01,10,90,11,19356,threshold_sweep,0.3,0.4,0.222222222222,0.285714285714,2,3,7,15,0.222222222222,0.833333333333,0.166666666667,0.777777777778,0.4,0.222222222222,0.285714285714,0.62962962963,0.604938271605,0.0625,0.0674199862463,0.0555555555556,94,85,9,0,94,0,85,0,9,23,88,0.173913043478,1.68507579377,7.65217391304,7.33333333333,5.5,3.63829000359,0.475458352741,0.249505928854,5.32278271304,1.39118184545,0.672924901186,3.27042079462,0.854769071322,0.442687747036,0.749191304359,0.444603920564,2.5,1.68507579377,0.749191304359,2.5,0.259446613992,0.18878248974,46,0.025974025974,0.333144633145,23,23,23,1,0,0.478260869565,0.217391304348,0.304347826087,23,0.156126482213,1.6902722881,6.86956521739,6.58333333333,4.9375,3.22355461375,0.469251620989,0.255916345625,4.69841450004,1.36789282913,0.664832140892,2.92055547264,0.850288302161,0.453494771602,0.752800287119,0.445372199745,2.5,1.6902722881,0.752800287119,2.5,0.249370326643,0.181660899654,35,0.0197628458498,0.27680257453,23,23,23,1,0,0.478260869565,0.217391304348,0.304347826087,23,84,0.166007905138,1.70233732012,7.30434782609,7,4.94117647059,3.64859602648,0.499510170292,0.267598343685,5.0686980187,1.38785779083,0.672877846791,2.88583839484,0.790170036681,0.418219461698,0.758995818193,0.445855124728,2.5,1.70233732012,0.758995818193,2.5,0.354233645143,0.279585798817,63,0.0355731225296,0.276499027067,23,23,23,1,0,0.478260869565,0.260869565217,0.260869565217,-4,-0.00790513833992,0.0172615263524,-0.347826086957,-0.333333333333,-0.558823529412,0.0103060228909,0.0240518175501,0.0180924148315,-0.254084694347,-0.00332405462089,-4.70543948805e-05,-0.384582399789,-0.0645990346412,-0.0244682853379,0.00980451383379,0.00125120416347,0,0.0172615263524,0.00980451383379,0,0.0947870311507,0.0908033090765,17,0.00959909655562,-0.0566456060774,0,0.0434782608696,-0.0434782608696,81,3,7,415,0.920454545455,0.992822966507,0.00717703349282,0.0795454545455,0.964285714286,0.920454545455,0.941860465116,0.930328600507,0.913277511962,0.89010989011,5,9,0,10,7,10
1174,WLNM_dir_neg_kfold,0.222222222222,0.27962962963,00:00:01,10,90,11,19356,threshold_sweep,0.4,1,0.222222222222,0.363636363636,2,0,7,18,0.222222222222,1,0,0.777777777778,1,0.222222222222,0.363636363636,0.740740740741,0.641975308642,0.275862068966,0.4,0.222222222222,94,85,9,0,94,0,85,0,9,23,88,0.173913043478,1.68507579377,7.65217391304,7.33333333333,5.5,3.63829000359,0.475458352741,0.249505928854,5.32278271304,1.39118184545,0.672924901186,3.27042079462,0.854769071322,0.442687747036,0.749191304359,0.444603920564,2.5,1.68507579377,0.749191304359,2.5,0.259446613992,0.18878248974,46,0.025974025974,0.333144633145,23,23,23,1,0,0.478260869565,0.217391304348,0.304347826087,23,0.156126482213,1.6902722881,6.86956521739,6.58333333333,4.9375,3.22355461375,0.469251620989,0.255916345625,4.69841450004,1.36789282913,0.664832140892,2.92055547264,0.850288302161,0.453494771602,0.752800287119,0.445372199745,2.5,1.6902722881,0.752800287119,2.5,0.249370326643,0.181660899654,35,0.0197628458498,0.27680257453,23,23,23,1,0,0.478260869565,0.217391304348,0.304347826087,23,81,0.160079051383,1.688568919,7.04347826087,6.75,5.0625,3.35041735351,0.475676537844,0.254428341385,4.87917248216,1.38544403814,0.672034353194,2.98282302552,0.846974439346,0.443370907139,0.751462004267,0.445028921124,2.5,1.688568919,0.751462004267,2.5,0.26468228741,0.195758564437,40,0.0225861095426,0.285521633249,23,23,23,1,0,0.478260869565,0.217391304348,0.304347826087,-7,-0.0138339920949,0.00349312523226,-0.608695652174,-0.583333333333,-0.4375,-0.287872650078,0.000218185102312,0.00492241253111,-0.443610230883,-0.00573780731027,-0.000890547991997,-0.287597769103,-0.00779463197674,0.00068316010345,0.00227069990833,0.000425000559329,0,0.00349312523226,0.00227069990833,0,0.00523567341749,0.00697607469711,-6,-0.00338791643139,-0.0476229998957,0,0,0,81,0,7,418,0.920454545455,1,0,0.0795454545455,1,0.920454545455,0.958579881657,0.951469451768,0.920454545455,0.920454545455,2,9,0,10,7,10
1175,WLNM_dir_neg_kfold,0.222222222222,0.27962962963,00:00:01,10,90,11,19356,threshold_sweep,0.5,1,0.222222222222,0.363636363636,2,0,7,18,0.222222222222,1,0,0.777777777778,1,0.222222222222,0.363636363636,0.740740740741,0.641975308642,0.275862068966,0.4,0.222222222222,94,85,9,0,94,0,85,0,9,23,88,0.173913043478,1.68507579377,7.65217391304,7.33333333333,5.5,3.63829000359,0.475458352741,0.249505928854,5.32278271304,1.39118184545,0.672924901186,3.27042079462,0.854769071322,0.442687747036,0.749191304359,0.444603920564,2.5,1.68507579377,0.749191304359,2.5,0.259446613992,0.18878248974,46,0.025974025974,0.333144633145,23,23,23,1,0,0.478260869565,0.217391304348,0.304347826087,23,0.156126482213,1.6902722881,6.86956521739,6.58333333333,4.9375,3.22355461375,0.469251620989,0.255916345625,4.69841450004,1.36789282913,0.664832140892,2.92055547264,0.850288302161,0.453494771602,0.752800287119,0.445372199745,2.5,1.6902722881,0.752800287119,2.5,0.249370326643,0.181660899654,35,0.0197628458498,0.27680257453,23,23,23,1,0,0.478260869565,0.217391304348,0.304347826087,23,81,0.160079051383,1.688568919,7.04347826087,6.75,5.0625,3.35041735351,0.475676537844,0.254428341385,4.87917248216,1.38544403814,0.672034353194,2.98282302552,0.846974439346,0.443370907139,0.751462004267,0.445028921124,2.5,1.688568919,0.751462004267,2.5,0.26468228741,0.195758564437,40,0.0225861095426,0.285521633249,23,23,23,1,0,0.478260869565,0.217391304348,0.304347826087,-7,-0.0138339920949,0.00349312523226,-0.608695652174,-0.583333333333,-0.4375,-0.287872650078,0.000218185102312,0.00492241253111,-0.443610230883,-0.00573780731027,-0.000890547991997,-0.287597769103,-0.00779463197674,0.00068316010345,0.00227069990833,0.000425000559329,0,0.00349312523226,0.00227069990833,0,0.00523567341749,0.00697607469711,-6,-0.00338791643139,-0.0476229998957,0,0,0,81,0,7,418,0.920454545455,1,0,0.0795454545455,1,0.920454545455,0.958579881657,0.951469451768,0.920454545455,0.920454545455,2,9,0,10,7,10
1176,WLNM_dir_neg_kfold,0.222222222222,0.27962962963,00:00:01,10,90,11,19356,threshold_sweep,0.6,1,0.111111111111,0.2,1,0,8,18,0.111111111111,1,0,0.888888888889,1,0.111111111111,0.2,0.703703703704,0.654320987654,0.142857142857,0.277350098113,0.111111111111,94,85,9,0,94,0,85,0,9,23,88,0.173913043478,1.68507579377,7.65217391304,7.33333333333,5.5,3.63829000359,0.475458352741,0.249505928854,5.32278271304,1.39118184545,0.672924901186,3.27042079462,0.854769071322,0.442687747036,0.749191304359,0.444603920564,2.5,1.68507579377,0.749191304359,2.5,0.259446613992,0.18878248974,46,0.025974025974,0.333144633145,23,23,23,1,0,0.478260869565,0.217391304348,0.304347826087,23,0.156126482213,1.6902722881,6.86956521739,6.58333333333,4.9375,3.22355461375,0.469251620989,0.255916345625,4.69841450004,1.36789282913,0.664832140892,2.92055547264,0.850288302161,0.453494771602,0.752800287119,0.445372199745,2.5,1.6902722881,0.752800287119,2.5,0.249370326643,0.181660899654,35,0.0197628458498,0.27680257453,23,23,23,1,0,0.478260869565,0.217391304348,0.304347826087,23,80,0.158102766798,1.68935508936,6.95652173913,6.66666666667,5,3.28188223252,0.471770570925,0.255434782609,4.78510534906,1.37571778785,0.66847826087,2.95218817486,0.848754100271,0.448913043478,0.752068943211,0.445181091856,2.5,1.68935508936,0.752068943211,2.5,0.258355281083,0.191596638655,38,0.0214568040655,0.281286979014,23,23,23,1,0,0.478260869565,0.217391304348,0.304347826087,-8,-0.0158102766798,0.00427929558364,-0.695652173913,-0.666666666667,-0.5,-0.356407771065,-0.00368778181641,0.00592885375494,-0.537677363986,-0.0154640576005,-0.00444664031621,-0.318232619768,-0.00601497105108,0.00622529644269,0.00287763885235,0.000577171291433,0,0.00427929558364,0.00287763885235,0,-0.00109133290951,0.00281414891538,-8,-0.00451722190853,-0.0518576541304,0,0,0,80,0,8,418,0.909090909091,1,0,0.0909090909091,1,0.909090909091,0.952380952381,0.944467458064,0.909090909091,0.909090909091,1,9,0,10,7,10
1177,WLNM_dir_neg_kfold,0.222222222222,0.27962962963,00:00:01,10,90,11,19356,threshold_sweep,0.7,1,0.111111111111,0.2,1,0,8,18,0.111111111111,1,0,0.888888888889,1,0.111111111111,0.2,0.703703703704,0.654320987654,0.142857142857,0.277350098113,0.111111111111,94,85,9,0,94,0,85,0,9,23,88,0.173913043478,1.68507579377,7.65217391304,7.33333333333,5.5,3.63829000359,0.475458352741,0.249505928854,5.32278271304,1.39118184545,0.672924901186,3.27042079462,0.854769071322,0.442687747036,0.749191304359,0.444603920564,2.5,1.68507579377,0.749191304359,2.5,0.259446613992,0.18878248974,46,0.025974025974,0.333144633145,23,23,23,1,0,0.478260869565,0.217391304348,0.304347826087,23,0.156126482213,1.6902722881,6.86956521739,6.58333333333,4.9375,3.22355461375,0.469251620989,0.255916345625,4.69841450004,1.36789282913,0.664832140892,2.92055547264,0.850288302161,0.453494771602,0.752800287119,0.445372199745,2.5,1.6902722881,0.752800287119,2.5,0.249370326643,0.181660899654,35,0.0197628458498,0.27680257453,23,23,23,1,0,0.478260869565,0.217391304348,0.304347826087,23,80,0.158102766798,1.68935508936,6.95652173913,6.66666666667,5,3.28188223252,0.471770570925,0.255434782609,4.78510534906,1.37571778785,0.66847826087,2.95218817486,0.848754100271,0.448913043478,0.752068943211,0.445181091856,2.5,1.68935508936,0.752068943211,2.5,0.258355281083,0.191596638655,38,0.0214568040655,0.281286979014,23,23,23,1,0,0.478260869565,0.217391304348,0.304347826087,-8,-0.0158102766798,0.00427929558364,-0.695652173913,-0.666666666667,-0.5,-0.356407771065,-0.00368778181641,0.00592885375494,-0.537677363986,-0.0154640576005,-0.00444664031621,-0.318232619768,-0.00601497105108,0.00622529644269,0.00287763885235,0.000577171291433,0,0.00427929558364,0.00287763885235,0,-0.00109133290951,0.00281414891538,-8,-0.00451722190853,-0.0518576541304,0,0,0,80,0,8,418,0.909090909091,1,0,0.0909090909091,1,0.909090909091,0.952380952381,0.944467458064,0.909090909091,0.909090909091,1,9,0,10,7,10
1178,WLNM_dir_neg_kfold,0.222222222222,0.27962962963,00:00:01,10,90,11,19356,threshold_sweep,0.8,1,0.111111111111,0.2,1,0,8,18,0.111111111111,1,0,0.888888888889,1,0.111111111111,0.2,0.703703703704,0.654320987654,0.142857142857,0.277350098113,0.111111111111,94,85,9,0,94,0,85,0,9,23,88,0.173913043478,1.68507579377,7.65217391304,7.33333333333,5.5,3.63829000359,0.475458352741,0.249505928854,5.32278271304,1.39118184545,0.672924901186,3.27042079462,0.854769071322,0.442687747036,0.749191304359,0.444603920564,2.5,1.68507579377,0.749191304359,2.5,0.259446613992,0.18878248974,46,0.025974025974,0.333144633145,23,23,23,1,0,0.478260869565,0.217391304348,0.304347826087,23,0.156126482213,1.6902722881,6.86956521739,6.58333333333,4.9375,3.22355461375,0.469251620989,0.255916345625,4.69841450004,1.36789282913,0.664832140892,2.92055547264,0.850288302161,0.453494771602,0.752800287119,0.445372199745,2.5,1.6902722881,0.752800287119,2.5,0.249370326643,0.181660899654,35,0.0197628458498,0.27680257453,23,23,23,1,0,0.478260869565,0.217391304348,0.304347826087,23,80,0.158102766798,1.68935508936,6.95652173913,6.66666666667,5,3.28188223252,0.471770570925,0.255434782609,4.78510534906,1.37571778785,0.66847826087,2.95218817486,0.848754100271,0.448913043478,0.752068943211,0.445181091856,2.5,1.68935508936,0.752068943211,2.5,0.258355281083,0.191596638655,38,0.0214568040655,0.281286979014,23,23,23,1,0,0.478260869565,0.217391304348,0.304347826087,-8,-0.0158102766798,0.00427929558364,-0.695652173913,-0.666666666667,-0.5,-0.356407771065,-0.00368778181641,0.00592885375494,-0.537677363986,-0.0154640576005,-0.00444664031621,-0.318232619768,-0.00601497105108,0.00622529644269,0.00287763885235,0.000577171291433,0,0.00427929558364,0.00287763885235,0,-0.00109133290951,0.00281414891538,-8,-0.00451722190853,-0.0518576541304,0,0,0,80,0,8,418,0.909090909091,1,0,0.0909090909091,1,0.909090909091,0.952380952381,0.944467458064,0.909090909091,0.909090909091,1,9,0,10,7,10
1179,WLNM_dir_neg_kfold,0.222222222222,0.27962962963,00:00:01,10,90,11,19356,threshold_sweep,0.9,1,0.111111111111,0.2,1,0,8,18,0.111111111111,1,0,0.888888888889,1,0.111111111111,0.2,0.703703703704,0.654320987654,0.142857142857,0.277350098113,0.111111111111,94,85,9,0,94,0,85,0,9,23,88,0.173913043478,1.68507579377,7.65217391304,7.33333333333,5.5,3.63829000359,0.475458352741,0.249505928854,5.32278271304,1.39118184545,0.672924901186,3.27042079462,0.854769071322,0.442687747036,0.749191304359,0.444603920564,2.5,1.68507579377,0.749191304359,2.5,0.259446613992,0.18878248974,46,0.025974025974,0.333144633145,23,23,23,1,0,0.478260869565,0.217391304348,0.304347826087,23,0.156126482213,1.6902722881,6.86956521739,6.58333333333,4.9375,3.22355461375,0.469251620989,0.255916345625,4.69841450004,1.36789282913,0.664832140892,2.92055547264,0.850288302161,0.453494771602,0.752800287119,0.445372199745,2.5,1.6902722881,0.752800287119,2.5,0.249370326643,0.181660899654,35,0.0197628458498,0.27680257453,23,23,23,1,0,0.478260869565,0.217391304348,0.304347826087,23,80,0.158102766798,1.68935508936,6.95652173913,6.66666666667,5,3.28188223252,0.471770570925,0.255434782609,4.78510534906,1.37571778785,0.66847826087,2.95218817486,0.848754100271,0.448913043478,0.752068943211,0.445181091856,2.5,1.68935508936,0.752068943211,2.5,0.258355281083,0.191596638655,38,0.0214568040655,0.281286979014,23,23,23,1,0,0.478260869565,0.217391304348,0.304347826087,-8,-0.0158102766798,0.00427929558364,-0.695652173913,-0.666666666667,-0.5,-0.356407771065,-0.00368778181641,0.00592885375494,-0.537677363986,-0.0154640576005,-0.00444664031621,-0.318232619768,-0.00601497105108,0.00622529644269,0.00287763885235,0.000577171291433,0,0.00427929558364,0.00287763885235,0,-0.00109133290951,0.00281414891538,-8,-0.00451722190853,-0.0518576541304,0,0,0,80,0,8,418,0.909090909091,1,0,0.0909090909091,1,0.909090909091,0.952380952381,0.944467458064,0.909090909091,0.909090909091,1,9,0,10,7,10
1180,WLNM_dir_neg_kfold,0.827160493827,0.509971509972,00:00:01,10,90,12,19357,threshold_sweep,0.1,0.666666666667,0.222222222222,0.333333333333,2,1,7,17,0.222222222222,0.944444444444,0.0555555555556,0.777777777778,0.666666666667,0.222222222222,0.333333333333,0.703703703704,0.62962962963,0.2,0.25,0.166666666667,94,85,9,0,94,0,85,0,9,23,88,0.173913043478,1.68507579377,7.65217391304,7.33333333333,5.5,3.63829000359,0.475458352741,0.249505928854,5.32278271304,1.39118184545,0.672924901186,3.27042079462,0.854769071322,0.442687747036,0.749191304359,0.444603920564,2.5,1.68507579377,0.749191304359,2.5,0.259446613992,0.18878248974,46,0.025974025974,0.333144633145,23,23,23,1,0,0.478260869565,0.217391304348,0.304347826087,23,0.156126482213,1.6902722881,6.86956521739,6.58333333333,4.9375,3.22355461375,0.469251620989,0.255916345625,4.69841450004,1.36789282913,0.664832140892,2.92055547264,0.850288302161,0.453494771602,0.752800287119,0.445372199745,2.5,1.6902722881,0.752800287119,2.5,0.249370326643,0.181660899654,35,0.0197628458498,0.27680257453,23,23,23,1,0,0.478260869565,0.217391304348,0.304347826087,23,82,0.162055335968,1.97962231006,7.13043478261,6.30769230769,5.125,3.33445303987,0.467636706811,0.25079533404,4.85073646664,1.36057242357,0.662778366914,3.02754156126,0.849188486694,0.446447507953,1.06456829753,0.537763336027,3.5,1.97962231006,1.06456829753,3.5,0.27380700108,0.2064,43,0.0242800677583,0.248804685343,23,23,23,1,0,0.434782608696,0.260869565217,0.304347826087,-6,-0.0118577075099,0.294546516286,-0.521739130435,-1.02564102564,-0.375,-0.303836963716,-0.00782164593037,0.00128940518654,-0.472046246405,-0.0306094218853,-0.0101465342717,-0.242879233368,-0.00558058462831,0.00375976091777,0.315376993171,0.0931594154629,1,0.294546516286,0.315376993171,1,0.0143603870877,0.0176175102599,-3,-0.0016939582157,-0.0843399478015,-0.0434782608696,0.0434782608696,0,81,1,7,417,0.920454545455,0.997607655502,0.00239234449761,0.0795454545455,0.987804878049,0.920454545455,0.952941176471,0.944303782253,0.918062200957,0.910112359551,3,9,0,10,7,10
1181,WLNM_dir_neg_kfold,0.827160493827,0.509971509972,00:00:01,10,90,12,19357,threshold_sweep,0.2,0.666666666667,0.222222222222,0.333333333333,2,1,7,17,0.222222222222,0.944444444444,0.0555555555556,0.777777777778,0.666666666667,0.222222222222,0.333333333333,0.703703703704,0.62962962963,0.2,0.25,0.166666666667,94,85,9,0,94,0,85,0,9,23,88,0.173913043478,1.68507579377,7.65217391304,7.33333333333,5.5,3.63829000359,0.475458352741,0.249505928854,5.32278271304,1.39118184545,0.672924901186,3.27042079462,0.854769071322,0.442687747036,0.749191304359,0.444603920564,2.5,1.68507579377,0.749191304359,2.5,0.259446613992,0.18878248974,46,0.025974025974,0.333144633145,23,23,23,1,0,0.478260869565,0.217391304348,0.304347826087,23,0.156126482213,1.6902722881,6.86956521739,6.58333333333,4.9375,3.22355461375,0.469251620989,0.255916345625,4.69841450004,1.36789282913,0.664832140892,2.92055547264,0.850288302161,0.453494771602,0.752800287119,0.445372199745,2.5,1.6902722881,0.752800287119,2.5,0.249370326643,0.181660899654,35,0.0197628458498,0.27680257453,23,23,23,1,0,0.478260869565,0.217391304348,0.304347826087,23,82,0.162055335968,1.97962231006,7.13043478261,6.30769230769,5.125,3.33445303987,0.467636706811,0.25079533404,4.85073646664,1.36057242357,0.662778366914,3.02754156126,0.849188486694,0.446447507953,1.06456829753,0.537763336027,3.5,1.97962231006,1.06456829753,3.5,0.27380700108,0.2064,43,0.0242800677583,0.248804685343,23,23,23,1,0,0.434782608696,0.260869565217,0.304347826087,-6,-0.0118577075099,0.294546516286,-0.521739130435,-1.02564102564,-0.375,-0.303836963716,-0.00782164593037,0.00128940518654,-0.472046246405,-0.0306094218853,-0.0101465342717,-0.242879233368,-0.00558058462831,0.00375976091777,0.315376993171,0.0931594154629,1,0.294546516286,0.315376993171,1,0.0143603870877,0.0176175102599,-3,-0.0016939582157,-0.0843399478015,-0.0434782608696,0.0434782608696,0,81,1,7,417,0.920454545455,0.997607655502,0.00239234449761,0.0795454545455,0.987804878049,0.920454545455,0.952941176471,0.944303782253,0.918062200957,0.910112359551,3,9,0,10,7,10
1182,WLNM_dir_neg_kfold,0.827160493827,0.509971509972,00:00:01,10,90,12,19357,threshold_sweep,0.3,0.666666666667,0.222222222222,0.333333333333,2,1,7,17,0.222222222222,0.944444444444,0.0555555555556,0.777777777778,0.666666666667,0.222222222222,0.333333333333,0.703703703704,0.62962962963,0.2,0.25,0.166666666667,94,85,9,0,94,0,85,0,9,23,88,0.173913043478,1.68507579377,7.65217391304,7.33333333333,5.5,3.63829000359,0.475458352741,0.249505928854,5.32278271304,1.39118184545,0.672924901186,3.27042079462,0.854769071322,0.442687747036,0.749191304359,0.444603920564,2.5,1.68507579377,0.749191304359,2.5,0.259446613992,0.18878248974,46,0.025974025974,0.333144633145,23,23,23,1,0,0.478260869565,0.217391304348,0.304347826087,23,0.156126482213,1.6902722881,6.86956521739,6.58333333333,4.9375,3.22355461375,0.469251620989,0.255916345625,4.69841450004,1.36789282913,0.664832140892,2.92055547264,0.850288302161,0.453494771602,0.752800287119,0.445372199745,2.5,1.6902722881,0.752800287119,2.5,0.249370326643,0.181660899654,35,0.0197628458498,0.27680257453,23,23,23,1,0,0.478260869565,0.217391304348,0.304347826087,23,82,0.162055335968,1.97962231006,7.13043478261,6.30769230769,5.125,3.33445303987,0.467636706811,0.25079533404,4.85073646664,1.36057242357,0.662778366914,3.02754156126,0.849188486694,0.446447507953,1.06456829753,0.537763336027,3.5,1.97962231006,1.06456829753,3.5,0.27380700108,0.2064,43,0.0242800677583,0.248804685343,23,23,23,1,0,0.434782608696,0.260869565217,0.304347826087,-6,-0.0118577075099,0.294546516286,-0.521739130435,-1.02564102564,-0.375,-0.303836963716,-0.00782164593037,0.00128940518654,-0.472046246405,-0.0306094218853,-0.0101465342717,-0.242879233368,-0.00558058462831,0.00375976091777,0.315376993171,0.0931594154629,1,0.294546516286,0.315376993171,1,0.0143603870877,0.0176175102599,-3,-0.0016939582157,-0.0843399478015,-0.0434782608696,0.0434782608696,0,81,1,7,417,0.920454545455,0.997607655502,0.00239234449761,0.0795454545455,0.987804878049,0.920454545455,0.952941176471,0.944303782253,0.918062200957,0.910112359551,3,9,0,10,7,10
1183,WLNM_dir_neg_kfold,0.827160493827,0.509971509972,00:00:01,10,90,12,19357,threshold_sweep,0.4,0.666666666667,0.222222222222,0.333333333333,2,1,7,17,0.222222222222,0.944444444444,0.0555555555556,0.777777777778,0.666666666667,0.222222222222,0.333333333333,0.703703703704,0.62962962963,0.2,0.25,0.166666666667,94,85,9,0,94,0,85,0,9,23,88,0.173913043478,1.68507579377,7.65217391304,7.33333333333,5.5,3.63829000359,0.475458352741,0.249505928854,5.32278271304,1.39118184545,0.672924901186,3.27042079462,0.854769071322,0.442687747036,0.749191304359,0.444603920564,2.5,1.68507579377,0.749191304359,2.5,0.259446613992,0.18878248974,46,0.025974025974,0.333144633145,23,23,23,1,0,0.478260869565,0.217391304348,0.304347826087,23,0.156126482213,1.6902722881,6.86956521739,6.58333333333,4.9375,3.22355461375,0.469251620989,0.255916345625,4.69841450004,1.36789282913,0.664832140892,2.92055547264,0.850288302161,0.453494771602,0.752800287119,0.445372199745,2.5,1.6902722881,0.752800287119,2.5,0.249370326643,0.181660899654,35,0.0197628458498,0.27680257453,23,23,23,1,0,0.478260869565,0.217391304348,0.304347826087,23,82,0.162055335968,1.97962231006,7.13043478261,6.30769230769,5.125,3.33445303987,0.467636706811,0.25079533404,4.85073646664,1.36057242357,0.662778366914,3.02754156126,0.849188486694,0.446447507953,1.06456829753,0.537763336027,3.5,1.97962231006,1.06456829753,3.5,0.27380700108,0.2064,43,0.0242800677583,0.248804685343,23,23,23,1,0,0.434782608696,0.260869565217,0.304347826087,-6,-0.0118577075099,0.294546516286,-0.521739130435,-1.02564102564,-0.375,-0.303836963716,-0.00782164593037,0.00128940518654,-0.472046246405,-0.0306094218853,-0.0101465342717,-0.242879233368,-0.00558058462831,0.00375976091777,0.315376993171,0.0931594154629,1,0.294546516286,0.315376993171,1,0.0143603870877,0.0176175102599,-3,-0.0016939582157,-0.0843399478015,-0.0434782608696,0.0434782608696,0,81,1,7,417,0.920454545455,0.997607655502,0.00239234449761,0.0795454545455,0.987804878049,0.920454545455,0.952941176471,0.944303782253,0.918062200957,0.910112359551,3,9,0,10,7,10
1184,WLNM_dir_neg_kfold,0.827160493827,0.509971509972,00:00:01,10,90,12,19357,threshold_sweep,0.5,0.666666666667,0.222222222222,0.333333333333,2,1,7,17,0.222222222222,0.944444444444,0.0555555555556,0.777777777778,0.666666666667,0.222222222222,0.333333333333,0.703703703704,0.62962962963,0.2,0.25,0.166666666667,94,85,9,0,94,0,85,0,9,23,88,0.173913043478,1.68507579377,7.65217391304,7.33333333333,5.5,3.63829000359,0.475458352741,0.249505928854,5.32278271304,1.39118184545,0.672924901186,3.27042079462,0.854769071322,0.442687747036,0.749191304359,0.444603920564,2.5,1.68507579377,0.749191304359,2.5,0.259446613992,0.18878248974,46,0.025974025974,0.333144633145,23,23,23,1,0,0.478260869565,0.217391304348,0.304347826087,23,0.156126482213,1.6902722881,6.86956521739,6.58333333333,4.9375,3.22355461375,0.469251620989,0.255916345625,4.69841450004,1.36789282913,0.664832140892,2.92055547264,0.850288302161,0.453494771602,0.752800287119,0.445372199745,2.5,1.6902722881,0.752800287119,2.5,0.249370326643,0.181660899654,35,0.0197628458498,0.27680257453,23,23,23,1,0,0.478260869565,0.217391304348,0.304347826087,23,82,0.162055335968,1.97962231006,7.13043478261,6.30769230769,5.125,3.33445303987,0.467636706811,0.25079533404,4.85073646664,1.36057242357,0.662778366914,3.02754156126,0.849188486694,0.446447507953,1.06456829753,0.537763336027,3.5,1.97962231006,1.06456829753,3.5,0.27380700108,0.2064,43,0.0242800677583,0.248804685343,23,23,23,1,0,0.434782608696,0.260869565217,0.304347826087,-6,-0.0118577075099,0.294546516286,-0.521739130435,-1.02564102564,-0.375,-0.303836963716,-0.00782164593037,0.00128940518654,-0.472046246405,-0.0306094218853,-0.0101465342717,-0.242879233368,-0.00558058462831,0.00375976091777,0.315376993171,0.0931594154629,1,0.294546516286,0.315376993171,1,0.0143603870877,0.0176175102599,-3,-0.0016939582157,-0.0843399478015,-0.0434782608696,0.0434782608696,0,81,1,7,417,0.920454545455,0.997607655502,0.00239234449761,0.0795454545455,0.987804878049,0.920454545455,0.952941176471,0.944303782253,0.918062200957,0.910112359551,3,9,0,10,7,10
1185,WLNM_dir_neg_kfold,0.827160493827,0.509971509972,00:00:01,10,90,12,19357,threshold_sweep,0.6,0.666666666667,0.222222222222,0.333333333333,2,1,7,17,0.222222222222,0.944444444444,0.0555555555556,0.777777777778,0.666666666667,0.222222222222,0.333333333333,0.703703703704,0.62962962963,0.2,0.25,0.166666666667,94,85,9,0,94,0,85,0,9,23,88,0.173913043478,1.68507579377,7.65217391304,7.33333333333,5.5,3.63829000359,0.475458352741,0.249505928854,5.32278271304,1.39118184545,0.672924901186,3.27042079462,0.854769071322,0.442687747036,0.749191304359,0.444603920564,2.5,1.68507579377,0.749191304359,2.5,0.259446613992,0.18878248974,46,0.025974025974,0.333144633145,23,23,23,1,0,0.478260869565,0.217391304348,0.304347826087,23,0.156126482213,1.6902722881,6.86956521739,6.58333333333,4.9375,3.22355461375,0.469251620989,0.255916345625,4.69841450004,1.36789282913,0.664832140892,2.92055547264,0.850288302161,0.453494771602,0.752800287119,0.445372199745,2.5,1.6902722881,0.752800287119,2.5,0.249370326643,0.181660899654,35,0.0197628458498,0.27680257453,23,23,23,1,0,0.478260869565,0.217391304348,0.304347826087,23,82,0.162055335968,1.97962231006,7.13043478261,6.30769230769,5.125,3.33445303987,0.467636706811,0.25079533404,4.85073646664,1.36057242357,0.662778366914,3.02754156126,0.849188486694,0.446447507953,1.06456829753,0.537763336027,3.5,1.97962231006,1.06456829753,3.5,0.27380700108,0.2064,43,0.0242800677583,0.248804685343,23,23,23,1,0,0.434782608696,0.260869565217,0.304347826087,-6,-0.0118577075099,0.294546516286,-0.521739130435,-1.02564102564,-0.375,-0.303836963716,-0.00782164593037,0.00128940518654,-0.472046246405,-0.0306094218853,-0.0101465342717,-0.242879233368,-0.00558058462831,0.00375976091777,0.315376993171,0.0931594154629,1,0.294546516286,0.315376993171,1,0.0143603870877,0.0176175102599,-3,-0.0016939582157,-0.0843399478015,-0.0434782608696,0.0434782608696,0,81,1,7,417,0.920454545455,0.997607655502,0.00239234449761,0.0795454545455,0.987804878049,0.920454545455,0.952941176471,0.944303782253,0.918062200957,0.910112359551,3,9,0,10,7,10
1186,WLNM_dir_neg_kfold,0.827160493827,0.509971509972,00:00:01,10,90,12,19357,threshold_sweep,0.7,0.666666666667,0.222222222222,0.333333333333,2,1,7,17,0.222222222222,0.944444444444,0.0555555555556,0.777777777778,0.666666666667,0.222222222222,0.333333333333,0.703703703704,0.62962962963,0.2,0.25,0.166666666667,94,85,9,0,94,0,85,0,9,23,88,0.173913043478,1.68507579377,7.65217391304,7.33333333333,5.5,3.63829000359,0.475458352741,0.249505928854,5.32278271304,1.39118184545,0.672924901186,3.27042079462,0.854769071322,0.442687747036,0.749191304359,0.444603920564,2.5,1.68507579377,0.749191304359,2.5,0.259446613992,0.18878248974,46,0.025974025974,0.333144633145,23,23,23,1,0,0.478260869565,0.217391304348,0.304347826087,23,0.156126482213,1.6902722881,6.86956521739,6.58333333333,4.9375,3.22355461375,0.469251620989,0.255916345625,4.69841450004,1.36789282913,0.664832140892,2.92055547264,0.850288302161,0.453494771602,0.752800287119,0.445372199745,2.5,1.6902722881,0.752800287119,2.5,0.249370326643,0.181660899654,35,0.0197628458498,0.27680257453,23,23,23,1,0,0.478260869565,0.217391304348,0.304347826087,23,82,0.162055335968,1.97962231006,7.13043478261,6.30769230769,5.125,3.33445303987,0.467636706811,0.25079533404,4.85073646664,1.36057242357,0.662778366914,3.02754156126,0.849188486694,0.446447507953,1.06456829753,0.537763336027,3.5,1.97962231006,1.06456829753,3.5,0.27380700108,0.2064,43,0.0242800677583,0.248804685343,23,23,23,1,0,0.434782608696,0.260869565217,0.304347826087,-6,-0.0118577075099,0.294546516286,-0.521739130435,-1.02564102564,-0.375,-0.303836963716,-0.00782164593037,0.00128940518654,-0.472046246405,-0.0306094218853,-0.0101465342717,-0.242879233368,-0.00558058462831,0.00375976091777,0.315376993171,0.0931594154629,1,0.294546516286,0.315376993171,1,0.0143603870877,0.0176175102599,-3,-0.0016939582157,-0.0843399478015,-0.0434782608696,0.0434782608696,0,81,1,7,417,0.920454545455,0.997607655502,0.00239234449761,0.0795454545455,0.987804878049,0.920454545455,0.952941176471,0.944303782253,0.918062200957,0.910112359551,3,9,0,10,7,10
1187,WLNM_dir_neg_kfold,0.827160493827,0.509971509972,00:00:01,10,90,12,19357,threshold_sweep,0.8,0.666666666667,0.222222222222,0.333333333333,2,1,7,17,0.222222222222,0.944444444444,0.0555555555556,0.777777777778,0.666666666667,0.222222222222,0.333333333333,0.703703703704,0.62962962963,0.2,0.25,0.166666666667,94,85,9,0,94,0,85,0,9,23,88,0.173913043478,1.68507579377,7.65217391304,7.33333333333,5.5,3.63829000359,0.475458352741,0.249505928854,5.32278271304,1.39118184545,0.672924901186,3.27042079462,0.854769071322,0.442687747036,0.749191304359,0.444603920564,2.5,1.68507579377,0.749191304359,2.5,0.259446613992,0.18878248974,46,0.025974025974,0.333144633145,23,23,23,1,0,0.478260869565,0.217391304348,0.304347826087,23,0.156126482213,1.6902722881,6.86956521739,6.58333333333,4.9375,3.22355461375,0.469251620989,0.255916345625,4.69841450004,1.36789282913,0.664832140892,2.92055547264,0.850288302161,0.453494771602,0.752800287119,0.445372199745,2.5,1.6902722881,0.752800287119,2.5,0.249370326643,0.181660899654,35,0.0197628458498,0.27680257453,23,23,23,1,0,0.478260869565,0.217391304348,0.304347826087,23,82,0.162055335968,1.97962231006,7.13043478261,6.30769230769,5.125,3.33445303987,0.467636706811,0.25079533404,4.85073646664,1.36057242357,0.662778366914,3.02754156126,0.849188486694,0.446447507953,1.06456829753,0.537763336027,3.5,1.97962231006,1.06456829753,3.5,0.27380700108,0.2064,43,0.0242800677583,0.248804685343,23,23,23,1,0,0.434782608696,0.260869565217,0.304347826087,-6,-0.0118577075099,0.294546516286,-0.521739130435,-1.02564102564,-0.375,-0.303836963716,-0.00782164593037,0.00128940518654,-0.472046246405,-0.0306094218853,-0.0101465342717,-0.242879233368,-0.00558058462831,0.00375976091777,0.315376993171,0.0931594154629,1,0.294546516286,0.315376993171,1,0.0143603870877,0.0176175102599,-3,-0.0016939582157,-0.0843399478015,-0.0434782608696,0.0434782608696,0,81,1,7,417,0.920454545455,0.997607655502,0.00239234449761,0.0795454545455,0.987804878049,0.920454545455,0.952941176471,0.944303782253,0.918062200957,0.910112359551,3,9,0,10,7,10
1188,WLNM_dir_neg_kfold,0.827160493827,0.509971509972,00:00:01,10,90,12,19357,threshold_sweep,0.9,1,0.222222222222,0.363636363636,2,0,7,18,0.222222222222,1,0,0.777777777778,1,0.222222222222,0.363636363636,0.740740740741,0.641975308642,0.275862068966,0.4,0.222222222222,94,85,9,0,94,0,85,0,9,23,88,0.173913043478,1.68507579377,7.65217391304,7.33333333333,5.5,3.63829000359,0.475458352741,0.249505928854,5.32278271304,1.39118184545,0.672924901186,3.27042079462,0.854769071322,0.442687747036,0.749191304359,0.444603920564,2.5,1.68507579377,0.749191304359,2.5,0.259446613992,0.18878248974,46,0.025974025974,0.333144633145,23,23,23,1,0,0.478260869565,0.217391304348,0.304347826087,23,0.156126482213,1.6902722881,6.86956521739,6.58333333333,4.9375,3.22355461375,0.469251620989,0.255916345625,4.69841450004,1.36789282913,0.664832140892,2.92055547264,0.850288302161,0.453494771602,0.752800287119,0.445372199745,2.5,1.6902722881,0.752800287119,2.5,0.249370326643,0.181660899654,35,0.0197628458498,0.27680257453,23,23,23,1,0,0.478260869565,0.217391304348,0.304347826087,23,81,0.160079051383,1.688568919,7.04347826087,6.75,5.0625,3.35041735351,0.475676537844,0.254428341385,4.87917248216,1.38544403814,0.672034353194,2.98282302552,0.846974439346,0.443370907139,0.751462004267,0.445028921124,2.5,1.688568919,0.751462004267,2.5,0.26468228741,0.195758564437,40,0.0225861095426,0.285521633249,23,23,23,1,0,0.478260869565,0.217391304348,0.304347826087,-7,-0.0138339920949,0.00349312523226,-0.608695652174,-0.583333333333,-0.4375,-0.287872650078,0.000218185102312,0.00492241253111,-0.443610230883,-0.00573780731027,-0.000890547991997,-0.287597769103,-0.00779463197674,0.00068316010345,0.00227069990833,0.000425000559329,0,0.00349312523226,0.00227069990833,0,0.00523567341749,0.00697607469711,-6,-0.00338791643139,-0.0476229998957,0,0,0,81,0,7,418,0.920454545455,1,0,0.0795454545455,1,0.920454545455,0.958579881657,0.951469451768,0.920454545455,0.920454545455,2,9,0,10,7,10
1189,WLNM_dir_neg_kfold,0.740740740741,0.441666666667,00:00:01,10,90,13,19358,threshold_sweep,0.1,1,0.222222222222,0.363636363636,2,0,7,18,0.222222222222,1,0,0.777777777778,1,0.222222222222,0.363636363636,0.740740740741,0.641975308642,0.275862068966,0.4,0.222222222222,94,85,9,0,94,0,85,0,9,23,88,0.173913043478,1.68507579377,7.65217391304,7.33333333333,5.5,3.63829000359,0.475458352741,0.249505928854,5.32278271304,1.39118184545,0.672924901186,3.27042079462,0.854769071322,0.442687747036,0.749191304359,0.444603920564,2.5,1.68507579377,0.749191304359,2.5,0.259446613992,0.18878248974,46,0.025974025974,0.333144633145,23,23,23,1,0,0.478260869565,0.217391304348,0.304347826087,23,0.156126482213,1.6902722881,6.86956521739,6.58333333333,4.9375,3.22355461375,0.469251620989,0.255916345625,4.69841450004,1.36789282913,0.664832140892,2.92055547264,0.850288302161,0.453494771602,0.752800287119,0.445372199745,2.5,1.6902722881,0.752800287119,2.5,0.249370326643,0.181660899654,35,0.0197628458498,0.27680257453,23,23,23,1,0,0.478260869565,0.217391304348,0.304347826087,23,81,0.160079051383,1.688568919,7.04347826087,6.75,5.0625,3.35041735351,0.475676537844,0.254428341385,4.87917248216,1.38544403814,0.672034353194,2.98282302552,0.846974439346,0.443370907139,0.751462004267,0.445028921124,2.5,1.688568919,0.751462004267,2.5,0.26468228741,0.195758564437,40,0.0225861095426,0.285521633249,23,23,23,1,0,0.478260869565,0.217391304348,0.304347826087,-7,-0.0138339920949,0.00349312523226,-0.608695652174,-0.583333333333,-0.4375,-0.287872650078,0.000218185102312,0.00492241253111,-0.443610230883,-0.00573780731027,-0.000890547991997,-0.287597769103,-0.00779463197674,0.00068316010345,0.00227069990833,0.000425000559329,0,0.00349312523226,0.00227069990833,0,0.00523567341749,0.00697607469711,-6,-0.00338791643139,-0.0476229998957,0,0,0,81,0,7,418,0.920454545455,1,0,0.0795454545455,1,0.920454545455,0.958579881657,0.951469451768,0.920454545455,0.920454545455,2,9,0,10,7,10
1190,WLNM_dir_neg_kfold,0.740740740741,0.441666666667,00:00:01,10,90,13,19358,threshold_sweep,0.2,1,0.222222222222,0.363636363636,2,0,7,18,0.222222222222,1,0,0.777777777778,1,0.222222222222,0.363636363636,0.740740740741,0.641975308642,0.275862068966,0.4,0.222222222222,94,85,9,0,94,0,85,0,9,23,88,0.173913043478,1.68507579377,7.65217391304,7.33333333333,5.5,3.63829000359,0.475458352741,0.249505928854,5.32278271304,1.39118184545,0.672924901186,3.27042079462,0.854769071322,0.442687747036,0.749191304359,0.444603920564,2.5,1.68507579377,0.749191304359,2.5,0.259446613992,0.18878248974,46,0.025974025974,0.333144633145,23,23,23,1,0,0.478260869565,0.217391304348,0.304347826087,23,0.156126482213,1.6902722881,6.86956521739,6.58333333333,4.9375,3.22355461375,0.469251620989,0.255916345625,4.69841450004,1.36789282913,0.664832140892,2.92055547264,0.850288302161,0.453494771602,0.752800287119,0.445372199745,2.5,1.6902722881,0.752800287119,2.5,0.249370326643,0.181660899654,35,0.0197628458498,0.27680257453,23,23,23,1,0,0.478260869565,0.217391304348,0.304347826087,23,81,0.160079051383,1.688568919,7.04347826087,6.75,5.0625,3.35041735351,0.475676537844,0.254428341385,4.87917248216,1.38544403814,0.672034353194,2.98282302552,0.846974439346,0.443370907139,0.751462004267,0.445028921124,2.5,1.688568919,0.751462004267,2.5,0.26468228741,0.195758564437,40,0.0225861095426,0.285521633249,23,23,23,1,0,0.478260869565,0.217391304348,0.304347826087,-7,-0.0138339920949,0.00349312523226,-0.608695652174,-0.583333333333,-0.4375,-0.287872650078,0.000218185102312,0.00492241253111,-0.443610230883,-0.00573780731027,-0.000890547991997,-0.287597769103,-0.00779463197674,0.00068316010345,0.00227069990833,0.000425000559329,0,0.00349312523226,0.00227069990833,0,0.00523567341749,0.00697607469711,-6,-0.00338791643139,-0.0476229998957,0,0,0,81,0,7,418,0.920454545455,1,0,0.0795454545455,1,0.920454545455,0.958579881657,0.951469451768,0.920454545455,0.920454545455,2,9,0,10,7,10
1191,WLNM_dir_neg_kfold,0.740740740741,0.441666666667,00:00:01,10,90,13,19358,threshold_sweep,0.3,1,0.222222222222,0.363636363636,2,0,7,18,0.222222222222,1,0,0.777777777778,1,0.222222222222,0.363636363636,0.740740740741,0.641975308642,0.275862068966,0.4,0.222222222222,94,85,9,0,94,0,85,0,9,23,88,0.173913043478,1.68507579377,7.65217391304,7.33333333333,5.5,3.63829000359,0.475458352741,0.249505928854,5.32278271304,1.39118184545,0.672924901186,3.27042079462,0.854769071322,0.442687747036,0.749191304359,0.444603920564,2.5,1.68507579377,0.749191304359,2.5,0.259446613992,0.18878248974,46,0.025974025974,0.333144633145,23,23,23,1,0,0.478260869565,0.217391304348,0.304347826087,23,0.156126482213,1.6902722881,6.86956521739,6.58333333333,4.9375,3.22355461375,0.469251620989,0.255916345625,4.69841450004,1.36789282913,0.664832140892,2.92055547264,0.850288302161,0.453494771602,0.752800287119,0.445372199745,2.5,1.6902722881,0.752800287119,2.5,0.249370326643,0.181660899654,35,0.0197628458498,0.27680257453,23,23,23,1,0,0.478260869565,0.217391304348,0.304347826087,23,81,0.160079051383,1.688568919,7.04347826087,6.75,5.0625,3.35041735351,0.475676537844,0.254428341385,4.87917248216,1.38544403814,0.672034353194,2.98282302552,0.846974439346,0.443370907139,0.751462004267,0.445028921124,2.5,1.688568919,0.751462004267,2.5,0.26468228741,0.195758564437,40,0.0225861095426,0.285521633249,23,23,23,1,0,0.478260869565,0.217391304348,0.304347826087,-7,-0.0138339920949,0.00349312523226,-0.608695652174,-0.583333333333,-0.4375,-0.287872650078,0.000218185102312,0.00492241253111,-0.443610230883,-0.00573780731027,-0.000890547991997,-0.287597769103,-0.00779463197674,0.00068316010345,0.00227069990833,0.000425000559329,0,0.00349312523226,0.00227069990833,0,0.00523567341749,0.00697607469711,-6,-0.00338791643139,-0.0476229998957,0,0,0,81,0,7,418,0.920454545455,1,0,0.0795454545455,1,0.920454545455,0.958579881657,0.951469451768,0.920454545455,0.920454545455,2,9,0,10,7,10
1192,WLNM_dir_neg_kfold,0.740740740741,0.441666666667,00:00:01,10,90,13,19358,threshold_sweep,0.4,1,0.222222222222,0.363636363636,2,0,7,18,0.222222222222,1,0,0.777777777778,1,0.222222222222,0.363636363636,0.740740740741,0.641975308642,0.275862068966,0.4,0.222222222222,94,85,9,0,94,0,85,0,9,23,88,0.173913043478,1.68507579377,7.65217391304,7.33333333333,5.5,3.63829000359,0.475458352741,0.249505928854,5.32278271304,1.39118184545,0.672924901186,3.27042079462,0.854769071322,0.442687747036,0.749191304359,0.444603920564,2.5,1.68507579377,0.749191304359,2.5,0.259446613992,0.18878248974,46,0.025974025974,0.333144633145,23,23,23,1,0,0.478260869565,0.217391304348,0.304347826087,23,0.156126482213,1.6902722881,6.86956521739,6.58333333333,4.9375,3.22355461375,0.469251620989,0.255916345625,4.69841450004,1.36789282913,0.664832140892,2.92055547264,0.850288302161,0.453494771602,0.752800287119,0.445372199745,2.5,1.6902722881,0.752800287119,2.5,0.249370326643,0.181660899654,35,0.0197628458498,0.27680257453,23,23,23,1,0,0.478260869565,0.217391304348,0.304347826087,23,81,0.160079051383,1.688568919,7.04347826087,6.75,5.0625,3.35041735351,0.475676537844,0.254428341385,4.87917248216,1.38544403814,0.672034353194,2.98282302552,0.846974439346,0.443370907139,0.751462004267,0.445028921124,2.5,1.688568919,0.751462004267,2.5,0.26468228741,0.195758564437,40,0.0225861095426,0.285521633249,23,23,23,1,0,0.478260869565,0.217391304348,0.304347826087,-7,-0.0138339920949,0.00349312523226,-0.608695652174,-0.583333333333,-0.4375,-0.287872650078,0.000218185102312,0.00492241253111,-0.443610230883,-0.00573780731027,-0.000890547991997,-0.287597769103,-0.00779463197674,0.00068316010345,0.00227069990833,0.000425000559329,0,0.00349312523226,0.00227069990833,0,0.00523567341749,0.00697607469711,-6,-0.00338791643139,-0.0476229998957,0,0,0,81,0,7,418,0.920454545455,1,0,0.0795454545455,1,0.920454545455,0.958579881657,0.951469451768,0.920454545455,0.920454545455,2,9,0,10,7,10
1193,WLNM_dir_neg_kfold,0.740740740741,0.441666666667,00:00:01,10,90,13,19358,threshold_sweep,0.5,1,0.222222222222,0.363636363636,2,0,7,18,0.222222222222,1,0,0.777777777778,1,0.222222222222,0.363636363636,0.740740740741,0.641975308642,0.275862068966,0.4,0.222222222222,94,85,9,0,94,0,85,0,9,23,88,0.173913043478,1.68507579377,7.65217391304,7.33333333333,5.5,3.63829000359,0.475458352741,0.249505928854,5.32278271304,1.39118184545,0.672924901186,3.27042079462,0.854769071322,0.442687747036,0.749191304359,0.444603920564,2.5,1.68507579377,0.749191304359,2.5,0.259446613992,0.18878248974,46,0.025974025974,0.333144633145,23,23,23,1,0,0.478260869565,0.217391304348,0.304347826087,23,0.156126482213,1.6902722881,6.86956521739,6.58333333333,4.9375,3.22355461375,0.469251620989,0.255916345625,4.69841450004,1.36789282913,0.664832140892,2.92055547264,0.850288302161,0.453494771602,0.752800287119,0.445372199745,2.5,1.6902722881,0.752800287119,2.5,0.249370326643,0.181660899654,35,0.0197628458498,0.27680257453,23,23,23,1,0,0.478260869565,0.217391304348,0.304347826087,23,81,0.160079051383,1.688568919,7.04347826087,6.75,5.0625,3.35041735351,0.475676537844,0.254428341385,4.87917248216,1.38544403814,0.672034353194,2.98282302552,0.846974439346,0.443370907139,0.751462004267,0.445028921124,2.5,1.688568919,0.751462004267,2.5,0.26468228741,0.195758564437,40,0.0225861095426,0.285521633249,23,23,23,1,0,0.478260869565,0.217391304348,0.304347826087,-7,-0.0138339920949,0.00349312523226,-0.608695652174,-0.583333333333,-0.4375,-0.287872650078,0.000218185102312,0.00492241253111,-0.443610230883,-0.00573780731027,-0.000890547991997,-0.287597769103,-0.00779463197674,0.00068316010345,0.00227069990833,0.000425000559329,0,0.00349312523226,0.00227069990833,0,0.00523567341749,0.00697607469711,-6,-0.00338791643139,-0.0476229998957,0,0,0,81,0,7,418,0.920454545455,1,0,0.0795454545455,1,0.920454545455,0.958579881657,0.951469451768,0.920454545455,0.920454545455,2,9,0,10,7,10
1194,WLNM_dir_neg_kfold,0.740740740741,0.441666666667,00:00:01,10,90,13,19358,threshold_sweep,0.6,1,0.222222222222,0.363636363636,2,0,7,18,0.222222222222,1,0,0.777777777778,1,0.222222222222,0.363636363636,0.740740740741,0.641975308642,0.275862068966,0.4,0.222222222222,94,85,9,0,94,0,85,0,9,23,88,0.173913043478,1.68507579377,7.65217391304,7.33333333333,5.5,3.63829000359,0.475458352741,0.249505928854,5.32278271304,1.39118184545,0.672924901186,3.27042079462,0.854769071322,0.442687747036,0.749191304359,0.444603920564,2.5,1.68507579377,0.749191304359,2.5,0.259446613992,0.18878248974,46,0.025974025974,0.333144633145,23,23,23,1,0,0.478260869565,0.217391304348,0.304347826087,23,0.156126482213,1.6902722881,6.86956521739,6.58333333333,4.9375,3.22355461375,0.469251620989,0.255916345625,4.69841450004,1.36789282913,0.664832140892,2.92055547264,0.850288302161,0.453494771602,0.752800287119,0.445372199745,2.5,1.6902722881,0.752800287119,2.5,0.249370326643,0.181660899654,35,0.0197628458498,0.27680257453,23,23,23,1,0,0.478260869565,0.217391304348,0.304347826087,23,81,0.160079051383,1.688568919,7.04347826087,6.75,5.0625,3.35041735351,0.475676537844,0.254428341385,4.87917248216,1.38544403814,0.672034353194,2.98282302552,0.846974439346,0.443370907139,0.751462004267,0.445028921124,2.5,1.688568919,0.751462004267,2.5,0.26468228741,0.195758564437,40,0.0225861095426,0.285521633249,23,23,23,1,0,0.478260869565,0.217391304348,0.304347826087,-7,-0.0138339920949,0.00349312523226,-0.608695652174,-0.583333333333,-0.4375,-0.287872650078,0.000218185102312,0.00492241253111,-0.443610230883,-0.00573780731027,-0.000890547991997,-0.287597769103,-0.00779463197674,0.00068316010345,0.00227069990833,0.000425000559329,0,0.00349312523226,0.00227069990833,0,0.00523567341749,0.00697607469711,-6,-0.00338791643139,-0.0476229998957,0,0,0,81,0,7,418,0.920454545455,1,0,0.0795454545455,1,0.920454545455,0.958579881657,0.951469451768,0.920454545455,0.920454545455,2,9,0,10,7,10
1195,WLNM_dir_neg_kfold,0.740740740741,0.441666666667,00:00:01,10,90,13,19358,threshold_sweep,0.7,1,0.222222222222,0.363636363636,2,0,7,18,0.222222222222,1,0,0.777777777778,1,0.222222222222,0.363636363636,0.740740740741,0.641975308642,0.275862068966,0.4,0.222222222222,94,85,9,0,94,0,85,0,9,23,88,0.173913043478,1.68507579377,7.65217391304,7.33333333333,5.5,3.63829000359,0.475458352741,0.249505928854,5.32278271304,1.39118184545,0.672924901186,3.27042079462,0.854769071322,0.442687747036,0.749191304359,0.444603920564,2.5,1.68507579377,0.749191304359,2.5,0.259446613992,0.18878248974,46,0.025974025974,0.333144633145,23,23,23,1,0,0.478260869565,0.217391304348,0.304347826087,23,0.156126482213,1.6902722881,6.86956521739,6.58333333333,4.9375,3.22355461375,0.469251620989,0.255916345625,4.69841450004,1.36789282913,0.664832140892,2.92055547264,0.850288302161,0.453494771602,0.752800287119,0.445372199745,2.5,1.6902722881,0.752800287119,2.5,0.249370326643,0.181660899654,35,0.0197628458498,0.27680257453,23,23,23,1,0,0.478260869565,0.217391304348,0.304347826087,23,81,0.160079051383,1.688568919,7.04347826087,6.75,5.0625,3.35041735351,0.475676537844,0.254428341385,4.87917248216,1.38544403814,0.672034353194,2.98282302552,0.846974439346,0.443370907139,0.751462004267,0.445028921124,2.5,1.688568919,0.751462004267,2.5,0.26468228741,0.195758564437,40,0.0225861095426,0.285521633249,23,23,23,1,0,0.478260869565,0.217391304348,0.304347826087,-7,-0.0138339920949,0.00349312523226,-0.608695652174,-0.583333333333,-0.4375,-0.287872650078,0.000218185102312,0.00492241253111,-0.443610230883,-0.00573780731027,-0.000890547991997,-0.287597769103,-0.00779463197674,0.00068316010345,0.00227069990833,0.000425000559329,0,0.00349312523226,0.00227069990833,0,0.00523567341749,0.00697607469711,-6,-0.00338791643139,-0.0476229998957,0,0,0,81,0,7,418,0.920454545455,1,0,0.0795454545455,1,0.920454545455,0.958579881657,0.951469451768,0.920454545455,0.920454545455,2,9,0,10,7,10
1196,WLNM_dir_neg_kfold,0.740740740741,0.441666666667,00:00:01,10,90,13,19358,threshold_sweep,0.8,1,0.222222222222,0.363636363636,2,0,7,18,0.222222222222,1,0,0.777777777778,1,0.222222222222,0.363636363636,0.740740740741,0.641975308642,0.275862068966,0.4,0.222222222222,94,85,9,0,94,0,85,0,9,23,88,0.173913043478,1.68507579377,7.65217391304,7.33333333333,5.5,3.63829000359,0.475458352741,0.249505928854,5.32278271304,1.39118184545,0.672924901186,3.27042079462,0.854769071322,0.442687747036,0.749191304359,0.444603920564,2.5,1.68507579377,0.749191304359,2.5,0.259446613992,0.18878248974,46,0.025974025974,0.333144633145,23,23,23,1,0,0.478260869565,0.217391304348,0.304347826087,23,0.156126482213,1.6902722881,6.86956521739,6.58333333333,4.9375,3.22355461375,0.469251620989,0.255916345625,4.69841450004,1.36789282913,0.664832140892,2.92055547264,0.850288302161,0.453494771602,0.752800287119,0.445372199745,2.5,1.6902722881,0.752800287119,2.5,0.249370326643,0.181660899654,35,0.0197628458498,0.27680257453,23,23,23,1,0,0.478260869565,0.217391304348,0.304347826087,23,81,0.160079051383,1.688568919,7.04347826087,6.75,5.0625,3.35041735351,0.475676537844,0.254428341385,4.87917248216,1.38544403814,0.672034353194,2.98282302552,0.846974439346,0.443370907139,0.751462004267,0.445028921124,2.5,1.688568919,0.751462004267,2.5,0.26468228741,0.195758564437,40,0.0225861095426,0.285521633249,23,23,23,1,0,0.478260869565,0.217391304348,0.304347826087,-7,-0.0138339920949,0.00349312523226,-0.608695652174,-0.583333333333,-0.4375,-0.287872650078,0.000218185102312,0.00492241253111,-0.443610230883,-0.00573780731027,-0.000890547991997,-0.287597769103,-0.00779463197674,0.00068316010345,0.00227069990833,0.000425000559329,0,0.00349312523226,0.00227069990833,0,0.00523567341749,0.00697607469711,-6,-0.00338791643139,-0.0476229998957,0,0,0,81,0,7,418,0.920454545455,1,0,0.0795454545455,1,0.920454545455,0.958579881657,0.951469451768,0.920454545455,0.920454545455,2,9,0,10,7,10
1197,WLNM_dir_neg_kfold,0.740740740741,0.441666666667,00:00:01,10,90,13,19358,threshold_sweep,0.9,1,0.222222222222,0.363636363636,2,0,7,18,0.222222222222,1,0,0.777777777778,1,0.222222222222,0.363636363636,0.740740740741,0.641975308642,0.275862068966,0.4,0.222222222222,94,85,9,0,94,0,85,0,9,23,88,0.173913043478,1.68507579377,7.65217391304,7.33333333333,5.5,3.63829000359,0.475458352741,0.249505928854,5.32278271304,1.39118184545,0.672924901186,3.27042079462,0.854769071322,0.442687747036,0.749191304359,0.444603920564,2.5,1.68507579377,0.749191304359,2.5,0.259446613992,0.18878248974,46,0.025974025974,0.333144633145,23,23,23,1,0,0.478260869565,0.217391304348,0.304347826087,23,0.156126482213,1.6902722881,6.86956521739,6.58333333333,4.9375,3.22355461375,0.469251620989,0.255916345625,4.69841450004,1.36789282913,0.664832140892,2.92055547264,0.850288302161,0.453494771602,0.752800287119,0.445372199745,2.5,1.6902722881,0.752800287119,2.5,0.249370326643,0.181660899654,35,0.0197628458498,0.27680257453,23,23,23,1,0,0.478260869565,0.217391304348,0.304347826087,23,81,0.160079051383,1.688568919,7.04347826087,6.75,5.0625,3.35041735351,0.475676537844,0.254428341385,4.87917248216,1.38544403814,0.672034353194,2.98282302552,0.846974439346,0.443370907139,0.751462004267,0.445028921124,2.5,1.688568919,0.751462004267,2.5,0.26468228741,0.195758564437,40,0.0225861095426,0.285521633249,23,23,23,1,0,0.478260869565,0.217391304348,0.304347826087,-7,-0.0138339920949,0.00349312523226,-0.608695652174,-0.583333333333,-0.4375,-0.287872650078,0.000218185102312,0.00492241253111,-0.443610230883,-0.00573780731027,-0.000890547991997,-0.287597769103,-0.00779463197674,0.00068316010345,0.00227069990833,0.000425000559329,0,0.00349312523226,0.00227069990833,0,0.00523567341749,0.00697607469711,-6,-0.00338791643139,-0.0476229998957,0,0,0,81,0,7,418,0.920454545455,1,0,0.0795454545455,1,0.920454545455,0.958579881657,0.951469451768,0.920454545455,0.920454545455,2,9,0,10,7,10
1198,WLNM_dir_neg_kfold,0.243827160494,0.281676413255,00:00:01,10,90,14,19359,threshold_sweep,0.1,1,0.222222222222,0.363636363636,2,0,7,18,0.222222222222,1,0,0.777777777778,1,0.222222222222,0.363636363636,0.740740740741,0.641975308642,0.275862068966,0.4,0.222222222222,94,85,9,0,94,0,85,0,9,23,88,0.173913043478,1.68507579377,7.65217391304,7.33333333333,5.5,3.63829000359,0.475458352741,0.249505928854,5.32278271304,1.39118184545,0.672924901186,3.27042079462,0.854769071322,0.442687747036,0.749191304359,0.444603920564,2.5,1.68507579377,0.749191304359,2.5,0.259446613992,0.18878248974,46,0.025974025974,0.333144633145,23,23,23,1,0,0.478260869565,0.217391304348,0.304347826087,23,0.156126482213,1.6902722881,6.86956521739,6.58333333333,4.9375,3.22355461375,0.469251620989,0.255916345625,4.69841450004,1.36789282913,0.664832140892,2.92055547264,0.850288302161,0.453494771602,0.752800287119,0.445372199745,2.5,1.6902722881,0.752800287119,2.5,0.249370326643,0.181660899654,35,0.0197628458498,0.27680257453,23,23,23,1,0,0.478260869565,0.217391304348,0.304347826087,23,81,0.160079051383,1.688568919,7.04347826087,6.75,5.0625,3.35041735351,0.475676537844,0.254428341385,4.87917248216,1.38544403814,0.672034353194,2.98282302552,0.846974439346,0.443370907139,0.751462004267,0.445028921124,2.5,1.688568919,0.751462004267,2.5,0.26468228741,0.195758564437,40,0.0225861095426,0.285521633249,23,23,23,1,0,0.478260869565,0.217391304348,0.304347826087,-7,-0.0138339920949,0.00349312523226,-0.608695652174,-0.583333333333,-0.4375,-0.287872650078,0.000218185102312,0.00492241253111,-0.443610230883,-0.00573780731027,-0.000890547991997,-0.287597769103,-0.00779463197674,0.00068316010345,0.00227069990833,0.000425000559329,0,0.00349312523226,0.00227069990833,0,0.00523567341749,0.00697607469711,-6,-0.00338791643139,-0.0476229998957,0,0,0,81,0,7,418,0.920454545455,1,0,0.0795454545455,1,0.920454545455,0.958579881657,0.951469451768,0.920454545455,0.920454545455,2,9,0,10,7,10
1199,WLNM_dir_neg_kfold,0.243827160494,0.281676413255,00:00:01,10,90,14,19359,threshold_sweep,0.2,1,0.222222222222,0.363636363636,2,0,7,18,0.222222222222,1,0,0.777777777778,1,0.222222222222,0.363636363636,0.740740740741,0.641975308642,0.275862068966,0.4,0.222222222222,94,85,9,0,94,0,85,0,9,23,88,0.173913043478,1.68507579377,7.65217391304,7.33333333333,5.5,3.63829000359,0.475458352741,0.249505928854,5.32278271304,1.39118184545,0.672924901186,3.27042079462,0.854769071322,0.442687747036,0.749191304359,0.444603920564,2.5,1.68507579377,0.749191304359,2.5,0.259446613992,0.18878248974,46,0.025974025974,0.333144633145,23,23,23,1,0,0.478260869565,0.217391304348,0.304347826087,23,0.156126482213,1.6902722881,6.86956521739,6.58333333333,4.9375,3.22355461375,0.469251620989,0.255916345625,4.69841450004,1.36789282913,0.664832140892,2.92055547264,0.850288302161,0.453494771602,0.752800287119,0.445372199745,2.5,1.6902722881,0.752800287119,2.5,0.249370326643,0.181660899654,35,0.0197628458498,0.27680257453,23,23,23,1,0,0.478260869565,0.217391304348,0.304347826087,23,81,0.160079051383,1.688568919,7.04347826087,6.75,5.0625,3.35041735351,0.475676537844,0.254428341385,4.87917248216,1.38544403814,0.672034353194,2.98282302552,0.846974439346,0.443370907139,0.751462004267,0.445028921124,2.5,1.688568919,0.751462004267,2.5,0.26468228741,0.195758564437,40,0.0225861095426,0.285521633249,23,23,23,1,0,0.478260869565,0.217391304348,0.304347826087,-7,-0.0138339920949,0.00349312523226,-0.608695652174,-0.583333333333,-0.4375,-0.287872650078,0.000218185102312,0.00492241253111,-0.443610230883,-0.00573780731027,-0.000890547991997,-0.287597769103,-0.00779463197674,0.00068316010345,0.00227069990833,0.000425000559329,0,0.00349312523226,0.00227069990833,0,0.00523567341749,0.00697607469711,-6,-0.00338791643139,-0.0476229998957,0,0,0,81,0,7,418,0.920454545455,1,0,0.0795454545455,1,0.920454545455,0.958579881657,0.951469451768,0.920454545455,0.920454545455,2,9,0,10,7,10
1200,WLNM_dir_neg_kfold,0.243827160494,0.281676413255,00:00:01,10,90,14,19359,threshold_sweep,0.3,1,0.222222222222,0.363636363636,2,0,7,18,0.222222222222,1,0,0.777777777778,1,0.222222222222,0.363636363636,0.740740740741,0.641975308642,0.275862068966,0.4,0.222222222222,94,85,9,0,94,0,85,0,9,23,88,0.173913043478,1.68507579377,7.65217391304,7.33333333333,5.5,3.63829000359,0.475458352741,0.249505928854,5.32278271304,1.39118184545,0.672924901186,3.27042079462,0.854769071322,0.442687747036,0.749191304359,0.444603920564,2.5,1.68507579377,0.749191304359,2.5,0.259446613992,0.18878248974,46,0.025974025974,0.333144633145,23,23,23,1,0,0.478260869565,0.217391304348,0.304347826087,23,0.156126482213,1.6902722881,6.86956521739,6.58333333333,4.9375,3.22355461375,0.469251620989,0.255916345625,4.69841450004,1.36789282913,0.664832140892,2.92055547264,0.850288302161,0.453494771602,0.752800287119,0.445372199745,2.5,1.6902722881,0.752800287119,2.5,0.249370326643,0.181660899654,35,0.0197628458498,0.27680257453,23,23,23,1,0,0.478260869565,0.217391304348,0.304347826087,23,81,0.160079051383,1.688568919,7.04347826087,6.75,5.0625,3.35041735351,0.475676537844,0.254428341385,4.87917248216,1.38544403814,0.672034353194,2.98282302552,0.846974439346,0.443370907139,0.751462004267,0.445028921124,2.5,1.688568919,0.751462004267,2.5,0.26468228741,0.195758564437,40,0.0225861095426,0.285521633249,23,23,23,1,0,0.478260869565,0.217391304348,0.304347826087,-7,-0.0138339920949,0.00349312523226,-0.608695652174,-0.583333333333,-0.4375,-0.287872650078,0.000218185102312,0.00492241253111,-0.443610230883,-0.00573780731027,-0.000890547991997,-0.287597769103,-0.00779463197674,0.00068316010345,0.00227069990833,0.000425000559329,0,0.00349312523226,0.00227069990833,0,0.00523567341749,0.00697607469711,-6,-0.00338791643139,-0.0476229998957,0,0,0,81,0,7,418,0.920454545455,1,0,0.0795454545455,1,0.920454545455,0.958579881657,0.951469451768,0.920454545455,0.920454545455,2,9,0,10,7,10
1201,WLNM_dir_neg_kfold,0.243827160494,0.281676413255,00:00:01,10,90,14,19359,threshold_sweep,0.4,1,0.222222222222,0.363636363636,2,0,7,18,0.222222222222,1,0,0.777777777778,1,0.222222222222,0.363636363636,0.740740740741,0.641975308642,0.275862068966,0.4,0.222222222222,94,85,9,0,94,0,85,0,9,23,88,0.173913043478,1.68507579377,7.65217391304,7.33333333333,5.5,3.63829000359,0.475458352741,0.249505928854,5.32278271304,1.39118184545,0.672924901186,3.27042079462,0.854769071322,0.442687747036,0.749191304359,0.444603920564,2.5,1.68507579377,0.749191304359,2.5,0.259446613992,0.18878248974,46,0.025974025974,0.333144633145,23,23,23,1,0,0.478260869565,0.217391304348,0.304347826087,23,0.156126482213,1.6902722881,6.86956521739,6.58333333333,4.9375,3.22355461375,0.469251620989,0.255916345625,4.69841450004,1.36789282913,0.664832140892,2.92055547264,0.850288302161,0.453494771602,0.752800287119,0.445372199745,2.5,1.6902722881,0.752800287119,2.5,0.249370326643,0.181660899654,35,0.0197628458498,0.27680257453,23,23,23,1,0,0.478260869565,0.217391304348,0.304347826087,23,81,0.160079051383,1.688568919,7.04347826087,6.75,5.0625,3.35041735351,0.475676537844,0.254428341385,4.87917248216,1.38544403814,0.672034353194,2.98282302552,0.846974439346,0.443370907139,0.751462004267,0.445028921124,2.5,1.688568919,0.751462004267,2.5,0.26468228741,0.195758564437,40,0.0225861095426,0.285521633249,23,23,23,1,0,0.478260869565,0.217391304348,0.304347826087,-7,-0.0138339920949,0.00349312523226,-0.608695652174,-0.583333333333,-0.4375,-0.287872650078,0.000218185102312,0.00492241253111,-0.443610230883,-0.00573780731027,-0.000890547991997,-0.287597769103,-0.00779463197674,0.00068316010345,0.00227069990833,0.000425000559329,0,0.00349312523226,0.00227069990833,0,0.00523567341749,0.00697607469711,-6,-0.00338791643139,-0.0476229998957,0,0,0,81,0,7,418,0.920454545455,1,0,0.0795454545455,1,0.920454545455,0.958579881657,0.951469451768,0.920454545455,0.920454545455,2,9,0,10,7,10
1202,WLNM_dir_neg_kfold,0.243827160494,0.281676413255,00:00:01,10,90,14,19359,threshold_sweep,0.5,1,0.222222222222,0.363636363636,2,0,7,18,0.222222222222,1,0,0.777777777778,1,0.222222222222,0.363636363636,0.740740740741,0.641975308642,0.275862068966,0.4,0.222222222222,94,85,9,0,94,0,85,0,9,23,88,0.173913043478,1.68507579377,7.65217391304,7.33333333333,5.5,3.63829000359,0.475458352741,0.249505928854,5.32278271304,1.39118184545,0.672924901186,3.27042079462,0.854769071322,0.442687747036,0.749191304359,0.444603920564,2.5,1.68507579377,0.749191304359,2.5,0.259446613992,0.18878248974,46,0.025974025974,0.333144633145,23,23,23,1,0,0.478260869565,0.217391304348,0.304347826087,23,0.156126482213,1.6902722881,6.86956521739,6.58333333333,4.9375,3.22355461375,0.469251620989,0.255916345625,4.69841450004,1.36789282913,0.664832140892,2.92055547264,0.850288302161,0.453494771602,0.752800287119,0.445372199745,2.5,1.6902722881,0.752800287119,2.5,0.249370326643,0.181660899654,35,0.0197628458498,0.27680257453,23,23,23,1,0,0.478260869565,0.217391304348,0.304347826087,23,81,0.160079051383,1.688568919,7.04347826087,6.75,5.0625,3.35041735351,0.475676537844,0.254428341385,4.87917248216,1.38544403814,0.672034353194,2.98282302552,0.846974439346,0.443370907139,0.751462004267,0.445028921124,2.5,1.688568919,0.751462004267,2.5,0.26468228741,0.195758564437,40,0.0225861095426,0.285521633249,23,23,23,1,0,0.478260869565,0.217391304348,0.304347826087,-7,-0.0138339920949,0.00349312523226,-0.608695652174,-0.583333333333,-0.4375,-0.287872650078,0.000218185102312,0.00492241253111,-0.443610230883,-0.00573780731027,-0.000890547991997,-0.287597769103,-0.00779463197674,0.00068316010345,0.00227069990833,0.000425000559329,0,0.00349312523226,0.00227069990833,0,0.00523567341749,0.00697607469711,-6,-0.00338791643139,-0.0476229998957,0,0,0,81,0,7,418,0.920454545455,1,0,0.0795454545455,1,0.920454545455,0.958579881657,0.951469451768,0.920454545455,0.920454545455,2,9,0,10,7,10
1203,WLNM_dir_neg_kfold,0.243827160494,0.281676413255,00:00:01,10,90,14,19359,threshold_sweep,0.6,1,0.222222222222,0.363636363636,2,0,7,18,0.222222222222,1,0,0.777777777778,1,0.222222222222,0.363636363636,0.740740740741,0.641975308642,0.275862068966,0.4,0.222222222222,94,85,9,0,94,0,85,0,9,23,88,0.173913043478,1.68507579377,7.65217391304,7.33333333333,5.5,3.63829000359,0.475458352741,0.249505928854,5.32278271304,1.39118184545,0.672924901186,3.27042079462,0.854769071322,0.442687747036,0.749191304359,0.444603920564,2.5,1.68507579377,0.749191304359,2.5,0.259446613992,0.18878248974,46,0.025974025974,0.333144633145,23,23,23,1,0,0.478260869565,0.217391304348,0.304347826087,23,0.156126482213,1.6902722881,6.86956521739,6.58333333333,4.9375,3.22355461375,0.469251620989,0.255916345625,4.69841450004,1.36789282913,0.664832140892,2.92055547264,0.850288302161,0.453494771602,0.752800287119,0.445372199745,2.5,1.6902722881,0.752800287119,2.5,0.249370326643,0.181660899654,35,0.0197628458498,0.27680257453,23,23,23,1,0,0.478260869565,0.217391304348,0.304347826087,23,81,0.160079051383,1.688568919,7.04347826087,6.75,5.0625,3.35041735351,0.475676537844,0.254428341385,4.87917248216,1.38544403814,0.672034353194,2.98282302552,0.846974439346,0.443370907139,0.751462004267,0.445028921124,2.5,1.688568919,0.751462004267,2.5,0.26468228741,0.195758564437,40,0.0225861095426,0.285521633249,23,23,23,1,0,0.478260869565,0.217391304348,0.304347826087,-7,-0.0138339920949,0.00349312523226,-0.608695652174,-0.583333333333,-0.4375,-0.287872650078,0.000218185102312,0.00492241253111,-0.443610230883,-0.00573780731027,-0.000890547991997,-0.287597769103,-0.00779463197674,0.00068316010345,0.00227069990833,0.000425000559329,0,0.00349312523226,0.00227069990833,0,0.00523567341749,0.00697607469711,-6,-0.00338791643139,-0.0476229998957,0,0,0,81,0,7,418,0.920454545455,1,0,0.0795454545455,1,0.920454545455,0.958579881657,0.951469451768,0.920454545455,0.920454545455,2,9,0,10,7,10
1204,WLNM_dir_neg_kfold,0.243827160494,0.281676413255,00:00:01,10,90,14,19359,threshold_sweep,0.7,1,0.222222222222,0.363636363636,2,0,7,18,0.222222222222,1,0,0.777777777778,1,0.222222222222,0.363636363636,0.740740740741,0.641975308642,0.275862068966,0.4,0.222222222222,94,85,9,0,94,0,85,0,9,23,88,0.173913043478,1.68507579377,7.65217391304,7.33333333333,5.5,3.63829000359,0.475458352741,0.249505928854,5.32278271304,1.39118184545,0.672924901186,3.27042079462,0.854769071322,0.442687747036,0.749191304359,0.444603920564,2.5,1.68507579377,0.749191304359,2.5,0.259446613992,0.18878248974,46,0.025974025974,0.333144633145,23,23,23,1,0,0.478260869565,0.217391304348,0.304347826087,23,0.156126482213,1.6902722881,6.86956521739,6.58333333333,4.9375,3.22355461375,0.469251620989,0.255916345625,4.69841450004,1.36789282913,0.664832140892,2.92055547264,0.850288302161,0.453494771602,0.752800287119,0.445372199745,2.5,1.6902722881,0.752800287119,2.5,0.249370326643,0.181660899654,35,0.0197628458498,0.27680257453,23,23,23,1,0,0.478260869565,0.217391304348,0.304347826087,23,81,0.160079051383,1.688568919,7.04347826087,6.75,5.0625,3.35041735351,0.475676537844,0.254428341385,4.87917248216,1.38544403814,0.672034353194,2.98282302552,0.846974439346,0.443370907139,0.751462004267,0.445028921124,2.5,1.688568919,0.751462004267,2.5,0.26468228741,0.195758564437,40,0.0225861095426,0.285521633249,23,23,23,1,0,0.478260869565,0.217391304348,0.304347826087,-7,-0.0138339920949,0.00349312523226,-0.608695652174,-0.583333333333,-0.4375,-0.287872650078,0.000218185102312,0.00492241253111,-0.443610230883,-0.00573780731027,-0.000890547991997,-0.287597769103,-0.00779463197674,0.00068316010345,0.00227069990833,0.000425000559329,0,0.00349312523226,0.00227069990833,0,0.00523567341749,0.00697607469711,-6,-0.00338791643139,-0.0476229998957,0,0,0,81,0,7,418,0.920454545455,1,0,0.0795454545455,1,0.920454545455,0.958579881657,0.951469451768,0.920454545455,0.920454545455,2,9,0,10,7,10
1205,WLNM_dir_neg_kfold,0.243827160494,0.281676413255,00:00:01,10,90,14,19359,threshold_sweep,0.8,1,0.222222222222,0.363636363636,2,0,7,18,0.222222222222,1,0,0.777777777778,1,0.222222222222,0.363636363636,0.740740740741,0.641975308642,0.275862068966,0.4,0.222222222222,94,85,9,0,94,0,85,0,9,23,88,0.173913043478,1.68507579377,7.65217391304,7.33333333333,5.5,3.63829000359,0.475458352741,0.249505928854,5.32278271304,1.39118184545,0.672924901186,3.27042079462,0.854769071322,0.442687747036,0.749191304359,0.444603920564,2.5,1.68507579377,0.749191304359,2.5,0.259446613992,0.18878248974,46,0.025974025974,0.333144633145,23,23,23,1,0,0.478260869565,0.217391304348,0.304347826087,23,0.156126482213,1.6902722881,6.86956521739,6.58333333333,4.9375,3.22355461375,0.469251620989,0.255916345625,4.69841450004,1.36789282913,0.664832140892,2.92055547264,0.850288302161,0.453494771602,0.752800287119,0.445372199745,2.5,1.6902722881,0.752800287119,2.5,0.249370326643,0.181660899654,35,0.0197628458498,0.27680257453,23,23,23,1,0,0.478260869565,0.217391304348,0.304347826087,23,81,0.160079051383,1.688568919,7.04347826087,6.75,5.0625,3.35041735351,0.475676537844,0.254428341385,4.87917248216,1.38544403814,0.672034353194,2.98282302552,0.846974439346,0.443370907139,0.751462004267,0.445028921124,2.5,1.688568919,0.751462004267,2.5,0.26468228741,0.195758564437,40,0.0225861095426,0.285521633249,23,23,23,1,0,0.478260869565,0.217391304348,0.304347826087,-7,-0.0138339920949,0.00349312523226,-0.608695652174,-0.583333333333,-0.4375,-0.287872650078,0.000218185102312,0.00492241253111,-0.443610230883,-0.00573780731027,-0.000890547991997,-0.287597769103,-0.00779463197674,0.00068316010345,0.00227069990833,0.000425000559329,0,0.00349312523226,0.00227069990833,0,0.00523567341749,0.00697607469711,-6,-0.00338791643139,-0.0476229998957,0,0,0,81,0,7,418,0.920454545455,1,0,0.0795454545455,1,0.920454545455,0.958579881657,0.951469451768,0.920454545455,0.920454545455,2,9,0,10,7,10
1206,WLNM_dir_neg_kfold,0.243827160494,0.281676413255,00:00:01,10,90,14,19359,threshold_sweep,0.9,1,0.222222222222,0.363636363636,2,0,7,18,0.222222222222,1,0,0.777777777778,1,0.222222222222,0.363636363636,0.740740740741,0.641975308642,0.275862068966,0.4,0.222222222222,94,85,9,0,94,0,85,0,9,23,88,0.173913043478,1.68507579377,7.65217391304,7.33333333333,5.5,3.63829000359,0.475458352741,0.249505928854,5.32278271304,1.39118184545,0.672924901186,3.27042079462,0.854769071322,0.442687747036,0.749191304359,0.444603920564,2.5,1.68507579377,0.749191304359,2.5,0.259446613992,0.18878248974,46,0.025974025974,0.333144633145,23,23,23,1,0,0.478260869565,0.217391304348,0.304347826087,23,0.156126482213,1.6902722881,6.86956521739,6.58333333333,4.9375,3.22355461375,0.469251620989,0.255916345625,4.69841450004,1.36789282913,0.664832140892,2.92055547264,0.850288302161,0.453494771602,0.752800287119,0.445372199745,2.5,1.6902722881,0.752800287119,2.5,0.249370326643,0.181660899654,35,0.0197628458498,0.27680257453,23,23,23,1,0,0.478260869565,0.217391304348,0.304347826087,23,81,0.160079051383,1.688568919,7.04347826087,6.75,5.0625,3.35041735351,0.475676537844,0.254428341385,4.87917248216,1.38544403814,0.672034353194,2.98282302552,0.846974439346,0.443370907139,0.751462004267,0.445028921124,2.5,1.688568919,0.751462004267,2.5,0.26468228741,0.195758564437,40,0.0225861095426,0.285521633249,23,23,23,1,0,0.478260869565,0.217391304348,0.304347826087,-7,-0.0138339920949,0.00349312523226,-0.608695652174,-0.583333333333,-0.4375,-0.287872650078,0.000218185102312,0.00492241253111,-0.443610230883,-0.00573780731027,-0.000890547991997,-0.287597769103,-0.00779463197674,0.00068316010345,0.00227069990833,0.000425000559329,0,0.00349312523226,0.00227069990833,0,0.00523567341749,0.00697607469711,-6,-0.00338791643139,-0.0476229998957,0,0,0,81,0,7,418,0.920454545455,1,0,0.0795454545455,1,0.920454545455,0.958579881657,0.951469451768,0.920454545455,0.920454545455,2,9,0,10,7,10
1207,WLNM_dir_neg_kfold,0.913580246914,0.623737373737,00:00:01,10,90,15,19360,threshold_sweep,0.1,1,0.222222222222,0.363636363636,2,0,7,18,0.222222222222,1,0,0.777777777778,1,0.222222222222,0.363636363636,0.740740740741,0.641975308642,0.275862068966,0.4,0.222222222222,94,85,9,0,94,0,85,0,9,23,88,0.173913043478,1.68507579377,7.65217391304,7.33333333333,5.5,3.63829000359,0.475458352741,0.249505928854,5.32278271304,1.39118184545,0.672924901186,3.27042079462,0.854769071322,0.442687747036,0.749191304359,0.444603920564,2.5,1.68507579377,0.749191304359,2.5,0.259446613992,0.18878248974,46,0.025974025974,0.333144633145,23,23,23,1,0,0.478260869565,0.217391304348,0.304347826087,23,0.156126482213,1.6902722881,6.86956521739,6.58333333333,4.9375,3.22355461375,0.469251620989,0.255916345625,4.69841450004,1.36789282913,0.664832140892,2.92055547264,0.850288302161,0.453494771602,0.752800287119,0.445372199745,2.5,1.6902722881,0.752800287119,2.5,0.249370326643,0.181660899654,35,0.0197628458498,0.27680257453,23,23,23,1,0,0.478260869565,0.217391304348,0.304347826087,23,81,0.160079051383,1.688568919,7.04347826087,6.75,5.0625,3.35041735351,0.475676537844,0.254428341385,4.87917248216,1.38544403814,0.672034353194,2.98282302552,0.846974439346,0.443370907139,0.751462004267,0.445028921124,2.5,1.688568919,0.751462004267,2.5,0.26468228741,0.195758564437,40,0.0225861095426,0.285521633249,23,23,23,1,0,0.478260869565,0.217391304348,0.304347826087,-7,-0.0138339920949,0.00349312523226,-0.608695652174,-0.583333333333,-0.4375,-0.287872650078,0.000218185102312,0.00492241253111,-0.443610230883,-0.00573780731027,-0.000890547991997,-0.287597769103,-0.00779463197674,0.00068316010345,0.00227069990833,0.000425000559329,0,0.00349312523226,0.00227069990833,0,0.00523567341749,0.00697607469711,-6,-0.00338791643139,-0.0476229998957,0,0,0,81,0,7,418,0.920454545455,1,0,0.0795454545455,1,0.920454545455,0.958579881657,0.951469451768,0.920454545455,0.920454545455,2,9,0,10,7,10
1208,WLNM_dir_neg_kfold,0.913580246914,0.623737373737,00:00:01,10,90,15,19360,threshold_sweep,0.2,1,0.222222222222,0.363636363636,2,0,7,18,0.222222222222,1,0,0.777777777778,1,0.222222222222,0.363636363636,0.740740740741,0.641975308642,0.275862068966,0.4,0.222222222222,94,85,9,0,94,0,85,0,9,23,88,0.173913043478,1.68507579377,7.65217391304,7.33333333333,5.5,3.63829000359,0.475458352741,0.249505928854,5.32278271304,1.39118184545,0.672924901186,3.27042079462,0.854769071322,0.442687747036,0.749191304359,0.444603920564,2.5,1.68507579377,0.749191304359,2.5,0.259446613992,0.18878248974,46,0.025974025974,0.333144633145,23,23,23,1,0,0.478260869565,0.217391304348,0.304347826087,23,0.156126482213,1.6902722881,6.86956521739,6.58333333333,4.9375,3.22355461375,0.469251620989,0.255916345625,4.69841450004,1.36789282913,0.664832140892,2.92055547264,0.850288302161,0.453494771602,0.752800287119,0.445372199745,2.5,1.6902722881,0.752800287119,2.5,0.249370326643,0.181660899654,35,0.0197628458498,0.27680257453,23,23,23,1,0,0.478260869565,0.217391304348,0.304347826087,23,81,0.160079051383,1.688568919,7.04347826087,6.75,5.0625,3.35041735351,0.475676537844,0.254428341385,4.87917248216,1.38544403814,0.672034353194,2.98282302552,0.846974439346,0.443370907139,0.751462004267,0.445028921124,2.5,1.688568919,0.751462004267,2.5,0.26468228741,0.195758564437,40,0.0225861095426,0.285521633249,23,23,23,1,0,0.478260869565,0.217391304348,0.304347826087,-7,-0.0138339920949,0.00349312523226,-0.608695652174,-0.583333333333,-0.4375,-0.287872650078,0.000218185102312,0.00492241253111,-0.443610230883,-0.00573780731027,-0.000890547991997,-0.287597769103,-0.00779463197674,0.00068316010345,0.00227069990833,0.000425000559329,0,0.00349312523226,0.00227069990833,0,0.00523567341749,0.00697607469711,-6,-0.00338791643139,-0.0476229998957,0,0,0,81,0,7,418,0.920454545455,1,0,0.0795454545455,1,0.920454545455,0.958579881657,0.951469451768,0.920454545455,0.920454545455,2,9,0,10,7,10
1209,WLNM_dir_neg_kfold,0.913580246914,0.623737373737,00:00:01,10,90,15,19360,threshold_sweep,0.3,1,0.222222222222,0.363636363636,2,0,7,18,0.222222222222,1,0,0.777777777778,1,0.222222222222,0.363636363636,0.740740740741,0.641975308642,0.275862068966,0.4,0.222222222222,94,85,9,0,94,0,85,0,9,23,88,0.173913043478,1.68507579377,7.65217391304,7.33333333333,5.5,3.63829000359,0.475458352741,0.249505928854,5.32278271304,1.39118184545,0.672924901186,3.27042079462,0.854769071322,0.442687747036,0.749191304359,0.444603920564,2.5,1.68507579377,0.749191304359,2.5,0.259446613992,0.18878248974,46,0.025974025974,0.333144633145,23,23,23,1,0,0.478260869565,0.217391304348,0.304347826087,23,0.156126482213,1.6902722881,6.86956521739,6.58333333333,4.9375,3.22355461375,0.469251620989,0.255916345625,4.69841450004,1.36789282913,0.664832140892,2.92055547264,0.850288302161,0.453494771602,0.752800287119,0.445372199745,2.5,1.6902722881,0.752800287119,2.5,0.249370326643,0.181660899654,35,0.0197628458498,0.27680257453,23,23,23,1,0,0.478260869565,0.217391304348,0.304347826087,23,81,0.160079051383,1.688568919,7.04347826087,6.75,5.0625,3.35041735351,0.475676537844,0.254428341385,4.87917248216,1.38544403814,0.672034353194,2.98282302552,0.846974439346,0.443370907139,0.751462004267,0.445028921124,2.5,1.688568919,0.751462004267,2.5,0.26468228741,0.195758564437,40,0.0225861095426,0.285521633249,23,23,23,1,0,0.478260869565,0.217391304348,0.304347826087,-7,-0.0138339920949,0.00349312523226,-0.608695652174,-0.583333333333,-0.4375,-0.287872650078,0.000218185102312,0.00492241253111,-0.443610230883,-0.00573780731027,-0.000890547991997,-0.287597769103,-0.00779463197674,0.00068316010345,0.00227069990833,0.000425000559329,0,0.00349312523226,0.00227069990833,0,0.00523567341749,0.00697607469711,-6,-0.00338791643139,-0.0476229998957,0,0,0,81,0,7,418,0.920454545455,1,0,0.0795454545455,1,0.920454545455,0.958579881657,0.951469451768,0.920454545455,0.920454545455,2,9,0,10,7,10
1210,WLNM_dir_neg_kfold,0.913580246914,0.623737373737,00:00:01,10,90,15,19360,threshold_sweep,0.4,1,0.222222222222,0.363636363636,2,0,7,18,0.222222222222,1,0,0.777777777778,1,0.222222222222,0.363636363636,0.740740740741,0.641975308642,0.275862068966,0.4,0.222222222222,94,85,9,0,94,0,85,0,9,23,88,0.173913043478,1.68507579377,7.65217391304,7.33333333333,5.5,3.63829000359,0.475458352741,0.249505928854,5.32278271304,1.39118184545,0.672924901186,3.27042079462,0.854769071322,0.442687747036,0.749191304359,0.444603920564,2.5,1.68507579377,0.749191304359,2.5,0.259446613992,0.18878248974,46,0.025974025974,0.333144633145,23,23,23,1,0,0.478260869565,0.217391304348,0.304347826087,23,0.156126482213,1.6902722881,6.86956521739,6.58333333333,4.9375,3.22355461375,0.469251620989,0.255916345625,4.69841450004,1.36789282913,0.664832140892,2.92055547264,0.850288302161,0.453494771602,0.752800287119,0.445372199745,2.5,1.6902722881,0.752800287119,2.5,0.249370326643,0.181660899654,35,0.0197628458498,0.27680257453,23,23,23,1,0,0.478260869565,0.217391304348,0.304347826087,23,81,0.160079051383,1.688568919,7.04347826087,6.75,5.0625,3.35041735351,0.475676537844,0.254428341385,4.87917248216,1.38544403814,0.672034353194,2.98282302552,0.846974439346,0.443370907139,0.751462004267,0.445028921124,2.5,1.688568919,0.751462004267,2.5,0.26468228741,0.195758564437,40,0.0225861095426,0.285521633249,23,23,23,1,0,0.478260869565,0.217391304348,0.304347826087,-7,-0.0138339920949,0.00349312523226,-0.608695652174,-0.583333333333,-0.4375,-0.287872650078,0.000218185102312,0.00492241253111,-0.443610230883,-0.00573780731027,-0.000890547991997,-0.287597769103,-0.00779463197674,0.00068316010345,0.00227069990833,0.000425000559329,0,0.00349312523226,0.00227069990833,0,0.00523567341749,0.00697607469711,-6,-0.00338791643139,-0.0476229998957,0,0,0,81,0,7,418,0.920454545455,1,0,0.0795454545455,1,0.920454545455,0.958579881657,0.951469451768,0.920454545455,0.920454545455,2,9,0,10,7,10
1211,WLNM_dir_neg_kfold,0.913580246914,0.623737373737,00:00:01,10,90,15,19360,threshold_sweep,0.5,1,0.222222222222,0.363636363636,2,0,7,18,0.222222222222,1,0,0.777777777778,1,0.222222222222,0.363636363636,0.740740740741,0.641975308642,0.275862068966,0.4,0.222222222222,94,85,9,0,94,0,85,0,9,23,88,0.173913043478,1.68507579377,7.65217391304,7.33333333333,5.5,3.63829000359,0.475458352741,0.249505928854,5.32278271304,1.39118184545,0.672924901186,3.27042079462,0.854769071322,0.442687747036,0.749191304359,0.444603920564,2.5,1.68507579377,0.749191304359,2.5,0.259446613992,0.18878248974,46,0.025974025974,0.333144633145,23,23,23,1,0,0.478260869565,0.217391304348,0.304347826087,23,0.156126482213,1.6902722881,6.86956521739,6.58333333333,4.9375,3.22355461375,0.469251620989,0.255916345625,4.69841450004,1.36789282913,0.664832140892,2.92055547264,0.850288302161,0.453494771602,0.752800287119,0.445372199745,2.5,1.6902722881,0.752800287119,2.5,0.249370326643,0.181660899654,35,0.0197628458498,0.27680257453,23,23,23,1,0,0.478260869565,0.217391304348,0.304347826087,23,81,0.160079051383,1.688568919,7.04347826087,6.75,5.0625,3.35041735351,0.475676537844,0.254428341385,4.87917248216,1.38544403814,0.672034353194,2.98282302552,0.846974439346,0.443370907139,0.751462004267,0.445028921124,2.5,1.688568919,0.751462004267,2.5,0.26468228741,0.195758564437,40,0.0225861095426,0.285521633249,23,23,23,1,0,0.478260869565,0.217391304348,0.304347826087,-7,-0.0138339920949,0.00349312523226,-0.608695652174,-0.583333333333,-0.4375,-0.287872650078,0.000218185102312,0.00492241253111,-0.443610230883,-0.00573780731027,-0.000890547991997,-0.287597769103,-0.00779463197674,0.00068316010345,0.00227069990833,0.000425000559329,0,0.00349312523226,0.00227069990833,0,0.00523567341749,0.00697607469711,-6,-0.00338791643139,-0.0476229998957,0,0,0,81,0,7,418,0.920454545455,1,0,0.0795454545455,1,0.920454545455,0.958579881657,0.951469451768,0.920454545455,0.920454545455,2,9,0,10,7,10
1212,WLNM_dir_neg_kfold,0.913580246914,0.623737373737,00:00:01,10,90,15,19360,threshold_sweep,0.6,1,0.222222222222,0.363636363636,2,0,7,18,0.222222222222,1,0,0.777777777778,1,0.222222222222,0.363636363636,0.740740740741,0.641975308642,0.275862068966,0.4,0.222222222222,94,85,9,0,94,0,85,0,9,23,88,0.173913043478,1.68507579377,7.65217391304,7.33333333333,5.5,3.63829000359,0.475458352741,0.249505928854,5.32278271304,1.39118184545,0.672924901186,3.27042079462,0.854769071322,0.442687747036,0.749191304359,0.444603920564,2.5,1.68507579377,0.749191304359,2.5,0.259446613992,0.18878248974,46,0.025974025974,0.333144633145,23,23,23,1,0,0.478260869565,0.217391304348,0.304347826087,23,0.156126482213,1.6902722881,6.86956521739,6.58333333333,4.9375,3.22355461375,0.469251620989,0.255916345625,4.69841450004,1.36789282913,0.664832140892,2.92055547264,0.850288302161,0.453494771602,0.752800287119,0.445372199745,2.5,1.6902722881,0.752800287119,2.5,0.249370326643,0.181660899654,35,0.0197628458498,0.27680257453,23,23,23,1,0,0.478260869565,0.217391304348,0.304347826087,23,81,0.160079051383,1.688568919,7.04347826087,6.75,5.0625,3.35041735351,0.475676537844,0.254428341385,4.87917248216,1.38544403814,0.672034353194,2.98282302552,0.846974439346,0.443370907139,0.751462004267,0.445028921124,2.5,1.688568919,0.751462004267,2.5,0.26468228741,0.195758564437,40,0.0225861095426,0.285521633249,23,23,23,1,0,0.478260869565,0.217391304348,0.304347826087,-7,-0.0138339920949,0.00349312523226,-0.608695652174,-0.583333333333,-0.4375,-0.287872650078,0.000218185102312,0.00492241253111,-0.443610230883,-0.00573780731027,-0.000890547991997,-0.287597769103,-0.00779463197674,0.00068316010345,0.00227069990833,0.000425000559329,0,0.00349312523226,0.00227069990833,0,0.00523567341749,0.00697607469711,-6,-0.00338791643139,-0.0476229998957,0,0,0,81,0,7,418,0.920454545455,1,0,0.0795454545455,1,0.920454545455,0.958579881657,0.951469451768,0.920454545455,0.920454545455,2,9,0,10,7,10
1213,WLNM_dir_neg_kfold,0.913580246914,0.623737373737,00:00:01,10,90,15,19360,threshold_sweep,0.7,1,0.222222222222,0.363636363636,2,0,7,18,0.222222222222,1,0,0.777777777778,1,0.222222222222,0.363636363636,0.740740740741,0.641975308642,0.275862068966,0.4,0.222222222222,94,85,9,0,94,0,85,0,9,23,88,0.173913043478,1.68507579377,7.65217391304,7.33333333333,5.5,3.63829000359,0.475458352741,0.249505928854,5.32278271304,1.39118184545,0.672924901186,3.27042079462,0.854769071322,0.442687747036,0.749191304359,0.444603920564,2.5,1.68507579377,0.749191304359,2.5,0.259446613992,0.18878248974,46,0.025974025974,0.333144633145,23,23,23,1,0,0.478260869565,0.217391304348,0.304347826087,23,0.156126482213,1.6902722881,6.86956521739,6.58333333333,4.9375,3.22355461375,0.469251620989,0.255916345625,4.69841450004,1.36789282913,0.664832140892,2.92055547264,0.850288302161,0.453494771602,0.752800287119,0.445372199745,2.5,1.6902722881,0.752800287119,2.5,0.249370326643,0.181660899654,35,0.0197628458498,0.27680257453,23,23,23,1,0,0.478260869565,0.217391304348,0.304347826087,23,81,0.160079051383,1.688568919,7.04347826087,6.75,5.0625,3.35041735351,0.475676537844,0.254428341385,4.87917248216,1.38544403814,0.672034353194,2.98282302552,0.846974439346,0.443370907139,0.751462004267,0.445028921124,2.5,1.688568919,0.751462004267,2.5,0.26468228741,0.195758564437,40,0.0225861095426,0.285521633249,23,23,23,1,0,0.478260869565,0.217391304348,0.304347826087,-7,-0.0138339920949,0.00349312523226,-0.608695652174,-0.583333333333,-0.4375,-0.287872650078,0.000218185102312,0.00492241253111,-0.443610230883,-0.00573780731027,-0.000890547991997,-0.287597769103,-0.00779463197674,0.00068316010345,0.00227069990833,0.000425000559329,0,0.00349312523226,0.00227069990833,0,0.00523567341749,0.00697607469711,-6,-0.00338791643139,-0.0476229998957,0,0,0,81,0,7,418,0.920454545455,1,0,0.0795454545455,1,0.920454545455,0.958579881657,0.951469451768,0.920454545455,0.920454545455,2,9,0,10,7,10
1214,WLNM_dir_neg_kfold,0.913580246914,0.623737373737,00:00:01,10,90,15,19360,threshold_sweep,0.8,1,0.222222222222,0.363636363636,2,0,7,18,0.222222222222,1,0,0.777777777778,1,0.222222222222,0.363636363636,0.740740740741,0.641975308642,0.275862068966,0.4,0.222222222222,94,85,9,0,94,0,85,0,9,23,88,0.173913043478,1.68507579377,7.65217391304,7.33333333333,5.5,3.63829000359,0.475458352741,0.249505928854,5.32278271304,1.39118184545,0.672924901186,3.27042079462,0.854769071322,0.442687747036,0.749191304359,0.444603920564,2.5,1.68507579377,0.749191304359,2.5,0.259446613992,0.18878248974,46,0.025974025974,0.333144633145,23,23,23,1,0,0.478260869565,0.217391304348,0.304347826087,23,0.156126482213,1.6902722881,6.86956521739,6.58333333333,4.9375,3.22355461375,0.469251620989,0.255916345625,4.69841450004,1.36789282913,0.664832140892,2.92055547264,0.850288302161,0.453494771602,0.752800287119,0.445372199745,2.5,1.6902722881,0.752800287119,2.5,0.249370326643,0.181660899654,35,0.0197628458498,0.27680257453,23,23,23,1,0,0.478260869565,0.217391304348,0.304347826087,23,81,0.160079051383,1.688568919,7.04347826087,6.75,5.0625,3.35041735351,0.475676537844,0.254428341385,4.87917248216,1.38544403814,0.672034353194,2.98282302552,0.846974439346,0.443370907139,0.751462004267,0.445028921124,2.5,1.688568919,0.751462004267,2.5,0.26468228741,0.195758564437,40,0.0225861095426,0.285521633249,23,23,23,1,0,0.478260869565,0.217391304348,0.304347826087,-7,-0.0138339920949,0.00349312523226,-0.608695652174,-0.583333333333,-0.4375,-0.287872650078,0.000218185102312,0.00492241253111,-0.443610230883,-0.00573780731027,-0.000890547991997,-0.287597769103,-0.00779463197674,0.00068316010345,0.00227069990833,0.000425000559329,0,0.00349312523226,0.00227069990833,0,0.00523567341749,0.00697607469711,-6,-0.00338791643139,-0.0476229998957,0,0,0,81,0,7,418,0.920454545455,1,0,0.0795454545455,1,0.920454545455,0.958579881657,0.951469451768,0.920454545455,0.920454545455,2,9,0,10,7,10
1215,WLNM_dir_neg_kfold,0.913580246914,0.623737373737,00:00:01,10,90,15,19360,threshold_sweep,0.9,1,0.222222222222,0.363636363636,2,0,7,18,0.222222222222,1,0,0.777777777778,1,0.222222222222,0.363636363636,0.740740740741,0.641975308642,0.275862068966,0.4,0.222222222222,94,85,9,0,94,0,85,0,9,23,88,0.173913043478,1.68507579377,7.65217391304,7.33333333333,5.5,3.63829000359,0.475458352741,0.249505928854,5.32278271304,1.39118184545,0.672924901186,3.27042079462,0.854769071322,0.442687747036,0.749191304359,0.444603920564,2.5,1.68507579377,0.749191304359,2.5,0.259446613992,0.18878248974,46,0.025974025974,0.333144633145,23,23,23,1,0,0.478260869565,0.217391304348,0.304347826087,23,0.156126482213,1.6902722881,6.86956521739,6.58333333333,4.9375,3.22355461375,0.469251620989,0.255916345625,4.69841450004,1.36789282913,0.664832140892,2.92055547264,0.850288302161,0.453494771602,0.752800287119,0.445372199745,2.5,1.6902722881,0.752800287119,2.5,0.249370326643,0.181660899654,35,0.0197628458498,0.27680257453,23,23,23,1,0,0.478260869565,0.217391304348,0.304347826087,23,81,0.160079051383,1.688568919,7.04347826087,6.75,5.0625,3.35041735351,0.475676537844,0.254428341385,4.87917248216,1.38544403814,0.672034353194,2.98282302552,0.846974439346,0.443370907139,0.751462004267,0.445028921124,2.5,1.688568919,0.751462004267,2.5,0.26468228741,0.195758564437,40,0.0225861095426,0.285521633249,23,23,23,1,0,0.478260869565,0.217391304348,0.304347826087,-7,-0.0138339920949,0.00349312523226,-0.608695652174,-0.583333333333,-0.4375,-0.287872650078,0.000218185102312,0.00492241253111,-0.443610230883,-0.00573780731027,-0.000890547991997,-0.287597769103,-0.00779463197674,0.00068316010345,0.00227069990833,0.000425000559329,0,0.00349312523226,0.00227069990833,0,0.00523567341749,0.00697607469711,-6,-0.00338791643139,-0.0476229998957,0,0,0,81,0,7,418,0.920454545455,1,0,0.0795454545455,1,0.920454545455,0.958579881657,0.951469451768,0.920454545455,0.920454545455,2,9,0,10,7,10
1216,WLNM_dir_neg_kfold,0.805555555556,0.490740740741,00:00:01,10,90,16,19361,threshold_sweep,0.1,0.666666666667,0.222222222222,0.333333333333,2,1,7,17,0.222222222222,0.944444444444,0.0555555555556,0.777777777778,0.666666666667,0.222222222222,0.333333333333,0.703703703704,0.62962962963,0.2,0.25,0.166666666667,94,85,9,0,94,0,85,0,9,23,88,0.173913043478,1.68507579377,7.65217391304,7.33333333333,5.5,3.63829000359,0.475458352741,0.249505928854,5.32278271304,1.39118184545,0.672924901186,3.27042079462,0.854769071322,0.442687747036,0.749191304359,0.444603920564,2.5,1.68507579377,0.749191304359,2.5,0.259446613992,0.18878248974,46,0.025974025974,0.333144633145,23,23,23,1,0,0.478260869565,0.217391304348,0.304347826087,23,0.156126482213,1.6902722881,6.86956521739,6.58333333333,4.9375,3.22355461375,0.469251620989,0.255916345625,4.69841450004,1.36789282913,0.664832140892,2.92055547264,0.850288302161,0.453494771602,0.752800287119,0.445372199745,2.5,1.6902722881,0.752800287119,2.5,0.249370326643,0.181660899654,35,0.0197628458498,0.27680257453,23,23,23,1,0,0.478260869565,0.217391304348,0.304347826087,23,82,0.162055335968,1.85155384068,7.13043478261,6.30769230769,5.125,3.41526450228,0.478970021662,0.256627783669,4.85073646664,1.36057242357,0.662778366914,2.96687909115,0.832173403615,0.43690349947,0.840765163312,0.454086262488,2.5,1.85155384068,0.840765163312,2.5,0.26468228741,0.195758564437,40,0.0225861095426,0.243676480215,23,23,23,1,0,0.434782608696,0.260869565217,0.304347826087,-6,-0.0118577075099,0.166478046913,-0.521739130435,-1.02564102564,-0.375,-0.223025501304,0.0035116689202,0.00712185481539,-0.472046246405,-0.0306094218853,-0.0101465342717,-0.303541703475,-0.0225956677071,-0.0057842475658,0.0915738589536,0.0094823419241,0,0.166478046913,0.0915738589536,0,0.00523567341749,0.00697607469711,-6,-0.00338791643139,-0.0894681529297,-0.0434782608696,0.0434782608696,0,81,1,7,417,0.920454545455,0.997607655502,0.00239234449761,0.0795454545455,0.987804878049,0.920454545455,0.952941176471,0.944303782253,0.918062200957,0.910112359551,3,9,0,10,7,10
1217,WLNM_dir_neg_kfold,0.805555555556,0.490740740741,00:00:01,10,90,16,19361,threshold_sweep,0.2,1,0.222222222222,0.363636363636,2,0,7,18,0.222222222222,1,0,0.777777777778,1,0.222222222222,0.363636363636,0.740740740741,0.641975308642,0.275862068966,0.4,0.222222222222,94,85,9,0,94,0,85,0,9,23,88,0.173913043478,1.68507579377,7.65217391304,7.33333333333,5.5,3.63829000359,0.475458352741,0.249505928854,5.32278271304,1.39118184545,0.672924901186,3.27042079462,0.854769071322,0.442687747036,0.749191304359,0.444603920564,2.5,1.68507579377,0.749191304359,2.5,0.259446613992,0.18878248974,46,0.025974025974,0.333144633145,23,23,23,1,0,0.478260869565,0.217391304348,0.304347826087,23,0.156126482213,1.6902722881,6.86956521739,6.58333333333,4.9375,3.22355461375,0.469251620989,0.255916345625,4.69841450004,1.36789282913,0.664832140892,2.92055547264,0.850288302161,0.453494771602,0.752800287119,0.445372199745,2.5,1.6902722881,0.752800287119,2.5,0.249370326643,0.181660899654,35,0.0197628458498,0.27680257453,23,23,23,1,0,0.478260869565,0.217391304348,0.304347826087,23,81,0.160079051383,1.688568919,7.04347826087,6.75,5.0625,3.35041735351,0.475676537844,0.254428341385,4.87917248216,1.38544403814,0.672034353194,2.98282302552,0.846974439346,0.443370907139,0.751462004267,0.445028921124,2.5,1.688568919,0.751462004267,2.5,0.26468228741,0.195758564437,40,0.0225861095426,0.285521633249,23,23,23,1,0,0.478260869565,0.217391304348,0.304347826087,-7,-0.0138339920949,0.00349312523226,-0.608695652174,-0.583333333333,-0.4375,-0.287872650078,0.000218185102312,0.00492241253111,-0.443610230883,-0.00573780731027,-0.000890547991997,-0.287597769103,-0.00779463197674,0.00068316010345,0.00227069990833,0.000425000559329,0,0.00349312523226,0.00227069990833,0,0.00523567341749,0.00697607469711,-6,-0.00338791643139,-0.0476229998957,0,0,0,81,0,7,418,0.920454545455,1,0,0.0795454545455,1,0.920454545455,0.958579881657,0.951469451768,0.920454545455,0.920454545455,2,9,0,10,7,10
1218,WLNM_dir_neg_kfold,0.805555555556,0.490740740741,00:00:01,10,90,16,19361,threshold_sweep,0.3,1,0.222222222222,0.363636363636,2,0,7,18,0.222222222222,1,0,0.777777777778,1,0.222222222222,0.363636363636,0.740740740741,0.641975308642,0.275862068966,0.4,0.222222222222,94,85,9,0,94,0,85,0,9,23,88,0.173913043478,1.68507579377,7.65217391304,7.33333333333,5.5,3.63829000359,0.475458352741,0.249505928854,5.32278271304,1.39118184545,0.672924901186,3.27042079462,0.854769071322,0.442687747036,0.749191304359,0.444603920564,2.5,1.68507579377,0.749191304359,2.5,0.259446613992,0.18878248974,46,0.025974025974,0.333144633145,23,23,23,1,0,0.478260869565,0.217391304348,0.304347826087,23,0.156126482213,1.6902722881,6.86956521739,6.58333333333,4.9375,3.22355461375,0.469251620989,0.255916345625,4.69841450004,1.36789282913,0.664832140892,2.92055547264,0.850288302161,0.453494771602,0.752800287119,0.445372199745,2.5,1.6902722881,0.752800287119,2.5,0.249370326643,0.181660899654,35,0.0197628458498,0.27680257453,23,23,23,1,0,0.478260869565,0.217391304348,0.304347826087,23,81,0.160079051383,1.688568919,7.04347826087,6.75,5.0625,3.35041735351,0.475676537844,0.254428341385,4.87917248216,1.38544403814,0.672034353194,2.98282302552,0.846974439346,0.443370907139,0.751462004267,0.445028921124,2.5,1.688568919,0.751462004267,2.5,0.26468228741,0.195758564437,40,0.0225861095426,0.285521633249,23,23,23,1,0,0.478260869565,0.217391304348,0.304347826087,-7,-0.0138339920949,0.00349312523226,-0.608695652174,-0.583333333333,-0.4375,-0.287872650078,0.000218185102312,0.00492241253111,-0.443610230883,-0.00573780731027,-0.000890547991997,-0.287597769103,-0.00779463197674,0.00068316010345,0.00227069990833,0.000425000559329,0,0.00349312523226,0.00227069990833,0,0.00523567341749,0.00697607469711,-6,-0.00338791643139,-0.0476229998957,0,0,0,81,0,7,418,0.920454545455,1,0,0.0795454545455,1,0.920454545455,0.958579881657,0.951469451768,0.920454545455,0.920454545455,2,9,0,10,7,10
1219,WLNM_dir_neg_kfold,0.805555555556,0.490740740741,00:00:01,10,90,16,19361,threshold_sweep,0.4,1,0.222222222222,0.363636363636,2,0,7,18,0.222222222222,1,0,0.777777777778,1,0.222222222222,0.363636363636,0.740740740741,0.641975308642,0.275862068966,0.4,0.222222222222,94,85,9,0,94,0,85,0,9,23,88,0.173913043478,1.68507579377,7.65217391304,7.33333333333,5.5,3.63829000359,0.475458352741,0.249505928854,5.32278271304,1.39118184545,0.672924901186,3.27042079462,0.854769071322,0.442687747036,0.749191304359,0.444603920564,2.5,1.68507579377,0.749191304359,2.5,0.259446613992,0.18878248974,46,0.025974025974,0.333144633145,23,23,23,1,0,0.478260869565,0.217391304348,0.304347826087,23,0.156126482213,1.6902722881,6.86956521739,6.58333333333,4.9375,3.22355461375,0.469251620989,0.255916345625,4.69841450004,1.36789282913,0.664832140892,2.92055547264,0.850288302161,0.453494771602,0.752800287119,0.445372199745,2.5,1.6902722881,0.752800287119,2.5,0.249370326643,0.181660899654,35,0.0197628458498,0.27680257453,23,23,23,1,0,0.478260869565,0.217391304348,0.304347826087,23,81,0.160079051383,1.688568919,7.04347826087,6.75,5.0625,3.35041735351,0.475676537844,0.254428341385,4.87917248216,1.38544403814,0.672034353194,2.98282302552,0.846974439346,0.443370907139,0.751462004267,0.445028921124,2.5,1.688568919,0.751462004267,2.5,0.26468228741,0.195758564437,40,0.0225861095426,0.285521633249,23,23,23,1,0,0.478260869565,0.217391304348,0.304347826087,-7,-0.0138339920949,0.00349312523226,-0.608695652174,-0.583333333333,-0.4375,-0.287872650078,0.000218185102312,0.00492241253111,-0.443610230883,-0.00573780731027,-0.000890547991997,-0.287597769103,-0.00779463197674,0.00068316010345,0.00227069990833,0.000425000559329,0,0.00349312523226,0.00227069990833,0,0.00523567341749,0.00697607469711,-6,-0.00338791643139,-0.0476229998957,0,0,0,81,0,7,418,0.920454545455,1,0,0.0795454545455,1,0.920454545455,0.958579881657,0.951469451768,0.920454545455,0.920454545455,2,9,0,10,7,10
1220,WLNM_dir_neg_kfold,0.805555555556,0.490740740741,00:00:01,10,90,16,19361,threshold_sweep,0.5,1,0.222222222222,0.363636363636,2,0,7,18,0.222222222222,1,0,0.777777777778,1,0.222222222222,0.363636363636,0.740740740741,0.641975308642,0.275862068966,0.4,0.222222222222,94,85,9,0,94,0,85,0,9,23,88,0.173913043478,1.68507579377,7.65217391304,7.33333333333,5.5,3.63829000359,0.475458352741,0.249505928854,5.32278271304,1.39118184545,0.672924901186,3.27042079462,0.854769071322,0.442687747036,0.749191304359,0.444603920564,2.5,1.68507579377,0.749191304359,2.5,0.259446613992,0.18878248974,46,0.025974025974,0.333144633145,23,23,23,1,0,0.478260869565,0.217391304348,0.304347826087,23,0.156126482213,1.6902722881,6.86956521739,6.58333333333,4.9375,3.22355461375,0.469251620989,0.255916345625,4.69841450004,1.36789282913,0.664832140892,2.92055547264,0.850288302161,0.453494771602,0.752800287119,0.445372199745,2.5,1.6902722881,0.752800287119,2.5,0.249370326643,0.181660899654,35,0.0197628458498,0.27680257453,23,23,23,1,0,0.478260869565,0.217391304348,0.304347826087,23,81,0.160079051383,1.688568919,7.04347826087,6.75,5.0625,3.35041735351,0.475676537844,0.254428341385,4.87917248216,1.38544403814,0.672034353194,2.98282302552,0.846974439346,0.443370907139,0.751462004267,0.445028921124,2.5,1.688568919,0.751462004267,2.5,0.26468228741,0.195758564437,40,0.0225861095426,0.285521633249,23,23,23,1,0,0.478260869565,0.217391304348,0.304347826087,-7,-0.0138339920949,0.00349312523226,-0.608695652174,-0.583333333333,-0.4375,-0.287872650078,0.000218185102312,0.00492241253111,-0.443610230883,-0.00573780731027,-0.000890547991997,-0.287597769103,-0.00779463197674,0.00068316010345,0.00227069990833,0.000425000559329,0,0.00349312523226,0.00227069990833,0,0.00523567341749,0.00697607469711,-6,-0.00338791643139,-0.0476229998957,0,0,0,81,0,7,418,0.920454545455,1,0,0.0795454545455,1,0.920454545455,0.958579881657,0.951469451768,0.920454545455,0.920454545455,2,9,0,10,7,10
1221,WLNM_dir_neg_kfold,0.805555555556,0.490740740741,00:00:01,10,90,16,19361,threshold_sweep,0.6,1,0.222222222222,0.363636363636,2,0,7,18,0.222222222222,1,0,0.777777777778,1,0.222222222222,0.363636363636,0.740740740741,0.641975308642,0.275862068966,0.4,0.222222222222,94,85,9,0,94,0,85,0,9,23,88,0.173913043478,1.68507579377,7.65217391304,7.33333333333,5.5,3.63829000359,0.475458352741,0.249505928854,5.32278271304,1.39118184545,0.672924901186,3.27042079462,0.854769071322,0.442687747036,0.749191304359,0.444603920564,2.5,1.68507579377,0.749191304359,2.5,0.259446613992,0.18878248974,46,0.025974025974,0.333144633145,23,23,23,1,0,0.478260869565,0.217391304348,0.304347826087,23,0.156126482213,1.6902722881,6.86956521739,6.58333333333,4.9375,3.22355461375,0.469251620989,0.255916345625,4.69841450004,1.36789282913,0.664832140892,2.92055547264,0.850288302161,0.453494771602,0.752800287119,0.445372199745,2.5,1.6902722881,0.752800287119,2.5,0.249370326643,0.181660899654,35,0.0197628458498,0.27680257453,23,23,23,1,0,0.478260869565,0.217391304348,0.304347826087,23,81,0.160079051383,1.688568919,7.04347826087,6.75,5.0625,3.35041735351,0.475676537844,0.254428341385,4.87917248216,1.38544403814,0.672034353194,2.98282302552,0.846974439346,0.443370907139,0.751462004267,0.445028921124,2.5,1.688568919,0.751462004267,2.5,0.26468228741,0.195758564437,40,0.0225861095426,0.285521633249,23,23,23,1,0,0.478260869565,0.217391304348,0.304347826087,-7,-0.0138339920949,0.00349312523226,-0.608695652174,-0.583333333333,-0.4375,-0.287872650078,0.000218185102312,0.00492241253111,-0.443610230883,-0.00573780731027,-0.000890547991997,-0.287597769103,-0.00779463197674,0.00068316010345,0.00227069990833,0.000425000559329,0,0.00349312523226,0.00227069990833,0,0.00523567341749,0.00697607469711,-6,-0.00338791643139,-0.0476229998957,0,0,0,81,0,7,418,0.920454545455,1,0,0.0795454545455,1,0.920454545455,0.958579881657,0.951469451768,0.920454545455,0.920454545455,2,9,0,10,7,10
1222,WLNM_dir_neg_kfold,0.805555555556,0.490740740741,00:00:01,10,90,16,19361,threshold_sweep,0.7,1,0.222222222222,0.363636363636,2,0,7,18,0.222222222222,1,0,0.777777777778,1,0.222222222222,0.363636363636,0.740740740741,0.641975308642,0.275862068966,0.4,0.222222222222,94,85,9,0,94,0,85,0,9,23,88,0.173913043478,1.68507579377,7.65217391304,7.33333333333,5.5,3.63829000359,0.475458352741,0.249505928854,5.32278271304,1.39118184545,0.672924901186,3.27042079462,0.854769071322,0.442687747036,0.749191304359,0.444603920564,2.5,1.68507579377,0.749191304359,2.5,0.259446613992,0.18878248974,46,0.025974025974,0.333144633145,23,23,23,1,0,0.478260869565,0.217391304348,0.304347826087,23,0.156126482213,1.6902722881,6.86956521739,6.58333333333,4.9375,3.22355461375,0.469251620989,0.255916345625,4.69841450004,1.36789282913,0.664832140892,2.92055547264,0.850288302161,0.453494771602,0.752800287119,0.445372199745,2.5,1.6902722881,0.752800287119,2.5,0.249370326643,0.181660899654,35,0.0197628458498,0.27680257453,23,23,23,1,0,0.478260869565,0.217391304348,0.304347826087,23,81,0.160079051383,1.688568919,7.04347826087,6.75,5.0625,3.35041735351,0.475676537844,0.254428341385,4.87917248216,1.38544403814,0.672034353194,2.98282302552,0.846974439346,0.443370907139,0.751462004267,0.445028921124,2.5,1.688568919,0.751462004267,2.5,0.26468228741,0.195758564437,40,0.0225861095426,0.285521633249,23,23,23,1,0,0.478260869565,0.217391304348,0.304347826087,-7,-0.0138339920949,0.00349312523226,-0.608695652174,-0.583333333333,-0.4375,-0.287872650078,0.000218185102312,0.00492241253111,-0.443610230883,-0.00573780731027,-0.000890547991997,-0.287597769103,-0.00779463197674,0.00068316010345,0.00227069990833,0.000425000559329,0,0.00349312523226,0.00227069990833,0,0.00523567341749,0.00697607469711,-6,-0.00338791643139,-0.0476229998957,0,0,0,81,0,7,418,0.920454545455,1,0,0.0795454545455,1,0.920454545455,0.958579881657,0.951469451768,0.920454545455,0.920454545455,2,9,0,10,7,10
1223,WLNM_dir_neg_kfold,0.805555555556,0.490740740741,00:00:01,10,90,16,19361,threshold_sweep,0.8,1,0.111111111111,0.2,1,0,8,18,0.111111111111,1,0,0.888888888889,1,0.111111111111,0.2,0.703703703704,0.654320987654,0.142857142857,0.277350098113,0.111111111111,94,85,9,0,94,0,85,0,9,23,88,0.173913043478,1.68507579377,7.65217391304,7.33333333333,5.5,3.63829000359,0.475458352741,0.249505928854,5.32278271304,1.39118184545,0.672924901186,3.27042079462,0.854769071322,0.442687747036,0.749191304359,0.444603920564,2.5,1.68507579377,0.749191304359,2.5,0.259446613992,0.18878248974,46,0.025974025974,0.333144633145,23,23,23,1,0,0.478260869565,0.217391304348,0.304347826087,23,0.156126482213,1.6902722881,6.86956521739,6.58333333333,4.9375,3.22355461375,0.469251620989,0.255916345625,4.69841450004,1.36789282913,0.664832140892,2.92055547264,0.850288302161,0.453494771602,0.752800287119,0.445372199745,2.5,1.6902722881,0.752800287119,2.5,0.249370326643,0.181660899654,35,0.0197628458498,0.27680257453,23,23,23,1,0,0.478260869565,0.217391304348,0.304347826087,23,80,0.158102766798,1.68935508936,6.95652173913,6.66666666667,5,3.28188223252,0.471770570925,0.255434782609,4.78510534906,1.37571778785,0.66847826087,2.95218817486,0.848754100271,0.448913043478,0.752068943211,0.445181091856,2.5,1.68935508936,0.752068943211,2.5,0.258355281083,0.191596638655,38,0.0214568040655,0.281286979014,23,23,23,1,0,0.478260869565,0.217391304348,0.304347826087,-8,-0.0158102766798,0.00427929558364,-0.695652173913,-0.666666666667,-0.5,-0.356407771065,-0.00368778181641,0.00592885375494,-0.537677363986,-0.0154640576005,-0.00444664031621,-0.318232619768,-0.00601497105108,0.00622529644269,0.00287763885235,0.000577171291433,0,0.00427929558364,0.00287763885235,0,-0.00109133290951,0.00281414891538,-8,-0.00451722190853,-0.0518576541304,0,0,0,80,0,8,418,0.909090909091,1,0,0.0909090909091,1,0.909090909091,0.952380952381,0.944467458064,0.909090909091,0.909090909091,1,9,0,10,7,10
1224,WLNM_dir_neg_kfold,0.805555555556,0.490740740741,00:00:01,10,90,16,19361,threshold_sweep,0.9,1,0.111111111111,0.2,1,0,8,18,0.111111111111,1,0,0.888888888889,1,0.111111111111,0.2,0.703703703704,0.654320987654,0.142857142857,0.277350098113,0.111111111111,94,85,9,0,94,0,85,0,9,23,88,0.173913043478,1.68507579377,7.65217391304,7.33333333333,5.5,3.63829000359,0.475458352741,0.249505928854,5.32278271304,1.39118184545,0.672924901186,3.27042079462,0.854769071322,0.442687747036,0.749191304359,0.444603920564,2.5,1.68507579377,0.749191304359,2.5,0.259446613992,0.18878248974,46,0.025974025974,0.333144633145,23,23,23,1,0,0.478260869565,0.217391304348,0.304347826087,23,0.156126482213,1.6902722881,6.86956521739,6.58333333333,4.9375,3.22355461375,0.469251620989,0.255916345625,4.69841450004,1.36789282913,0.664832140892,2.92055547264,0.850288302161,0.453494771602,0.752800287119,0.445372199745,2.5,1.6902722881,0.752800287119,2.5,0.249370326643,0.181660899654,35,0.0197628458498,0.27680257453,23,23,23,1,0,0.478260869565,0.217391304348,0.304347826087,23,80,0.158102766798,1.68935508936,6.95652173913,6.66666666667,5,3.28188223252,0.471770570925,0.255434782609,4.78510534906,1.37571778785,0.66847826087,2.95218817486,0.848754100271,0.448913043478,0.752068943211,0.445181091856,2.5,1.68935508936,0.752068943211,2.5,0.258355281083,0.191596638655,38,0.0214568040655,0.281286979014,23,23,23,1,0,0.478260869565,0.217391304348,0.304347826087,-8,-0.0158102766798,0.00427929558364,-0.695652173913,-0.666666666667,-0.5,-0.356407771065,-0.00368778181641,0.00592885375494,-0.537677363986,-0.0154640576005,-0.00444664031621,-0.318232619768,-0.00601497105108,0.00622529644269,0.00287763885235,0.000577171291433,0,0.00427929558364,0.00287763885235,0,-0.00109133290951,0.00281414891538,-8,-0.00451722190853,-0.0518576541304,0,0,0,80,0,8,418,0.909090909091,1,0,0.0909090909091,1,0.909090909091,0.952380952381,0.944467458064,0.909090909091,0.909090909091,1,9,0,10,7,10
1225,WLNM_dir_neg_kfold,0.891975308642,0.639601139601,00:00:01,10,90,17,19362,threshold_sweep,0.1,1,0.222222222222,0.363636363636,2,0,7,18,0.222222222222,1,0,0.777777777778,1,0.222222222222,0.363636363636,0.740740740741,0.641975308642,0.275862068966,0.4,0.222222222222,94,85,9,0,94,0,85,0,9,23,88,0.173913043478,1.68507579377,7.65217391304,7.33333333333,5.5,3.63829000359,0.475458352741,0.249505928854,5.32278271304,1.39118184545,0.672924901186,3.27042079462,0.854769071322,0.442687747036,0.749191304359,0.444603920564,2.5,1.68507579377,0.749191304359,2.5,0.259446613992,0.18878248974,46,0.025974025974,0.333144633145,23,23,23,1,0,0.478260869565,0.217391304348,0.304347826087,23,0.156126482213,1.6902722881,6.86956521739,6.58333333333,4.9375,3.22355461375,0.469251620989,0.255916345625,4.69841450004,1.36789282913,0.664832140892,2.92055547264,0.850288302161,0.453494771602,0.752800287119,0.445372199745,2.5,1.6902722881,0.752800287119,2.5,0.249370326643,0.181660899654,35,0.0197628458498,0.27680257453,23,23,23,1,0,0.478260869565,0.217391304348,0.304347826087,23,81,0.160079051383,1.688568919,7.04347826087,6.75,5.0625,3.35041735351,0.475676537844,0.254428341385,4.87917248216,1.38544403814,0.672034353194,2.98282302552,0.846974439346,0.443370907139,0.751462004267,0.445028921124,2.5,1.688568919,0.751462004267,2.5,0.26468228741,0.195758564437,40,0.0225861095426,0.285521633249,23,23,23,1,0,0.478260869565,0.217391304348,0.304347826087,-7,-0.0138339920949,0.00349312523226,-0.608695652174,-0.583333333333,-0.4375,-0.287872650078,0.000218185102312,0.00492241253111,-0.443610230883,-0.00573780731027,-0.000890547991997,-0.287597769103,-0.00779463197674,0.00068316010345,0.00227069990833,0.000425000559329,0,0.00349312523226,0.00227069990833,0,0.00523567341749,0.00697607469711,-6,-0.00338791643139,-0.0476229998957,0,0,0,81,0,7,418,0.920454545455,1,0,0.0795454545455,1,0.920454545455,0.958579881657,0.951469451768,0.920454545455,0.920454545455,2,9,0,10,7,10
1226,WLNM_dir_neg_kfold,0.891975308642,0.639601139601,00:00:01,10,90,17,19362,threshold_sweep,0.2,1,0.222222222222,0.363636363636,2,0,7,18,0.222222222222,1,0,0.777777777778,1,0.222222222222,0.363636363636,0.740740740741,0.641975308642,0.275862068966,0.4,0.222222222222,94,85,9,0,94,0,85,0,9,23,88,0.173913043478,1.68507579377,7.65217391304,7.33333333333,5.5,3.63829000359,0.475458352741,0.249505928854,5.32278271304,1.39118184545,0.672924901186,3.27042079462,0.854769071322,0.442687747036,0.749191304359,0.444603920564,2.5,1.68507579377,0.749191304359,2.5,0.259446613992,0.18878248974,46,0.025974025974,0.333144633145,23,23,23,1,0,0.478260869565,0.217391304348,0.304347826087,23,0.156126482213,1.6902722881,6.86956521739,6.58333333333,4.9375,3.22355461375,0.469251620989,0.255916345625,4.69841450004,1.36789282913,0.664832140892,2.92055547264,0.850288302161,0.453494771602,0.752800287119,0.445372199745,2.5,1.6902722881,0.752800287119,2.5,0.249370326643,0.181660899654,35,0.0197628458498,0.27680257453,23,23,23,1,0,0.478260869565,0.217391304348,0.304347826087,23,81,0.160079051383,1.688568919,7.04347826087,6.75,5.0625,3.35041735351,0.475676537844,0.254428341385,4.87917248216,1.38544403814,0.672034353194,2.98282302552,0.846974439346,0.443370907139,0.751462004267,0.445028921124,2.5,1.688568919,0.751462004267,2.5,0.26468228741,0.195758564437,40,0.0225861095426,0.285521633249,23,23,23,1,0,0.478260869565,0.217391304348,0.304347826087,-7,-0.0138339920949,0.00349312523226,-0.608695652174,-0.583333333333,-0.4375,-0.287872650078,0.000218185102312,0.00492241253111,-0.443610230883,-0.00573780731027,-0.000890547991997,-0.287597769103,-0.00779463197674,0.00068316010345,0.00227069990833,0.000425000559329,0,0.00349312523226,0.00227069990833,0,0.00523567341749,0.00697607469711,-6,-0.00338791643139,-0.0476229998957,0,0,0,81,0,7,418,0.920454545455,1,0,0.0795454545455,1,0.920454545455,0.958579881657,0.951469451768,0.920454545455,0.920454545455,2,9,0,10,7,10
1227,WLNM_dir_neg_kfold,0.891975308642,0.639601139601,00:00:01,10,90,17,19362,threshold_sweep,0.3,1,0.222222222222,0.363636363636,2,0,7,18,0.222222222222,1,0,0.777777777778,1,0.222222222222,0.363636363636,0.740740740741,0.641975308642,0.275862068966,0.4,0.222222222222,94,85,9,0,94,0,85,0,9,23,88,0.173913043478,1.68507579377,7.65217391304,7.33333333333,5.5,3.63829000359,0.475458352741,0.249505928854,5.32278271304,1.39118184545,0.672924901186,3.27042079462,0.854769071322,0.442687747036,0.749191304359,0.444603920564,2.5,1.68507579377,0.749191304359,2.5,0.259446613992,0.18878248974,46,0.025974025974,0.333144633145,23,23,23,1,0,0.478260869565,0.217391304348,0.304347826087,23,0.156126482213,1.6902722881,6.86956521739,6.58333333333,4.9375,3.22355461375,0.469251620989,0.255916345625,4.69841450004,1.36789282913,0.664832140892,2.92055547264,0.850288302161,0.453494771602,0.752800287119,0.445372199745,2.5,1.6902722881,0.752800287119,2.5,0.249370326643,0.181660899654,35,0.0197628458498,0.27680257453,23,23,23,1,0,0.478260869565,0.217391304348,0.304347826087,23,81,0.160079051383,1.688568919,7.04347826087,6.75,5.0625,3.35041735351,0.475676537844,0.254428341385,4.87917248216,1.38544403814,0.672034353194,2.98282302552,0.846974439346,0.443370907139,0.751462004267,0.445028921124,2.5,1.688568919,0.751462004267,2.5,0.26468228741,0.195758564437,40,0.0225861095426,0.285521633249,23,23,23,1,0,0.478260869565,0.217391304348,0.304347826087,-7,-0.0138339920949,0.00349312523226,-0.608695652174,-0.583333333333,-0.4375,-0.287872650078,0.000218185102312,0.00492241253111,-0.443610230883,-0.00573780731027,-0.000890547991997,-0.287597769103,-0.00779463197674,0.00068316010345,0.00227069990833,0.000425000559329,0,0.00349312523226,0.00227069990833,0,0.00523567341749,0.00697607469711,-6,-0.00338791643139,-0.0476229998957,0,0,0,81,0,7,418,0.920454545455,1,0,0.0795454545455,1,0.920454545455,0.958579881657,0.951469451768,0.920454545455,0.920454545455,2,9,0,10,7,10
1228,WLNM_dir_neg_kfold,0.891975308642,0.639601139601,00:00:01,10,90,17,19362,threshold_sweep,0.4,1,0.222222222222,0.363636363636,2,0,7,18,0.222222222222,1,0,0.777777777778,1,0.222222222222,0.363636363636,0.740740740741,0.641975308642,0.275862068966,0.4,0.222222222222,94,85,9,0,94,0,85,0,9,23,88,0.173913043478,1.68507579377,7.65217391304,7.33333333333,5.5,3.63829000359,0.475458352741,0.249505928854,5.32278271304,1.39118184545,0.672924901186,3.27042079462,0.854769071322,0.442687747036,0.749191304359,0.444603920564,2.5,1.68507579377,0.749191304359,2.5,0.259446613992,0.18878248974,46,0.025974025974,0.333144633145,23,23,23,1,0,0.478260869565,0.217391304348,0.304347826087,23,0.156126482213,1.6902722881,6.86956521739,6.58333333333,4.9375,3.22355461375,0.469251620989,0.255916345625,4.69841450004,1.36789282913,0.664832140892,2.92055547264,0.850288302161,0.453494771602,0.752800287119,0.445372199745,2.5,1.6902722881,0.752800287119,2.5,0.249370326643,0.181660899654,35,0.0197628458498,0.27680257453,23,23,23,1,0,0.478260869565,0.217391304348,0.304347826087,23,81,0.160079051383,1.688568919,7.04347826087,6.75,5.0625,3.35041735351,0.475676537844,0.254428341385,4.87917248216,1.38544403814,0.672034353194,2.98282302552,0.846974439346,0.443370907139,0.751462004267,0.445028921124,2.5,1.688568919,0.751462004267,2.5,0.26468228741,0.195758564437,40,0.0225861095426,0.285521633249,23,23,23,1,0,0.478260869565,0.217391304348,0.304347826087,-7,-0.0138339920949,0.00349312523226,-0.608695652174,-0.583333333333,-0.4375,-0.287872650078,0.000218185102312,0.00492241253111,-0.443610230883,-0.00573780731027,-0.000890547991997,-0.287597769103,-0.00779463197674,0.00068316010345,0.00227069990833,0.000425000559329,0,0.00349312523226,0.00227069990833,0,0.00523567341749,0.00697607469711,-6,-0.00338791643139,-0.0476229998957,0,0,0,81,0,7,418,0.920454545455,1,0,0.0795454545455,1,0.920454545455,0.958579881657,0.951469451768,0.920454545455,0.920454545455,2,9,0,10,7,10
1229,WLNM_dir_neg_kfold,0.891975308642,0.639601139601,00:00:01,10,90,17,19362,threshold_sweep,0.5,1,0.222222222222,0.363636363636,2,0,7,18,0.222222222222,1,0,0.777777777778,1,0.222222222222,0.363636363636,0.740740740741,0.641975308642,0.275862068966,0.4,0.222222222222,94,85,9,0,94,0,85,0,9,23,88,0.173913043478,1.68507579377,7.65217391304,7.33333333333,5.5,3.63829000359,0.475458352741,0.249505928854,5.32278271304,1.39118184545,0.672924901186,3.27042079462,0.854769071322,0.442687747036,0.749191304359,0.444603920564,2.5,1.68507579377,0.749191304359,2.5,0.259446613992,0.18878248974,46,0.025974025974,0.333144633145,23,23,23,1,0,0.478260869565,0.217391304348,0.304347826087,23,0.156126482213,1.6902722881,6.86956521739,6.58333333333,4.9375,3.22355461375,0.469251620989,0.255916345625,4.69841450004,1.36789282913,0.664832140892,2.92055547264,0.850288302161,0.453494771602,0.752800287119,0.445372199745,2.5,1.6902722881,0.752800287119,2.5,0.249370326643,0.181660899654,35,0.0197628458498,0.27680257453,23,23,23,1,0,0.478260869565,0.217391304348,0.304347826087,23,81,0.160079051383,1.688568919,7.04347826087,6.75,5.0625,3.35041735351,0.475676537844,0.254428341385,4.87917248216,1.38544403814,0.672034353194,2.98282302552,0.846974439346,0.443370907139,0.751462004267,0.445028921124,2.5,1.688568919,0.751462004267,2.5,0.26468228741,0.195758564437,40,0.0225861095426,0.285521633249,23,23,23,1,0,0.478260869565,0.217391304348,0.304347826087,-7,-0.0138339920949,0.00349312523226,-0.608695652174,-0.583333333333,-0.4375,-0.287872650078,0.000218185102312,0.00492241253111,-0.443610230883,-0.00573780731027,-0.000890547991997,-0.287597769103,-0.00779463197674,0.00068316010345,0.00227069990833,0.000425000559329,0,0.00349312523226,0.00227069990833,0,0.00523567341749,0.00697607469711,-6,-0.00338791643139,-0.0476229998957,0,0,0,81,0,7,418,0.920454545455,1,0,0.0795454545455,1,0.920454545455,0.958579881657,0.951469451768,0.920454545455,0.920454545455,2,9,0,10,7,10
1230,WLNM_dir_neg_kfold,0.891975308642,0.639601139601,00:00:01,10,90,17,19362,threshold_sweep,0.6,1,0.222222222222,0.363636363636,2,0,7,18,0.222222222222,1,0,0.777777777778,1,0.222222222222,0.363636363636,0.740740740741,0.641975308642,0.275862068966,0.4,0.222222222222,94,85,9,0,94,0,85,0,9,23,88,0.173913043478,1.68507579377,7.65217391304,7.33333333333,5.5,3.63829000359,0.475458352741,0.249505928854,5.32278271304,1.39118184545,0.672924901186,3.27042079462,0.854769071322,0.442687747036,0.749191304359,0.444603920564,2.5,1.68507579377,0.749191304359,2.5,0.259446613992,0.18878248974,46,0.025974025974,0.333144633145,23,23,23,1,0,0.478260869565,0.217391304348,0.304347826087,23,0.156126482213,1.6902722881,6.86956521739,6.58333333333,4.9375,3.22355461375,0.469251620989,0.255916345625,4.69841450004,1.36789282913,0.664832140892,2.92055547264,0.850288302161,0.453494771602,0.752800287119,0.445372199745,2.5,1.6902722881,0.752800287119,2.5,0.249370326643,0.181660899654,35,0.0197628458498,0.27680257453,23,23,23,1,0,0.478260869565,0.217391304348,0.304347826087,23,81,0.160079051383,1.688568919,7.04347826087,6.75,5.0625,3.35041735351,0.475676537844,0.254428341385,4.87917248216,1.38544403814,0.672034353194,2.98282302552,0.846974439346,0.443370907139,0.751462004267,0.445028921124,2.5,1.688568919,0.751462004267,2.5,0.26468228741,0.195758564437,40,0.0225861095426,0.285521633249,23,23,23,1,0,0.478260869565,0.217391304348,0.304347826087,-7,-0.0138339920949,0.00349312523226,-0.608695652174,-0.583333333333,-0.4375,-0.287872650078,0.000218185102312,0.00492241253111,-0.443610230883,-0.00573780731027,-0.000890547991997,-0.287597769103,-0.00779463197674,0.00068316010345,0.00227069990833,0.000425000559329,0,0.00349312523226,0.00227069990833,0,0.00523567341749,0.00697607469711,-6,-0.00338791643139,-0.0476229998957,0,0,0,81,0,7,418,0.920454545455,1,0,0.0795454545455,1,0.920454545455,0.958579881657,0.951469451768,0.920454545455,0.920454545455,2,9,0,10,7,10
1231,WLNM_dir_neg_kfold,0.891975308642,0.639601139601,00:00:01,10,90,17,19362,threshold_sweep,0.7,1,0.222222222222,0.363636363636,2,0,7,18,0.222222222222,1,0,0.777777777778,1,0.222222222222,0.363636363636,0.740740740741,0.641975308642,0.275862068966,0.4,0.222222222222,94,85,9,0,94,0,85,0,9,23,88,0.173913043478,1.68507579377,7.65217391304,7.33333333333,5.5,3.63829000359,0.475458352741,0.249505928854,5.32278271304,1.39118184545,0.672924901186,3.27042079462,0.854769071322,0.442687747036,0.749191304359,0.444603920564,2.5,1.68507579377,0.749191304359,2.5,0.259446613992,0.18878248974,46,0.025974025974,0.333144633145,23,23,23,1,0,0.478260869565,0.217391304348,0.304347826087,23,0.156126482213,1.6902722881,6.86956521739,6.58333333333,4.9375,3.22355461375,0.469251620989,0.255916345625,4.69841450004,1.36789282913,0.664832140892,2.92055547264,0.850288302161,0.453494771602,0.752800287119,0.445372199745,2.5,1.6902722881,0.752800287119,2.5,0.249370326643,0.181660899654,35,0.0197628458498,0.27680257453,23,23,23,1,0,0.478260869565,0.217391304348,0.304347826087,23,81,0.160079051383,1.688568919,7.04347826087,6.75,5.0625,3.35041735351,0.475676537844,0.254428341385,4.87917248216,1.38544403814,0.672034353194,2.98282302552,0.846974439346,0.443370907139,0.751462004267,0.445028921124,2.5,1.688568919,0.751462004267,2.5,0.26468228741,0.195758564437,40,0.0225861095426,0.285521633249,23,23,23,1,0,0.478260869565,0.217391304348,0.304347826087,-7,-0.0138339920949,0.00349312523226,-0.608695652174,-0.583333333333,-0.4375,-0.287872650078,0.000218185102312,0.00492241253111,-0.443610230883,-0.00573780731027,-0.000890547991997,-0.287597769103,-0.00779463197674,0.00068316010345,0.00227069990833,0.000425000559329,0,0.00349312523226,0.00227069990833,0,0.00523567341749,0.00697607469711,-6,-0.00338791643139,-0.0476229998957,0,0,0,81,0,7,418,0.920454545455,1,0,0.0795454545455,1,0.920454545455,0.958579881657,0.951469451768,0.920454545455,0.920454545455,2,9,0,10,7,10
1232,WLNM_dir_neg_kfold,0.891975308642,0.639601139601,00:00:01,10,90,17,19362,threshold_sweep,0.8,1,0.222222222222,0.363636363636,2,0,7,18,0.222222222222,1,0,0.777777777778,1,0.222222222222,0.363636363636,0.740740740741,0.641975308642,0.275862068966,0.4,0.222222222222,94,85,9,0,94,0,85,0,9,23,88,0.173913043478,1.68507579377,7.65217391304,7.33333333333,5.5,3.63829000359,0.475458352741,0.249505928854,5.32278271304,1.39118184545,0.672924901186,3.27042079462,0.854769071322,0.442687747036,0.749191304359,0.444603920564,2.5,1.68507579377,0.749191304359,2.5,0.259446613992,0.18878248974,46,0.025974025974,0.333144633145,23,23,23,1,0,0.478260869565,0.217391304348,0.304347826087,23,0.156126482213,1.6902722881,6.86956521739,6.58333333333,4.9375,3.22355461375,0.469251620989,0.255916345625,4.69841450004,1.36789282913,0.664832140892,2.92055547264,0.850288302161,0.453494771602,0.752800287119,0.445372199745,2.5,1.6902722881,0.752800287119,2.5,0.249370326643,0.181660899654,35,0.0197628458498,0.27680257453,23,23,23,1,0,0.478260869565,0.217391304348,0.304347826087,23,81,0.160079051383,1.688568919,7.04347826087,6.75,5.0625,3.35041735351,0.475676537844,0.254428341385,4.87917248216,1.38544403814,0.672034353194,2.98282302552,0.846974439346,0.443370907139,0.751462004267,0.445028921124,2.5,1.688568919,0.751462004267,2.5,0.26468228741,0.195758564437,40,0.0225861095426,0.285521633249,23,23,23,1,0,0.478260869565,0.217391304348,0.304347826087,-7,-0.0138339920949,0.00349312523226,-0.608695652174,-0.583333333333,-0.4375,-0.287872650078,0.000218185102312,0.00492241253111,-0.443610230883,-0.00573780731027,-0.000890547991997,-0.287597769103,-0.00779463197674,0.00068316010345,0.00227069990833,0.000425000559329,0,0.00349312523226,0.00227069990833,0,0.00523567341749,0.00697607469711,-6,-0.00338791643139,-0.0476229998957,0,0,0,81,0,7,418,0.920454545455,1,0,0.0795454545455,1,0.920454545455,0.958579881657,0.951469451768,0.920454545455,0.920454545455,2,9,0,10,7,10
1233,WLNM_dir_neg_kfold,0.891975308642,0.639601139601,00:00:01,10,90,17,19362,threshold_sweep,0.9,1,0.222222222222,0.363636363636,2,0,7,18,0.222222222222,1,0,0.777777777778,1,0.222222222222,0.363636363636,0.740740740741,0.641975308642,0.275862068966,0.4,0.222222222222,94,85,9,0,94,0,85,0,9,23,88,0.173913043478,1.68507579377,7.65217391304,7.33333333333,5.5,3.63829000359,0.475458352741,0.249505928854,5.32278271304,1.39118184545,0.672924901186,3.27042079462,0.854769071322,0.442687747036,0.749191304359,0.444603920564,2.5,1.68507579377,0.749191304359,2.5,0.259446613992,0.18878248974,46,0.025974025974,0.333144633145,23,23,23,1,0,0.478260869565,0.217391304348,0.304347826087,23,0.156126482213,1.6902722881,6.86956521739,6.58333333333,4.9375,3.22355461375,0.469251620989,0.255916345625,4.69841450004,1.36789282913,0.664832140892,2.92055547264,0.850288302161,0.453494771602,0.752800287119,0.445372199745,2.5,1.6902722881,0.752800287119,2.5,0.249370326643,0.181660899654,35,0.0197628458498,0.27680257453,23,23,23,1,0,0.478260869565,0.217391304348,0.304347826087,23,81,0.160079051383,1.688568919,7.04347826087,6.75,5.0625,3.35041735351,0.475676537844,0.254428341385,4.87917248216,1.38544403814,0.672034353194,2.98282302552,0.846974439346,0.443370907139,0.751462004267,0.445028921124,2.5,1.688568919,0.751462004267,2.5,0.26468228741,0.195758564437,40,0.0225861095426,0.285521633249,23,23,23,1,0,0.478260869565,0.217391304348,0.304347826087,-7,-0.0138339920949,0.00349312523226,-0.608695652174,-0.583333333333,-0.4375,-0.287872650078,0.000218185102312,0.00492241253111,-0.443610230883,-0.00573780731027,-0.000890547991997,-0.287597769103,-0.00779463197674,0.00068316010345,0.00227069990833,0.000425000559329,0,0.00349312523226,0.00227069990833,0,0.00523567341749,0.00697607469711,-6,-0.00338791643139,-0.0476229998957,0,0,0,81,0,7,418,0.920454545455,1,0,0.0795454545455,1,0.920454545455,0.958579881657,0.951469451768,0.920454545455,0.920454545455,2,9,0,10,7,10
1234,WLNM_dir_neg_kfold,0.87037037037,0.62037037037,00:00:01,10,90,18,19363,threshold_sweep,0.1,1,0.222222222222,0.363636363636,2,0,7,18,0.222222222222,1,0,0.777777777778,1,0.222222222222,0.363636363636,0.740740740741,0.641975308642,0.275862068966,0.4,0.222222222222,94,85,9,0,94,0,85,0,9,23,88,0.173913043478,1.68507579377,7.65217391304,7.33333333333,5.5,3.63829000359,0.475458352741,0.249505928854,5.32278271304,1.39118184545,0.672924901186,3.27042079462,0.854769071322,0.442687747036,0.749191304359,0.444603920564,2.5,1.68507579377,0.749191304359,2.5,0.259446613992,0.18878248974,46,0.025974025974,0.333144633145,23,23,23,1,0,0.478260869565,0.217391304348,0.304347826087,23,0.156126482213,1.6902722881,6.86956521739,6.58333333333,4.9375,3.22355461375,0.469251620989,0.255916345625,4.69841450004,1.36789282913,0.664832140892,2.92055547264,0.850288302161,0.453494771602,0.752800287119,0.445372199745,2.5,1.6902722881,0.752800287119,2.5,0.249370326643,0.181660899654,35,0.0197628458498,0.27680257453,23,23,23,1,0,0.478260869565,0.217391304348,0.304347826087,23,81,0.160079051383,1.688568919,7.04347826087,6.75,5.0625,3.35041735351,0.475676537844,0.254428341385,4.87917248216,1.38544403814,0.672034353194,2.98282302552,0.846974439346,0.443370907139,0.751462004267,0.445028921124,2.5,1.688568919,0.751462004267,2.5,0.26468228741,0.195758564437,40,0.0225861095426,0.285521633249,23,23,23,1,0,0.478260869565,0.217391304348,0.304347826087,-7,-0.0138339920949,0.00349312523226,-0.608695652174,-0.583333333333,-0.4375,-0.287872650078,0.000218185102312,0.00492241253111,-0.443610230883,-0.00573780731027,-0.000890547991997,-0.287597769103,-0.00779463197674,0.00068316010345,0.00227069990833,0.000425000559329,0,0.00349312523226,0.00227069990833,0,0.00523567341749,0.00697607469711,-6,-0.00338791643139,-0.0476229998957,0,0,0,81,0,7,418,0.920454545455,1,0,0.0795454545455,1,0.920454545455,0.958579881657,0.951469451768,0.920454545455,0.920454545455,2,9,0,10,7,10
1235,WLNM_dir_neg_kfold,0.87037037037,0.62037037037,00:00:01,10,90,18,19363,threshold_sweep,0.2,1,0.222222222222,0.363636363636,2,0,7,18,0.222222222222,1,0,0.777777777778,1,0.222222222222,0.363636363636,0.740740740741,0.641975308642,0.275862068966,0.4,0.222222222222,94,85,9,0,94,0,85,0,9,23,88,0.173913043478,1.68507579377,7.65217391304,7.33333333333,5.5,3.63829000359,0.475458352741,0.249505928854,5.32278271304,1.39118184545,0.672924901186,3.27042079462,0.854769071322,0.442687747036,0.749191304359,0.444603920564,2.5,1.68507579377,0.749191304359,2.5,0.259446613992,0.18878248974,46,0.025974025974,0.333144633145,23,23,23,1,0,0.478260869565,0.217391304348,0.304347826087,23,0.156126482213,1.6902722881,6.86956521739,6.58333333333,4.9375,3.22355461375,0.469251620989,0.255916345625,4.69841450004,1.36789282913,0.664832140892,2.92055547264,0.850288302161,0.453494771602,0.752800287119,0.445372199745,2.5,1.6902722881,0.752800287119,2.5,0.249370326643,0.181660899654,35,0.0197628458498,0.27680257453,23,23,23,1,0,0.478260869565,0.217391304348,0.304347826087,23,81,0.160079051383,1.688568919,7.04347826087,6.75,5.0625,3.35041735351,0.475676537844,0.254428341385,4.87917248216,1.38544403814,0.672034353194,2.98282302552,0.846974439346,0.443370907139,0.751462004267,0.445028921124,2.5,1.688568919,0.751462004267,2.5,0.26468228741,0.195758564437,40,0.0225861095426,0.285521633249,23,23,23,1,0,0.478260869565,0.217391304348,0.304347826087,-7,-0.0138339920949,0.00349312523226,-0.608695652174,-0.583333333333,-0.4375,-0.287872650078,0.000218185102312,0.00492241253111,-0.443610230883,-0.00573780731027,-0.000890547991997,-0.287597769103,-0.00779463197674,0.00068316010345,0.00227069990833,0.000425000559329,0,0.00349312523226,0.00227069990833,0,0.00523567341749,0.00697607469711,-6,-0.00338791643139,-0.0476229998957,0,0,0,81,0,7,418,0.920454545455,1,0,0.0795454545455,1,0.920454545455,0.958579881657,0.951469451768,0.920454545455,0.920454545455,2,9,0,10,7,10
1236,WLNM_dir_neg_kfold,0.87037037037,0.62037037037,00:00:01,10,90,18,19363,threshold_sweep,0.3,1,0.222222222222,0.363636363636,2,0,7,18,0.222222222222,1,0,0.777777777778,1,0.222222222222,0.363636363636,0.740740740741,0.641975308642,0.275862068966,0.4,0.222222222222,94,85,9,0,94,0,85,0,9,23,88,0.173913043478,1.68507579377,7.65217391304,7.33333333333,5.5,3.63829000359,0.475458352741,0.249505928854,5.32278271304,1.39118184545,0.672924901186,3.27042079462,0.854769071322,0.442687747036,0.749191304359,0.444603920564,2.5,1.68507579377,0.749191304359,2.5,0.259446613992,0.18878248974,46,0.025974025974,0.333144633145,23,23,23,1,0,0.478260869565,0.217391304348,0.304347826087,23,0.156126482213,1.6902722881,6.86956521739,6.58333333333,4.9375,3.22355461375,0.469251620989,0.255916345625,4.69841450004,1.36789282913,0.664832140892,2.92055547264,0.850288302161,0.453494771602,0.752800287119,0.445372199745,2.5,1.6902722881,0.752800287119,2.5,0.249370326643,0.181660899654,35,0.0197628458498,0.27680257453,23,23,23,1,0,0.478260869565,0.217391304348,0.304347826087,23,81,0.160079051383,1.688568919,7.04347826087,6.75,5.0625,3.35041735351,0.475676537844,0.254428341385,4.87917248216,1.38544403814,0.672034353194,2.98282302552,0.846974439346,0.443370907139,0.751462004267,0.445028921124,2.5,1.688568919,0.751462004267,2.5,0.26468228741,0.195758564437,40,0.0225861095426,0.285521633249,23,23,23,1,0,0.478260869565,0.217391304348,0.304347826087,-7,-0.0138339920949,0.00349312523226,-0.608695652174,-0.583333333333,-0.4375,-0.287872650078,0.000218185102312,0.00492241253111,-0.443610230883,-0.00573780731027,-0.000890547991997,-0.287597769103,-0.00779463197674,0.00068316010345,0.00227069990833,0.000425000559329,0,0.00349312523226,0.00227069990833,0,0.00523567341749,0.00697607469711,-6,-0.00338791643139,-0.0476229998957,0,0,0,81,0,7,418,0.920454545455,1,0,0.0795454545455,1,0.920454545455,0.958579881657,0.951469451768,0.920454545455,0.920454545455,2,9,0,10,7,10
1237,WLNM_dir_neg_kfold,0.87037037037,0.62037037037,00:00:01,10,90,18,19363,threshold_sweep,0.4,1,0.222222222222,0.363636363636,2,0,7,18,0.222222222222,1,0,0.777777777778,1,0.222222222222,0.363636363636,0.740740740741,0.641975308642,0.275862068966,0.4,0.222222222222,94,85,9,0,94,0,85,0,9,23,88,0.173913043478,1.68507579377,7.65217391304,7.33333333333,5.5,3.63829000359,0.475458352741,0.249505928854,5.32278271304,1.39118184545,0.672924901186,3.27042079462,0.854769071322,0.442687747036,0.749191304359,0.444603920564,2.5,1.68507579377,0.749191304359,2.5,0.259446613992,0.18878248974,46,0.025974025974,0.333144633145,23,23,23,1,0,0.478260869565,0.217391304348,0.304347826087,23,0.156126482213,1.6902722881,6.86956521739,6.58333333333,4.9375,3.22355461375,0.469251620989,0.255916345625,4.69841450004,1.36789282913,0.664832140892,2.92055547264,0.850288302161,0.453494771602,0.752800287119,0.445372199745,2.5,1.6902722881,0.752800287119,2.5,0.249370326643,0.181660899654,35,0.0197628458498,0.27680257453,23,23,23,1,0,0.478260869565,0.217391304348,0.304347826087,23,81,0.160079051383,1.688568919,7.04347826087,6.75,5.0625,3.35041735351,0.475676537844,0.254428341385,4.87917248216,1.38544403814,0.672034353194,2.98282302552,0.846974439346,0.443370907139,0.751462004267,0.445028921124,2.5,1.688568919,0.751462004267,2.5,0.26468228741,0.195758564437,40,0.0225861095426,0.285521633249,23,23,23,1,0,0.478260869565,0.217391304348,0.304347826087,-7,-0.0138339920949,0.00349312523226,-0.608695652174,-0.583333333333,-0.4375,-0.287872650078,0.000218185102312,0.00492241253111,-0.443610230883,-0.00573780731027,-0.000890547991997,-0.287597769103,-0.00779463197674,0.00068316010345,0.00227069990833,0.000425000559329,0,0.00349312523226,0.00227069990833,0,0.00523567341749,0.00697607469711,-6,-0.00338791643139,-0.0476229998957,0,0,0,81,0,7,418,0.920454545455,1,0,0.0795454545455,1,0.920454545455,0.958579881657,0.951469451768,0.920454545455,0.920454545455,2,9,0,10,7,10
1238,WLNM_dir_neg_kfold,0.87037037037,0.62037037037,00:00:01,10,90,18,19363,threshold_sweep,0.5,1,0.222222222222,0.363636363636,2,0,7,18,0.222222222222,1,0,0.777777777778,1,0.222222222222,0.363636363636,0.740740740741,0.641975308642,0.275862068966,0.4,0.222222222222,94,85,9,0,94,0,85,0,9,23,88,0.173913043478,1.68507579377,7.65217391304,7.33333333333,5.5,3.63829000359,0.475458352741,0.249505928854,5.32278271304,1.39118184545,0.672924901186,3.27042079462,0.854769071322,0.442687747036,0.749191304359,0.444603920564,2.5,1.68507579377,0.749191304359,2.5,0.259446613992,0.18878248974,46,0.025974025974,0.333144633145,23,23,23,1,0,0.478260869565,0.217391304348,0.304347826087,23,0.156126482213,1.6902722881,6.86956521739,6.58333333333,4.9375,3.22355461375,0.469251620989,0.255916345625,4.69841450004,1.36789282913,0.664832140892,2.92055547264,0.850288302161,0.453494771602,0.752800287119,0.445372199745,2.5,1.6902722881,0.752800287119,2.5,0.249370326643,0.181660899654,35,0.0197628458498,0.27680257453,23,23,23,1,0,0.478260869565,0.217391304348,0.304347826087,23,81,0.160079051383,1.688568919,7.04347826087,6.75,5.0625,3.35041735351,0.475676537844,0.254428341385,4.87917248216,1.38544403814,0.672034353194,2.98282302552,0.846974439346,0.443370907139,0.751462004267,0.445028921124,2.5,1.688568919,0.751462004267,2.5,0.26468228741,0.195758564437,40,0.0225861095426,0.285521633249,23,23,23,1,0,0.478260869565,0.217391304348,0.304347826087,-7,-0.0138339920949,0.00349312523226,-0.608695652174,-0.583333333333,-0.4375,-0.287872650078,0.000218185102312,0.00492241253111,-0.443610230883,-0.00573780731027,-0.000890547991997,-0.287597769103,-0.00779463197674,0.00068316010345,0.00227069990833,0.000425000559329,0,0.00349312523226,0.00227069990833,0,0.00523567341749,0.00697607469711,-6,-0.00338791643139,-0.0476229998957,0,0,0,81,0,7,418,0.920454545455,1,0,0.0795454545455,1,0.920454545455,0.958579881657,0.951469451768,0.920454545455,0.920454545455,2,9,0,10,7,10
1239,WLNM_dir_neg_kfold,0.87037037037,0.62037037037,00:00:01,10,90,18,19363,threshold_sweep,0.6,1,0.222222222222,0.363636363636,2,0,7,18,0.222222222222,1,0,0.777777777778,1,0.222222222222,0.363636363636,0.740740740741,0.641975308642,0.275862068966,0.4,0.222222222222,94,85,9,0,94,0,85,0,9,23,88,0.173913043478,1.68507579377,7.65217391304,7.33333333333,5.5,3.63829000359,0.475458352741,0.249505928854,5.32278271304,1.39118184545,0.672924901186,3.27042079462,0.854769071322,0.442687747036,0.749191304359,0.444603920564,2.5,1.68507579377,0.749191304359,2.5,0.259446613992,0.18878248974,46,0.025974025974,0.333144633145,23,23,23,1,0,0.478260869565,0.217391304348,0.304347826087,23,0.156126482213,1.6902722881,6.86956521739,6.58333333333,4.9375,3.22355461375,0.469251620989,0.255916345625,4.69841450004,1.36789282913,0.664832140892,2.92055547264,0.850288302161,0.453494771602,0.752800287119,0.445372199745,2.5,1.6902722881,0.752800287119,2.5,0.249370326643,0.181660899654,35,0.0197628458498,0.27680257453,23,23,23,1,0,0.478260869565,0.217391304348,0.304347826087,23,81,0.160079051383,1.688568919,7.04347826087,6.75,5.0625,3.35041735351,0.475676537844,0.254428341385,4.87917248216,1.38544403814,0.672034353194,2.98282302552,0.846974439346,0.443370907139,0.751462004267,0.445028921124,2.5,1.688568919,0.751462004267,2.5,0.26468228741,0.195758564437,40,0.0225861095426,0.285521633249,23,23,23,1,0,0.478260869565,0.217391304348,0.304347826087,-7,-0.0138339920949,0.00349312523226,-0.608695652174,-0.583333333333,-0.4375,-0.287872650078,0.000218185102312,0.00492241253111,-0.443610230883,-0.00573780731027,-0.000890547991997,-0.287597769103,-0.00779463197674,0.00068316010345,0.00227069990833,0.000425000559329,0,0.00349312523226,0.00227069990833,0,0.00523567341749,0.00697607469711,-6,-0.00338791643139,-0.0476229998957,0,0,0,81,0,7,418,0.920454545455,1,0,0.0795454545455,1,0.920454545455,0.958579881657,0.951469451768,0.920454545455,0.920454545455,2,9,0,10,7,10
1240,WLNM_dir_neg_kfold,0.87037037037,0.62037037037,00:00:01,10,90,18,19363,threshold_sweep,0.7,1,0.222222222222,0.363636363636,2,0,7,18,0.222222222222,1,0,0.777777777778,1,0.222222222222,0.363636363636,0.740740740741,0.641975308642,0.275862068966,0.4,0.222222222222,94,85,9,0,94,0,85,0,9,23,88,0.173913043478,1.68507579377,7.65217391304,7.33333333333,5.5,3.63829000359,0.475458352741,0.249505928854,5.32278271304,1.39118184545,0.672924901186,3.27042079462,0.854769071322,0.442687747036,0.749191304359,0.444603920564,2.5,1.68507579377,0.749191304359,2.5,0.259446613992,0.18878248974,46,0.025974025974,0.333144633145,23,23,23,1,0,0.478260869565,0.217391304348,0.304347826087,23,0.156126482213,1.6902722881,6.86956521739,6.58333333333,4.9375,3.22355461375,0.469251620989,0.255916345625,4.69841450004,1.36789282913,0.664832140892,2.92055547264,0.850288302161,0.453494771602,0.752800287119,0.445372199745,2.5,1.6902722881,0.752800287119,2.5,0.249370326643,0.181660899654,35,0.0197628458498,0.27680257453,23,23,23,1,0,0.478260869565,0.217391304348,0.304347826087,23,81,0.160079051383,1.688568919,7.04347826087,6.75,5.0625,3.35041735351,0.475676537844,0.254428341385,4.87917248216,1.38544403814,0.672034353194,2.98282302552,0.846974439346,0.443370907139,0.751462004267,0.445028921124,2.5,1.688568919,0.751462004267,2.5,0.26468228741,0.195758564437,40,0.0225861095426,0.285521633249,23,23,23,1,0,0.478260869565,0.217391304348,0.304347826087,-7,-0.0138339920949,0.00349312523226,-0.608695652174,-0.583333333333,-0.4375,-0.287872650078,0.000218185102312,0.00492241253111,-0.443610230883,-0.00573780731027,-0.000890547991997,-0.287597769103,-0.00779463197674,0.00068316010345,0.00227069990833,0.000425000559329,0,0.00349312523226,0.00227069990833,0,0.00523567341749,0.00697607469711,-6,-0.00338791643139,-0.0476229998957,0,0,0,81,0,7,418,0.920454545455,1,0,0.0795454545455,1,0.920454545455,0.958579881657,0.951469451768,0.920454545455,0.920454545455,2,9,0,10,7,10
1241,WLNM_dir_neg_kfold,0.87037037037,0.62037037037,00:00:01,10,90,18,19363,threshold_sweep,0.8,1,0.222222222222,0.363636363636,2,0,7,18,0.222222222222,1,0,0.777777777778,1,0.222222222222,0.363636363636,0.740740740741,0.641975308642,0.275862068966,0.4,0.222222222222,94,85,9,0,94,0,85,0,9,23,88,0.173913043478,1.68507579377,7.65217391304,7.33333333333,5.5,3.63829000359,0.475458352741,0.249505928854,5.32278271304,1.39118184545,0.672924901186,3.27042079462,0.854769071322,0.442687747036,0.749191304359,0.444603920564,2.5,1.68507579377,0.749191304359,2.5,0.259446613992,0.18878248974,46,0.025974025974,0.333144633145,23,23,23,1,0,0.478260869565,0.217391304348,0.304347826087,23,0.156126482213,1.6902722881,6.86956521739,6.58333333333,4.9375,3.22355461375,0.469251620989,0.255916345625,4.69841450004,1.36789282913,0.664832140892,2.92055547264,0.850288302161,0.453494771602,0.752800287119,0.445372199745,2.5,1.6902722881,0.752800287119,2.5,0.249370326643,0.181660899654,35,0.0197628458498,0.27680257453,23,23,23,1,0,0.478260869565,0.217391304348,0.304347826087,23,81,0.160079051383,1.688568919,7.04347826087,6.75,5.0625,3.35041735351,0.475676537844,0.254428341385,4.87917248216,1.38544403814,0.672034353194,2.98282302552,0.846974439346,0.443370907139,0.751462004267,0.445028921124,2.5,1.688568919,0.751462004267,2.5,0.26468228741,0.195758564437,40,0.0225861095426,0.285521633249,23,23,23,1,0,0.478260869565,0.217391304348,0.304347826087,-7,-0.0138339920949,0.00349312523226,-0.608695652174,-0.583333333333,-0.4375,-0.287872650078,0.000218185102312,0.00492241253111,-0.443610230883,-0.00573780731027,-0.000890547991997,-0.287597769103,-0.00779463197674,0.00068316010345,0.00227069990833,0.000425000559329,0,0.00349312523226,0.00227069990833,0,0.00523567341749,0.00697607469711,-6,-0.00338791643139,-0.0476229998957,0,0,0,81,0,7,418,0.920454545455,1,0,0.0795454545455,1,0.920454545455,0.958579881657,0.951469451768,0.920454545455,0.920454545455,2,9,0,10,7,10
1242,WLNM_dir_neg_kfold,0.87037037037,0.62037037037,00:00:01,10,90,18,19363,threshold_sweep,0.9,1,0.222222222222,0.363636363636,2,0,7,18,0.222222222222,1,0,0.777777777778,1,0.222222222222,0.363636363636,0.740740740741,0.641975308642,0.275862068966,0.4,0.222222222222,94,85,9,0,94,0,85,0,9,23,88,0.173913043478,1.68507579377,7.65217391304,7.33333333333,5.5,3.63829000359,0.475458352741,0.249505928854,5.32278271304,1.39118184545,0.672924901186,3.27042079462,0.854769071322,0.442687747036,0.749191304359,0.444603920564,2.5,1.68507579377,0.749191304359,2.5,0.259446613992,0.18878248974,46,0.025974025974,0.333144633145,23,23,23,1,0,0.478260869565,0.217391304348,0.304347826087,23,0.156126482213,1.6902722881,6.86956521739,6.58333333333,4.9375,3.22355461375,0.469251620989,0.255916345625,4.69841450004,1.36789282913,0.664832140892,2.92055547264,0.850288302161,0.453494771602,0.752800287119,0.445372199745,2.5,1.6902722881,0.752800287119,2.5,0.249370326643,0.181660899654,35,0.0197628458498,0.27680257453,23,23,23,1,0,0.478260869565,0.217391304348,0.304347826087,23,81,0.160079051383,1.688568919,7.04347826087,6.75,5.0625,3.35041735351,0.475676537844,0.254428341385,4.87917248216,1.38544403814,0.672034353194,2.98282302552,0.846974439346,0.443370907139,0.751462004267,0.445028921124,2.5,1.688568919,0.751462004267,2.5,0.26468228741,0.195758564437,40,0.0225861095426,0.285521633249,23,23,23,1,0,0.478260869565,0.217391304348,0.304347826087,-7,-0.0138339920949,0.00349312523226,-0.608695652174,-0.583333333333,-0.4375,-0.287872650078,0.000218185102312,0.00492241253111,-0.443610230883,-0.00573780731027,-0.000890547991997,-0.287597769103,-0.00779463197674,0.00068316010345,0.00227069990833,0.000425000559329,0,0.00349312523226,0.00227069990833,0,0.00523567341749,0.00697607469711,-6,-0.00338791643139,-0.0476229998957,0,0,0,81,0,7,418,0.920454545455,1,0,0.0795454545455,1,0.920454545455,0.958579881657,0.951469451768,0.920454545455,0.920454545455,2,9,0,10,7,10
1243,WLNM_dir_neg_kfold,0.891975308642,0.597222222222,00:00:01,10,90,19,19364,threshold_sweep,0.1,0.5,0.222222222222,0.307692307692,2,2,7,16,0.222222222222,0.888888888889,0.111111111111,0.777777777778,0.5,0.222222222222,0.307692307692,0.666666666667,0.617283950617,0.129032258065,0.147441956155,0.111111111111,94,85,9,0,94,0,85,0,9,23,88,0.173913043478,1.68507579377,7.65217391304,7.33333333333,5.5,3.63829000359,0.475458352741,0.249505928854,5.32278271304,1.39118184545,0.672924901186,3.27042079462,0.854769071322,0.442687747036,0.749191304359,0.444603920564,2.5,1.68507579377,0.749191304359,2.5,0.259446613992,0.18878248974,46,0.025974025974,0.333144633145,23,23,23,1,0,0.478260869565,0.217391304348,0.304347826087,23,0.156126482213,1.6902722881,6.86956521739,6.58333333333,4.9375,3.22355461375,0.469251620989,0.255916345625,4.69841450004,1.36789282913,0.664832140892,2.92055547264,0.850288302161,0.453494771602,0.752800287119,0.445372199745,2.5,1.6902722881,0.752800287119,2.5,0.249370326643,0.181660899654,35,0.0197628458498,0.27680257453,23,23,23,1,0,0.478260869565,0.217391304348,0.304347826087,23,83,0.164031620553,1.69302810716,7.21739130435,6.91666666667,4.61111111111,3.5156341952,0.487105942709,0.256678889471,5.08776724056,1.40986321124,0.678889470927,2.88789212898,0.800259264657,0.42116291252,0.755147588354,0.446033698532,2.5,1.69302810716,0.755147588354,2.5,0.327896982245,0.225460122699,49,0.0276679841897,0.278148532493,23,23,23,1,0,0.478260869565,0.304347826087,0.217391304348,-5,-0.0098814229249,0.0079523133871,-0.434782608696,-0.416666666667,-0.888888888889,-0.122655808386,0.0116475899671,0.00717296061717,-0.235015472488,0.0186813657837,0.00596456974142,-0.382528665646,-0.0545098066656,-0.0215248345159,0.00595628399548,0.00142977796753,0,0.0079523133871,0.00595628399548,0,0.0684503682527,0.0366776329593,3,0.0016939582157,-0.0549961006512,0,0.0869565217391,-0.0869565217391,81,2,7,416,0.920454545455,0.995215311005,0.00478468899522,0.0795454545455,0.975903614458,0.920454545455,0.947368421053,0.937258018638,0.915669856459,0.9,4,9,0,10,7,10
1244,WLNM_dir_neg_kfold,0.891975308642,0.597222222222,00:00:01,10,90,19,19364,threshold_sweep,0.2,0.666666666667,0.222222222222,0.333333333333,2,1,7,17,0.222222222222,0.944444444444,0.0555555555556,0.777777777778,0.666666666667,0.222222222222,0.333333333333,0.703703703704,0.62962962963,0.2,0.25,0.166666666667,94,85,9,0,94,0,85,0,9,23,88,0.173913043478,1.68507579377,7.65217391304,7.33333333333,5.5,3.63829000359,0.475458352741,0.249505928854,5.32278271304,1.39118184545,0.672924901186,3.27042079462,0.854769071322,0.442687747036,0.749191304359,0.444603920564,2.5,1.68507579377,0.749191304359,2.5,0.259446613992,0.18878248974,46,0.025974025974,0.333144633145,23,23,23,1,0,0.478260869565,0.217391304348,0.304347826087,23,0.156126482213,1.6902722881,6.86956521739,6.58333333333,4.9375,3.22355461375,0.469251620989,0.255916345625,4.69841450004,1.36789282913,0.664832140892,2.92055547264,0.850288302161,0.453494771602,0.752800287119,0.445372199745,2.5,1.6902722881,0.752800287119,2.5,0.249370326643,0.181660899654,35,0.0197628458498,0.27680257453,23,23,23,1,0,0.478260869565,0.217391304348,0.304347826087,23,82,0.162055335968,1.69078612209,7.13043478261,6.83333333333,4.82352941176,3.37510064262,0.473337285246,0.251325556734,4.980197942,1.39688478861,0.675503711559,2.9360778872,0.823534041531,0.432661717922,0.753220917661,0.445485628146,2.5,1.69078612209,0.753220917661,2.5,0.298117824205,0.195859872611,41,0.0231507622812,0.281598473076,23,23,23,1,0,0.478260869565,0.260869565217,0.260869565217,-6,-0.0118577075099,0.00571032831902,-0.521739130435,-0.5,-0.676470588235,-0.263189360965,-0.00212106749568,0.00181962788007,-0.342584771044,0.00570294315518,0.00257881037308,-0.334342907428,-0.0312350297916,-0.010026029114,0.00402961330172,0.00088170758199,0,0.00571032831902,0.00402961330172,0,0.0386712102127,0.00707738287138,-5,-0.00282326369283,-0.0515461600689,0,0.0434782608696,-0.0434782608696,81,1,7,417,0.920454545455,0.997607655502,0.00239234449761,0.0795454545455,0.987804878049,0.920454545455,0.952941176471,0.944303782253,0.918062200957,0.910112359551,3,9,0,10,7,10
1245,WLNM_dir_neg_kfold,0.891975308642,0.597222222222,00:00:01,10,90,19,19364,threshold_sweep,0.3,0.666666666667,0.222222222222,0.333333333333,2,1,7,17,0.222222222222,0.944444444444,0.0555555555556,0.777777777778,0.666666666667,0.222222222222,0.333333333333,0.703703703704,0.62962962963,0.2,0.25,0.166666666667,94,85,9,0,94,0,85,0,9,23,88,0.173913043478,1.68507579377,7.65217391304,7.33333333333,5.5,3.63829000359,0.475458352741,0.249505928854,5.32278271304,1.39118184545,0.672924901186,3.27042079462,0.854769071322,0.442687747036,0.749191304359,0.444603920564,2.5,1.68507579377,0.749191304359,2.5,0.259446613992,0.18878248974,46,0.025974025974,0.333144633145,23,23,23,1,0,0.478260869565,0.217391304348,0.304347826087,23,0.156126482213,1.6902722881,6.86956521739,6.58333333333,4.9375,3.22355461375,0.469251620989,0.255916345625,4.69841450004,1.36789282913,0.664832140892,2.92055547264,0.850288302161,0.453494771602,0.752800287119,0.445372199745,2.5,1.6902722881,0.752800287119,2.5,0.249370326643,0.181660899654,35,0.0197628458498,0.27680257453,23,23,23,1,0,0.478260869565,0.217391304348,0.304347826087,23,82,0.162055335968,1.69078612209,7.13043478261,6.83333333333,4.82352941176,3.37510064262,0.473337285246,0.251325556734,4.980197942,1.39688478861,0.675503711559,2.9360778872,0.823534041531,0.432661717922,0.753220917661,0.445485628146,2.5,1.69078612209,0.753220917661,2.5,0.298117824205,0.195859872611,41,0.0231507622812,0.281598473076,23,23,23,1,0,0.478260869565,0.260869565217,0.260869565217,-6,-0.0118577075099,0.00571032831902,-0.521739130435,-0.5,-0.676470588235,-0.263189360965,-0.00212106749568,0.00181962788007,-0.342584771044,0.00570294315518,0.00257881037308,-0.334342907428,-0.0312350297916,-0.010026029114,0.00402961330172,0.00088170758199,0,0.00571032831902,0.00402961330172,0,0.0386712102127,0.00707738287138,-5,-0.00282326369283,-0.0515461600689,0,0.0434782608696,-0.0434782608696,81,1,7,417,0.920454545455,0.997607655502,0.00239234449761,0.0795454545455,0.987804878049,0.920454545455,0.952941176471,0.944303782253,0.918062200957,0.910112359551,3,9,0,10,7,10
1246,WLNM_dir_neg_kfold,0.891975308642,0.597222222222,00:00:01,10,90,19,19364,threshold_sweep,0.4,0.666666666667,0.222222222222,0.333333333333,2,1,7,17,0.222222222222,0.944444444444,0.0555555555556,0.777777777778,0.666666666667,0.222222222222,0.333333333333,0.703703703704,0.62962962963,0.2,0.25,0.166666666667,94,85,9,0,94,0,85,0,9,23,88,0.173913043478,1.68507579377,7.65217391304,7.33333333333,5.5,3.63829000359,0.475458352741,0.249505928854,5.32278271304,1.39118184545,0.672924901186,3.27042079462,0.854769071322,0.442687747036,0.749191304359,0.444603920564,2.5,1.68507579377,0.749191304359,2.5,0.259446613992,0.18878248974,46,0.025974025974,0.333144633145,23,23,23,1,0,0.478260869565,0.217391304348,0.304347826087,23,0.156126482213,1.6902722881,6.86956521739,6.58333333333,4.9375,3.22355461375,0.469251620989,0.255916345625,4.69841450004,1.36789282913,0.664832140892,2.92055547264,0.850288302161,0.453494771602,0.752800287119,0.445372199745,2.5,1.6902722881,0.752800287119,2.5,0.249370326643,0.181660899654,35,0.0197628458498,0.27680257453,23,23,23,1,0,0.478260869565,0.217391304348,0.304347826087,23,82,0.162055335968,1.69078612209,7.13043478261,6.83333333333,4.82352941176,3.37510064262,0.473337285246,0.251325556734,4.980197942,1.39688478861,0.675503711559,2.9360778872,0.823534041531,0.432661717922,0.753220917661,0.445485628146,2.5,1.69078612209,0.753220917661,2.5,0.298117824205,0.195859872611,41,0.0231507622812,0.281598473076,23,23,23,1,0,0.478260869565,0.260869565217,0.260869565217,-6,-0.0118577075099,0.00571032831902,-0.521739130435,-0.5,-0.676470588235,-0.263189360965,-0.00212106749568,0.00181962788007,-0.342584771044,0.00570294315518,0.00257881037308,-0.334342907428,-0.0312350297916,-0.010026029114,0.00402961330172,0.00088170758199,0,0.00571032831902,0.00402961330172,0,0.0386712102127,0.00707738287138,-5,-0.00282326369283,-0.0515461600689,0,0.0434782608696,-0.0434782608696,81,1,7,417,0.920454545455,0.997607655502,0.00239234449761,0.0795454545455,0.987804878049,0.920454545455,0.952941176471,0.944303782253,0.918062200957,0.910112359551,3,9,0,10,7,10
1247,WLNM_dir_neg_kfold,0.891975308642,0.597222222222,00:00:01,10,90,19,19364,threshold_sweep,0.5,0.666666666667,0.222222222222,0.333333333333,2,1,7,17,0.222222222222,0.944444444444,0.0555555555556,0.777777777778,0.666666666667,0.222222222222,0.333333333333,0.703703703704,0.62962962963,0.2,0.25,0.166666666667,94,85,9,0,94,0,85,0,9,23,88,0.173913043478,1.68507579377,7.65217391304,7.33333333333,5.5,3.63829000359,0.475458352741,0.249505928854,5.32278271304,1.39118184545,0.672924901186,3.27042079462,0.854769071322,0.442687747036,0.749191304359,0.444603920564,2.5,1.68507579377,0.749191304359,2.5,0.259446613992,0.18878248974,46,0.025974025974,0.333144633145,23,23,23,1,0,0.478260869565,0.217391304348,0.304347826087,23,0.156126482213,1.6902722881,6.86956521739,6.58333333333,4.9375,3.22355461375,0.469251620989,0.255916345625,4.69841450004,1.36789282913,0.664832140892,2.92055547264,0.850288302161,0.453494771602,0.752800287119,0.445372199745,2.5,1.6902722881,0.752800287119,2.5,0.249370326643,0.181660899654,35,0.0197628458498,0.27680257453,23,23,23,1,0,0.478260869565,0.217391304348,0.304347826087,23,82,0.162055335968,1.69078612209,7.13043478261,6.83333333333,4.82352941176,3.37510064262,0.473337285246,0.251325556734,4.980197942,1.39688478861,0.675503711559,2.9360778872,0.823534041531,0.432661717922,0.753220917661,0.445485628146,2.5,1.69078612209,0.753220917661,2.5,0.298117824205,0.195859872611,41,0.0231507622812,0.281598473076,23,23,23,1,0,0.478260869565,0.260869565217,0.260869565217,-6,-0.0118577075099,0.00571032831902,-0.521739130435,-0.5,-0.676470588235,-0.263189360965,-0.00212106749568,0.00181962788007,-0.342584771044,0.00570294315518,0.00257881037308,-0.334342907428,-0.0312350297916,-0.010026029114,0.00402961330172,0.00088170758199,0,0.00571032831902,0.00402961330172,0,0.0386712102127,0.00707738287138,-5,-0.00282326369283,-0.0515461600689,0,0.0434782608696,-0.0434782608696,81,1,7,417,0.920454545455,0.997607655502,0.00239234449761,0.0795454545455,0.987804878049,0.920454545455,0.952941176471,0.944303782253,0.918062200957,0.910112359551,3,9,0,10,7,10
1248,WLNM_dir_neg_kfold,0.891975308642,0.597222222222,00:00:01,10,90,19,19364,threshold_sweep,0.6,0.666666666667,0.222222222222,0.333333333333,2,1,7,17,0.222222222222,0.944444444444,0.0555555555556,0.777777777778,0.666666666667,0.222222222222,0.333333333333,0.703703703704,0.62962962963,0.2,0.25,0.166666666667,94,85,9,0,94,0,85,0,9,23,88,0.173913043478,1.68507579377,7.65217391304,7.33333333333,5.5,3.63829000359,0.475458352741,0.249505928854,5.32278271304,1.39118184545,0.672924901186,3.27042079462,0.854769071322,0.442687747036,0.749191304359,0.444603920564,2.5,1.68507579377,0.749191304359,2.5,0.259446613992,0.18878248974,46,0.025974025974,0.333144633145,23,23,23,1,0,0.478260869565,0.217391304348,0.304347826087,23,0.156126482213,1.6902722881,6.86956521739,6.58333333333,4.9375,3.22355461375,0.469251620989,0.255916345625,4.69841450004,1.36789282913,0.664832140892,2.92055547264,0.850288302161,0.453494771602,0.752800287119,0.445372199745,2.5,1.6902722881,0.752800287119,2.5,0.249370326643,0.181660899654,35,0.0197628458498,0.27680257453,23,23,23,1,0,0.478260869565,0.217391304348,0.304347826087,23,82,0.162055335968,1.69078612209,7.13043478261,6.83333333333,4.82352941176,3.37510064262,0.473337285246,0.251325556734,4.980197942,1.39688478861,0.675503711559,2.9360778872,0.823534041531,0.432661717922,0.753220917661,0.445485628146,2.5,1.69078612209,0.753220917661,2.5,0.298117824205,0.195859872611,41,0.0231507622812,0.281598473076,23,23,23,1,0,0.478260869565,0.260869565217,0.260869565217,-6,-0.0118577075099,0.00571032831902,-0.521739130435,-0.5,-0.676470588235,-0.263189360965,-0.00212106749568,0.00181962788007,-0.342584771044,0.00570294315518,0.00257881037308,-0.334342907428,-0.0312350297916,-0.010026029114,0.00402961330172,0.00088170758199,0,0.00571032831902,0.00402961330172,0,0.0386712102127,0.00707738287138,-5,-0.00282326369283,-0.0515461600689,0,0.0434782608696,-0.0434782608696,81,1,7,417,0.920454545455,0.997607655502,0.00239234449761,0.0795454545455,0.987804878049,0.920454545455,0.952941176471,0.944303782253,0.918062200957,0.910112359551,3,9,0,10,7,10
1249,WLNM_dir_neg_kfold,0.891975308642,0.597222222222,00:00:01,10,90,19,19364,threshold_sweep,0.7,0.666666666667,0.222222222222,0.333333333333,2,1,7,17,0.222222222222,0.944444444444,0.0555555555556,0.777777777778,0.666666666667,0.222222222222,0.333333333333,0.703703703704,0.62962962963,0.2,0.25,0.166666666667,94,85,9,0,94,0,85,0,9,23,88,0.173913043478,1.68507579377,7.65217391304,7.33333333333,5.5,3.63829000359,0.475458352741,0.249505928854,5.32278271304,1.39118184545,0.672924901186,3.27042079462,0.854769071322,0.442687747036,0.749191304359,0.444603920564,2.5,1.68507579377,0.749191304359,2.5,0.259446613992,0.18878248974,46,0.025974025974,0.333144633145,23,23,23,1,0,0.478260869565,0.217391304348,0.304347826087,23,0.156126482213,1.6902722881,6.86956521739,6.58333333333,4.9375,3.22355461375,0.469251620989,0.255916345625,4.69841450004,1.36789282913,0.664832140892,2.92055547264,0.850288302161,0.453494771602,0.752800287119,0.445372199745,2.5,1.6902722881,0.752800287119,2.5,0.249370326643,0.181660899654,35,0.0197628458498,0.27680257453,23,23,23,1,0,0.478260869565,0.217391304348,0.304347826087,23,82,0.162055335968,1.69078612209,7.13043478261,6.83333333333,4.82352941176,3.37510064262,0.473337285246,0.251325556734,4.980197942,1.39688478861,0.675503711559,2.9360778872,0.823534041531,0.432661717922,0.753220917661,0.445485628146,2.5,1.69078612209,0.753220917661,2.5,0.298117824205,0.195859872611,41,0.0231507622812,0.281598473076,23,23,23,1,0,0.478260869565,0.260869565217,0.260869565217,-6,-0.0118577075099,0.00571032831902,-0.521739130435,-0.5,-0.676470588235,-0.263189360965,-0.00212106749568,0.00181962788007,-0.342584771044,0.00570294315518,0.00257881037308,-0.334342907428,-0.0312350297916,-0.010026029114,0.00402961330172,0.00088170758199,0,0.00571032831902,0.00402961330172,0,0.0386712102127,0.00707738287138,-5,-0.00282326369283,-0.0515461600689,0,0.0434782608696,-0.0434782608696,81,1,7,417,0.920454545455,0.997607655502,0.00239234449761,0.0795454545455,0.987804878049,0.920454545455,0.952941176471,0.944303782253,0.918062200957,0.910112359551,3,9,0,10,7,10
1250,WLNM_dir_neg_kfold,0.891975308642,0.597222222222,00:00:01,10,90,19,19364,threshold_sweep,0.8,0.666666666667,0.222222222222,0.333333333333,2,1,7,17,0.222222222222,0.944444444444,0.0555555555556,0.777777777778,0.666666666667,0.222222222222,0.333333333333,0.703703703704,0.62962962963,0.2,0.25,0.166666666667,94,85,9,0,94,0,85,0,9,23,88,0.173913043478,1.68507579377,7.65217391304,7.33333333333,5.5,3.63829000359,0.475458352741,0.249505928854,5.32278271304,1.39118184545,0.672924901186,3.27042079462,0.854769071322,0.442687747036,0.749191304359,0.444603920564,2.5,1.68507579377,0.749191304359,2.5,0.259446613992,0.18878248974,46,0.025974025974,0.333144633145,23,23,23,1,0,0.478260869565,0.217391304348,0.304347826087,23,0.156126482213,1.6902722881,6.86956521739,6.58333333333,4.9375,3.22355461375,0.469251620989,0.255916345625,4.69841450004,1.36789282913,0.664832140892,2.92055547264,0.850288302161,0.453494771602,0.752800287119,0.445372199745,2.5,1.6902722881,0.752800287119,2.5,0.249370326643,0.181660899654,35,0.0197628458498,0.27680257453,23,23,23,1,0,0.478260869565,0.217391304348,0.304347826087,23,82,0.162055335968,1.69078612209,7.13043478261,6.83333333333,4.82352941176,3.37510064262,0.473337285246,0.251325556734,4.980197942,1.39688478861,0.675503711559,2.9360778872,0.823534041531,0.432661717922,0.753220917661,0.445485628146,2.5,1.69078612209,0.753220917661,2.5,0.298117824205,0.195859872611,41,0.0231507622812,0.281598473076,23,23,23,1,0,0.478260869565,0.260869565217,0.260869565217,-6,-0.0118577075099,0.00571032831902,-0.521739130435,-0.5,-0.676470588235,-0.263189360965,-0.00212106749568,0.00181962788007,-0.342584771044,0.00570294315518,0.00257881037308,-0.334342907428,-0.0312350297916,-0.010026029114,0.00402961330172,0.00088170758199,0,0.00571032831902,0.00402961330172,0,0.0386712102127,0.00707738287138,-5,-0.00282326369283,-0.0515461600689,0,0.0434782608696,-0.0434782608696,81,1,7,417,0.920454545455,0.997607655502,0.00239234449761,0.0795454545455,0.987804878049,0.920454545455,0.952941176471,0.944303782253,0.918062200957,0.910112359551,3,9,0,10,7,10
1251,WLNM_dir_neg_kfold,0.891975308642,0.597222222222,00:00:01,10,90,19,19364,threshold_sweep,0.9,0.666666666667,0.222222222222,0.333333333333,2,1,7,17,0.222222222222,0.944444444444,0.0555555555556,0.777777777778,0.666666666667,0.222222222222,0.333333333333,0.703703703704,0.62962962963,0.2,0.25,0.166666666667,94,85,9,0,94,0,85,0,9,23,88,0.173913043478,1.68507579377,7.65217391304,7.33333333333,5.5,3.63829000359,0.475458352741,0.249505928854,5.32278271304,1.39118184545,0.672924901186,3.27042079462,0.854769071322,0.442687747036,0.749191304359,0.444603920564,2.5,1.68507579377,0.749191304359,2.5,0.259446613992,0.18878248974,46,0.025974025974,0.333144633145,23,23,23,1,0,0.478260869565,0.217391304348,0.304347826087,23,0.156126482213,1.6902722881,6.86956521739,6.58333333333,4.9375,3.22355461375,0.469251620989,0.255916345625,4.69841450004,1.36789282913,0.664832140892,2.92055547264,0.850288302161,0.453494771602,0.752800287119,0.445372199745,2.5,1.6902722881,0.752800287119,2.5,0.249370326643,0.181660899654,35,0.0197628458498,0.27680257453,23,23,23,1,0,0.478260869565,0.217391304348,0.304347826087,23,82,0.162055335968,1.69078612209,7.13043478261,6.83333333333,4.82352941176,3.37510064262,0.473337285246,0.251325556734,4.980197942,1.39688478861,0.675503711559,2.9360778872,0.823534041531,0.432661717922,0.753220917661,0.445485628146,2.5,1.69078612209,0.753220917661,2.5,0.298117824205,0.195859872611,41,0.0231507622812,0.281598473076,23,23,23,1,0,0.478260869565,0.260869565217,0.260869565217,-6,-0.0118577075099,0.00571032831902,-0.521739130435,-0.5,-0.676470588235,-0.263189360965,-0.00212106749568,0.00181962788007,-0.342584771044,0.00570294315518,0.00257881037308,-0.334342907428,-0.0312350297916,-0.010026029114,0.00402961330172,0.00088170758199,0,0.00571032831902,0.00402961330172,0,0.0386712102127,0.00707738287138,-5,-0.00282326369283,-0.0515461600689,0,0.0434782608696,-0.0434782608696,81,1,7,417,0.920454545455,0.997607655502,0.00239234449761,0.0795454545455,0.987804878049,0.920454545455,0.952941176471,0.944303782253,0.918062200957,0.910112359551,3,9,0,10,7,10
1252,WLNM_dir_neg_kfold,0.805555555556,0.490740740741,00:00:01,10,90,20,19365,threshold_sweep,0.1,1,0.222222222222,0.363636363636,2,0,7,18,0.222222222222,1,0,0.777777777778,1,0.222222222222,0.363636363636,0.740740740741,0.641975308642,0.275862068966,0.4,0.222222222222,94,85,9,0,94,0,85,0,9,23,88,0.173913043478,1.68507579377,7.65217391304,7.33333333333,5.5,3.63829000359,0.475458352741,0.249505928854,5.32278271304,1.39118184545,0.672924901186,3.27042079462,0.854769071322,0.442687747036,0.749191304359,0.444603920564,2.5,1.68507579377,0.749191304359,2.5,0.259446613992,0.18878248974,46,0.025974025974,0.333144633145,23,23,23,1,0,0.478260869565,0.217391304348,0.304347826087,23,0.156126482213,1.6902722881,6.86956521739,6.58333333333,4.9375,3.22355461375,0.469251620989,0.255916345625,4.69841450004,1.36789282913,0.664832140892,2.92055547264,0.850288302161,0.453494771602,0.752800287119,0.445372199745,2.5,1.6902722881,0.752800287119,2.5,0.249370326643,0.181660899654,35,0.0197628458498,0.27680257453,23,23,23,1,0,0.478260869565,0.217391304348,0.304347826087,23,81,0.160079051383,1.688568919,7.04347826087,6.75,5.0625,3.35041735351,0.475676537844,0.254428341385,4.87917248216,1.38544403814,0.672034353194,2.98282302552,0.846974439346,0.443370907139,0.751462004267,0.445028921124,2.5,1.688568919,0.751462004267,2.5,0.26468228741,0.195758564437,40,0.0225861095426,0.285521633249,23,23,23,1,0,0.478260869565,0.217391304348,0.304347826087,-7,-0.0138339920949,0.00349312523226,-0.608695652174,-0.583333333333,-0.4375,-0.287872650078,0.000218185102312,0.00492241253111,-0.443610230883,-0.00573780731027,-0.000890547991997,-0.287597769103,-0.00779463197674,0.00068316010345,0.00227069990833,0.000425000559329,0,0.00349312523226,0.00227069990833,0,0.00523567341749,0.00697607469711,-6,-0.00338791643139,-0.0476229998957,0,0,0,81,0,7,418,0.920454545455,1,0,0.0795454545455,1,0.920454545455,0.958579881657,0.951469451768,0.920454545455,0.920454545455,2,9,0,10,7,10
1253,WLNM_dir_neg_kfold,0.805555555556,0.490740740741,00:00:01,10,90,20,19365,threshold_sweep,0.2,1,0.222222222222,0.363636363636,2,0,7,18,0.222222222222,1,0,0.777777777778,1,0.222222222222,0.363636363636,0.740740740741,0.641975308642,0.275862068966,0.4,0.222222222222,94,85,9,0,94,0,85,0,9,23,88,0.173913043478,1.68507579377,7.65217391304,7.33333333333,5.5,3.63829000359,0.475458352741,0.249505928854,5.32278271304,1.39118184545,0.672924901186,3.27042079462,0.854769071322,0.442687747036,0.749191304359,0.444603920564,2.5,1.68507579377,0.749191304359,2.5,0.259446613992,0.18878248974,46,0.025974025974,0.333144633145,23,23,23,1,0,0.478260869565,0.217391304348,0.304347826087,23,0.156126482213,1.6902722881,6.86956521739,6.58333333333,4.9375,3.22355461375,0.469251620989,0.255916345625,4.69841450004,1.36789282913,0.664832140892,2.92055547264,0.850288302161,0.453494771602,0.752800287119,0.445372199745,2.5,1.6902722881,0.752800287119,2.5,0.249370326643,0.181660899654,35,0.0197628458498,0.27680257453,23,23,23,1,0,0.478260869565,0.217391304348,0.304347826087,23,81,0.160079051383,1.688568919,7.04347826087,6.75,5.0625,3.35041735351,0.475676537844,0.254428341385,4.87917248216,1.38544403814,0.672034353194,2.98282302552,0.846974439346,0.443370907139,0.751462004267,0.445028921124,2.5,1.688568919,0.751462004267,2.5,0.26468228741,0.195758564437,40,0.0225861095426,0.285521633249,23,23,23,1,0,0.478260869565,0.217391304348,0.304347826087,-7,-0.0138339920949,0.00349312523226,-0.608695652174,-0.583333333333,-0.4375,-0.287872650078,0.000218185102312,0.00492241253111,-0.443610230883,-0.00573780731027,-0.000890547991997,-0.287597769103,-0.00779463197674,0.00068316010345,0.00227069990833,0.000425000559329,0,0.00349312523226,0.00227069990833,0,0.00523567341749,0.00697607469711,-6,-0.00338791643139,-0.0476229998957,0,0,0,81,0,7,418,0.920454545455,1,0,0.0795454545455,1,0.920454545455,0.958579881657,0.951469451768,0.920454545455,0.920454545455,2,9,0,10,7,10
1254,WLNM_dir_neg_kfold,0.805555555556,0.490740740741,00:00:01,10,90,20,19365,threshold_sweep,0.3,1,0.222222222222,0.363636363636,2,0,7,18,0.222222222222,1,0,0.777777777778,1,0.222222222222,0.363636363636,0.740740740741,0.641975308642,0.275862068966,0.4,0.222222222222,94,85,9,0,94,0,85,0,9,23,88,0.173913043478,1.68507579377,7.65217391304,7.33333333333,5.5,3.63829000359,0.475458352741,0.249505928854,5.32278271304,1.39118184545,0.672924901186,3.27042079462,0.854769071322,0.442687747036,0.749191304359,0.444603920564,2.5,1.68507579377,0.749191304359,2.5,0.259446613992,0.18878248974,46,0.025974025974,0.333144633145,23,23,23,1,0,0.478260869565,0.217391304348,0.304347826087,23,0.156126482213,1.6902722881,6.86956521739,6.58333333333,4.9375,3.22355461375,0.469251620989,0.255916345625,4.69841450004,1.36789282913,0.664832140892,2.92055547264,0.850288302161,0.453494771602,0.752800287119,0.445372199745,2.5,1.6902722881,0.752800287119,2.5,0.249370326643,0.181660899654,35,0.0197628458498,0.27680257453,23,23,23,1,0,0.478260869565,0.217391304348,0.304347826087,23,81,0.160079051383,1.688568919,7.04347826087,6.75,5.0625,3.35041735351,0.475676537844,0.254428341385,4.87917248216,1.38544403814,0.672034353194,2.98282302552,0.846974439346,0.443370907139,0.751462004267,0.445028921124,2.5,1.688568919,0.751462004267,2.5,0.26468228741,0.195758564437,40,0.0225861095426,0.285521633249,23,23,23,1,0,0.478260869565,0.217391304348,0.304347826087,-7,-0.0138339920949,0.00349312523226,-0.608695652174,-0.583333333333,-0.4375,-0.287872650078,0.000218185102312,0.00492241253111,-0.443610230883,-0.00573780731027,-0.000890547991997,-0.287597769103,-0.00779463197674,0.00068316010345,0.00227069990833,0.000425000559329,0,0.00349312523226,0.00227069990833,0,0.00523567341749,0.00697607469711,-6,-0.00338791643139,-0.0476229998957,0,0,0,81,0,7,418,0.920454545455,1,0,0.0795454545455,1,0.920454545455,0.958579881657,0.951469451768,0.920454545455,0.920454545455,2,9,0,10,7,10
1255,WLNM_dir_neg_kfold,0.805555555556,0.490740740741,00:00:01,10,90,20,19365,threshold_sweep,0.4,1,0.222222222222,0.363636363636,2,0,7,18,0.222222222222,1,0,0.777777777778,1,0.222222222222,0.363636363636,0.740740740741,0.641975308642,0.275862068966,0.4,0.222222222222,94,85,9,0,94,0,85,0,9,23,88,0.173913043478,1.68507579377,7.65217391304,7.33333333333,5.5,3.63829000359,0.475458352741,0.249505928854,5.32278271304,1.39118184545,0.672924901186,3.27042079462,0.854769071322,0.442687747036,0.749191304359,0.444603920564,2.5,1.68507579377,0.749191304359,2.5,0.259446613992,0.18878248974,46,0.025974025974,0.333144633145,23,23,23,1,0,0.478260869565,0.217391304348,0.304347826087,23,0.156126482213,1.6902722881,6.86956521739,6.58333333333,4.9375,3.22355461375,0.469251620989,0.255916345625,4.69841450004,1.36789282913,0.664832140892,2.92055547264,0.850288302161,0.453494771602,0.752800287119,0.445372199745,2.5,1.6902722881,0.752800287119,2.5,0.249370326643,0.181660899654,35,0.0197628458498,0.27680257453,23,23,23,1,0,0.478260869565,0.217391304348,0.304347826087,23,81,0.160079051383,1.688568919,7.04347826087,6.75,5.0625,3.35041735351,0.475676537844,0.254428341385,4.87917248216,1.38544403814,0.672034353194,2.98282302552,0.846974439346,0.443370907139,0.751462004267,0.445028921124,2.5,1.688568919,0.751462004267,2.5,0.26468228741,0.195758564437,40,0.0225861095426,0.285521633249,23,23,23,1,0,0.478260869565,0.217391304348,0.304347826087,-7,-0.0138339920949,0.00349312523226,-0.608695652174,-0.583333333333,-0.4375,-0.287872650078,0.000218185102312,0.00492241253111,-0.443610230883,-0.00573780731027,-0.000890547991997,-0.287597769103,-0.00779463197674,0.00068316010345,0.00227069990833,0.000425000559329,0,0.00349312523226,0.00227069990833,0,0.00523567341749,0.00697607469711,-6,-0.00338791643139,-0.0476229998957,0,0,0,81,0,7,418,0.920454545455,1,0,0.0795454545455,1,0.920454545455,0.958579881657,0.951469451768,0.920454545455,0.920454545455,2,9,0,10,7,10
1256,WLNM_dir_neg_kfold,0.805555555556,0.490740740741,00:00:01,10,90,20,19365,threshold_sweep,0.5,1,0.222222222222,0.363636363636,2,0,7,18,0.222222222222,1,0,0.777777777778,1,0.222222222222,0.363636363636,0.740740740741,0.641975308642,0.275862068966,0.4,0.222222222222,94,85,9,0,94,0,85,0,9,23,88,0.173913043478,1.68507579377,7.65217391304,7.33333333333,5.5,3.63829000359,0.475458352741,0.249505928854,5.32278271304,1.39118184545,0.672924901186,3.27042079462,0.854769071322,0.442687747036,0.749191304359,0.444603920564,2.5,1.68507579377,0.749191304359,2.5,0.259446613992,0.18878248974,46,0.025974025974,0.333144633145,23,23,23,1,0,0.478260869565,0.217391304348,0.304347826087,23,0.156126482213,1.6902722881,6.86956521739,6.58333333333,4.9375,3.22355461375,0.469251620989,0.255916345625,4.69841450004,1.36789282913,0.664832140892,2.92055547264,0.850288302161,0.453494771602,0.752800287119,0.445372199745,2.5,1.6902722881,0.752800287119,2.5,0.249370326643,0.181660899654,35,0.0197628458498,0.27680257453,23,23,23,1,0,0.478260869565,0.217391304348,0.304347826087,23,81,0.160079051383,1.688568919,7.04347826087,6.75,5.0625,3.35041735351,0.475676537844,0.254428341385,4.87917248216,1.38544403814,0.672034353194,2.98282302552,0.846974439346,0.443370907139,0.751462004267,0.445028921124,2.5,1.688568919,0.751462004267,2.5,0.26468228741,0.195758564437,40,0.0225861095426,0.285521633249,23,23,23,1,0,0.478260869565,0.217391304348,0.304347826087,-7,-0.0138339920949,0.00349312523226,-0.608695652174,-0.583333333333,-0.4375,-0.287872650078,0.000218185102312,0.00492241253111,-0.443610230883,-0.00573780731027,-0.000890547991997,-0.287597769103,-0.00779463197674,0.00068316010345,0.00227069990833,0.000425000559329,0,0.00349312523226,0.00227069990833,0,0.00523567341749,0.00697607469711,-6,-0.00338791643139,-0.0476229998957,0,0,0,81,0,7,418,0.920454545455,1,0,0.0795454545455,1,0.920454545455,0.958579881657,0.951469451768,0.920454545455,0.920454545455,2,9,0,10,7,10
1257,WLNM_dir_neg_kfold,0.805555555556,0.490740740741,00:00:01,10,90,20,19365,threshold_sweep,0.6,1,0.222222222222,0.363636363636,2,0,7,18,0.222222222222,1,0,0.777777777778,1,0.222222222222,0.363636363636,0.740740740741,0.641975308642,0.275862068966,0.4,0.222222222222,94,85,9,0,94,0,85,0,9,23,88,0.173913043478,1.68507579377,7.65217391304,7.33333333333,5.5,3.63829000359,0.475458352741,0.249505928854,5.32278271304,1.39118184545,0.672924901186,3.27042079462,0.854769071322,0.442687747036,0.749191304359,0.444603920564,2.5,1.68507579377,0.749191304359,2.5,0.259446613992,0.18878248974,46,0.025974025974,0.333144633145,23,23,23,1,0,0.478260869565,0.217391304348,0.304347826087,23,0.156126482213,1.6902722881,6.86956521739,6.58333333333,4.9375,3.22355461375,0.469251620989,0.255916345625,4.69841450004,1.36789282913,0.664832140892,2.92055547264,0.850288302161,0.453494771602,0.752800287119,0.445372199745,2.5,1.6902722881,0.752800287119,2.5,0.249370326643,0.181660899654,35,0.0197628458498,0.27680257453,23,23,23,1,0,0.478260869565,0.217391304348,0.304347826087,23,81,0.160079051383,1.688568919,7.04347826087,6.75,5.0625,3.35041735351,0.475676537844,0.254428341385,4.87917248216,1.38544403814,0.672034353194,2.98282302552,0.846974439346,0.443370907139,0.751462004267,0.445028921124,2.5,1.688568919,0.751462004267,2.5,0.26468228741,0.195758564437,40,0.0225861095426,0.285521633249,23,23,23,1,0,0.478260869565,0.217391304348,0.304347826087,-7,-0.0138339920949,0.00349312523226,-0.608695652174,-0.583333333333,-0.4375,-0.287872650078,0.000218185102312,0.00492241253111,-0.443610230883,-0.00573780731027,-0.000890547991997,-0.287597769103,-0.00779463197674,0.00068316010345,0.00227069990833,0.000425000559329,0,0.00349312523226,0.00227069990833,0,0.00523567341749,0.00697607469711,-6,-0.00338791643139,-0.0476229998957,0,0,0,81,0,7,418,0.920454545455,1,0,0.0795454545455,1,0.920454545455,0.958579881657,0.951469451768,0.920454545455,0.920454545455,2,9,0,10,7,10
1258,WLNM_dir_neg_kfold,0.805555555556,0.490740740741,00:00:01,10,90,20,19365,threshold_sweep,0.7,1,0.111111111111,0.2,1,0,8,18,0.111111111111,1,0,0.888888888889,1,0.111111111111,0.2,0.703703703704,0.654320987654,0.142857142857,0.277350098113,0.111111111111,94,85,9,0,94,0,85,0,9,23,88,0.173913043478,1.68507579377,7.65217391304,7.33333333333,5.5,3.63829000359,0.475458352741,0.249505928854,5.32278271304,1.39118184545,0.672924901186,3.27042079462,0.854769071322,0.442687747036,0.749191304359,0.444603920564,2.5,1.68507579377,0.749191304359,2.5,0.259446613992,0.18878248974,46,0.025974025974,0.333144633145,23,23,23,1,0,0.478260869565,0.217391304348,0.304347826087,23,0.156126482213,1.6902722881,6.86956521739,6.58333333333,4.9375,3.22355461375,0.469251620989,0.255916345625,4.69841450004,1.36789282913,0.664832140892,2.92055547264,0.850288302161,0.453494771602,0.752800287119,0.445372199745,2.5,1.6902722881,0.752800287119,2.5,0.249370326643,0.181660899654,35,0.0197628458498,0.27680257453,23,23,23,1,0,0.478260869565,0.217391304348,0.304347826087,23,80,0.158102766798,1.68935508936,6.95652173913,6.66666666667,5,3.28188223252,0.471770570925,0.255434782609,4.78510534906,1.37571778785,0.66847826087,2.95218817486,0.848754100271,0.448913043478,0.752068943211,0.445181091856,2.5,1.68935508936,0.752068943211,2.5,0.258355281083,0.191596638655,38,0.0214568040655,0.281286979014,23,23,23,1,0,0.478260869565,0.217391304348,0.304347826087,-8,-0.0158102766798,0.00427929558364,-0.695652173913,-0.666666666667,-0.5,-0.356407771065,-0.00368778181641,0.00592885375494,-0.537677363986,-0.0154640576005,-0.00444664031621,-0.318232619768,-0.00601497105108,0.00622529644269,0.00287763885235,0.000577171291433,0,0.00427929558364,0.00287763885235,0,-0.00109133290951,0.00281414891538,-8,-0.00451722190853,-0.0518576541304,0,0,0,80,0,8,418,0.909090909091,1,0,0.0909090909091,1,0.909090909091,0.952380952381,0.944467458064,0.909090909091,0.909090909091,1,9,0,10,7,10
1259,WLNM_dir_neg_kfold,0.805555555556,0.490740740741,00:00:01,10,90,20,19365,threshold_sweep,0.8,1,0.111111111111,0.2,1,0,8,18,0.111111111111,1,0,0.888888888889,1,0.111111111111,0.2,0.703703703704,0.654320987654,0.142857142857,0.277350098113,0.111111111111,94,85,9,0,94,0,85,0,9,23,88,0.173913043478,1.68507579377,7.65217391304,7.33333333333,5.5,3.63829000359,0.475458352741,0.249505928854,5.32278271304,1.39118184545,0.672924901186,3.27042079462,0.854769071322,0.442687747036,0.749191304359,0.444603920564,2.5,1.68507579377,0.749191304359,2.5,0.259446613992,0.18878248974,46,0.025974025974,0.333144633145,23,23,23,1,0,0.478260869565,0.217391304348,0.304347826087,23,0.156126482213,1.6902722881,6.86956521739,6.58333333333,4.9375,3.22355461375,0.469251620989,0.255916345625,4.69841450004,1.36789282913,0.664832140892,2.92055547264,0.850288302161,0.453494771602,0.752800287119,0.445372199745,2.5,1.6902722881,0.752800287119,2.5,0.249370326643,0.181660899654,35,0.0197628458498,0.27680257453,23,23,23,1,0,0.478260869565,0.217391304348,0.304347826087,23,80,0.158102766798,1.68935508936,6.95652173913,6.66666666667,5,3.28188223252,0.471770570925,0.255434782609,4.78510534906,1.37571778785,0.66847826087,2.95218817486,0.848754100271,0.448913043478,0.752068943211,0.445181091856,2.5,1.68935508936,0.752068943211,2.5,0.258355281083,0.191596638655,38,0.0214568040655,0.281286979014,23,23,23,1,0,0.478260869565,0.217391304348,0.304347826087,-8,-0.0158102766798,0.00427929558364,-0.695652173913,-0.666666666667,-0.5,-0.356407771065,-0.00368778181641,0.00592885375494,-0.537677363986,-0.0154640576005,-0.00444664031621,-0.318232619768,-0.00601497105108,0.00622529644269,0.00287763885235,0.000577171291433,0,0.00427929558364,0.00287763885235,0,-0.00109133290951,0.00281414891538,-8,-0.00451722190853,-0.0518576541304,0,0,0,80,0,8,418,0.909090909091,1,0,0.0909090909091,1,0.909090909091,0.952380952381,0.944467458064,0.909090909091,0.909090909091,1,9,0,10,7,10
1260,WLNM_dir_neg_kfold,0.805555555556,0.490740740741,00:00:01,10,90,20,19365,threshold_sweep,0.9,1,0.111111111111,0.2,1,0,8,18,0.111111111111,1,0,0.888888888889,1,0.111111111111,0.2,0.703703703704,0.654320987654,0.142857142857,0.277350098113,0.111111111111,94,85,9,0,94,0,85,0,9,23,88,0.173913043478,1.68507579377,7.65217391304,7.33333333333,5.5,3.63829000359,0.475458352741,0.249505928854,5.32278271304,1.39118184545,0.672924901186,3.27042079462,0.854769071322,0.442687747036,0.749191304359,0.444603920564,2.5,1.68507579377,0.749191304359,2.5,0.259446613992,0.18878248974,46,0.025974025974,0.333144633145,23,23,23,1,0,0.478260869565,0.217391304348,0.304347826087,23,0.156126482213,1.6902722881,6.86956521739,6.58333333333,4.9375,3.22355461375,0.469251620989,0.255916345625,4.69841450004,1.36789282913,0.664832140892,2.92055547264,0.850288302161,0.453494771602,0.752800287119,0.445372199745,2.5,1.6902722881,0.752800287119,2.5,0.249370326643,0.181660899654,35,0.0197628458498,0.27680257453,23,23,23,1,0,0.478260869565,0.217391304348,0.304347826087,23,80,0.158102766798,1.68935508936,6.95652173913,6.66666666667,5,3.28188223252,0.471770570925,0.255434782609,4.78510534906,1.37571778785,0.66847826087,2.95218817486,0.848754100271,0.448913043478,0.752068943211,0.445181091856,2.5,1.68935508936,0.752068943211,2.5,0.258355281083,0.191596638655,38,0.0214568040655,0.281286979014,23,23,23,1,0,0.478260869565,0.217391304348,0.304347826087,-8,-0.0158102766798,0.00427929558364,-0.695652173913,-0.666666666667,-0.5,-0.356407771065,-0.00368778181641,0.00592885375494,-0.537677363986,-0.0154640576005,-0.00444664031621,-0.318232619768,-0.00601497105108,0.00622529644269,0.00287763885235,0.000577171291433,0,0.00427929558364,0.00287763885235,0,-0.00109133290951,0.00281414891538,-8,-0.00451722190853,-0.0518576541304,0,0,0,80,0,8,418,0.909090909091,1,0,0.0909090909091,1,0.909090909091,0.952380952381,0.944467458064,0.909090909091,0.909090909091,1,9,0,10,7,10
1261,WLNM_dir_neg_kfold,0.79012345679,0.361375661376,00:00:01,10,90,1,20346,threshold_sweep,0.1,0,0,0,0,0,9,18,0,1,0,1,0,0,0,0.666666666667,0.666666666667,0,0,0,94,85,9,0,94,0,85,0,9,23,88,0.173913043478,1.68507579377,7.65217391304,7.33333333333,5.5,3.63829000359,0.475458352741,0.249505928854,5.32278271304,1.39118184545,0.672924901186,3.27042079462,0.854769071322,0.442687747036,0.749191304359,0.444603920564,2.5,1.68507579377,0.749191304359,2.5,0.259446613992,0.18878248974,46,0.025974025974,0.333144633145,23,23,23,1,0,0.478260869565,0.217391304348,0.304347826087,23,0.156126482213,1.68552751596,6.86956521739,6.58333333333,5.26666666667,3.23762465995,0.471299792272,0.25701706109,4.73695420897,1.37911325071,0.671436433682,3.02754156126,0.881436150746,0.472206934507,0.749331926886,0.444568195885,2.5,1.68552751596,0.749331926886,2.5,0.227679895862,0.155440414508,30,0.016939582157,0.287498360226,23,23,23,1,0,0.478260869565,0.173913043478,0.347826086957,23,79,0.156126482213,1.68552751596,6.86956521739,6.58333333333,5.26666666667,3.23762465995,0.471299792272,0.25701706109,4.73695420897,1.37911325071,0.671436433682,3.02754156126,0.881436150746,0.472206934507,0.749331926886,0.444568195885,2.5,1.68552751596,0.749331926886,2.5,0.227679895862,0.155440414508,30,0.016939582157,0.287498360226,23,23,23,1,0,0.478260869565,0.173913043478,0.347826086957,-9,-0.0177865612648,0.000451722190853,-0.782608695652,-0.75,-0.233333333333,-0.400665343634,-0.00415856046979,0.00751113223595,-0.585828504075,-0.0120685947422,-0.00148846750388,-0.242879233368,0.0266670794234,0.0295191874719,0.000140622527028,-3.57246793425e-05,0,0.000451722190853,0.000140622527028,0,-0.0317667181304,-0.0333420752323,-16,-0.00903444381705,-0.045646272919,0,-0.0434782608696,0.0434782608696,79,0,9,418,0.897727272727,1,0,0.102272727273,1,0.897727272727,0.946107784431,0.937446329455,0.897727272727,0.897727272727,0,9,0,10,8,10
1262,WLNM_dir_neg_kfold,0.79012345679,0.361375661376,00:00:01,10,90,1,20346,threshold_sweep,0.2,0,0,0,0,0,9,18,0,1,0,1,0,0,0,0.666666666667,0.666666666667,0,0,0,94,85,9,0,94,0,85,0,9,23,88,0.173913043478,1.68507579377,7.65217391304,7.33333333333,5.5,3.63829000359,0.475458352741,0.249505928854,5.32278271304,1.39118184545,0.672924901186,3.27042079462,0.854769071322,0.442687747036,0.749191304359,0.444603920564,2.5,1.68507579377,0.749191304359,2.5,0.259446613992,0.18878248974,46,0.025974025974,0.333144633145,23,23,23,1,0,0.478260869565,0.217391304348,0.304347826087,23,0.156126482213,1.68552751596,6.86956521739,6.58333333333,5.26666666667,3.23762465995,0.471299792272,0.25701706109,4.73695420897,1.37911325071,0.671436433682,3.02754156126,0.881436150746,0.472206934507,0.749331926886,0.444568195885,2.5,1.68552751596,0.749331926886,2.5,0.227679895862,0.155440414508,30,0.016939582157,0.287498360226,23,23,23,1,0,0.478260869565,0.173913043478,0.347826086957,23,79,0.156126482213,1.68552751596,6.86956521739,6.58333333333,5.26666666667,3.23762465995,0.471299792272,0.25701706109,4.73695420897,1.37911325071,0.671436433682,3.02754156126,0.881436150746,0.472206934507,0.749331926886,0.444568195885,2.5,1.68552751596,0.749331926886,2.5,0.227679895862,0.155440414508,30,0.016939582157,0.287498360226,23,23,23,1,0,0.478260869565,0.173913043478,0.347826086957,-9,-0.0177865612648,0.000451722190853,-0.782608695652,-0.75,-0.233333333333,-0.400665343634,-0.00415856046979,0.00751113223595,-0.585828504075,-0.0120685947422,-0.00148846750388,-0.242879233368,0.0266670794234,0.0295191874719,0.000140622527028,-3.57246793425e-05,0,0.000451722190853,0.000140622527028,0,-0.0317667181304,-0.0333420752323,-16,-0.00903444381705,-0.045646272919,0,-0.0434782608696,0.0434782608696,79,0,9,418,0.897727272727,1,0,0.102272727273,1,0.897727272727,0.946107784431,0.937446329455,0.897727272727,0.897727272727,0,9,0,10,8,10
1263,WLNM_dir_neg_kfold,0.79012345679,0.361375661376,00:00:01,10,90,1,20346,threshold_sweep,0.3,0,0,0,0,0,9,18,0,1,0,1,0,0,0,0.666666666667,0.666666666667,0,0,0,94,85,9,0,94,0,85,0,9,23,88,0.173913043478,1.68507579377,7.65217391304,7.33333333333,5.5,3.63829000359,0.475458352741,0.249505928854,5.32278271304,1.39118184545,0.672924901186,3.27042079462,0.854769071322,0.442687747036,0.749191304359,0.444603920564,2.5,1.68507579377,0.749191304359,2.5,0.259446613992,0.18878248974,46,0.025974025974,0.333144633145,23,23,23,1,0,0.478260869565,0.217391304348,0.304347826087,23,0.156126482213,1.68552751596,6.86956521739,6.58333333333,5.26666666667,3.23762465995,0.471299792272,0.25701706109,4.73695420897,1.37911325071,0.671436433682,3.02754156126,0.881436150746,0.472206934507,0.749331926886,0.444568195885,2.5,1.68552751596,0.749331926886,2.5,0.227679895862,0.155440414508,30,0.016939582157,0.287498360226,23,23,23,1,0,0.478260869565,0.173913043478,0.347826086957,23,79,0.156126482213,1.68552751596,6.86956521739,6.58333333333,5.26666666667,3.23762465995,0.471299792272,0.25701706109,4.73695420897,1.37911325071,0.671436433682,3.02754156126,0.881436150746,0.472206934507,0.749331926886,0.444568195885,2.5,1.68552751596,0.749331926886,2.5,0.227679895862,0.155440414508,30,0.016939582157,0.287498360226,23,23,23,1,0,0.478260869565,0.173913043478,0.347826086957,-9,-0.0177865612648,0.000451722190853,-0.782608695652,-0.75,-0.233333333333,-0.400665343634,-0.00415856046979,0.00751113223595,-0.585828504075,-0.0120685947422,-0.00148846750388,-0.242879233368,0.0266670794234,0.0295191874719,0.000140622527028,-3.57246793425e-05,0,0.000451722190853,0.000140622527028,0,-0.0317667181304,-0.0333420752323,-16,-0.00903444381705,-0.045646272919,0,-0.0434782608696,0.0434782608696,79,0,9,418,0.897727272727,1,0,0.102272727273,1,0.897727272727,0.946107784431,0.937446329455,0.897727272727,0.897727272727,0,9,0,10,8,10
1264,WLNM_dir_neg_kfold,0.79012345679,0.361375661376,00:00:01,10,90,1,20346,threshold_sweep,0.4,0,0,0,0,0,9,18,0,1,0,1,0,0,0,0.666666666667,0.666666666667,0,0,0,94,85,9,0,94,0,85,0,9,23,88,0.173913043478,1.68507579377,7.65217391304,7.33333333333,5.5,3.63829000359,0.475458352741,0.249505928854,5.32278271304,1.39118184545,0.672924901186,3.27042079462,0.854769071322,0.442687747036,0.749191304359,0.444603920564,2.5,1.68507579377,0.749191304359,2.5,0.259446613992,0.18878248974,46,0.025974025974,0.333144633145,23,23,23,1,0,0.478260869565,0.217391304348,0.304347826087,23,0.156126482213,1.68552751596,6.86956521739,6.58333333333,5.26666666667,3.23762465995,0.471299792272,0.25701706109,4.73695420897,1.37911325071,0.671436433682,3.02754156126,0.881436150746,0.472206934507,0.749331926886,0.444568195885,2.5,1.68552751596,0.749331926886,2.5,0.227679895862,0.155440414508,30,0.016939582157,0.287498360226,23,23,23,1,0,0.478260869565,0.173913043478,0.347826086957,23,79,0.156126482213,1.68552751596,6.86956521739,6.58333333333,5.26666666667,3.23762465995,0.471299792272,0.25701706109,4.73695420897,1.37911325071,0.671436433682,3.02754156126,0.881436150746,0.472206934507,0.749331926886,0.444568195885,2.5,1.68552751596,0.749331926886,2.5,0.227679895862,0.155440414508,30,0.016939582157,0.287498360226,23,23,23,1,0,0.478260869565,0.173913043478,0.347826086957,-9,-0.0177865612648,0.000451722190853,-0.782608695652,-0.75,-0.233333333333,-0.400665343634,-0.00415856046979,0.00751113223595,-0.585828504075,-0.0120685947422,-0.00148846750388,-0.242879233368,0.0266670794234,0.0295191874719,0.000140622527028,-3.57246793425e-05,0,0.000451722190853,0.000140622527028,0,-0.0317667181304,-0.0333420752323,-16,-0.00903444381705,-0.045646272919,0,-0.0434782608696,0.0434782608696,79,0,9,418,0.897727272727,1,0,0.102272727273,1,0.897727272727,0.946107784431,0.937446329455,0.897727272727,0.897727272727,0,9,0,10,8,10
1265,WLNM_dir_neg_kfold,0.79012345679,0.361375661376,00:00:01,10,90,1,20346,threshold_sweep,0.5,0,0,0,0,0,9,18,0,1,0,1,0,0,0,0.666666666667,0.666666666667,0,0,0,94,85,9,0,94,0,85,0,9,23,88,0.173913043478,1.68507579377,7.65217391304,7.33333333333,5.5,3.63829000359,0.475458352741,0.249505928854,5.32278271304,1.39118184545,0.672924901186,3.27042079462,0.854769071322,0.442687747036,0.749191304359,0.444603920564,2.5,1.68507579377,0.749191304359,2.5,0.259446613992,0.18878248974,46,0.025974025974,0.333144633145,23,23,23,1,0,0.478260869565,0.217391304348,0.304347826087,23,0.156126482213,1.68552751596,6.86956521739,6.58333333333,5.26666666667,3.23762465995,0.471299792272,0.25701706109,4.73695420897,1.37911325071,0.671436433682,3.02754156126,0.881436150746,0.472206934507,0.749331926886,0.444568195885,2.5,1.68552751596,0.749331926886,2.5,0.227679895862,0.155440414508,30,0.016939582157,0.287498360226,23,23,23,1,0,0.478260869565,0.173913043478,0.347826086957,23,79,0.156126482213,1.68552751596,6.86956521739,6.58333333333,5.26666666667,3.23762465995,0.471299792272,0.25701706109,4.73695420897,1.37911325071,0.671436433682,3.02754156126,0.881436150746,0.472206934507,0.749331926886,0.444568195885,2.5,1.68552751596,0.749331926886,2.5,0.227679895862,0.155440414508,30,0.016939582157,0.287498360226,23,23,23,1,0,0.478260869565,0.173913043478,0.347826086957,-9,-0.0177865612648,0.000451722190853,-0.782608695652,-0.75,-0.233333333333,-0.400665343634,-0.00415856046979,0.00751113223595,-0.585828504075,-0.0120685947422,-0.00148846750388,-0.242879233368,0.0266670794234,0.0295191874719,0.000140622527028,-3.57246793425e-05,0,0.000451722190853,0.000140622527028,0,-0.0317667181304,-0.0333420752323,-16,-0.00903444381705,-0.045646272919,0,-0.0434782608696,0.0434782608696,79,0,9,418,0.897727272727,1,0,0.102272727273,1,0.897727272727,0.946107784431,0.937446329455,0.897727272727,0.897727272727,0,9,0,10,8,10
1266,WLNM_dir_neg_kfold,0.79012345679,0.361375661376,00:00:01,10,90,1,20346,threshold_sweep,0.6,0,0,0,0,0,9,18,0,1,0,1,0,0,0,0.666666666667,0.666666666667,0,0,0,94,85,9,0,94,0,85,0,9,23,88,0.173913043478,1.68507579377,7.65217391304,7.33333333333,5.5,3.63829000359,0.475458352741,0.249505928854,5.32278271304,1.39118184545,0.672924901186,3.27042079462,0.854769071322,0.442687747036,0.749191304359,0.444603920564,2.5,1.68507579377,0.749191304359,2.5,0.259446613992,0.18878248974,46,0.025974025974,0.333144633145,23,23,23,1,0,0.478260869565,0.217391304348,0.304347826087,23,0.156126482213,1.68552751596,6.86956521739,6.58333333333,5.26666666667,3.23762465995,0.471299792272,0.25701706109,4.73695420897,1.37911325071,0.671436433682,3.02754156126,0.881436150746,0.472206934507,0.749331926886,0.444568195885,2.5,1.68552751596,0.749331926886,2.5,0.227679895862,0.155440414508,30,0.016939582157,0.287498360226,23,23,23,1,0,0.478260869565,0.173913043478,0.347826086957,23,79,0.156126482213,1.68552751596,6.86956521739,6.58333333333,5.26666666667,3.23762465995,0.471299792272,0.25701706109,4.73695420897,1.37911325071,0.671436433682,3.02754156126,0.881436150746,0.472206934507,0.749331926886,0.444568195885,2.5,1.68552751596,0.749331926886,2.5,0.227679895862,0.155440414508,30,0.016939582157,0.287498360226,23,23,23,1,0,0.478260869565,0.173913043478,0.347826086957,-9,-0.0177865612648,0.000451722190853,-0.782608695652,-0.75,-0.233333333333,-0.400665343634,-0.00415856046979,0.00751113223595,-0.585828504075,-0.0120685947422,-0.00148846750388,-0.242879233368,0.0266670794234,0.0295191874719,0.000140622527028,-3.57246793425e-05,0,0.000451722190853,0.000140622527028,0,-0.0317667181304,-0.0333420752323,-16,-0.00903444381705,-0.045646272919,0,-0.0434782608696,0.0434782608696,79,0,9,418,0.897727272727,1,0,0.102272727273,1,0.897727272727,0.946107784431,0.937446329455,0.897727272727,0.897727272727,0,9,0,10,8,10
1267,WLNM_dir_neg_kfold,0.79012345679,0.361375661376,00:00:01,10,90,1,20346,threshold_sweep,0.7,0,0,0,0,0,9,18,0,1,0,1,0,0,0,0.666666666667,0.666666666667,0,0,0,94,85,9,0,94,0,85,0,9,23,88,0.173913043478,1.68507579377,7.65217391304,7.33333333333,5.5,3.63829000359,0.475458352741,0.249505928854,5.32278271304,1.39118184545,0.672924901186,3.27042079462,0.854769071322,0.442687747036,0.749191304359,0.444603920564,2.5,1.68507579377,0.749191304359,2.5,0.259446613992,0.18878248974,46,0.025974025974,0.333144633145,23,23,23,1,0,0.478260869565,0.217391304348,0.304347826087,23,0.156126482213,1.68552751596,6.86956521739,6.58333333333,5.26666666667,3.23762465995,0.471299792272,0.25701706109,4.73695420897,1.37911325071,0.671436433682,3.02754156126,0.881436150746,0.472206934507,0.749331926886,0.444568195885,2.5,1.68552751596,0.749331926886,2.5,0.227679895862,0.155440414508,30,0.016939582157,0.287498360226,23,23,23,1,0,0.478260869565,0.173913043478,0.347826086957,23,79,0.156126482213,1.68552751596,6.86956521739,6.58333333333,5.26666666667,3.23762465995,0.471299792272,0.25701706109,4.73695420897,1.37911325071,0.671436433682,3.02754156126,0.881436150746,0.472206934507,0.749331926886,0.444568195885,2.5,1.68552751596,0.749331926886,2.5,0.227679895862,0.155440414508,30,0.016939582157,0.287498360226,23,23,23,1,0,0.478260869565,0.173913043478,0.347826086957,-9,-0.0177865612648,0.000451722190853,-0.782608695652,-0.75,-0.233333333333,-0.400665343634,-0.00415856046979,0.00751113223595,-0.585828504075,-0.0120685947422,-0.00148846750388,-0.242879233368,0.0266670794234,0.0295191874719,0.000140622527028,-3.57246793425e-05,0,0.000451722190853,0.000140622527028,0,-0.0317667181304,-0.0333420752323,-16,-0.00903444381705,-0.045646272919,0,-0.0434782608696,0.0434782608696,79,0,9,418,0.897727272727,1,0,0.102272727273,1,0.897727272727,0.946107784431,0.937446329455,0.897727272727,0.897727272727,0,9,0,10,8,10
1268,WLNM_dir_neg_kfold,0.79012345679,0.361375661376,00:00:01,10,90,1,20346,threshold_sweep,0.8,0,0,0,0,0,9,18,0,1,0,1,0,0,0,0.666666666667,0.666666666667,0,0,0,94,85,9,0,94,0,85,0,9,23,88,0.173913043478,1.68507579377,7.65217391304,7.33333333333,5.5,3.63829000359,0.475458352741,0.249505928854,5.32278271304,1.39118184545,0.672924901186,3.27042079462,0.854769071322,0.442687747036,0.749191304359,0.444603920564,2.5,1.68507579377,0.749191304359,2.5,0.259446613992,0.18878248974,46,0.025974025974,0.333144633145,23,23,23,1,0,0.478260869565,0.217391304348,0.304347826087,23,0.156126482213,1.68552751596,6.86956521739,6.58333333333,5.26666666667,3.23762465995,0.471299792272,0.25701706109,4.73695420897,1.37911325071,0.671436433682,3.02754156126,0.881436150746,0.472206934507,0.749331926886,0.444568195885,2.5,1.68552751596,0.749331926886,2.5,0.227679895862,0.155440414508,30,0.016939582157,0.287498360226,23,23,23,1,0,0.478260869565,0.173913043478,0.347826086957,23,79,0.156126482213,1.68552751596,6.86956521739,6.58333333333,5.26666666667,3.23762465995,0.471299792272,0.25701706109,4.73695420897,1.37911325071,0.671436433682,3.02754156126,0.881436150746,0.472206934507,0.749331926886,0.444568195885,2.5,1.68552751596,0.749331926886,2.5,0.227679895862,0.155440414508,30,0.016939582157,0.287498360226,23,23,23,1,0,0.478260869565,0.173913043478,0.347826086957,-9,-0.0177865612648,0.000451722190853,-0.782608695652,-0.75,-0.233333333333,-0.400665343634,-0.00415856046979,0.00751113223595,-0.585828504075,-0.0120685947422,-0.00148846750388,-0.242879233368,0.0266670794234,0.0295191874719,0.000140622527028,-3.57246793425e-05,0,0.000451722190853,0.000140622527028,0,-0.0317667181304,-0.0333420752323,-16,-0.00903444381705,-0.045646272919,0,-0.0434782608696,0.0434782608696,79,0,9,418,0.897727272727,1,0,0.102272727273,1,0.897727272727,0.946107784431,0.937446329455,0.897727272727,0.897727272727,0,9,0,10,8,10
1269,WLNM_dir_neg_kfold,0.79012345679,0.361375661376,00:00:01,10,90,1,20346,threshold_sweep,0.9,0,0,0,0,0,9,18,0,1,0,1,0,0,0,0.666666666667,0.666666666667,0,0,0,94,85,9,0,94,0,85,0,9,23,88,0.173913043478,1.68507579377,7.65217391304,7.33333333333,5.5,3.63829000359,0.475458352741,0.249505928854,5.32278271304,1.39118184545,0.672924901186,3.27042079462,0.854769071322,0.442687747036,0.749191304359,0.444603920564,2.5,1.68507579377,0.749191304359,2.5,0.259446613992,0.18878248974,46,0.025974025974,0.333144633145,23,23,23,1,0,0.478260869565,0.217391304348,0.304347826087,23,0.156126482213,1.68552751596,6.86956521739,6.58333333333,5.26666666667,3.23762465995,0.471299792272,0.25701706109,4.73695420897,1.37911325071,0.671436433682,3.02754156126,0.881436150746,0.472206934507,0.749331926886,0.444568195885,2.5,1.68552751596,0.749331926886,2.5,0.227679895862,0.155440414508,30,0.016939582157,0.287498360226,23,23,23,1,0,0.478260869565,0.173913043478,0.347826086957,23,79,0.156126482213,1.68552751596,6.86956521739,6.58333333333,5.26666666667,3.23762465995,0.471299792272,0.25701706109,4.73695420897,1.37911325071,0.671436433682,3.02754156126,0.881436150746,0.472206934507,0.749331926886,0.444568195885,2.5,1.68552751596,0.749331926886,2.5,0.227679895862,0.155440414508,30,0.016939582157,0.287498360226,23,23,23,1,0,0.478260869565,0.173913043478,0.347826086957,-9,-0.0177865612648,0.000451722190853,-0.782608695652,-0.75,-0.233333333333,-0.400665343634,-0.00415856046979,0.00751113223595,-0.585828504075,-0.0120685947422,-0.00148846750388,-0.242879233368,0.0266670794234,0.0295191874719,0.000140622527028,-3.57246793425e-05,0,0.000451722190853,0.000140622527028,0,-0.0317667181304,-0.0333420752323,-16,-0.00903444381705,-0.045646272919,0,-0.0434782608696,0.0434782608696,79,0,9,418,0.897727272727,1,0,0.102272727273,1,0.897727272727,0.946107784431,0.937446329455,0.897727272727,0.897727272727,0,9,0,10,8,10
1270,WLNM_dir_neg_kfold,0.808641975309,0.357175925926,00:00:01,10,90,2,20347,threshold_sweep,0.1,0,0,0,0,0,9,18,0,1,0,1,0,0,0,0.666666666667,0.666666666667,0,0,0,94,85,9,0,94,0,85,0,9,23,88,0.173913043478,1.68507579377,7.65217391304,7.33333333333,5.5,3.63829000359,0.475458352741,0.249505928854,5.32278271304,1.39118184545,0.672924901186,3.27042079462,0.854769071322,0.442687747036,0.749191304359,0.444603920564,2.5,1.68507579377,0.749191304359,2.5,0.259446613992,0.18878248974,46,0.025974025974,0.333144633145,23,23,23,1,0,0.478260869565,0.217391304348,0.304347826087,23,0.156126482213,1.68552751596,6.86956521739,6.58333333333,5.26666666667,3.23762465995,0.471299792272,0.25701706109,4.73695420897,1.37911325071,0.671436433682,3.02754156126,0.881436150746,0.472206934507,0.749331926886,0.444568195885,2.5,1.68552751596,0.749331926886,2.5,0.227679895862,0.155440414508,30,0.016939582157,0.287498360226,23,23,23,1,0,0.478260869565,0.173913043478,0.347826086957,23,79,0.156126482213,1.68552751596,6.86956521739,6.58333333333,5.26666666667,3.23762465995,0.471299792272,0.25701706109,4.73695420897,1.37911325071,0.671436433682,3.02754156126,0.881436150746,0.472206934507,0.749331926886,0.444568195885,2.5,1.68552751596,0.749331926886,2.5,0.227679895862,0.155440414508,30,0.016939582157,0.287498360226,23,23,23,1,0,0.478260869565,0.173913043478,0.347826086957,-9,-0.0177865612648,0.000451722190853,-0.782608695652,-0.75,-0.233333333333,-0.400665343634,-0.00415856046979,0.00751113223595,-0.585828504075,-0.0120685947422,-0.00148846750388,-0.242879233368,0.0266670794234,0.0295191874719,0.000140622527028,-3.57246793425e-05,0,0.000451722190853,0.000140622527028,0,-0.0317667181304,-0.0333420752323,-16,-0.00903444381705,-0.045646272919,0,-0.0434782608696,0.0434782608696,79,0,9,418,0.897727272727,1,0,0.102272727273,1,0.897727272727,0.946107784431,0.937446329455,0.897727272727,0.897727272727,0,9,0,10,8,10
1271,WLNM_dir_neg_kfold,0.808641975309,0.357175925926,00:00:01,10,90,2,20347,threshold_sweep,0.2,0,0,0,0,0,9,18,0,1,0,1,0,0,0,0.666666666667,0.666666666667,0,0,0,94,85,9,0,94,0,85,0,9,23,88,0.173913043478,1.68507579377,7.65217391304,7.33333333333,5.5,3.63829000359,0.475458352741,0.249505928854,5.32278271304,1.39118184545,0.672924901186,3.27042079462,0.854769071322,0.442687747036,0.749191304359,0.444603920564,2.5,1.68507579377,0.749191304359,2.5,0.259446613992,0.18878248974,46,0.025974025974,0.333144633145,23,23,23,1,0,0.478260869565,0.217391304348,0.304347826087,23,0.156126482213,1.68552751596,6.86956521739,6.58333333333,5.26666666667,3.23762465995,0.471299792272,0.25701706109,4.73695420897,1.37911325071,0.671436433682,3.02754156126,0.881436150746,0.472206934507,0.749331926886,0.444568195885,2.5,1.68552751596,0.749331926886,2.5,0.227679895862,0.155440414508,30,0.016939582157,0.287498360226,23,23,23,1,0,0.478260869565,0.173913043478,0.347826086957,23,79,0.156126482213,1.68552751596,6.86956521739,6.58333333333,5.26666666667,3.23762465995,0.471299792272,0.25701706109,4.73695420897,1.37911325071,0.671436433682,3.02754156126,0.881436150746,0.472206934507,0.749331926886,0.444568195885,2.5,1.68552751596,0.749331926886,2.5,0.227679895862,0.155440414508,30,0.016939582157,0.287498360226,23,23,23,1,0,0.478260869565,0.173913043478,0.347826086957,-9,-0.0177865612648,0.000451722190853,-0.782608695652,-0.75,-0.233333333333,-0.400665343634,-0.00415856046979,0.00751113223595,-0.585828504075,-0.0120685947422,-0.00148846750388,-0.242879233368,0.0266670794234,0.0295191874719,0.000140622527028,-3.57246793425e-05,0,0.000451722190853,0.000140622527028,0,-0.0317667181304,-0.0333420752323,-16,-0.00903444381705,-0.045646272919,0,-0.0434782608696,0.0434782608696,79,0,9,418,0.897727272727,1,0,0.102272727273,1,0.897727272727,0.946107784431,0.937446329455,0.897727272727,0.897727272727,0,9,0,10,8,10
1272,WLNM_dir_neg_kfold,0.808641975309,0.357175925926,00:00:01,10,90,2,20347,threshold_sweep,0.3,0,0,0,0,0,9,18,0,1,0,1,0,0,0,0.666666666667,0.666666666667,0,0,0,94,85,9,0,94,0,85,0,9,23,88,0.173913043478,1.68507579377,7.65217391304,7.33333333333,5.5,3.63829000359,0.475458352741,0.249505928854,5.32278271304,1.39118184545,0.672924901186,3.27042079462,0.854769071322,0.442687747036,0.749191304359,0.444603920564,2.5,1.68507579377,0.749191304359,2.5,0.259446613992,0.18878248974,46,0.025974025974,0.333144633145,23,23,23,1,0,0.478260869565,0.217391304348,0.304347826087,23,0.156126482213,1.68552751596,6.86956521739,6.58333333333,5.26666666667,3.23762465995,0.471299792272,0.25701706109,4.73695420897,1.37911325071,0.671436433682,3.02754156126,0.881436150746,0.472206934507,0.749331926886,0.444568195885,2.5,1.68552751596,0.749331926886,2.5,0.227679895862,0.155440414508,30,0.016939582157,0.287498360226,23,23,23,1,0,0.478260869565,0.173913043478,0.347826086957,23,79,0.156126482213,1.68552751596,6.86956521739,6.58333333333,5.26666666667,3.23762465995,0.471299792272,0.25701706109,4.73695420897,1.37911325071,0.671436433682,3.02754156126,0.881436150746,0.472206934507,0.749331926886,0.444568195885,2.5,1.68552751596,0.749331926886,2.5,0.227679895862,0.155440414508,30,0.016939582157,0.287498360226,23,23,23,1,0,0.478260869565,0.173913043478,0.347826086957,-9,-0.0177865612648,0.000451722190853,-0.782608695652,-0.75,-0.233333333333,-0.400665343634,-0.00415856046979,0.00751113223595,-0.585828504075,-0.0120685947422,-0.00148846750388,-0.242879233368,0.0266670794234,0.0295191874719,0.000140622527028,-3.57246793425e-05,0,0.000451722190853,0.000140622527028,0,-0.0317667181304,-0.0333420752323,-16,-0.00903444381705,-0.045646272919,0,-0.0434782608696,0.0434782608696,79,0,9,418,0.897727272727,1,0,0.102272727273,1,0.897727272727,0.946107784431,0.937446329455,0.897727272727,0.897727272727,0,9,0,10,8,10
1273,WLNM_dir_neg_kfold,0.808641975309,0.357175925926,00:00:01,10,90,2,20347,threshold_sweep,0.4,0,0,0,0,0,9,18,0,1,0,1,0,0,0,0.666666666667,0.666666666667,0,0,0,94,85,9,0,94,0,85,0,9,23,88,0.173913043478,1.68507579377,7.65217391304,7.33333333333,5.5,3.63829000359,0.475458352741,0.249505928854,5.32278271304,1.39118184545,0.672924901186,3.27042079462,0.854769071322,0.442687747036,0.749191304359,0.444603920564,2.5,1.68507579377,0.749191304359,2.5,0.259446613992,0.18878248974,46,0.025974025974,0.333144633145,23,23,23,1,0,0.478260869565,0.217391304348,0.304347826087,23,0.156126482213,1.68552751596,6.86956521739,6.58333333333,5.26666666667,3.23762465995,0.471299792272,0.25701706109,4.73695420897,1.37911325071,0.671436433682,3.02754156126,0.881436150746,0.472206934507,0.749331926886,0.444568195885,2.5,1.68552751596,0.749331926886,2.5,0.227679895862,0.155440414508,30,0.016939582157,0.287498360226,23,23,23,1,0,0.478260869565,0.173913043478,0.347826086957,23,79,0.156126482213,1.68552751596,6.86956521739,6.58333333333,5.26666666667,3.23762465995,0.471299792272,0.25701706109,4.73695420897,1.37911325071,0.671436433682,3.02754156126,0.881436150746,0.472206934507,0.749331926886,0.444568195885,2.5,1.68552751596,0.749331926886,2.5,0.227679895862,0.155440414508,30,0.016939582157,0.287498360226,23,23,23,1,0,0.478260869565,0.173913043478,0.347826086957,-9,-0.0177865612648,0.000451722190853,-0.782608695652,-0.75,-0.233333333333,-0.400665343634,-0.00415856046979,0.00751113223595,-0.585828504075,-0.0120685947422,-0.00148846750388,-0.242879233368,0.0266670794234,0.0295191874719,0.000140622527028,-3.57246793425e-05,0,0.000451722190853,0.000140622527028,0,-0.0317667181304,-0.0333420752323,-16,-0.00903444381705,-0.045646272919,0,-0.0434782608696,0.0434782608696,79,0,9,418,0.897727272727,1,0,0.102272727273,1,0.897727272727,0.946107784431,0.937446329455,0.897727272727,0.897727272727,0,9,0,10,8,10
1274,WLNM_dir_neg_kfold,0.808641975309,0.357175925926,00:00:01,10,90,2,20347,threshold_sweep,0.5,0,0,0,0,0,9,18,0,1,0,1,0,0,0,0.666666666667,0.666666666667,0,0,0,94,85,9,0,94,0,85,0,9,23,88,0.173913043478,1.68507579377,7.65217391304,7.33333333333,5.5,3.63829000359,0.475458352741,0.249505928854,5.32278271304,1.39118184545,0.672924901186,3.27042079462,0.854769071322,0.442687747036,0.749191304359,0.444603920564,2.5,1.68507579377,0.749191304359,2.5,0.259446613992,0.18878248974,46,0.025974025974,0.333144633145,23,23,23,1,0,0.478260869565,0.217391304348,0.304347826087,23,0.156126482213,1.68552751596,6.86956521739,6.58333333333,5.26666666667,3.23762465995,0.471299792272,0.25701706109,4.73695420897,1.37911325071,0.671436433682,3.02754156126,0.881436150746,0.472206934507,0.749331926886,0.444568195885,2.5,1.68552751596,0.749331926886,2.5,0.227679895862,0.155440414508,30,0.016939582157,0.287498360226,23,23,23,1,0,0.478260869565,0.173913043478,0.347826086957,23,79,0.156126482213,1.68552751596,6.86956521739,6.58333333333,5.26666666667,3.23762465995,0.471299792272,0.25701706109,4.73695420897,1.37911325071,0.671436433682,3.02754156126,0.881436150746,0.472206934507,0.749331926886,0.444568195885,2.5,1.68552751596,0.749331926886,2.5,0.227679895862,0.155440414508,30,0.016939582157,0.287498360226,23,23,23,1,0,0.478260869565,0.173913043478,0.347826086957,-9,-0.0177865612648,0.000451722190853,-0.782608695652,-0.75,-0.233333333333,-0.400665343634,-0.00415856046979,0.00751113223595,-0.585828504075,-0.0120685947422,-0.00148846750388,-0.242879233368,0.0266670794234,0.0295191874719,0.000140622527028,-3.57246793425e-05,0,0.000451722190853,0.000140622527028,0,-0.0317667181304,-0.0333420752323,-16,-0.00903444381705,-0.045646272919,0,-0.0434782608696,0.0434782608696,79,0,9,418,0.897727272727,1,0,0.102272727273,1,0.897727272727,0.946107784431,0.937446329455,0.897727272727,0.897727272727,0,9,0,10,8,10
1275,WLNM_dir_neg_kfold,0.808641975309,0.357175925926,00:00:01,10,90,2,20347,threshold_sweep,0.6,0,0,0,0,0,9,18,0,1,0,1,0,0,0,0.666666666667,0.666666666667,0,0,0,94,85,9,0,94,0,85,0,9,23,88,0.173913043478,1.68507579377,7.65217391304,7.33333333333,5.5,3.63829000359,0.475458352741,0.249505928854,5.32278271304,1.39118184545,0.672924901186,3.27042079462,0.854769071322,0.442687747036,0.749191304359,0.444603920564,2.5,1.68507579377,0.749191304359,2.5,0.259446613992,0.18878248974,46,0.025974025974,0.333144633145,23,23,23,1,0,0.478260869565,0.217391304348,0.304347826087,23,0.156126482213,1.68552751596,6.86956521739,6.58333333333,5.26666666667,3.23762465995,0.471299792272,0.25701706109,4.73695420897,1.37911325071,0.671436433682,3.02754156126,0.881436150746,0.472206934507,0.749331926886,0.444568195885,2.5,1.68552751596,0.749331926886,2.5,0.227679895862,0.155440414508,30,0.016939582157,0.287498360226,23,23,23,1,0,0.478260869565,0.173913043478,0.347826086957,23,79,0.156126482213,1.68552751596,6.86956521739,6.58333333333,5.26666666667,3.23762465995,0.471299792272,0.25701706109,4.73695420897,1.37911325071,0.671436433682,3.02754156126,0.881436150746,0.472206934507,0.749331926886,0.444568195885,2.5,1.68552751596,0.749331926886,2.5,0.227679895862,0.155440414508,30,0.016939582157,0.287498360226,23,23,23,1,0,0.478260869565,0.173913043478,0.347826086957,-9,-0.0177865612648,0.000451722190853,-0.782608695652,-0.75,-0.233333333333,-0.400665343634,-0.00415856046979,0.00751113223595,-0.585828504075,-0.0120685947422,-0.00148846750388,-0.242879233368,0.0266670794234,0.0295191874719,0.000140622527028,-3.57246793425e-05,0,0.000451722190853,0.000140622527028,0,-0.0317667181304,-0.0333420752323,-16,-0.00903444381705,-0.045646272919,0,-0.0434782608696,0.0434782608696,79,0,9,418,0.897727272727,1,0,0.102272727273,1,0.897727272727,0.946107784431,0.937446329455,0.897727272727,0.897727272727,0,9,0,10,8,10
1276,WLNM_dir_neg_kfold,0.808641975309,0.357175925926,00:00:01,10,90,2,20347,threshold_sweep,0.7,0,0,0,0,0,9,18,0,1,0,1,0,0,0,0.666666666667,0.666666666667,0,0,0,94,85,9,0,94,0,85,0,9,23,88,0.173913043478,1.68507579377,7.65217391304,7.33333333333,5.5,3.63829000359,0.475458352741,0.249505928854,5.32278271304,1.39118184545,0.672924901186,3.27042079462,0.854769071322,0.442687747036,0.749191304359,0.444603920564,2.5,1.68507579377,0.749191304359,2.5,0.259446613992,0.18878248974,46,0.025974025974,0.333144633145,23,23,23,1,0,0.478260869565,0.217391304348,0.304347826087,23,0.156126482213,1.68552751596,6.86956521739,6.58333333333,5.26666666667,3.23762465995,0.471299792272,0.25701706109,4.73695420897,1.37911325071,0.671436433682,3.02754156126,0.881436150746,0.472206934507,0.749331926886,0.444568195885,2.5,1.68552751596,0.749331926886,2.5,0.227679895862,0.155440414508,30,0.016939582157,0.287498360226,23,23,23,1,0,0.478260869565,0.173913043478,0.347826086957,23,79,0.156126482213,1.68552751596,6.86956521739,6.58333333333,5.26666666667,3.23762465995,0.471299792272,0.25701706109,4.73695420897,1.37911325071,0.671436433682,3.02754156126,0.881436150746,0.472206934507,0.749331926886,0.444568195885,2.5,1.68552751596,0.749331926886,2.5,0.227679895862,0.155440414508,30,0.016939582157,0.287498360226,23,23,23,1,0,0.478260869565,0.173913043478,0.347826086957,-9,-0.0177865612648,0.000451722190853,-0.782608695652,-0.75,-0.233333333333,-0.400665343634,-0.00415856046979,0.00751113223595,-0.585828504075,-0.0120685947422,-0.00148846750388,-0.242879233368,0.0266670794234,0.0295191874719,0.000140622527028,-3.57246793425e-05,0,0.000451722190853,0.000140622527028,0,-0.0317667181304,-0.0333420752323,-16,-0.00903444381705,-0.045646272919,0,-0.0434782608696,0.0434782608696,79,0,9,418,0.897727272727,1,0,0.102272727273,1,0.897727272727,0.946107784431,0.937446329455,0.897727272727,0.897727272727,0,9,0,10,8,10
1277,WLNM_dir_neg_kfold,0.808641975309,0.357175925926,00:00:01,10,90,2,20347,threshold_sweep,0.8,0,0,0,0,0,9,18,0,1,0,1,0,0,0,0.666666666667,0.666666666667,0,0,0,94,85,9,0,94,0,85,0,9,23,88,0.173913043478,1.68507579377,7.65217391304,7.33333333333,5.5,3.63829000359,0.475458352741,0.249505928854,5.32278271304,1.39118184545,0.672924901186,3.27042079462,0.854769071322,0.442687747036,0.749191304359,0.444603920564,2.5,1.68507579377,0.749191304359,2.5,0.259446613992,0.18878248974,46,0.025974025974,0.333144633145,23,23,23,1,0,0.478260869565,0.217391304348,0.304347826087,23,0.156126482213,1.68552751596,6.86956521739,6.58333333333,5.26666666667,3.23762465995,0.471299792272,0.25701706109,4.73695420897,1.37911325071,0.671436433682,3.02754156126,0.881436150746,0.472206934507,0.749331926886,0.444568195885,2.5,1.68552751596,0.749331926886,2.5,0.227679895862,0.155440414508,30,0.016939582157,0.287498360226,23,23,23,1,0,0.478260869565,0.173913043478,0.347826086957,23,79,0.156126482213,1.68552751596,6.86956521739,6.58333333333,5.26666666667,3.23762465995,0.471299792272,0.25701706109,4.73695420897,1.37911325071,0.671436433682,3.02754156126,0.881436150746,0.472206934507,0.749331926886,0.444568195885,2.5,1.68552751596,0.749331926886,2.5,0.227679895862,0.155440414508,30,0.016939582157,0.287498360226,23,23,23,1,0,0.478260869565,0.173913043478,0.347826086957,-9,-0.0177865612648,0.000451722190853,-0.782608695652,-0.75,-0.233333333333,-0.400665343634,-0.00415856046979,0.00751113223595,-0.585828504075,-0.0120685947422,-0.00148846750388,-0.242879233368,0.0266670794234,0.0295191874719,0.000140622527028,-3.57246793425e-05,0,0.000451722190853,0.000140622527028,0,-0.0317667181304,-0.0333420752323,-16,-0.00903444381705,-0.045646272919,0,-0.0434782608696,0.0434782608696,79,0,9,418,0.897727272727,1,0,0.102272727273,1,0.897727272727,0.946107784431,0.937446329455,0.897727272727,0.897727272727,0,9,0,10,8,10
1278,WLNM_dir_neg_kfold,0.808641975309,0.357175925926,00:00:01,10,90,2,20347,threshold_sweep,0.9,0,0,0,0,0,9,18,0,1,0,1,0,0,0,0.666666666667,0.666666666667,0,0,0,94,85,9,0,94,0,85,0,9,23,88,0.173913043478,1.68507579377,7.65217391304,7.33333333333,5.5,3.63829000359,0.475458352741,0.249505928854,5.32278271304,1.39118184545,0.672924901186,3.27042079462,0.854769071322,0.442687747036,0.749191304359,0.444603920564,2.5,1.68507579377,0.749191304359,2.5,0.259446613992,0.18878248974,46,0.025974025974,0.333144633145,23,23,23,1,0,0.478260869565,0.217391304348,0.304347826087,23,0.156126482213,1.68552751596,6.86956521739,6.58333333333,5.26666666667,3.23762465995,0.471299792272,0.25701706109,4.73695420897,1.37911325071,0.671436433682,3.02754156126,0.881436150746,0.472206934507,0.749331926886,0.444568195885,2.5,1.68552751596,0.749331926886,2.5,0.227679895862,0.155440414508,30,0.016939582157,0.287498360226,23,23,23,1,0,0.478260869565,0.173913043478,0.347826086957,23,79,0.156126482213,1.68552751596,6.86956521739,6.58333333333,5.26666666667,3.23762465995,0.471299792272,0.25701706109,4.73695420897,1.37911325071,0.671436433682,3.02754156126,0.881436150746,0.472206934507,0.749331926886,0.444568195885,2.5,1.68552751596,0.749331926886,2.5,0.227679895862,0.155440414508,30,0.016939582157,0.287498360226,23,23,23,1,0,0.478260869565,0.173913043478,0.347826086957,-9,-0.0177865612648,0.000451722190853,-0.782608695652,-0.75,-0.233333333333,-0.400665343634,-0.00415856046979,0.00751113223595,-0.585828504075,-0.0120685947422,-0.00148846750388,-0.242879233368,0.0266670794234,0.0295191874719,0.000140622527028,-3.57246793425e-05,0,0.000451722190853,0.000140622527028,0,-0.0317667181304,-0.0333420752323,-16,-0.00903444381705,-0.045646272919,0,-0.0434782608696,0.0434782608696,79,0,9,418,0.897727272727,1,0,0.102272727273,1,0.897727272727,0.946107784431,0.937446329455,0.897727272727,0.897727272727,0,9,0,10,8,10
1279,WLNM_dir_neg_kfold,0.901234567901,0.555555555556,00:00:01,10,90,3,20348,threshold_sweep,0.1,1,0.111111111111,0.2,1,0,8,18,0.111111111111,1,0,0.888888888889,1,0.111111111111,0.2,0.703703703704,0.654320987654,0.142857142857,0.277350098113,0.111111111111,94,85,9,0,94,0,85,0,9,23,88,0.173913043478,1.68507579377,7.65217391304,7.33333333333,5.5,3.63829000359,0.475458352741,0.249505928854,5.32278271304,1.39118184545,0.672924901186,3.27042079462,0.854769071322,0.442687747036,0.749191304359,0.444603920564,2.5,1.68507579377,0.749191304359,2.5,0.259446613992,0.18878248974,46,0.025974025974,0.333144633145,23,23,23,1,0,0.478260869565,0.217391304348,0.304347826087,23,0.156126482213,1.68552751596,6.86956521739,6.58333333333,5.26666666667,3.23762465995,0.471299792272,0.25701706109,4.73695420897,1.37911325071,0.671436433682,3.02754156126,0.881436150746,0.472206934507,0.749331926886,0.444568195885,2.5,1.68552751596,0.749331926886,2.5,0.227679895862,0.155440414508,30,0.016939582157,0.287498360226,23,23,23,1,0,0.478260869565,0.173913043478,0.347826086957,23,80,0.158102766798,1.68808582722,6.95652173913,6.66666666667,5,3.35041735351,0.481622494567,0.2625,4.83236781052,1.38930574552,0.675,2.98282302552,0.857561619837,0.461956521739,0.751181536813,0.444990133026,2.5,1.68808582722,0.751181536813,2.5,0.261623729806,0.19,38,0.0214568040655,0.283091655819,23,23,23,1,0,0.478260869565,0.217391304348,0.304347826087,-8,-0.0158102766798,0.00301003344482,-0.695652173913,-0.666666666667,-0.5,-0.287872650078,0.00616414182536,0.0129940711462,-0.490414902526,-0.00187609993079,0.00207509881423,-0.287597769103,0.00279254851508,0.0192687747036,0.00199023245413,0.000386212462081,0,0.00301003344482,0.00199023245413,0,0.00217711581348,0.00121751025992,-8,-0.00451722190853,-0.0500529773257,0,0,0,80,0,8,418,0.909090909091,1,0,0.0909090909091,1,0.909090909091,0.952380952381,0.944467458064,0.909090909091,0.909090909091,1,9,0,10,8,10
1280,WLNM_dir_neg_kfold,0.901234567901,0.555555555556,00:00:01,10,90,3,20348,threshold_sweep,0.2,1,0.111111111111,0.2,1,0,8,18,0.111111111111,1,0,0.888888888889,1,0.111111111111,0.2,0.703703703704,0.654320987654,0.142857142857,0.277350098113,0.111111111111,94,85,9,0,94,0,85,0,9,23,88,0.173913043478,1.68507579377,7.65217391304,7.33333333333,5.5,3.63829000359,0.475458352741,0.249505928854,5.32278271304,1.39118184545,0.672924901186,3.27042079462,0.854769071322,0.442687747036,0.749191304359,0.444603920564,2.5,1.68507579377,0.749191304359,2.5,0.259446613992,0.18878248974,46,0.025974025974,0.333144633145,23,23,23,1,0,0.478260869565,0.217391304348,0.304347826087,23,0.156126482213,1.68552751596,6.86956521739,6.58333333333,5.26666666667,3.23762465995,0.471299792272,0.25701706109,4.73695420897,1.37911325071,0.671436433682,3.02754156126,0.881436150746,0.472206934507,0.749331926886,0.444568195885,2.5,1.68552751596,0.749331926886,2.5,0.227679895862,0.155440414508,30,0.016939582157,0.287498360226,23,23,23,1,0,0.478260869565,0.173913043478,0.347826086957,23,80,0.158102766798,1.68808582722,6.95652173913,6.66666666667,5,3.35041735351,0.481622494567,0.2625,4.83236781052,1.38930574552,0.675,2.98282302552,0.857561619837,0.461956521739,0.751181536813,0.444990133026,2.5,1.68808582722,0.751181536813,2.5,0.261623729806,0.19,38,0.0214568040655,0.283091655819,23,23,23,1,0,0.478260869565,0.217391304348,0.304347826087,-8,-0.0158102766798,0.00301003344482,-0.695652173913,-0.666666666667,-0.5,-0.287872650078,0.00616414182536,0.0129940711462,-0.490414902526,-0.00187609993079,0.00207509881423,-0.287597769103,0.00279254851508,0.0192687747036,0.00199023245413,0.000386212462081,0,0.00301003344482,0.00199023245413,0,0.00217711581348,0.00121751025992,-8,-0.00451722190853,-0.0500529773257,0,0,0,80,0,8,418,0.909090909091,1,0,0.0909090909091,1,0.909090909091,0.952380952381,0.944467458064,0.909090909091,0.909090909091,1,9,0,10,8,10
1281,WLNM_dir_neg_kfold,0.901234567901,0.555555555556,00:00:01,10,90,3,20348,threshold_sweep,0.3,1,0.111111111111,0.2,1,0,8,18,0.111111111111,1,0,0.888888888889,1,0.111111111111,0.2,0.703703703704,0.654320987654,0.142857142857,0.277350098113,0.111111111111,94,85,9,0,94,0,85,0,9,23,88,0.173913043478,1.68507579377,7.65217391304,7.33333333333,5.5,3.63829000359,0.475458352741,0.249505928854,5.32278271304,1.39118184545,0.672924901186,3.27042079462,0.854769071322,0.442687747036,0.749191304359,0.444603920564,2.5,1.68507579377,0.749191304359,2.5,0.259446613992,0.18878248974,46,0.025974025974,0.333144633145,23,23,23,1,0,0.478260869565,0.217391304348,0.304347826087,23,0.156126482213,1.68552751596,6.86956521739,6.58333333333,5.26666666667,3.23762465995,0.471299792272,0.25701706109,4.73695420897,1.37911325071,0.671436433682,3.02754156126,0.881436150746,0.472206934507,0.749331926886,0.444568195885,2.5,1.68552751596,0.749331926886,2.5,0.227679895862,0.155440414508,30,0.016939582157,0.287498360226,23,23,23,1,0,0.478260869565,0.173913043478,0.347826086957,23,80,0.158102766798,1.68808582722,6.95652173913,6.66666666667,5,3.35041735351,0.481622494567,0.2625,4.83236781052,1.38930574552,0.675,2.98282302552,0.857561619837,0.461956521739,0.751181536813,0.444990133026,2.5,1.68808582722,0.751181536813,2.5,0.261623729806,0.19,38,0.0214568040655,0.283091655819,23,23,23,1,0,0.478260869565,0.217391304348,0.304347826087,-8,-0.0158102766798,0.00301003344482,-0.695652173913,-0.666666666667,-0.5,-0.287872650078,0.00616414182536,0.0129940711462,-0.490414902526,-0.00187609993079,0.00207509881423,-0.287597769103,0.00279254851508,0.0192687747036,0.00199023245413,0.000386212462081,0,0.00301003344482,0.00199023245413,0,0.00217711581348,0.00121751025992,-8,-0.00451722190853,-0.0500529773257,0,0,0,80,0,8,418,0.909090909091,1,0,0.0909090909091,1,0.909090909091,0.952380952381,0.944467458064,0.909090909091,0.909090909091,1,9,0,10,8,10
1282,WLNM_dir_neg_kfold,0.901234567901,0.555555555556,00:00:01,10,90,3,20348,threshold_sweep,0.4,1,0.111111111111,0.2,1,0,8,18,0.111111111111,1,0,0.888888888889,1,0.111111111111,0.2,0.703703703704,0.654320987654,0.142857142857,0.277350098113,0.111111111111,94,85,9,0,94,0,85,0,9,23,88,0.173913043478,1.68507579377,7.65217391304,7.33333333333,5.5,3.63829000359,0.475458352741,0.249505928854,5.32278271304,1.39118184545,0.672924901186,3.27042079462,0.854769071322,0.442687747036,0.749191304359,0.444603920564,2.5,1.68507579377,0.749191304359,2.5,0.259446613992,0.18878248974,46,0.025974025974,0.333144633145,23,23,23,1,0,0.478260869565,0.217391304348,0.304347826087,23,0.156126482213,1.68552751596,6.86956521739,6.58333333333,5.26666666667,3.23762465995,0.471299792272,0.25701706109,4.73695420897,1.37911325071,0.671436433682,3.02754156126,0.881436150746,0.472206934507,0.749331926886,0.444568195885,2.5,1.68552751596,0.749331926886,2.5,0.227679895862,0.155440414508,30,0.016939582157,0.287498360226,23,23,23,1,0,0.478260869565,0.173913043478,0.347826086957,23,80,0.158102766798,1.68808582722,6.95652173913,6.66666666667,5,3.35041735351,0.481622494567,0.2625,4.83236781052,1.38930574552,0.675,2.98282302552,0.857561619837,0.461956521739,0.751181536813,0.444990133026,2.5,1.68808582722,0.751181536813,2.5,0.261623729806,0.19,38,0.0214568040655,0.283091655819,23,23,23,1,0,0.478260869565,0.217391304348,0.304347826087,-8,-0.0158102766798,0.00301003344482,-0.695652173913,-0.666666666667,-0.5,-0.287872650078,0.00616414182536,0.0129940711462,-0.490414902526,-0.00187609993079,0.00207509881423,-0.287597769103,0.00279254851508,0.0192687747036,0.00199023245413,0.000386212462081,0,0.00301003344482,0.00199023245413,0,0.00217711581348,0.00121751025992,-8,-0.00451722190853,-0.0500529773257,0,0,0,80,0,8,418,0.909090909091,1,0,0.0909090909091,1,0.909090909091,0.952380952381,0.944467458064,0.909090909091,0.909090909091,1,9,0,10,8,10
1283,WLNM_dir_neg_kfold,0.901234567901,0.555555555556,00:00:01,10,90,3,20348,threshold_sweep,0.5,0,0,0,0,0,9,18,0,1,0,1,0,0,0,0.666666666667,0.666666666667,0,0,0,94,85,9,0,94,0,85,0,9,23,88,0.173913043478,1.68507579377,7.65217391304,7.33333333333,5.5,3.63829000359,0.475458352741,0.249505928854,5.32278271304,1.39118184545,0.672924901186,3.27042079462,0.854769071322,0.442687747036,0.749191304359,0.444603920564,2.5,1.68507579377,0.749191304359,2.5,0.259446613992,0.18878248974,46,0.025974025974,0.333144633145,23,23,23,1,0,0.478260869565,0.217391304348,0.304347826087,23,0.156126482213,1.68552751596,6.86956521739,6.58333333333,5.26666666667,3.23762465995,0.471299792272,0.25701706109,4.73695420897,1.37911325071,0.671436433682,3.02754156126,0.881436150746,0.472206934507,0.749331926886,0.444568195885,2.5,1.68552751596,0.749331926886,2.5,0.227679895862,0.155440414508,30,0.016939582157,0.287498360226,23,23,23,1,0,0.478260869565,0.173913043478,0.347826086957,23,79,0.156126482213,1.68552751596,6.86956521739,6.58333333333,5.26666666667,3.23762465995,0.471299792272,0.25701706109,4.73695420897,1.37911325071,0.671436433682,3.02754156126,0.881436150746,0.472206934507,0.749331926886,0.444568195885,2.5,1.68552751596,0.749331926886,2.5,0.227679895862,0.155440414508,30,0.016939582157,0.287498360226,23,23,23,1,0,0.478260869565,0.173913043478,0.347826086957,-9,-0.0177865612648,0.000451722190853,-0.782608695652,-0.75,-0.233333333333,-0.400665343634,-0.00415856046979,0.00751113223595,-0.585828504075,-0.0120685947422,-0.00148846750388,-0.242879233368,0.0266670794234,0.0295191874719,0.000140622527028,-3.57246793425e-05,0,0.000451722190853,0.000140622527028,0,-0.0317667181304,-0.0333420752323,-16,-0.00903444381705,-0.045646272919,0,-0.0434782608696,0.0434782608696,79,0,9,418,0.897727272727,1,0,0.102272727273,1,0.897727272727,0.946107784431,0.937446329455,0.897727272727,0.897727272727,0,9,0,10,8,10
1284,WLNM_dir_neg_kfold,0.901234567901,0.555555555556,00:00:01,10,90,3,20348,threshold_sweep,0.6,0,0,0,0,0,9,18,0,1,0,1,0,0,0,0.666666666667,0.666666666667,0,0,0,94,85,9,0,94,0,85,0,9,23,88,0.173913043478,1.68507579377,7.65217391304,7.33333333333,5.5,3.63829000359,0.475458352741,0.249505928854,5.32278271304,1.39118184545,0.672924901186,3.27042079462,0.854769071322,0.442687747036,0.749191304359,0.444603920564,2.5,1.68507579377,0.749191304359,2.5,0.259446613992,0.18878248974,46,0.025974025974,0.333144633145,23,23,23,1,0,0.478260869565,0.217391304348,0.304347826087,23,0.156126482213,1.68552751596,6.86956521739,6.58333333333,5.26666666667,3.23762465995,0.471299792272,0.25701706109,4.73695420897,1.37911325071,0.671436433682,3.02754156126,0.881436150746,0.472206934507,0.749331926886,0.444568195885,2.5,1.68552751596,0.749331926886,2.5,0.227679895862,0.155440414508,30,0.016939582157,0.287498360226,23,23,23,1,0,0.478260869565,0.173913043478,0.347826086957,23,79,0.156126482213,1.68552751596,6.86956521739,6.58333333333,5.26666666667,3.23762465995,0.471299792272,0.25701706109,4.73695420897,1.37911325071,0.671436433682,3.02754156126,0.881436150746,0.472206934507,0.749331926886,0.444568195885,2.5,1.68552751596,0.749331926886,2.5,0.227679895862,0.155440414508,30,0.016939582157,0.287498360226,23,23,23,1,0,0.478260869565,0.173913043478,0.347826086957,-9,-0.0177865612648,0.000451722190853,-0.782608695652,-0.75,-0.233333333333,-0.400665343634,-0.00415856046979,0.00751113223595,-0.585828504075,-0.0120685947422,-0.00148846750388,-0.242879233368,0.0266670794234,0.0295191874719,0.000140622527028,-3.57246793425e-05,0,0.000451722190853,0.000140622527028,0,-0.0317667181304,-0.0333420752323,-16,-0.00903444381705,-0.045646272919,0,-0.0434782608696,0.0434782608696,79,0,9,418,0.897727272727,1,0,0.102272727273,1,0.897727272727,0.946107784431,0.937446329455,0.897727272727,0.897727272727,0,9,0,10,8,10
1285,WLNM_dir_neg_kfold,0.901234567901,0.555555555556,00:00:01,10,90,3,20348,threshold_sweep,0.7,0,0,0,0,0,9,18,0,1,0,1,0,0,0,0.666666666667,0.666666666667,0,0,0,94,85,9,0,94,0,85,0,9,23,88,0.173913043478,1.68507579377,7.65217391304,7.33333333333,5.5,3.63829000359,0.475458352741,0.249505928854,5.32278271304,1.39118184545,0.672924901186,3.27042079462,0.854769071322,0.442687747036,0.749191304359,0.444603920564,2.5,1.68507579377,0.749191304359,2.5,0.259446613992,0.18878248974,46,0.025974025974,0.333144633145,23,23,23,1,0,0.478260869565,0.217391304348,0.304347826087,23,0.156126482213,1.68552751596,6.86956521739,6.58333333333,5.26666666667,3.23762465995,0.471299792272,0.25701706109,4.73695420897,1.37911325071,0.671436433682,3.02754156126,0.881436150746,0.472206934507,0.749331926886,0.444568195885,2.5,1.68552751596,0.749331926886,2.5,0.227679895862,0.155440414508,30,0.016939582157,0.287498360226,23,23,23,1,0,0.478260869565,0.173913043478,0.347826086957,23,79,0.156126482213,1.68552751596,6.86956521739,6.58333333333,5.26666666667,3.23762465995,0.471299792272,0.25701706109,4.73695420897,1.37911325071,0.671436433682,3.02754156126,0.881436150746,0.472206934507,0.749331926886,0.444568195885,2.5,1.68552751596,0.749331926886,2.5,0.227679895862,0.155440414508,30,0.016939582157,0.287498360226,23,23,23,1,0,0.478260869565,0.173913043478,0.347826086957,-9,-0.0177865612648,0.000451722190853,-0.782608695652,-0.75,-0.233333333333,-0.400665343634,-0.00415856046979,0.00751113223595,-0.585828504075,-0.0120685947422,-0.00148846750388,-0.242879233368,0.0266670794234,0.0295191874719,0.000140622527028,-3.57246793425e-05,0,0.000451722190853,0.000140622527028,0,-0.0317667181304,-0.0333420752323,-16,-0.00903444381705,-0.045646272919,0,-0.0434782608696,0.0434782608696,79,0,9,418,0.897727272727,1,0,0.102272727273,1,0.897727272727,0.946107784431,0.937446329455,0.897727272727,0.897727272727,0,9,0,10,8,10
1286,WLNM_dir_neg_kfold,0.901234567901,0.555555555556,00:00:01,10,90,3,20348,threshold_sweep,0.8,0,0,0,0,0,9,18,0,1,0,1,0,0,0,0.666666666667,0.666666666667,0,0,0,94,85,9,0,94,0,85,0,9,23,88,0.173913043478,1.68507579377,7.65217391304,7.33333333333,5.5,3.63829000359,0.475458352741,0.249505928854,5.32278271304,1.39118184545,0.672924901186,3.27042079462,0.854769071322,0.442687747036,0.749191304359,0.444603920564,2.5,1.68507579377,0.749191304359,2.5,0.259446613992,0.18878248974,46,0.025974025974,0.333144633145,23,23,23,1,0,0.478260869565,0.217391304348,0.304347826087,23,0.156126482213,1.68552751596,6.86956521739,6.58333333333,5.26666666667,3.23762465995,0.471299792272,0.25701706109,4.73695420897,1.37911325071,0.671436433682,3.02754156126,0.881436150746,0.472206934507,0.749331926886,0.444568195885,2.5,1.68552751596,0.749331926886,2.5,0.227679895862,0.155440414508,30,0.016939582157,0.287498360226,23,23,23,1,0,0.478260869565,0.173913043478,0.347826086957,23,79,0.156126482213,1.68552751596,6.86956521739,6.58333333333,5.26666666667,3.23762465995,0.471299792272,0.25701706109,4.73695420897,1.37911325071,0.671436433682,3.02754156126,0.881436150746,0.472206934507,0.749331926886,0.444568195885,2.5,1.68552751596,0.749331926886,2.5,0.227679895862,0.155440414508,30,0.016939582157,0.287498360226,23,23,23,1,0,0.478260869565,0.173913043478,0.347826086957,-9,-0.0177865612648,0.000451722190853,-0.782608695652,-0.75,-0.233333333333,-0.400665343634,-0.00415856046979,0.00751113223595,-0.585828504075,-0.0120685947422,-0.00148846750388,-0.242879233368,0.0266670794234,0.0295191874719,0.000140622527028,-3.57246793425e-05,0,0.000451722190853,0.000140622527028,0,-0.0317667181304,-0.0333420752323,-16,-0.00903444381705,-0.045646272919,0,-0.0434782608696,0.0434782608696,79,0,9,418,0.897727272727,1,0,0.102272727273,1,0.897727272727,0.946107784431,0.937446329455,0.897727272727,0.897727272727,0,9,0,10,8,10
1287,WLNM_dir_neg_kfold,0.901234567901,0.555555555556,00:00:01,10,90,3,20348,threshold_sweep,0.9,0,0,0,0,0,9,18,0,1,0,1,0,0,0,0.666666666667,0.666666666667,0,0,0,94,85,9,0,94,0,85,0,9,23,88,0.173913043478,1.68507579377,7.65217391304,7.33333333333,5.5,3.63829000359,0.475458352741,0.249505928854,5.32278271304,1.39118184545,0.672924901186,3.27042079462,0.854769071322,0.442687747036,0.749191304359,0.444603920564,2.5,1.68507579377,0.749191304359,2.5,0.259446613992,0.18878248974,46,0.025974025974,0.333144633145,23,23,23,1,0,0.478260869565,0.217391304348,0.304347826087,23,0.156126482213,1.68552751596,6.86956521739,6.58333333333,5.26666666667,3.23762465995,0.471299792272,0.25701706109,4.73695420897,1.37911325071,0.671436433682,3.02754156126,0.881436150746,0.472206934507,0.749331926886,0.444568195885,2.5,1.68552751596,0.749331926886,2.5,0.227679895862,0.155440414508,30,0.016939582157,0.287498360226,23,23,23,1,0,0.478260869565,0.173913043478,0.347826086957,23,79,0.156126482213,1.68552751596,6.86956521739,6.58333333333,5.26666666667,3.23762465995,0.471299792272,0.25701706109,4.73695420897,1.37911325071,0.671436433682,3.02754156126,0.881436150746,0.472206934507,0.749331926886,0.444568195885,2.5,1.68552751596,0.749331926886,2.5,0.227679895862,0.155440414508,30,0.016939582157,0.287498360226,23,23,23,1,0,0.478260869565,0.173913043478,0.347826086957,-9,-0.0177865612648,0.000451722190853,-0.782608695652,-0.75,-0.233333333333,-0.400665343634,-0.00415856046979,0.00751113223595,-0.585828504075,-0.0120685947422,-0.00148846750388,-0.242879233368,0.0266670794234,0.0295191874719,0.000140622527028,-3.57246793425e-05,0,0.000451722190853,0.000140622527028,0,-0.0317667181304,-0.0333420752323,-16,-0.00903444381705,-0.045646272919,0,-0.0434782608696,0.0434782608696,79,0,9,418,0.897727272727,1,0,0.102272727273,1,0.897727272727,0.946107784431,0.937446329455,0.897727272727,0.897727272727,0,9,0,10,8,10
1288,WLNM_dir_neg_kfold,0.555555555556,0.255555555556,00:00:01,10,90,4,20349,threshold_sweep,0.1,1,0.111111111111,0.2,1,0,8,18,0.111111111111,1,0,0.888888888889,1,0.111111111111,0.2,0.703703703704,0.654320987654,0.142857142857,0.277350098113,0.111111111111,94,85,9,0,94,0,85,0,9,23,88,0.173913043478,1.68507579377,7.65217391304,7.33333333333,5.5,3.63829000359,0.475458352741,0.249505928854,5.32278271304,1.39118184545,0.672924901186,3.27042079462,0.854769071322,0.442687747036,0.749191304359,0.444603920564,2.5,1.68507579377,0.749191304359,2.5,0.259446613992,0.18878248974,46,0.025974025974,0.333144633145,23,23,23,1,0,0.478260869565,0.217391304348,0.304347826087,23,0.156126482213,1.68552751596,6.86956521739,6.58333333333,5.26666666667,3.23762465995,0.471299792272,0.25701706109,4.73695420897,1.37911325071,0.671436433682,3.02754156126,0.881436150746,0.472206934507,0.749331926886,0.444568195885,2.5,1.68552751596,0.749331926886,2.5,0.227679895862,0.155440414508,30,0.016939582157,0.287498360226,23,23,23,1,0,0.478260869565,0.173913043478,0.347826086957,23,80,0.158102766798,1.68808582722,6.95652173913,6.66666666667,5,3.35041735351,0.481622494567,0.2625,4.83236781052,1.38930574552,0.675,2.98282302552,0.857561619837,0.461956521739,0.751181536813,0.444990133026,2.5,1.68808582722,0.751181536813,2.5,0.261623729806,0.19,38,0.0214568040655,0.283091655819,23,23,23,1,0,0.478260869565,0.217391304348,0.304347826087,-8,-0.0158102766798,0.00301003344482,-0.695652173913,-0.666666666667,-0.5,-0.287872650078,0.00616414182536,0.0129940711462,-0.490414902526,-0.00187609993079,0.00207509881423,-0.287597769103,0.00279254851508,0.0192687747036,0.00199023245413,0.000386212462081,0,0.00301003344482,0.00199023245413,0,0.00217711581348,0.00121751025992,-8,-0.00451722190853,-0.0500529773257,0,0,0,80,0,8,418,0.909090909091,1,0,0.0909090909091,1,0.909090909091,0.952380952381,0.944467458064,0.909090909091,0.909090909091,1,9,0,10,8,10
1289,WLNM_dir_neg_kfold,0.555555555556,0.255555555556,00:00:01,10,90,4,20349,threshold_sweep,0.2,1,0.111111111111,0.2,1,0,8,18,0.111111111111,1,0,0.888888888889,1,0.111111111111,0.2,0.703703703704,0.654320987654,0.142857142857,0.277350098113,0.111111111111,94,85,9,0,94,0,85,0,9,23,88,0.173913043478,1.68507579377,7.65217391304,7.33333333333,5.5,3.63829000359,0.475458352741,0.249505928854,5.32278271304,1.39118184545,0.672924901186,3.27042079462,0.854769071322,0.442687747036,0.749191304359,0.444603920564,2.5,1.68507579377,0.749191304359,2.5,0.259446613992,0.18878248974,46,0.025974025974,0.333144633145,23,23,23,1,0,0.478260869565,0.217391304348,0.304347826087,23,0.156126482213,1.68552751596,6.86956521739,6.58333333333,5.26666666667,3.23762465995,0.471299792272,0.25701706109,4.73695420897,1.37911325071,0.671436433682,3.02754156126,0.881436150746,0.472206934507,0.749331926886,0.444568195885,2.5,1.68552751596,0.749331926886,2.5,0.227679895862,0.155440414508,30,0.016939582157,0.287498360226,23,23,23,1,0,0.478260869565,0.173913043478,0.347826086957,23,80,0.158102766798,1.68808582722,6.95652173913,6.66666666667,5,3.35041735351,0.481622494567,0.2625,4.83236781052,1.38930574552,0.675,2.98282302552,0.857561619837,0.461956521739,0.751181536813,0.444990133026,2.5,1.68808582722,0.751181536813,2.5,0.261623729806,0.19,38,0.0214568040655,0.283091655819,23,23,23,1,0,0.478260869565,0.217391304348,0.304347826087,-8,-0.0158102766798,0.00301003344482,-0.695652173913,-0.666666666667,-0.5,-0.287872650078,0.00616414182536,0.0129940711462,-0.490414902526,-0.00187609993079,0.00207509881423,-0.287597769103,0.00279254851508,0.0192687747036,0.00199023245413,0.000386212462081,0,0.00301003344482,0.00199023245413,0,0.00217711581348,0.00121751025992,-8,-0.00451722190853,-0.0500529773257,0,0,0,80,0,8,418,0.909090909091,1,0,0.0909090909091,1,0.909090909091,0.952380952381,0.944467458064,0.909090909091,0.909090909091,1,9,0,10,8,10
1290,WLNM_dir_neg_kfold,0.555555555556,0.255555555556,00:00:01,10,90,4,20349,threshold_sweep,0.3,1,0.111111111111,0.2,1,0,8,18,0.111111111111,1,0,0.888888888889,1,0.111111111111,0.2,0.703703703704,0.654320987654,0.142857142857,0.277350098113,0.111111111111,94,85,9,0,94,0,85,0,9,23,88,0.173913043478,1.68507579377,7.65217391304,7.33333333333,5.5,3.63829000359,0.475458352741,0.249505928854,5.32278271304,1.39118184545,0.672924901186,3.27042079462,0.854769071322,0.442687747036,0.749191304359,0.444603920564,2.5,1.68507579377,0.749191304359,2.5,0.259446613992,0.18878248974,46,0.025974025974,0.333144633145,23,23,23,1,0,0.478260869565,0.217391304348,0.304347826087,23,0.156126482213,1.68552751596,6.86956521739,6.58333333333,5.26666666667,3.23762465995,0.471299792272,0.25701706109,4.73695420897,1.37911325071,0.671436433682,3.02754156126,0.881436150746,0.472206934507,0.749331926886,0.444568195885,2.5,1.68552751596,0.749331926886,2.5,0.227679895862,0.155440414508,30,0.016939582157,0.287498360226,23,23,23,1,0,0.478260869565,0.173913043478,0.347826086957,23,80,0.158102766798,1.68808582722,6.95652173913,6.66666666667,5,3.35041735351,0.481622494567,0.2625,4.83236781052,1.38930574552,0.675,2.98282302552,0.857561619837,0.461956521739,0.751181536813,0.444990133026,2.5,1.68808582722,0.751181536813,2.5,0.261623729806,0.19,38,0.0214568040655,0.283091655819,23,23,23,1,0,0.478260869565,0.217391304348,0.304347826087,-8,-0.0158102766798,0.00301003344482,-0.695652173913,-0.666666666667,-0.5,-0.287872650078,0.00616414182536,0.0129940711462,-0.490414902526,-0.00187609993079,0.00207509881423,-0.287597769103,0.00279254851508,0.0192687747036,0.00199023245413,0.000386212462081,0,0.00301003344482,0.00199023245413,0,0.00217711581348,0.00121751025992,-8,-0.00451722190853,-0.0500529773257,0,0,0,80,0,8,418,0.909090909091,1,0,0.0909090909091,1,0.909090909091,0.952380952381,0.944467458064,0.909090909091,0.909090909091,1,9,0,10,8,10
1291,WLNM_dir_neg_kfold,0.555555555556,0.255555555556,00:00:01,10,90,4,20349,threshold_sweep,0.4,1,0.111111111111,0.2,1,0,8,18,0.111111111111,1,0,0.888888888889,1,0.111111111111,0.2,0.703703703704,0.654320987654,0.142857142857,0.277350098113,0.111111111111,94,85,9,0,94,0,85,0,9,23,88,0.173913043478,1.68507579377,7.65217391304,7.33333333333,5.5,3.63829000359,0.475458352741,0.249505928854,5.32278271304,1.39118184545,0.672924901186,3.27042079462,0.854769071322,0.442687747036,0.749191304359,0.444603920564,2.5,1.68507579377,0.749191304359,2.5,0.259446613992,0.18878248974,46,0.025974025974,0.333144633145,23,23,23,1,0,0.478260869565,0.217391304348,0.304347826087,23,0.156126482213,1.68552751596,6.86956521739,6.58333333333,5.26666666667,3.23762465995,0.471299792272,0.25701706109,4.73695420897,1.37911325071,0.671436433682,3.02754156126,0.881436150746,0.472206934507,0.749331926886,0.444568195885,2.5,1.68552751596,0.749331926886,2.5,0.227679895862,0.155440414508,30,0.016939582157,0.287498360226,23,23,23,1,0,0.478260869565,0.173913043478,0.347826086957,23,80,0.158102766798,1.68808582722,6.95652173913,6.66666666667,5,3.35041735351,0.481622494567,0.2625,4.83236781052,1.38930574552,0.675,2.98282302552,0.857561619837,0.461956521739,0.751181536813,0.444990133026,2.5,1.68808582722,0.751181536813,2.5,0.261623729806,0.19,38,0.0214568040655,0.283091655819,23,23,23,1,0,0.478260869565,0.217391304348,0.304347826087,-8,-0.0158102766798,0.00301003344482,-0.695652173913,-0.666666666667,-0.5,-0.287872650078,0.00616414182536,0.0129940711462,-0.490414902526,-0.00187609993079,0.00207509881423,-0.287597769103,0.00279254851508,0.0192687747036,0.00199023245413,0.000386212462081,0,0.00301003344482,0.00199023245413,0,0.00217711581348,0.00121751025992,-8,-0.00451722190853,-0.0500529773257,0,0,0,80,0,8,418,0.909090909091,1,0,0.0909090909091,1,0.909090909091,0.952380952381,0.944467458064,0.909090909091,0.909090909091,1,9,0,10,8,10
1292,WLNM_dir_neg_kfold,0.555555555556,0.255555555556,00:00:01,10,90,4,20349,threshold_sweep,0.5,1,0.111111111111,0.2,1,0,8,18,0.111111111111,1,0,0.888888888889,1,0.111111111111,0.2,0.703703703704,0.654320987654,0.142857142857,0.277350098113,0.111111111111,94,85,9,0,94,0,85,0,9,23,88,0.173913043478,1.68507579377,7.65217391304,7.33333333333,5.5,3.63829000359,0.475458352741,0.249505928854,5.32278271304,1.39118184545,0.672924901186,3.27042079462,0.854769071322,0.442687747036,0.749191304359,0.444603920564,2.5,1.68507579377,0.749191304359,2.5,0.259446613992,0.18878248974,46,0.025974025974,0.333144633145,23,23,23,1,0,0.478260869565,0.217391304348,0.304347826087,23,0.156126482213,1.68552751596,6.86956521739,6.58333333333,5.26666666667,3.23762465995,0.471299792272,0.25701706109,4.73695420897,1.37911325071,0.671436433682,3.02754156126,0.881436150746,0.472206934507,0.749331926886,0.444568195885,2.5,1.68552751596,0.749331926886,2.5,0.227679895862,0.155440414508,30,0.016939582157,0.287498360226,23,23,23,1,0,0.478260869565,0.173913043478,0.347826086957,23,80,0.158102766798,1.68808582722,6.95652173913,6.66666666667,5,3.35041735351,0.481622494567,0.2625,4.83236781052,1.38930574552,0.675,2.98282302552,0.857561619837,0.461956521739,0.751181536813,0.444990133026,2.5,1.68808582722,0.751181536813,2.5,0.261623729806,0.19,38,0.0214568040655,0.283091655819,23,23,23,1,0,0.478260869565,0.217391304348,0.304347826087,-8,-0.0158102766798,0.00301003344482,-0.695652173913,-0.666666666667,-0.5,-0.287872650078,0.00616414182536,0.0129940711462,-0.490414902526,-0.00187609993079,0.00207509881423,-0.287597769103,0.00279254851508,0.0192687747036,0.00199023245413,0.000386212462081,0,0.00301003344482,0.00199023245413,0,0.00217711581348,0.00121751025992,-8,-0.00451722190853,-0.0500529773257,0,0,0,80,0,8,418,0.909090909091,1,0,0.0909090909091,1,0.909090909091,0.952380952381,0.944467458064,0.909090909091,0.909090909091,1,9,0,10,8,10
1293,WLNM_dir_neg_kfold,0.555555555556,0.255555555556,00:00:01,10,90,4,20349,threshold_sweep,0.6,1,0.111111111111,0.2,1,0,8,18,0.111111111111,1,0,0.888888888889,1,0.111111111111,0.2,0.703703703704,0.654320987654,0.142857142857,0.277350098113,0.111111111111,94,85,9,0,94,0,85,0,9,23,88,0.173913043478,1.68507579377,7.65217391304,7.33333333333,5.5,3.63829000359,0.475458352741,0.249505928854,5.32278271304,1.39118184545,0.672924901186,3.27042079462,0.854769071322,0.442687747036,0.749191304359,0.444603920564,2.5,1.68507579377,0.749191304359,2.5,0.259446613992,0.18878248974,46,0.025974025974,0.333144633145,23,23,23,1,0,0.478260869565,0.217391304348,0.304347826087,23,0.156126482213,1.68552751596,6.86956521739,6.58333333333,5.26666666667,3.23762465995,0.471299792272,0.25701706109,4.73695420897,1.37911325071,0.671436433682,3.02754156126,0.881436150746,0.472206934507,0.749331926886,0.444568195885,2.5,1.68552751596,0.749331926886,2.5,0.227679895862,0.155440414508,30,0.016939582157,0.287498360226,23,23,23,1,0,0.478260869565,0.173913043478,0.347826086957,23,80,0.158102766798,1.68808582722,6.95652173913,6.66666666667,5,3.35041735351,0.481622494567,0.2625,4.83236781052,1.38930574552,0.675,2.98282302552,0.857561619837,0.461956521739,0.751181536813,0.444990133026,2.5,1.68808582722,0.751181536813,2.5,0.261623729806,0.19,38,0.0214568040655,0.283091655819,23,23,23,1,0,0.478260869565,0.217391304348,0.304347826087,-8,-0.0158102766798,0.00301003344482,-0.695652173913,-0.666666666667,-0.5,-0.287872650078,0.00616414182536,0.0129940711462,-0.490414902526,-0.00187609993079,0.00207509881423,-0.287597769103,0.00279254851508,0.0192687747036,0.00199023245413,0.000386212462081,0,0.00301003344482,0.00199023245413,0,0.00217711581348,0.00121751025992,-8,-0.00451722190853,-0.0500529773257,0,0,0,80,0,8,418,0.909090909091,1,0,0.0909090909091,1,0.909090909091,0.952380952381,0.944467458064,0.909090909091,0.909090909091,1,9,0,10,8,10
1294,WLNM_dir_neg_kfold,0.555555555556,0.255555555556,00:00:01,10,90,4,20349,threshold_sweep,0.7,1,0.111111111111,0.2,1,0,8,18,0.111111111111,1,0,0.888888888889,1,0.111111111111,0.2,0.703703703704,0.654320987654,0.142857142857,0.277350098113,0.111111111111,94,85,9,0,94,0,85,0,9,23,88,0.173913043478,1.68507579377,7.65217391304,7.33333333333,5.5,3.63829000359,0.475458352741,0.249505928854,5.32278271304,1.39118184545,0.672924901186,3.27042079462,0.854769071322,0.442687747036,0.749191304359,0.444603920564,2.5,1.68507579377,0.749191304359,2.5,0.259446613992,0.18878248974,46,0.025974025974,0.333144633145,23,23,23,1,0,0.478260869565,0.217391304348,0.304347826087,23,0.156126482213,1.68552751596,6.86956521739,6.58333333333,5.26666666667,3.23762465995,0.471299792272,0.25701706109,4.73695420897,1.37911325071,0.671436433682,3.02754156126,0.881436150746,0.472206934507,0.749331926886,0.444568195885,2.5,1.68552751596,0.749331926886,2.5,0.227679895862,0.155440414508,30,0.016939582157,0.287498360226,23,23,23,1,0,0.478260869565,0.173913043478,0.347826086957,23,80,0.158102766798,1.68808582722,6.95652173913,6.66666666667,5,3.35041735351,0.481622494567,0.2625,4.83236781052,1.38930574552,0.675,2.98282302552,0.857561619837,0.461956521739,0.751181536813,0.444990133026,2.5,1.68808582722,0.751181536813,2.5,0.261623729806,0.19,38,0.0214568040655,0.283091655819,23,23,23,1,0,0.478260869565,0.217391304348,0.304347826087,-8,-0.0158102766798,0.00301003344482,-0.695652173913,-0.666666666667,-0.5,-0.287872650078,0.00616414182536,0.0129940711462,-0.490414902526,-0.00187609993079,0.00207509881423,-0.287597769103,0.00279254851508,0.0192687747036,0.00199023245413,0.000386212462081,0,0.00301003344482,0.00199023245413,0,0.00217711581348,0.00121751025992,-8,-0.00451722190853,-0.0500529773257,0,0,0,80,0,8,418,0.909090909091,1,0,0.0909090909091,1,0.909090909091,0.952380952381,0.944467458064,0.909090909091,0.909090909091,1,9,0,10,8,10
1295,WLNM_dir_neg_kfold,0.555555555556,0.255555555556,00:00:01,10,90,4,20349,threshold_sweep,0.8,1,0.111111111111,0.2,1,0,8,18,0.111111111111,1,0,0.888888888889,1,0.111111111111,0.2,0.703703703704,0.654320987654,0.142857142857,0.277350098113,0.111111111111,94,85,9,0,94,0,85,0,9,23,88,0.173913043478,1.68507579377,7.65217391304,7.33333333333,5.5,3.63829000359,0.475458352741,0.249505928854,5.32278271304,1.39118184545,0.672924901186,3.27042079462,0.854769071322,0.442687747036,0.749191304359,0.444603920564,2.5,1.68507579377,0.749191304359,2.5,0.259446613992,0.18878248974,46,0.025974025974,0.333144633145,23,23,23,1,0,0.478260869565,0.217391304348,0.304347826087,23,0.156126482213,1.68552751596,6.86956521739,6.58333333333,5.26666666667,3.23762465995,0.471299792272,0.25701706109,4.73695420897,1.37911325071,0.671436433682,3.02754156126,0.881436150746,0.472206934507,0.749331926886,0.444568195885,2.5,1.68552751596,0.749331926886,2.5,0.227679895862,0.155440414508,30,0.016939582157,0.287498360226,23,23,23,1,0,0.478260869565,0.173913043478,0.347826086957,23,80,0.158102766798,1.68808582722,6.95652173913,6.66666666667,5,3.35041735351,0.481622494567,0.2625,4.83236781052,1.38930574552,0.675,2.98282302552,0.857561619837,0.461956521739,0.751181536813,0.444990133026,2.5,1.68808582722,0.751181536813,2.5,0.261623729806,0.19,38,0.0214568040655,0.283091655819,23,23,23,1,0,0.478260869565,0.217391304348,0.304347826087,-8,-0.0158102766798,0.00301003344482,-0.695652173913,-0.666666666667,-0.5,-0.287872650078,0.00616414182536,0.0129940711462,-0.490414902526,-0.00187609993079,0.00207509881423,-0.287597769103,0.00279254851508,0.0192687747036,0.00199023245413,0.000386212462081,0,0.00301003344482,0.00199023245413,0,0.00217711581348,0.00121751025992,-8,-0.00451722190853,-0.0500529773257,0,0,0,80,0,8,418,0.909090909091,1,0,0.0909090909091,1,0.909090909091,0.952380952381,0.944467458064,0.909090909091,0.909090909091,1,9,0,10,8,10
1296,WLNM_dir_neg_kfold,0.555555555556,0.255555555556,00:00:01,10,90,4,20349,threshold_sweep,0.9,1,0.111111111111,0.2,1,0,8,18,0.111111111111,1,0,0.888888888889,1,0.111111111111,0.2,0.703703703704,0.654320987654,0.142857142857,0.277350098113,0.111111111111,94,85,9,0,94,0,85,0,9,23,88,0.173913043478,1.68507579377,7.65217391304,7.33333333333,5.5,3.63829000359,0.475458352741,0.249505928854,5.32278271304,1.39118184545,0.672924901186,3.27042079462,0.854769071322,0.442687747036,0.749191304359,0.444603920564,2.5,1.68507579377,0.749191304359,2.5,0.259446613992,0.18878248974,46,0.025974025974,0.333144633145,23,23,23,1,0,0.478260869565,0.217391304348,0.304347826087,23,0.156126482213,1.68552751596,6.86956521739,6.58333333333,5.26666666667,3.23762465995,0.471299792272,0.25701706109,4.73695420897,1.37911325071,0.671436433682,3.02754156126,0.881436150746,0.472206934507,0.749331926886,0.444568195885,2.5,1.68552751596,0.749331926886,2.5,0.227679895862,0.155440414508,30,0.016939582157,0.287498360226,23,23,23,1,0,0.478260869565,0.173913043478,0.347826086957,23,80,0.158102766798,1.68808582722,6.95652173913,6.66666666667,5,3.35041735351,0.481622494567,0.2625,4.83236781052,1.38930574552,0.675,2.98282302552,0.857561619837,0.461956521739,0.751181536813,0.444990133026,2.5,1.68808582722,0.751181536813,2.5,0.261623729806,0.19,38,0.0214568040655,0.283091655819,23,23,23,1,0,0.478260869565,0.217391304348,0.304347826087,-8,-0.0158102766798,0.00301003344482,-0.695652173913,-0.666666666667,-0.5,-0.287872650078,0.00616414182536,0.0129940711462,-0.490414902526,-0.00187609993079,0.00207509881423,-0.287597769103,0.00279254851508,0.0192687747036,0.00199023245413,0.000386212462081,0,0.00301003344482,0.00199023245413,0,0.00217711581348,0.00121751025992,-8,-0.00451722190853,-0.0500529773257,0,0,0,80,0,8,418,0.909090909091,1,0,0.0909090909091,1,0.909090909091,0.952380952381,0.944467458064,0.909090909091,0.909090909091,1,9,0,10,8,10
1297,WLNM_dir_neg_kfold,0.641975308642,0.288044184535,00:00:01,10,90,5,20350,threshold_sweep,0.1,0,0,0,0,2,9,16,0,0.888888888889,0.111111111111,1,0,0,0,0.592592592593,0.641975308642,-0.137931034483,-0.2,-0.111111111111,94,85,9,0,94,0,85,0,9,23,88,0.173913043478,1.68507579377,7.65217391304,7.33333333333,5.5,3.63829000359,0.475458352741,0.249505928854,5.32278271304,1.39118184545,0.672924901186,3.27042079462,0.854769071322,0.442687747036,0.749191304359,0.444603920564,2.5,1.68507579377,0.749191304359,2.5,0.259446613992,0.18878248974,46,0.025974025974,0.333144633145,23,23,23,1,0,0.478260869565,0.217391304348,0.304347826087,23,0.156126482213,1.68552751596,6.86956521739,6.58333333333,5.26666666667,3.23762465995,0.471299792272,0.25701706109,4.73695420897,1.37911325071,0.671436433682,3.02754156126,0.881436150746,0.472206934507,0.749331926886,0.444568195885,2.5,1.68552751596,0.749331926886,2.5,0.227679895862,0.155440414508,30,0.016939582157,0.287498360226,23,23,23,1,0,0.478260869565,0.173913043478,0.347826086957,23,81,0.160079051383,2.55816357555,7.04347826087,6.23076923077,5.4,3.22600598643,0.458013195605,0.250670960816,4.68915155359,1.33148747818,0.655931293612,3.1023387837,0.880911012656,0.469135802469,1.84393803593,0.720805367393,5.5,2.55816357555,1.84393803593,5.5,0.232198104925,0.162711864407,32,0.0180688876341,0.267765567766,23,23,23,1,0,0.434782608696,0.217391304348,0.347826086957,-7,-0.0138339920949,0.873087781783,-0.608695652174,-1.10256410256,-0.1,-0.412284017153,-0.0174451571366,0.00116503196213,-0.633631159459,-0.0596943672761,-0.0169936075733,-0.168082010924,0.0261419413334,0.0264480554336,1.09474673157,0.276201446829,3,0.873087781783,1.09474673157,3,-0.0272485090667,-0.0260706253333,-14,-0.00790513833992,-0.0653790653791,-0.0434782608696,0,0.0434782608696,79,2,9,416,0.897727272727,0.995215311005,0.00478468899522,0.102272727273,0.975308641975,0.897727272727,0.934911242604,0.923030468804,0.892942583732,0.877777777778,2,9,0,10,8,10
1298,WLNM_dir_neg_kfold,0.641975308642,0.288044184535,00:00:01,10,90,5,20350,threshold_sweep,0.2,0,0,0,0,2,9,16,0,0.888888888889,0.111111111111,1,0,0,0,0.592592592593,0.641975308642,-0.137931034483,-0.2,-0.111111111111,94,85,9,0,94,0,85,0,9,23,88,0.173913043478,1.68507579377,7.65217391304,7.33333333333,5.5,3.63829000359,0.475458352741,0.249505928854,5.32278271304,1.39118184545,0.672924901186,3.27042079462,0.854769071322,0.442687747036,0.749191304359,0.444603920564,2.5,1.68507579377,0.749191304359,2.5,0.259446613992,0.18878248974,46,0.025974025974,0.333144633145,23,23,23,1,0,0.478260869565,0.217391304348,0.304347826087,23,0.156126482213,1.68552751596,6.86956521739,6.58333333333,5.26666666667,3.23762465995,0.471299792272,0.25701706109,4.73695420897,1.37911325071,0.671436433682,3.02754156126,0.881436150746,0.472206934507,0.749331926886,0.444568195885,2.5,1.68552751596,0.749331926886,2.5,0.227679895862,0.155440414508,30,0.016939582157,0.287498360226,23,23,23,1,0,0.478260869565,0.173913043478,0.347826086957,23,81,0.160079051383,2.55816357555,7.04347826087,6.23076923077,5.4,3.22600598643,0.458013195605,0.250670960816,4.68915155359,1.33148747818,0.655931293612,3.1023387837,0.880911012656,0.469135802469,1.84393803593,0.720805367393,5.5,2.55816357555,1.84393803593,5.5,0.232198104925,0.162711864407,32,0.0180688876341,0.267765567766,23,23,23,1,0,0.434782608696,0.217391304348,0.347826086957,-7,-0.0138339920949,0.873087781783,-0.608695652174,-1.10256410256,-0.1,-0.412284017153,-0.0174451571366,0.00116503196213,-0.633631159459,-0.0596943672761,-0.0169936075733,-0.168082010924,0.0261419413334,0.0264480554336,1.09474673157,0.276201446829,3,0.873087781783,1.09474673157,3,-0.0272485090667,-0.0260706253333,-14,-0.00790513833992,-0.0653790653791,-0.0434782608696,0,0.0434782608696,79,2,9,416,0.897727272727,0.995215311005,0.00478468899522,0.102272727273,0.975308641975,0.897727272727,0.934911242604,0.923030468804,0.892942583732,0.877777777778,2,9,0,10,8,10
1299,WLNM_dir_neg_kfold,0.641975308642,0.288044184535,00:00:01,10,90,5,20350,threshold_sweep,0.3,0,0,0,0,2,9,16,0,0.888888888889,0.111111111111,1,0,0,0,0.592592592593,0.641975308642,-0.137931034483,-0.2,-0.111111111111,94,85,9,0,94,0,85,0,9,23,88,0.173913043478,1.68507579377,7.65217391304,7.33333333333,5.5,3.63829000359,0.475458352741,0.249505928854,5.32278271304,1.39118184545,0.672924901186,3.27042079462,0.854769071322,0.442687747036,0.749191304359,0.444603920564,2.5,1.68507579377,0.749191304359,2.5,0.259446613992,0.18878248974,46,0.025974025974,0.333144633145,23,23,23,1,0,0.478260869565,0.217391304348,0.304347826087,23,0.156126482213,1.68552751596,6.86956521739,6.58333333333,5.26666666667,3.23762465995,0.471299792272,0.25701706109,4.73695420897,1.37911325071,0.671436433682,3.02754156126,0.881436150746,0.472206934507,0.749331926886,0.444568195885,2.5,1.68552751596,0.749331926886,2.5,0.227679895862,0.155440414508,30,0.016939582157,0.287498360226,23,23,23,1,0,0.478260869565,0.173913043478,0.347826086957,23,81,0.160079051383,2.55816357555,7.04347826087,6.23076923077,5.4,3.22600598643,0.458013195605,0.250670960816,4.68915155359,1.33148747818,0.655931293612,3.1023387837,0.880911012656,0.469135802469,1.84393803593,0.720805367393,5.5,2.55816357555,1.84393803593,5.5,0.232198104925,0.162711864407,32,0.0180688876341,0.267765567766,23,23,23,1,0,0.434782608696,0.217391304348,0.347826086957,-7,-0.0138339920949,0.873087781783,-0.608695652174,-1.10256410256,-0.1,-0.412284017153,-0.0174451571366,0.00116503196213,-0.633631159459,-0.0596943672761,-0.0169936075733,-0.168082010924,0.0261419413334,0.0264480554336,1.09474673157,0.276201446829,3,0.873087781783,1.09474673157,3,-0.0272485090667,-0.0260706253333,-14,-0.00790513833992,-0.0653790653791,-0.0434782608696,0,0.0434782608696,79,2,9,416,0.897727272727,0.995215311005,0.00478468899522,0.102272727273,0.975308641975,0.897727272727,0.934911242604,0.923030468804,0.892942583732,0.877777777778,2,9,0,10,8,10
1300,WLNM_dir_neg_kfold,0.641975308642,0.288044184535,00:00:01,10,90,5,20350,threshold_sweep,0.4,0,0,0,0,1,9,17,0,0.944444444444,0.0555555555556,1,0,0,0,0.62962962963,0.654320987654,-0.0714285714286,-0.138675049056,-0.0555555555556,94,85,9,0,94,0,85,0,9,23,88,0.173913043478,1.68507579377,7.65217391304,7.33333333333,5.5,3.63829000359,0.475458352741,0.249505928854,5.32278271304,1.39118184545,0.672924901186,3.27042079462,0.854769071322,0.442687747036,0.749191304359,0.444603920564,2.5,1.68507579377,0.749191304359,2.5,0.259446613992,0.18878248974,46,0.025974025974,0.333144633145,23,23,23,1,0,0.478260869565,0.217391304348,0.304347826087,23,0.156126482213,1.68552751596,6.86956521739,6.58333333333,5.26666666667,3.23762465995,0.471299792272,0.25701706109,4.73695420897,1.37911325071,0.671436433682,3.02754156126,0.881436150746,0.472206934507,0.749331926886,0.444568195885,2.5,1.68552751596,0.749331926886,2.5,0.227679895862,0.155440414508,30,0.016939582157,0.287498360226,23,23,23,1,0,0.478260869565,0.173913043478,0.347826086957,23,80,0.158102766798,1,6.95652173913,6.15384615385,5.33333333333,3.24006538752,0.465759399456,0.254891304348,4.70849874953,1.35369339049,0.661956521739,3.07289566159,0.883457502708,0.472826086957,0,0,0,NaN,NaN,NaN,0.227679895862,0.155440414508,30,0.016939582157,0.272638472638,23,23,0,1,2,0.434782608696,0.217391304348,0.347826086957,-8,-0.0158102766798,-0.685075793771,-0.695652173913,-1.17948717949,-0.166666666667,-0.398224616065,-0.0096989532852,0.00538537549407,-0.614283963516,-0.0374884549653,-0.0109683794466,-0.197525133032,0.0286884313856,0.0301383399209,-0.749191304359,-0.444603920564,-2.5,NaN,NaN,NaN,-0.0317667181304,-0.0333420752323,-16,-0.00903444381705,-0.0605061605062,-0.0434782608696,0,0.0434782608696,79,1,9,417,0.897727272727,0.997607655502,0.00239234449761,0.102272727273,0.9875,0.897727272727,0.940476190476,0.93017617416,0.89533492823,0.887640449438,1,9,0,10,8,10
1301,WLNM_dir_neg_kfold,0.641975308642,0.288044184535,00:00:01,10,90,5,20350,threshold_sweep,0.5,0,0,0,0,0,9,18,0,1,0,1,0,0,0,0.666666666667,0.666666666667,0,0,0,94,85,9,0,94,0,85,0,9,23,88,0.173913043478,1.68507579377,7.65217391304,7.33333333333,5.5,3.63829000359,0.475458352741,0.249505928854,5.32278271304,1.39118184545,0.672924901186,3.27042079462,0.854769071322,0.442687747036,0.749191304359,0.444603920564,2.5,1.68507579377,0.749191304359,2.5,0.259446613992,0.18878248974,46,0.025974025974,0.333144633145,23,23,23,1,0,0.478260869565,0.217391304348,0.304347826087,23,0.156126482213,1.68552751596,6.86956521739,6.58333333333,5.26666666667,3.23762465995,0.471299792272,0.25701706109,4.73695420897,1.37911325071,0.671436433682,3.02754156126,0.881436150746,0.472206934507,0.749331926886,0.444568195885,2.5,1.68552751596,0.749331926886,2.5,0.227679895862,0.155440414508,30,0.016939582157,0.287498360226,23,23,23,1,0,0.478260869565,0.173913043478,0.347826086957,23,79,0.156126482213,1.68552751596,6.86956521739,6.58333333333,5.26666666667,3.23762465995,0.471299792272,0.25701706109,4.73695420897,1.37911325071,0.671436433682,3.02754156126,0.881436150746,0.472206934507,0.749331926886,0.444568195885,2.5,1.68552751596,0.749331926886,2.5,0.227679895862,0.155440414508,30,0.016939582157,0.287498360226,23,23,23,1,0,0.478260869565,0.173913043478,0.347826086957,-9,-0.0177865612648,0.000451722190853,-0.782608695652,-0.75,-0.233333333333,-0.400665343634,-0.00415856046979,0.00751113223595,-0.585828504075,-0.0120685947422,-0.00148846750388,-0.242879233368,0.0266670794234,0.0295191874719,0.000140622527028,-3.57246793425e-05,0,0.000451722190853,0.000140622527028,0,-0.0317667181304,-0.0333420752323,-16,-0.00903444381705,-0.045646272919,0,-0.0434782608696,0.0434782608696,79,0,9,418,0.897727272727,1,0,0.102272727273,1,0.897727272727,0.946107784431,0.937446329455,0.897727272727,0.897727272727,0,9,0,10,8,10
1302,WLNM_dir_neg_kfold,0.641975308642,0.288044184535,00:00:01,10,90,5,20350,threshold_sweep,0.6,0,0,0,0,0,9,18,0,1,0,1,0,0,0,0.666666666667,0.666666666667,0,0,0,94,85,9,0,94,0,85,0,9,23,88,0.173913043478,1.68507579377,7.65217391304,7.33333333333,5.5,3.63829000359,0.475458352741,0.249505928854,5.32278271304,1.39118184545,0.672924901186,3.27042079462,0.854769071322,0.442687747036,0.749191304359,0.444603920564,2.5,1.68507579377,0.749191304359,2.5,0.259446613992,0.18878248974,46,0.025974025974,0.333144633145,23,23,23,1,0,0.478260869565,0.217391304348,0.304347826087,23,0.156126482213,1.68552751596,6.86956521739,6.58333333333,5.26666666667,3.23762465995,0.471299792272,0.25701706109,4.73695420897,1.37911325071,0.671436433682,3.02754156126,0.881436150746,0.472206934507,0.749331926886,0.444568195885,2.5,1.68552751596,0.749331926886,2.5,0.227679895862,0.155440414508,30,0.016939582157,0.287498360226,23,23,23,1,0,0.478260869565,0.173913043478,0.347826086957,23,79,0.156126482213,1.68552751596,6.86956521739,6.58333333333,5.26666666667,3.23762465995,0.471299792272,0.25701706109,4.73695420897,1.37911325071,0.671436433682,3.02754156126,0.881436150746,0.472206934507,0.749331926886,0.444568195885,2.5,1.68552751596,0.749331926886,2.5,0.227679895862,0.155440414508,30,0.016939582157,0.287498360226,23,23,23,1,0,0.478260869565,0.173913043478,0.347826086957,-9,-0.0177865612648,0.000451722190853,-0.782608695652,-0.75,-0.233333333333,-0.400665343634,-0.00415856046979,0.00751113223595,-0.585828504075,-0.0120685947422,-0.00148846750388,-0.242879233368,0.0266670794234,0.0295191874719,0.000140622527028,-3.57246793425e-05,0,0.000451722190853,0.000140622527028,0,-0.0317667181304,-0.0333420752323,-16,-0.00903444381705,-0.045646272919,0,-0.0434782608696,0.0434782608696,79,0,9,418,0.897727272727,1,0,0.102272727273,1,0.897727272727,0.946107784431,0.937446329455,0.897727272727,0.897727272727,0,9,0,10,8,10
1303,WLNM_dir_neg_kfold,0.641975308642,0.288044184535,00:00:01,10,90,5,20350,threshold_sweep,0.7,0,0,0,0,0,9,18,0,1,0,1,0,0,0,0.666666666667,0.666666666667,0,0,0,94,85,9,0,94,0,85,0,9,23,88,0.173913043478,1.68507579377,7.65217391304,7.33333333333,5.5,3.63829000359,0.475458352741,0.249505928854,5.32278271304,1.39118184545,0.672924901186,3.27042079462,0.854769071322,0.442687747036,0.749191304359,0.444603920564,2.5,1.68507579377,0.749191304359,2.5,0.259446613992,0.18878248974,46,0.025974025974,0.333144633145,23,23,23,1,0,0.478260869565,0.217391304348,0.304347826087,23,0.156126482213,1.68552751596,6.86956521739,6.58333333333,5.26666666667,3.23762465995,0.471299792272,0.25701706109,4.73695420897,1.37911325071,0.671436433682,3.02754156126,0.881436150746,0.472206934507,0.749331926886,0.444568195885,2.5,1.68552751596,0.749331926886,2.5,0.227679895862,0.155440414508,30,0.016939582157,0.287498360226,23,23,23,1,0,0.478260869565,0.173913043478,0.347826086957,23,79,0.156126482213,1.68552751596,6.86956521739,6.58333333333,5.26666666667,3.23762465995,0.471299792272,0.25701706109,4.73695420897,1.37911325071,0.671436433682,3.02754156126,0.881436150746,0.472206934507,0.749331926886,0.444568195885,2.5,1.68552751596,0.749331926886,2.5,0.227679895862,0.155440414508,30,0.016939582157,0.287498360226,23,23,23,1,0,0.478260869565,0.173913043478,0.347826086957,-9,-0.0177865612648,0.000451722190853,-0.782608695652,-0.75,-0.233333333333,-0.400665343634,-0.00415856046979,0.00751113223595,-0.585828504075,-0.0120685947422,-0.00148846750388,-0.242879233368,0.0266670794234,0.0295191874719,0.000140622527028,-3.57246793425e-05,0,0.000451722190853,0.000140622527028,0,-0.0317667181304,-0.0333420752323,-16,-0.00903444381705,-0.045646272919,0,-0.0434782608696,0.0434782608696,79,0,9,418,0.897727272727,1,0,0.102272727273,1,0.897727272727,0.946107784431,0.937446329455,0.897727272727,0.897727272727,0,9,0,10,8,10
1304,WLNM_dir_neg_kfold,0.641975308642,0.288044184535,00:00:01,10,90,5,20350,threshold_sweep,0.8,0,0,0,0,0,9,18,0,1,0,1,0,0,0,0.666666666667,0.666666666667,0,0,0,94,85,9,0,94,0,85,0,9,23,88,0.173913043478,1.68507579377,7.65217391304,7.33333333333,5.5,3.63829000359,0.475458352741,0.249505928854,5.32278271304,1.39118184545,0.672924901186,3.27042079462,0.854769071322,0.442687747036,0.749191304359,0.444603920564,2.5,1.68507579377,0.749191304359,2.5,0.259446613992,0.18878248974,46,0.025974025974,0.333144633145,23,23,23,1,0,0.478260869565,0.217391304348,0.304347826087,23,0.156126482213,1.68552751596,6.86956521739,6.58333333333,5.26666666667,3.23762465995,0.471299792272,0.25701706109,4.73695420897,1.37911325071,0.671436433682,3.02754156126,0.881436150746,0.472206934507,0.749331926886,0.444568195885,2.5,1.68552751596,0.749331926886,2.5,0.227679895862,0.155440414508,30,0.016939582157,0.287498360226,23,23,23,1,0,0.478260869565,0.173913043478,0.347826086957,23,79,0.156126482213,1.68552751596,6.86956521739,6.58333333333,5.26666666667,3.23762465995,0.471299792272,0.25701706109,4.73695420897,1.37911325071,0.671436433682,3.02754156126,0.881436150746,0.472206934507,0.749331926886,0.444568195885,2.5,1.68552751596,0.749331926886,2.5,0.227679895862,0.155440414508,30,0.016939582157,0.287498360226,23,23,23,1,0,0.478260869565,0.173913043478,0.347826086957,-9,-0.0177865612648,0.000451722190853,-0.782608695652,-0.75,-0.233333333333,-0.400665343634,-0.00415856046979,0.00751113223595,-0.585828504075,-0.0120685947422,-0.00148846750388,-0.242879233368,0.0266670794234,0.0295191874719,0.000140622527028,-3.57246793425e-05,0,0.000451722190853,0.000140622527028,0,-0.0317667181304,-0.0333420752323,-16,-0.00903444381705,-0.045646272919,0,-0.0434782608696,0.0434782608696,79,0,9,418,0.897727272727,1,0,0.102272727273,1,0.897727272727,0.946107784431,0.937446329455,0.897727272727,0.897727272727,0,9,0,10,8,10
1305,WLNM_dir_neg_kfold,0.641975308642,0.288044184535,00:00:01,10,90,5,20350,threshold_sweep,0.9,0,0,0,0,0,9,18,0,1,0,1,0,0,0,0.666666666667,0.666666666667,0,0,0,94,85,9,0,94,0,85,0,9,23,88,0.173913043478,1.68507579377,7.65217391304,7.33333333333,5.5,3.63829000359,0.475458352741,0.249505928854,5.32278271304,1.39118184545,0.672924901186,3.27042079462,0.854769071322,0.442687747036,0.749191304359,0.444603920564,2.5,1.68507579377,0.749191304359,2.5,0.259446613992,0.18878248974,46,0.025974025974,0.333144633145,23,23,23,1,0,0.478260869565,0.217391304348,0.304347826087,23,0.156126482213,1.68552751596,6.86956521739,6.58333333333,5.26666666667,3.23762465995,0.471299792272,0.25701706109,4.73695420897,1.37911325071,0.671436433682,3.02754156126,0.881436150746,0.472206934507,0.749331926886,0.444568195885,2.5,1.68552751596,0.749331926886,2.5,0.227679895862,0.155440414508,30,0.016939582157,0.287498360226,23,23,23,1,0,0.478260869565,0.173913043478,0.347826086957,23,79,0.156126482213,1.68552751596,6.86956521739,6.58333333333,5.26666666667,3.23762465995,0.471299792272,0.25701706109,4.73695420897,1.37911325071,0.671436433682,3.02754156126,0.881436150746,0.472206934507,0.749331926886,0.444568195885,2.5,1.68552751596,0.749331926886,2.5,0.227679895862,0.155440414508,30,0.016939582157,0.287498360226,23,23,23,1,0,0.478260869565,0.173913043478,0.347826086957,-9,-0.0177865612648,0.000451722190853,-0.782608695652,-0.75,-0.233333333333,-0.400665343634,-0.00415856046979,0.00751113223595,-0.585828504075,-0.0120685947422,-0.00148846750388,-0.242879233368,0.0266670794234,0.0295191874719,0.000140622527028,-3.57246793425e-05,0,0.000451722190853,0.000140622527028,0,-0.0317667181304,-0.0333420752323,-16,-0.00903444381705,-0.045646272919,0,-0.0434782608696,0.0434782608696,79,0,9,418,0.897727272727,1,0,0.102272727273,1,0.897727272727,0.946107784431,0.937446329455,0.897727272727,0.897727272727,0,9,0,10,8,10
1306,WLNM_dir_neg_kfold,0.950617283951,0.808080808081,00:00:01,10,90,6,20351,threshold_sweep,0.1,0,0,0,0,0,9,18,0,1,0,1,0,0,0,0.666666666667,0.666666666667,0,0,0,94,85,9,0,94,0,85,0,9,23,88,0.173913043478,1.68507579377,7.65217391304,7.33333333333,5.5,3.63829000359,0.475458352741,0.249505928854,5.32278271304,1.39118184545,0.672924901186,3.27042079462,0.854769071322,0.442687747036,0.749191304359,0.444603920564,2.5,1.68507579377,0.749191304359,2.5,0.259446613992,0.18878248974,46,0.025974025974,0.333144633145,23,23,23,1,0,0.478260869565,0.217391304348,0.304347826087,23,0.156126482213,1.68552751596,6.86956521739,6.58333333333,5.26666666667,3.23762465995,0.471299792272,0.25701706109,4.73695420897,1.37911325071,0.671436433682,3.02754156126,0.881436150746,0.472206934507,0.749331926886,0.444568195885,2.5,1.68552751596,0.749331926886,2.5,0.227679895862,0.155440414508,30,0.016939582157,0.287498360226,23,23,23,1,0,0.478260869565,0.173913043478,0.347826086957,23,79,0.156126482213,1.68552751596,6.86956521739,6.58333333333,5.26666666667,3.23762465995,0.471299792272,0.25701706109,4.73695420897,1.37911325071,0.671436433682,3.02754156126,0.881436150746,0.472206934507,0.749331926886,0.444568195885,2.5,1.68552751596,0.749331926886,2.5,0.227679895862,0.155440414508,30,0.016939582157,0.287498360226,23,23,23,1,0,0.478260869565,0.173913043478,0.347826086957,-9,-0.0177865612648,0.000451722190853,-0.782608695652,-0.75,-0.233333333333,-0.400665343634,-0.00415856046979,0.00751113223595,-0.585828504075,-0.0120685947422,-0.00148846750388,-0.242879233368,0.0266670794234,0.0295191874719,0.000140622527028,-3.57246793425e-05,0,0.000451722190853,0.000140622527028,0,-0.0317667181304,-0.0333420752323,-16,-0.00903444381705,-0.045646272919,0,-0.0434782608696,0.0434782608696,79,0,9,418,0.897727272727,1,0,0.102272727273,1,0.897727272727,0.946107784431,0.937446329455,0.897727272727,0.897727272727,0,9,0,10,8,10
1307,WLNM_dir_neg_kfold,0.950617283951,0.808080808081,00:00:01,10,90,6,20351,threshold_sweep,0.2,0,0,0,0,0,9,18,0,1,0,1,0,0,0,0.666666666667,0.666666666667,0,0,0,94,85,9,0,94,0,85,0,9,23,88,0.173913043478,1.68507579377,7.65217391304,7.33333333333,5.5,3.63829000359,0.475458352741,0.249505928854,5.32278271304,1.39118184545,0.672924901186,3.27042079462,0.854769071322,0.442687747036,0.749191304359,0.444603920564,2.5,1.68507579377,0.749191304359,2.5,0.259446613992,0.18878248974,46,0.025974025974,0.333144633145,23,23,23,1,0,0.478260869565,0.217391304348,0.304347826087,23,0.156126482213,1.68552751596,6.86956521739,6.58333333333,5.26666666667,3.23762465995,0.471299792272,0.25701706109,4.73695420897,1.37911325071,0.671436433682,3.02754156126,0.881436150746,0.472206934507,0.749331926886,0.444568195885,2.5,1.68552751596,0.749331926886,2.5,0.227679895862,0.155440414508,30,0.016939582157,0.287498360226,23,23,23,1,0,0.478260869565,0.173913043478,0.347826086957,23,79,0.156126482213,1.68552751596,6.86956521739,6.58333333333,5.26666666667,3.23762465995,0.471299792272,0.25701706109,4.73695420897,1.37911325071,0.671436433682,3.02754156126,0.881436150746,0.472206934507,0.749331926886,0.444568195885,2.5,1.68552751596,0.749331926886,2.5,0.227679895862,0.155440414508,30,0.016939582157,0.287498360226,23,23,23,1,0,0.478260869565,0.173913043478,0.347826086957,-9,-0.0177865612648,0.000451722190853,-0.782608695652,-0.75,-0.233333333333,-0.400665343634,-0.00415856046979,0.00751113223595,-0.585828504075,-0.0120685947422,-0.00148846750388,-0.242879233368,0.0266670794234,0.0295191874719,0.000140622527028,-3.57246793425e-05,0,0.000451722190853,0.000140622527028,0,-0.0317667181304,-0.0333420752323,-16,-0.00903444381705,-0.045646272919,0,-0.0434782608696,0.0434782608696,79,0,9,418,0.897727272727,1,0,0.102272727273,1,0.897727272727,0.946107784431,0.937446329455,0.897727272727,0.897727272727,0,9,0,10,8,10
1308,WLNM_dir_neg_kfold,0.950617283951,0.808080808081,00:00:01,10,90,6,20351,threshold_sweep,0.3,0,0,0,0,0,9,18,0,1,0,1,0,0,0,0.666666666667,0.666666666667,0,0,0,94,85,9,0,94,0,85,0,9,23,88,0.173913043478,1.68507579377,7.65217391304,7.33333333333,5.5,3.63829000359,0.475458352741,0.249505928854,5.32278271304,1.39118184545,0.672924901186,3.27042079462,0.854769071322,0.442687747036,0.749191304359,0.444603920564,2.5,1.68507579377,0.749191304359,2.5,0.259446613992,0.18878248974,46,0.025974025974,0.333144633145,23,23,23,1,0,0.478260869565,0.217391304348,0.304347826087,23,0.156126482213,1.68552751596,6.86956521739,6.58333333333,5.26666666667,3.23762465995,0.471299792272,0.25701706109,4.73695420897,1.37911325071,0.671436433682,3.02754156126,0.881436150746,0.472206934507,0.749331926886,0.444568195885,2.5,1.68552751596,0.749331926886,2.5,0.227679895862,0.155440414508,30,0.016939582157,0.287498360226,23,23,23,1,0,0.478260869565,0.173913043478,0.347826086957,23,79,0.156126482213,1.68552751596,6.86956521739,6.58333333333,5.26666666667,3.23762465995,0.471299792272,0.25701706109,4.73695420897,1.37911325071,0.671436433682,3.02754156126,0.881436150746,0.472206934507,0.749331926886,0.444568195885,2.5,1.68552751596,0.749331926886,2.5,0.227679895862,0.155440414508,30,0.016939582157,0.287498360226,23,23,23,1,0,0.478260869565,0.173913043478,0.347826086957,-9,-0.0177865612648,0.000451722190853,-0.782608695652,-0.75,-0.233333333333,-0.400665343634,-0.00415856046979,0.00751113223595,-0.585828504075,-0.0120685947422,-0.00148846750388,-0.242879233368,0.0266670794234,0.0295191874719,0.000140622527028,-3.57246793425e-05,0,0.000451722190853,0.000140622527028,0,-0.0317667181304,-0.0333420752323,-16,-0.00903444381705,-0.045646272919,0,-0.0434782608696,0.0434782608696,79,0,9,418,0.897727272727,1,0,0.102272727273,1,0.897727272727,0.946107784431,0.937446329455,0.897727272727,0.897727272727,0,9,0,10,8,10
1309,WLNM_dir_neg_kfold,0.950617283951,0.808080808081,00:00:01,10,90,6,20351,threshold_sweep,0.4,0,0,0,0,0,9,18,0,1,0,1,0,0,0,0.666666666667,0.666666666667,0,0,0,94,85,9,0,94,0,85,0,9,23,88,0.173913043478,1.68507579377,7.65217391304,7.33333333333,5.5,3.63829000359,0.475458352741,0.249505928854,5.32278271304,1.39118184545,0.672924901186,3.27042079462,0.854769071322,0.442687747036,0.749191304359,0.444603920564,2.5,1.68507579377,0.749191304359,2.5,0.259446613992,0.18878248974,46,0.025974025974,0.333144633145,23,23,23,1,0,0.478260869565,0.217391304348,0.304347826087,23,0.156126482213,1.68552751596,6.86956521739,6.58333333333,5.26666666667,3.23762465995,0.471299792272,0.25701706109,4.73695420897,1.37911325071,0.671436433682,3.02754156126,0.881436150746,0.472206934507,0.749331926886,0.444568195885,2.5,1.68552751596,0.749331926886,2.5,0.227679895862,0.155440414508,30,0.016939582157,0.287498360226,23,23,23,1,0,0.478260869565,0.173913043478,0.347826086957,23,79,0.156126482213,1.68552751596,6.86956521739,6.58333333333,5.26666666667,3.23762465995,0.471299792272,0.25701706109,4.73695420897,1.37911325071,0.671436433682,3.02754156126,0.881436150746,0.472206934507,0.749331926886,0.444568195885,2.5,1.68552751596,0.749331926886,2.5,0.227679895862,0.155440414508,30,0.016939582157,0.287498360226,23,23,23,1,0,0.478260869565,0.173913043478,0.347826086957,-9,-0.0177865612648,0.000451722190853,-0.782608695652,-0.75,-0.233333333333,-0.400665343634,-0.00415856046979,0.00751113223595,-0.585828504075,-0.0120685947422,-0.00148846750388,-0.242879233368,0.0266670794234,0.0295191874719,0.000140622527028,-3.57246793425e-05,0,0.000451722190853,0.000140622527028,0,-0.0317667181304,-0.0333420752323,-16,-0.00903444381705,-0.045646272919,0,-0.0434782608696,0.0434782608696,79,0,9,418,0.897727272727,1,0,0.102272727273,1,0.897727272727,0.946107784431,0.937446329455,0.897727272727,0.897727272727,0,9,0,10,8,10
1310,WLNM_dir_neg_kfold,0.950617283951,0.808080808081,00:00:01,10,90,6,20351,threshold_sweep,0.5,0,0,0,0,0,9,18,0,1,0,1,0,0,0,0.666666666667,0.666666666667,0,0,0,94,85,9,0,94,0,85,0,9,23,88,0.173913043478,1.68507579377,7.65217391304,7.33333333333,5.5,3.63829000359,0.475458352741,0.249505928854,5.32278271304,1.39118184545,0.672924901186,3.27042079462,0.854769071322,0.442687747036,0.749191304359,0.444603920564,2.5,1.68507579377,0.749191304359,2.5,0.259446613992,0.18878248974,46,0.025974025974,0.333144633145,23,23,23,1,0,0.478260869565,0.217391304348,0.304347826087,23,0.156126482213,1.68552751596,6.86956521739,6.58333333333,5.26666666667,3.23762465995,0.471299792272,0.25701706109,4.73695420897,1.37911325071,0.671436433682,3.02754156126,0.881436150746,0.472206934507,0.749331926886,0.444568195885,2.5,1.68552751596,0.749331926886,2.5,0.227679895862,0.155440414508,30,0.016939582157,0.287498360226,23,23,23,1,0,0.478260869565,0.173913043478,0.347826086957,23,79,0.156126482213,1.68552751596,6.86956521739,6.58333333333,5.26666666667,3.23762465995,0.471299792272,0.25701706109,4.73695420897,1.37911325071,0.671436433682,3.02754156126,0.881436150746,0.472206934507,0.749331926886,0.444568195885,2.5,1.68552751596,0.749331926886,2.5,0.227679895862,0.155440414508,30,0.016939582157,0.287498360226,23,23,23,1,0,0.478260869565,0.173913043478,0.347826086957,-9,-0.0177865612648,0.000451722190853,-0.782608695652,-0.75,-0.233333333333,-0.400665343634,-0.00415856046979,0.00751113223595,-0.585828504075,-0.0120685947422,-0.00148846750388,-0.242879233368,0.0266670794234,0.0295191874719,0.000140622527028,-3.57246793425e-05,0,0.000451722190853,0.000140622527028,0,-0.0317667181304,-0.0333420752323,-16,-0.00903444381705,-0.045646272919,0,-0.0434782608696,0.0434782608696,79,0,9,418,0.897727272727,1,0,0.102272727273,1,0.897727272727,0.946107784431,0.937446329455,0.897727272727,0.897727272727,0,9,0,10,8,10
1311,WLNM_dir_neg_kfold,0.950617283951,0.808080808081,00:00:01,10,90,6,20351,threshold_sweep,0.6,0,0,0,0,0,9,18,0,1,0,1,0,0,0,0.666666666667,0.666666666667,0,0,0,94,85,9,0,94,0,85,0,9,23,88,0.173913043478,1.68507579377,7.65217391304,7.33333333333,5.5,3.63829000359,0.475458352741,0.249505928854,5.32278271304,1.39118184545,0.672924901186,3.27042079462,0.854769071322,0.442687747036,0.749191304359,0.444603920564,2.5,1.68507579377,0.749191304359,2.5,0.259446613992,0.18878248974,46,0.025974025974,0.333144633145,23,23,23,1,0,0.478260869565,0.217391304348,0.304347826087,23,0.156126482213,1.68552751596,6.86956521739,6.58333333333,5.26666666667,3.23762465995,0.471299792272,0.25701706109,4.73695420897,1.37911325071,0.671436433682,3.02754156126,0.881436150746,0.472206934507,0.749331926886,0.444568195885,2.5,1.68552751596,0.749331926886,2.5,0.227679895862,0.155440414508,30,0.016939582157,0.287498360226,23,23,23,1,0,0.478260869565,0.173913043478,0.347826086957,23,79,0.156126482213,1.68552751596,6.86956521739,6.58333333333,5.26666666667,3.23762465995,0.471299792272,0.25701706109,4.73695420897,1.37911325071,0.671436433682,3.02754156126,0.881436150746,0.472206934507,0.749331926886,0.444568195885,2.5,1.68552751596,0.749331926886,2.5,0.227679895862,0.155440414508,30,0.016939582157,0.287498360226,23,23,23,1,0,0.478260869565,0.173913043478,0.347826086957,-9,-0.0177865612648,0.000451722190853,-0.782608695652,-0.75,-0.233333333333,-0.400665343634,-0.00415856046979,0.00751113223595,-0.585828504075,-0.0120685947422,-0.00148846750388,-0.242879233368,0.0266670794234,0.0295191874719,0.000140622527028,-3.57246793425e-05,0,0.000451722190853,0.000140622527028,0,-0.0317667181304,-0.0333420752323,-16,-0.00903444381705,-0.045646272919,0,-0.0434782608696,0.0434782608696,79,0,9,418,0.897727272727,1,0,0.102272727273,1,0.897727272727,0.946107784431,0.937446329455,0.897727272727,0.897727272727,0,9,0,10,8,10
1312,WLNM_dir_neg_kfold,0.950617283951,0.808080808081,00:00:01,10,90,6,20351,threshold_sweep,0.7,0,0,0,0,0,9,18,0,1,0,1,0,0,0,0.666666666667,0.666666666667,0,0,0,94,85,9,0,94,0,85,0,9,23,88,0.173913043478,1.68507579377,7.65217391304,7.33333333333,5.5,3.63829000359,0.475458352741,0.249505928854,5.32278271304,1.39118184545,0.672924901186,3.27042079462,0.854769071322,0.442687747036,0.749191304359,0.444603920564,2.5,1.68507579377,0.749191304359,2.5,0.259446613992,0.18878248974,46,0.025974025974,0.333144633145,23,23,23,1,0,0.478260869565,0.217391304348,0.304347826087,23,0.156126482213,1.68552751596,6.86956521739,6.58333333333,5.26666666667,3.23762465995,0.471299792272,0.25701706109,4.73695420897,1.37911325071,0.671436433682,3.02754156126,0.881436150746,0.472206934507,0.749331926886,0.444568195885,2.5,1.68552751596,0.749331926886,2.5,0.227679895862,0.155440414508,30,0.016939582157,0.287498360226,23,23,23,1,0,0.478260869565,0.173913043478,0.347826086957,23,79,0.156126482213,1.68552751596,6.86956521739,6.58333333333,5.26666666667,3.23762465995,0.471299792272,0.25701706109,4.73695420897,1.37911325071,0.671436433682,3.02754156126,0.881436150746,0.472206934507,0.749331926886,0.444568195885,2.5,1.68552751596,0.749331926886,2.5,0.227679895862,0.155440414508,30,0.016939582157,0.287498360226,23,23,23,1,0,0.478260869565,0.173913043478,0.347826086957,-9,-0.0177865612648,0.000451722190853,-0.782608695652,-0.75,-0.233333333333,-0.400665343634,-0.00415856046979,0.00751113223595,-0.585828504075,-0.0120685947422,-0.00148846750388,-0.242879233368,0.0266670794234,0.0295191874719,0.000140622527028,-3.57246793425e-05,0,0.000451722190853,0.000140622527028,0,-0.0317667181304,-0.0333420752323,-16,-0.00903444381705,-0.045646272919,0,-0.0434782608696,0.0434782608696,79,0,9,418,0.897727272727,1,0,0.102272727273,1,0.897727272727,0.946107784431,0.937446329455,0.897727272727,0.897727272727,0,9,0,10,8,10
1313,WLNM_dir_neg_kfold,0.950617283951,0.808080808081,00:00:01,10,90,6,20351,threshold_sweep,0.8,0,0,0,0,0,9,18,0,1,0,1,0,0,0,0.666666666667,0.666666666667,0,0,0,94,85,9,0,94,0,85,0,9,23,88,0.173913043478,1.68507579377,7.65217391304,7.33333333333,5.5,3.63829000359,0.475458352741,0.249505928854,5.32278271304,1.39118184545,0.672924901186,3.27042079462,0.854769071322,0.442687747036,0.749191304359,0.444603920564,2.5,1.68507579377,0.749191304359,2.5,0.259446613992,0.18878248974,46,0.025974025974,0.333144633145,23,23,23,1,0,0.478260869565,0.217391304348,0.304347826087,23,0.156126482213,1.68552751596,6.86956521739,6.58333333333,5.26666666667,3.23762465995,0.471299792272,0.25701706109,4.73695420897,1.37911325071,0.671436433682,3.02754156126,0.881436150746,0.472206934507,0.749331926886,0.444568195885,2.5,1.68552751596,0.749331926886,2.5,0.227679895862,0.155440414508,30,0.016939582157,0.287498360226,23,23,23,1,0,0.478260869565,0.173913043478,0.347826086957,23,79,0.156126482213,1.68552751596,6.86956521739,6.58333333333,5.26666666667,3.23762465995,0.471299792272,0.25701706109,4.73695420897,1.37911325071,0.671436433682,3.02754156126,0.881436150746,0.472206934507,0.749331926886,0.444568195885,2.5,1.68552751596,0.749331926886,2.5,0.227679895862,0.155440414508,30,0.016939582157,0.287498360226,23,23,23,1,0,0.478260869565,0.173913043478,0.347826086957,-9,-0.0177865612648,0.000451722190853,-0.782608695652,-0.75,-0.233333333333,-0.400665343634,-0.00415856046979,0.00751113223595,-0.585828504075,-0.0120685947422,-0.00148846750388,-0.242879233368,0.0266670794234,0.0295191874719,0.000140622527028,-3.57246793425e-05,0,0.000451722190853,0.000140622527028,0,-0.0317667181304,-0.0333420752323,-16,-0.00903444381705,-0.045646272919,0,-0.0434782608696,0.0434782608696,79,0,9,418,0.897727272727,1,0,0.102272727273,1,0.897727272727,0.946107784431,0.937446329455,0.897727272727,0.897727272727,0,9,0,10,8,10
1314,WLNM_dir_neg_kfold,0.950617283951,0.808080808081,00:00:01,10,90,6,20351,threshold_sweep,0.9,0,0,0,0,0,9,18,0,1,0,1,0,0,0,0.666666666667,0.666666666667,0,0,0,94,85,9,0,94,0,85,0,9,23,88,0.173913043478,1.68507579377,7.65217391304,7.33333333333,5.5,3.63829000359,0.475458352741,0.249505928854,5.32278271304,1.39118184545,0.672924901186,3.27042079462,0.854769071322,0.442687747036,0.749191304359,0.444603920564,2.5,1.68507579377,0.749191304359,2.5,0.259446613992,0.18878248974,46,0.025974025974,0.333144633145,23,23,23,1,0,0.478260869565,0.217391304348,0.304347826087,23,0.156126482213,1.68552751596,6.86956521739,6.58333333333,5.26666666667,3.23762465995,0.471299792272,0.25701706109,4.73695420897,1.37911325071,0.671436433682,3.02754156126,0.881436150746,0.472206934507,0.749331926886,0.444568195885,2.5,1.68552751596,0.749331926886,2.5,0.227679895862,0.155440414508,30,0.016939582157,0.287498360226,23,23,23,1,0,0.478260869565,0.173913043478,0.347826086957,23,79,0.156126482213,1.68552751596,6.86956521739,6.58333333333,5.26666666667,3.23762465995,0.471299792272,0.25701706109,4.73695420897,1.37911325071,0.671436433682,3.02754156126,0.881436150746,0.472206934507,0.749331926886,0.444568195885,2.5,1.68552751596,0.749331926886,2.5,0.227679895862,0.155440414508,30,0.016939582157,0.287498360226,23,23,23,1,0,0.478260869565,0.173913043478,0.347826086957,-9,-0.0177865612648,0.000451722190853,-0.782608695652,-0.75,-0.233333333333,-0.400665343634,-0.00415856046979,0.00751113223595,-0.585828504075,-0.0120685947422,-0.00148846750388,-0.242879233368,0.0266670794234,0.0295191874719,0.000140622527028,-3.57246793425e-05,0,0.000451722190853,0.000140622527028,0,-0.0317667181304,-0.0333420752323,-16,-0.00903444381705,-0.045646272919,0,-0.0434782608696,0.0434782608696,79,0,9,418,0.897727272727,1,0,0.102272727273,1,0.897727272727,0.946107784431,0.937446329455,0.897727272727,0.897727272727,0,9,0,10,8,10
1315,WLNM_dir_neg_kfold,0.796296296296,0.350217864924,00:00:01,10,90,7,20352,threshold_sweep,0.1,0,0,0,0,1,9,17,0,0.944444444444,0.0555555555556,1,0,0,0,0.62962962963,0.654320987654,-0.0714285714286,-0.138675049056,-0.0555555555556,94,85,9,0,94,0,85,0,9,23,88,0.173913043478,1.68507579377,7.65217391304,7.33333333333,5.5,3.63829000359,0.475458352741,0.249505928854,5.32278271304,1.39118184545,0.672924901186,3.27042079462,0.854769071322,0.442687747036,0.749191304359,0.444603920564,2.5,1.68507579377,0.749191304359,2.5,0.259446613992,0.18878248974,46,0.025974025974,0.333144633145,23,23,23,1,0,0.478260869565,0.217391304348,0.304347826087,23,0.156126482213,1.68552751596,6.86956521739,6.58333333333,5.26666666667,3.23762465995,0.471299792272,0.25701706109,4.73695420897,1.37911325071,0.671436433682,3.02754156126,0.881436150746,0.472206934507,0.749331926886,0.444568195885,2.5,1.68552751596,0.749331926886,2.5,0.227679895862,0.155440414508,30,0.016939582157,0.287498360226,23,23,23,1,0,0.478260869565,0.173913043478,0.347826086957,23,80,0.158102766798,1,6.95652173913,6.15384615385,5.33333333333,3.24006538752,0.465759399456,0.254891304348,4.70849874953,1.35369339049,0.661956521739,3.07289566159,0.883457502708,0.472826086957,0,0,0,NaN,NaN,NaN,0.227679895862,0.155440414508,30,0.016939582157,0.272638472638,23,23,0,1,2,0.434782608696,0.217391304348,0.347826086957,-8,-0.0158102766798,-0.685075793771,-0.695652173913,-1.17948717949,-0.166666666667,-0.398224616065,-0.0096989532852,0.00538537549407,-0.614283963516,-0.0374884549653,-0.0109683794466,-0.197525133032,0.0286884313856,0.0301383399209,-0.749191304359,-0.444603920564,-2.5,NaN,NaN,NaN,-0.0317667181304,-0.0333420752323,-16,-0.00903444381705,-0.0605061605062,-0.0434782608696,0,0.0434782608696,79,1,9,417,0.897727272727,0.997607655502,0.00239234449761,0.102272727273,0.9875,0.897727272727,0.940476190476,0.93017617416,0.89533492823,0.887640449438,1,9,0,10,8,10
1316,WLNM_dir_neg_kfold,0.796296296296,0.350217864924,00:00:01,10,90,7,20352,threshold_sweep,0.2,0,0,0,0,1,9,17,0,0.944444444444,0.0555555555556,1,0,0,0,0.62962962963,0.654320987654,-0.0714285714286,-0.138675049056,-0.0555555555556,94,85,9,0,94,0,85,0,9,23,88,0.173913043478,1.68507579377,7.65217391304,7.33333333333,5.5,3.63829000359,0.475458352741,0.249505928854,5.32278271304,1.39118184545,0.672924901186,3.27042079462,0.854769071322,0.442687747036,0.749191304359,0.444603920564,2.5,1.68507579377,0.749191304359,2.5,0.259446613992,0.18878248974,46,0.025974025974,0.333144633145,23,23,23,1,0,0.478260869565,0.217391304348,0.304347826087,23,0.156126482213,1.68552751596,6.86956521739,6.58333333333,5.26666666667,3.23762465995,0.471299792272,0.25701706109,4.73695420897,1.37911325071,0.671436433682,3.02754156126,0.881436150746,0.472206934507,0.749331926886,0.444568195885,2.5,1.68552751596,0.749331926886,2.5,0.227679895862,0.155440414508,30,0.016939582157,0.287498360226,23,23,23,1,0,0.478260869565,0.173913043478,0.347826086957,23,80,0.158102766798,1,6.95652173913,6.15384615385,5.33333333333,3.24006538752,0.465759399456,0.254891304348,4.70849874953,1.35369339049,0.661956521739,3.07289566159,0.883457502708,0.472826086957,0,0,0,NaN,NaN,NaN,0.227679895862,0.155440414508,30,0.016939582157,0.272638472638,23,23,0,1,2,0.434782608696,0.217391304348,0.347826086957,-8,-0.0158102766798,-0.685075793771,-0.695652173913,-1.17948717949,-0.166666666667,-0.398224616065,-0.0096989532852,0.00538537549407,-0.614283963516,-0.0374884549653,-0.0109683794466,-0.197525133032,0.0286884313856,0.0301383399209,-0.749191304359,-0.444603920564,-2.5,NaN,NaN,NaN,-0.0317667181304,-0.0333420752323,-16,-0.00903444381705,-0.0605061605062,-0.0434782608696,0,0.0434782608696,79,1,9,417,0.897727272727,0.997607655502,0.00239234449761,0.102272727273,0.9875,0.897727272727,0.940476190476,0.93017617416,0.89533492823,0.887640449438,1,9,0,10,8,10
1317,WLNM_dir_neg_kfold,0.796296296296,0.350217864924,00:00:01,10,90,7,20352,threshold_sweep,0.3,0,0,0,0,1,9,17,0,0.944444444444,0.0555555555556,1,0,0,0,0.62962962963,0.654320987654,-0.0714285714286,-0.138675049056,-0.0555555555556,94,85,9,0,94,0,85,0,9,23,88,0.173913043478,1.68507579377,7.65217391304,7.33333333333,5.5,3.63829000359,0.475458352741,0.249505928854,5.32278271304,1.39118184545,0.672924901186,3.27042079462,0.854769071322,0.442687747036,0.749191304359,0.444603920564,2.5,1.68507579377,0.749191304359,2.5,0.259446613992,0.18878248974,46,0.025974025974,0.333144633145,23,23,23,1,0,0.478260869565,0.217391304348,0.304347826087,23,0.156126482213,1.68552751596,6.86956521739,6.58333333333,5.26666666667,3.23762465995,0.471299792272,0.25701706109,4.73695420897,1.37911325071,0.671436433682,3.02754156126,0.881436150746,0.472206934507,0.749331926886,0.444568195885,2.5,1.68552751596,0.749331926886,2.5,0.227679895862,0.155440414508,30,0.016939582157,0.287498360226,23,23,23,1,0,0.478260869565,0.173913043478,0.347826086957,23,80,0.158102766798,1,6.95652173913,6.15384615385,5.33333333333,3.24006538752,0.465759399456,0.254891304348,4.70849874953,1.35369339049,0.661956521739,3.07289566159,0.883457502708,0.472826086957,0,0,0,NaN,NaN,NaN,0.227679895862,0.155440414508,30,0.016939582157,0.272638472638,23,23,0,1,2,0.434782608696,0.217391304348,0.347826086957,-8,-0.0158102766798,-0.685075793771,-0.695652173913,-1.17948717949,-0.166666666667,-0.398224616065,-0.0096989532852,0.00538537549407,-0.614283963516,-0.0374884549653,-0.0109683794466,-0.197525133032,0.0286884313856,0.0301383399209,-0.749191304359,-0.444603920564,-2.5,NaN,NaN,NaN,-0.0317667181304,-0.0333420752323,-16,-0.00903444381705,-0.0605061605062,-0.0434782608696,0,0.0434782608696,79,1,9,417,0.897727272727,0.997607655502,0.00239234449761,0.102272727273,0.9875,0.897727272727,0.940476190476,0.93017617416,0.89533492823,0.887640449438,1,9,0,10,8,10
1318,WLNM_dir_neg_kfold,0.796296296296,0.350217864924,00:00:01,10,90,7,20352,threshold_sweep,0.4,0,0,0,0,1,9,17,0,0.944444444444,0.0555555555556,1,0,0,0,0.62962962963,0.654320987654,-0.0714285714286,-0.138675049056,-0.0555555555556,94,85,9,0,94,0,85,0,9,23,88,0.173913043478,1.68507579377,7.65217391304,7.33333333333,5.5,3.63829000359,0.475458352741,0.249505928854,5.32278271304,1.39118184545,0.672924901186,3.27042079462,0.854769071322,0.442687747036,0.749191304359,0.444603920564,2.5,1.68507579377,0.749191304359,2.5,0.259446613992,0.18878248974,46,0.025974025974,0.333144633145,23,23,23,1,0,0.478260869565,0.217391304348,0.304347826087,23,0.156126482213,1.68552751596,6.86956521739,6.58333333333,5.26666666667,3.23762465995,0.471299792272,0.25701706109,4.73695420897,1.37911325071,0.671436433682,3.02754156126,0.881436150746,0.472206934507,0.749331926886,0.444568195885,2.5,1.68552751596,0.749331926886,2.5,0.227679895862,0.155440414508,30,0.016939582157,0.287498360226,23,23,23,1,0,0.478260869565,0.173913043478,0.347826086957,23,80,0.158102766798,1,6.95652173913,6.15384615385,5.33333333333,3.24006538752,0.465759399456,0.254891304348,4.70849874953,1.35369339049,0.661956521739,3.07289566159,0.883457502708,0.472826086957,0,0,0,NaN,NaN,NaN,0.227679895862,0.155440414508,30,0.016939582157,0.272638472638,23,23,0,1,2,0.434782608696,0.217391304348,0.347826086957,-8,-0.0158102766798,-0.685075793771,-0.695652173913,-1.17948717949,-0.166666666667,-0.398224616065,-0.0096989532852,0.00538537549407,-0.614283963516,-0.0374884549653,-0.0109683794466,-0.197525133032,0.0286884313856,0.0301383399209,-0.749191304359,-0.444603920564,-2.5,NaN,NaN,NaN,-0.0317667181304,-0.0333420752323,-16,-0.00903444381705,-0.0605061605062,-0.0434782608696,0,0.0434782608696,79,1,9,417,0.897727272727,0.997607655502,0.00239234449761,0.102272727273,0.9875,0.897727272727,0.940476190476,0.93017617416,0.89533492823,0.887640449438,1,9,0,10,8,10
1319,WLNM_dir_neg_kfold,0.796296296296,0.350217864924,00:00:01,10,90,7,20352,threshold_sweep,0.5,0,0,0,0,1,9,17,0,0.944444444444,0.0555555555556,1,0,0,0,0.62962962963,0.654320987654,-0.0714285714286,-0.138675049056,-0.0555555555556,94,85,9,0,94,0,85,0,9,23,88,0.173913043478,1.68507579377,7.65217391304,7.33333333333,5.5,3.63829000359,0.475458352741,0.249505928854,5.32278271304,1.39118184545,0.672924901186,3.27042079462,0.854769071322,0.442687747036,0.749191304359,0.444603920564,2.5,1.68507579377,0.749191304359,2.5,0.259446613992,0.18878248974,46,0.025974025974,0.333144633145,23,23,23,1,0,0.478260869565,0.217391304348,0.304347826087,23,0.156126482213,1.68552751596,6.86956521739,6.58333333333,5.26666666667,3.23762465995,0.471299792272,0.25701706109,4.73695420897,1.37911325071,0.671436433682,3.02754156126,0.881436150746,0.472206934507,0.749331926886,0.444568195885,2.5,1.68552751596,0.749331926886,2.5,0.227679895862,0.155440414508,30,0.016939582157,0.287498360226,23,23,23,1,0,0.478260869565,0.173913043478,0.347826086957,23,80,0.158102766798,1,6.95652173913,6.15384615385,5.33333333333,3.24006538752,0.465759399456,0.254891304348,4.70849874953,1.35369339049,0.661956521739,3.07289566159,0.883457502708,0.472826086957,0,0,0,NaN,NaN,NaN,0.227679895862,0.155440414508,30,0.016939582157,0.272638472638,23,23,0,1,2,0.434782608696,0.217391304348,0.347826086957,-8,-0.0158102766798,-0.685075793771,-0.695652173913,-1.17948717949,-0.166666666667,-0.398224616065,-0.0096989532852,0.00538537549407,-0.614283963516,-0.0374884549653,-0.0109683794466,-0.197525133032,0.0286884313856,0.0301383399209,-0.749191304359,-0.444603920564,-2.5,NaN,NaN,NaN,-0.0317667181304,-0.0333420752323,-16,-0.00903444381705,-0.0605061605062,-0.0434782608696,0,0.0434782608696,79,1,9,417,0.897727272727,0.997607655502,0.00239234449761,0.102272727273,0.9875,0.897727272727,0.940476190476,0.93017617416,0.89533492823,0.887640449438,1,9,0,10,8,10
1320,WLNM_dir_neg_kfold,0.796296296296,0.350217864924,00:00:01,10,90,7,20352,threshold_sweep,0.6,0,0,0,0,1,9,17,0,0.944444444444,0.0555555555556,1,0,0,0,0.62962962963,0.654320987654,-0.0714285714286,-0.138675049056,-0.0555555555556,94,85,9,0,94,0,85,0,9,23,88,0.173913043478,1.68507579377,7.65217391304,7.33333333333,5.5,3.63829000359,0.475458352741,0.249505928854,5.32278271304,1.39118184545,0.672924901186,3.27042079462,0.854769071322,0.442687747036,0.749191304359,0.444603920564,2.5,1.68507579377,0.749191304359,2.5,0.259446613992,0.18878248974,46,0.025974025974,0.333144633145,23,23,23,1,0,0.478260869565,0.217391304348,0.304347826087,23,0.156126482213,1.68552751596,6.86956521739,6.58333333333,5.26666666667,3.23762465995,0.471299792272,0.25701706109,4.73695420897,1.37911325071,0.671436433682,3.02754156126,0.881436150746,0.472206934507,0.749331926886,0.444568195885,2.5,1.68552751596,0.749331926886,2.5,0.227679895862,0.155440414508,30,0.016939582157,0.287498360226,23,23,23,1,0,0.478260869565,0.173913043478,0.347826086957,23,80,0.158102766798,1,6.95652173913,6.15384615385,5.33333333333,3.24006538752,0.465759399456,0.254891304348,4.70849874953,1.35369339049,0.661956521739,3.07289566159,0.883457502708,0.472826086957,0,0,0,NaN,NaN,NaN,0.227679895862,0.155440414508,30,0.016939582157,0.272638472638,23,23,0,1,2,0.434782608696,0.217391304348,0.347826086957,-8,-0.0158102766798,-0.685075793771,-0.695652173913,-1.17948717949,-0.166666666667,-0.398224616065,-0.0096989532852,0.00538537549407,-0.614283963516,-0.0374884549653,-0.0109683794466,-0.197525133032,0.0286884313856,0.0301383399209,-0.749191304359,-0.444603920564,-2.5,NaN,NaN,NaN,-0.0317667181304,-0.0333420752323,-16,-0.00903444381705,-0.0605061605062,-0.0434782608696,0,0.0434782608696,79,1,9,417,0.897727272727,0.997607655502,0.00239234449761,0.102272727273,0.9875,0.897727272727,0.940476190476,0.93017617416,0.89533492823,0.887640449438,1,9,0,10,8,10
1321,WLNM_dir_neg_kfold,0.796296296296,0.350217864924,00:00:01,10,90,7,20352,threshold_sweep,0.7,0,0,0,0,1,9,17,0,0.944444444444,0.0555555555556,1,0,0,0,0.62962962963,0.654320987654,-0.0714285714286,-0.138675049056,-0.0555555555556,94,85,9,0,94,0,85,0,9,23,88,0.173913043478,1.68507579377,7.65217391304,7.33333333333,5.5,3.63829000359,0.475458352741,0.249505928854,5.32278271304,1.39118184545,0.672924901186,3.27042079462,0.854769071322,0.442687747036,0.749191304359,0.444603920564,2.5,1.68507579377,0.749191304359,2.5,0.259446613992,0.18878248974,46,0.025974025974,0.333144633145,23,23,23,1,0,0.478260869565,0.217391304348,0.304347826087,23,0.156126482213,1.68552751596,6.86956521739,6.58333333333,5.26666666667,3.23762465995,0.471299792272,0.25701706109,4.73695420897,1.37911325071,0.671436433682,3.02754156126,0.881436150746,0.472206934507,0.749331926886,0.444568195885,2.5,1.68552751596,0.749331926886,2.5,0.227679895862,0.155440414508,30,0.016939582157,0.287498360226,23,23,23,1,0,0.478260869565,0.173913043478,0.347826086957,23,80,0.158102766798,1,6.95652173913,6.15384615385,5.33333333333,3.24006538752,0.465759399456,0.254891304348,4.70849874953,1.35369339049,0.661956521739,3.07289566159,0.883457502708,0.472826086957,0,0,0,NaN,NaN,NaN,0.227679895862,0.155440414508,30,0.016939582157,0.272638472638,23,23,0,1,2,0.434782608696,0.217391304348,0.347826086957,-8,-0.0158102766798,-0.685075793771,-0.695652173913,-1.17948717949,-0.166666666667,-0.398224616065,-0.0096989532852,0.00538537549407,-0.614283963516,-0.0374884549653,-0.0109683794466,-0.197525133032,0.0286884313856,0.0301383399209,-0.749191304359,-0.444603920564,-2.5,NaN,NaN,NaN,-0.0317667181304,-0.0333420752323,-16,-0.00903444381705,-0.0605061605062,-0.0434782608696,0,0.0434782608696,79,1,9,417,0.897727272727,0.997607655502,0.00239234449761,0.102272727273,0.9875,0.897727272727,0.940476190476,0.93017617416,0.89533492823,0.887640449438,1,9,0,10,8,10
1322,WLNM_dir_neg_kfold,0.796296296296,0.350217864924,00:00:01,10,90,7,20352,threshold_sweep,0.8,0,0,0,0,1,9,17,0,0.944444444444,0.0555555555556,1,0,0,0,0.62962962963,0.654320987654,-0.0714285714286,-0.138675049056,-0.0555555555556,94,85,9,0,94,0,85,0,9,23,88,0.173913043478,1.68507579377,7.65217391304,7.33333333333,5.5,3.63829000359,0.475458352741,0.249505928854,5.32278271304,1.39118184545,0.672924901186,3.27042079462,0.854769071322,0.442687747036,0.749191304359,0.444603920564,2.5,1.68507579377,0.749191304359,2.5,0.259446613992,0.18878248974,46,0.025974025974,0.333144633145,23,23,23,1,0,0.478260869565,0.217391304348,0.304347826087,23,0.156126482213,1.68552751596,6.86956521739,6.58333333333,5.26666666667,3.23762465995,0.471299792272,0.25701706109,4.73695420897,1.37911325071,0.671436433682,3.02754156126,0.881436150746,0.472206934507,0.749331926886,0.444568195885,2.5,1.68552751596,0.749331926886,2.5,0.227679895862,0.155440414508,30,0.016939582157,0.287498360226,23,23,23,1,0,0.478260869565,0.173913043478,0.347826086957,23,80,0.158102766798,1,6.95652173913,6.15384615385,5.33333333333,3.24006538752,0.465759399456,0.254891304348,4.70849874953,1.35369339049,0.661956521739,3.07289566159,0.883457502708,0.472826086957,0,0,0,NaN,NaN,NaN,0.227679895862,0.155440414508,30,0.016939582157,0.272638472638,23,23,0,1,2,0.434782608696,0.217391304348,0.347826086957,-8,-0.0158102766798,-0.685075793771,-0.695652173913,-1.17948717949,-0.166666666667,-0.398224616065,-0.0096989532852,0.00538537549407,-0.614283963516,-0.0374884549653,-0.0109683794466,-0.197525133032,0.0286884313856,0.0301383399209,-0.749191304359,-0.444603920564,-2.5,NaN,NaN,NaN,-0.0317667181304,-0.0333420752323,-16,-0.00903444381705,-0.0605061605062,-0.0434782608696,0,0.0434782608696,79,1,9,417,0.897727272727,0.997607655502,0.00239234449761,0.102272727273,0.9875,0.897727272727,0.940476190476,0.93017617416,0.89533492823,0.887640449438,1,9,0,10,8,10
1323,WLNM_dir_neg_kfold,0.796296296296,0.350217864924,00:00:01,10,90,7,20352,threshold_sweep,0.9,0,0,0,0,1,9,17,0,0.944444444444,0.0555555555556,1,0,0,0,0.62962962963,0.654320987654,-0.0714285714286,-0.138675049056,-0.0555555555556,94,85,9,0,94,0,85,0,9,23,88,0.173913043478,1.68507579377,7.65217391304,7.33333333333,5.5,3.63829000359,0.475458352741,0.249505928854,5.32278271304,1.39118184545,0.672924901186,3.27042079462,0.854769071322,0.442687747036,0.749191304359,0.444603920564,2.5,1.68507579377,0.749191304359,2.5,0.259446613992,0.18878248974,46,0.025974025974,0.333144633145,23,23,23,1,0,0.478260869565,0.217391304348,0.304347826087,23,0.156126482213,1.68552751596,6.86956521739,6.58333333333,5.26666666667,3.23762465995,0.471299792272,0.25701706109,4.73695420897,1.37911325071,0.671436433682,3.02754156126,0.881436150746,0.472206934507,0.749331926886,0.444568195885,2.5,1.68552751596,0.749331926886,2.5,0.227679895862,0.155440414508,30,0.016939582157,0.287498360226,23,23,23,1,0,0.478260869565,0.173913043478,0.347826086957,23,80,0.158102766798,1,6.95652173913,6.15384615385,5.33333333333,3.24006538752,0.465759399456,0.254891304348,4.70849874953,1.35369339049,0.661956521739,3.07289566159,0.883457502708,0.472826086957,0,0,0,NaN,NaN,NaN,0.227679895862,0.155440414508,30,0.016939582157,0.272638472638,23,23,0,1,2,0.434782608696,0.217391304348,0.347826086957,-8,-0.0158102766798,-0.685075793771,-0.695652173913,-1.17948717949,-0.166666666667,-0.398224616065,-0.0096989532852,0.00538537549407,-0.614283963516,-0.0374884549653,-0.0109683794466,-0.197525133032,0.0286884313856,0.0301383399209,-0.749191304359,-0.444603920564,-2.5,NaN,NaN,NaN,-0.0317667181304,-0.0333420752323,-16,-0.00903444381705,-0.0605061605062,-0.0434782608696,0,0.0434782608696,79,1,9,417,0.897727272727,0.997607655502,0.00239234449761,0.102272727273,0.9875,0.897727272727,0.940476190476,0.93017617416,0.89533492823,0.887640449438,1,9,0,10,8,10
1324,WLNM_dir_neg_kfold,0.648148148148,0.326563958917,00:00:01,10,90,8,20353,threshold_sweep,0.1,0,0,0,0,1,9,17,0,0.944444444444,0.0555555555556,1,0,0,0,0.62962962963,0.654320987654,-0.0714285714286,-0.138675049056,-0.0555555555556,94,85,9,0,94,0,85,0,9,23,88,0.173913043478,1.68507579377,7.65217391304,7.33333333333,5.5,3.63829000359,0.475458352741,0.249505928854,5.32278271304,1.39118184545,0.672924901186,3.27042079462,0.854769071322,0.442687747036,0.749191304359,0.444603920564,2.5,1.68507579377,0.749191304359,2.5,0.259446613992,0.18878248974,46,0.025974025974,0.333144633145,23,23,23,1,0,0.478260869565,0.217391304348,0.304347826087,23,0.156126482213,1.68552751596,6.86956521739,6.58333333333,5.26666666667,3.23762465995,0.471299792272,0.25701706109,4.73695420897,1.37911325071,0.671436433682,3.02754156126,0.881436150746,0.472206934507,0.749331926886,0.444568195885,2.5,1.68552751596,0.749331926886,2.5,0.227679895862,0.155440414508,30,0.016939582157,0.287498360226,23,23,23,1,0,0.478260869565,0.173913043478,0.347826086957,23,80,0.158102766798,1.88371085436,6.95652173913,6.15384615385,5.33333333333,3.16914472072,0.455564553604,0.246739130435,4.70849874953,1.35369339049,0.661956521739,3.01314642581,0.866279597422,0.465217391304,0.904884837899,0.480373532808,3,1.88371085436,0.904884837899,3,0.218588986771,0.15332197615,30,0.016939582157,0.25096015096,23,23,23,1,0,0.434782608696,0.217391304348,0.347826086957,-8,-0.0158102766798,0.198635060592,-0.695652173913,-1.17948717949,-0.166666666667,-0.469145282866,-0.0198937991379,-0.00276679841897,-0.614283963516,-0.0374884549653,-0.0109683794466,-0.25727436881,0.0115105260994,0.0225296442688,0.15569353354,0.0357696122436,0.5,0.198635060592,0.15569353354,0.5,-0.0408576272213,-0.0354605135902,-16,-0.00903444381705,-0.0821844821845,-0.0434782608696,0,0.0434782608696,79,1,9,417,0.897727272727,0.997607655502,0.00239234449761,0.102272727273,0.9875,0.897727272727,0.940476190476,0.93017617416,0.89533492823,0.887640449438,1,9,0,10,8,10
1325,WLNM_dir_neg_kfold,0.648148148148,0.326563958917,00:00:01,10,90,8,20353,threshold_sweep,0.2,0,0,0,0,1,9,17,0,0.944444444444,0.0555555555556,1,0,0,0,0.62962962963,0.654320987654,-0.0714285714286,-0.138675049056,-0.0555555555556,94,85,9,0,94,0,85,0,9,23,88,0.173913043478,1.68507579377,7.65217391304,7.33333333333,5.5,3.63829000359,0.475458352741,0.249505928854,5.32278271304,1.39118184545,0.672924901186,3.27042079462,0.854769071322,0.442687747036,0.749191304359,0.444603920564,2.5,1.68507579377,0.749191304359,2.5,0.259446613992,0.18878248974,46,0.025974025974,0.333144633145,23,23,23,1,0,0.478260869565,0.217391304348,0.304347826087,23,0.156126482213,1.68552751596,6.86956521739,6.58333333333,5.26666666667,3.23762465995,0.471299792272,0.25701706109,4.73695420897,1.37911325071,0.671436433682,3.02754156126,0.881436150746,0.472206934507,0.749331926886,0.444568195885,2.5,1.68552751596,0.749331926886,2.5,0.227679895862,0.155440414508,30,0.016939582157,0.287498360226,23,23,23,1,0,0.478260869565,0.173913043478,0.347826086957,23,80,0.158102766798,1.88371085436,6.95652173913,6.15384615385,5.33333333333,3.16914472072,0.455564553604,0.246739130435,4.70849874953,1.35369339049,0.661956521739,3.01314642581,0.866279597422,0.465217391304,0.904884837899,0.480373532808,3,1.88371085436,0.904884837899,3,0.218588986771,0.15332197615,30,0.016939582157,0.25096015096,23,23,23,1,0,0.434782608696,0.217391304348,0.347826086957,-8,-0.0158102766798,0.198635060592,-0.695652173913,-1.17948717949,-0.166666666667,-0.469145282866,-0.0198937991379,-0.00276679841897,-0.614283963516,-0.0374884549653,-0.0109683794466,-0.25727436881,0.0115105260994,0.0225296442688,0.15569353354,0.0357696122436,0.5,0.198635060592,0.15569353354,0.5,-0.0408576272213,-0.0354605135902,-16,-0.00903444381705,-0.0821844821845,-0.0434782608696,0,0.0434782608696,79,1,9,417,0.897727272727,0.997607655502,0.00239234449761,0.102272727273,0.9875,0.897727272727,0.940476190476,0.93017617416,0.89533492823,0.887640449438,1,9,0,10,8,10
1326,WLNM_dir_neg_kfold,0.648148148148,0.326563958917,00:00:01,10,90,8,20353,threshold_sweep,0.3,0,0,0,0,1,9,17,0,0.944444444444,0.0555555555556,1,0,0,0,0.62962962963,0.654320987654,-0.0714285714286,-0.138675049056,-0.0555555555556,94,85,9,0,94,0,85,0,9,23,88,0.173913043478,1.68507579377,7.65217391304,7.33333333333,5.5,3.63829000359,0.475458352741,0.249505928854,5.32278271304,1.39118184545,0.672924901186,3.27042079462,0.854769071322,0.442687747036,0.749191304359,0.444603920564,2.5,1.68507579377,0.749191304359,2.5,0.259446613992,0.18878248974,46,0.025974025974,0.333144633145,23,23,23,1,0,0.478260869565,0.217391304348,0.304347826087,23,0.156126482213,1.68552751596,6.86956521739,6.58333333333,5.26666666667,3.23762465995,0.471299792272,0.25701706109,4.73695420897,1.37911325071,0.671436433682,3.02754156126,0.881436150746,0.472206934507,0.749331926886,0.444568195885,2.5,1.68552751596,0.749331926886,2.5,0.227679895862,0.155440414508,30,0.016939582157,0.287498360226,23,23,23,1,0,0.478260869565,0.173913043478,0.347826086957,23,80,0.158102766798,1.88371085436,6.95652173913,6.15384615385,5.33333333333,3.16914472072,0.455564553604,0.246739130435,4.70849874953,1.35369339049,0.661956521739,3.01314642581,0.866279597422,0.465217391304,0.904884837899,0.480373532808,3,1.88371085436,0.904884837899,3,0.218588986771,0.15332197615,30,0.016939582157,0.25096015096,23,23,23,1,0,0.434782608696,0.217391304348,0.347826086957,-8,-0.0158102766798,0.198635060592,-0.695652173913,-1.17948717949,-0.166666666667,-0.469145282866,-0.0198937991379,-0.00276679841897,-0.614283963516,-0.0374884549653,-0.0109683794466,-0.25727436881,0.0115105260994,0.0225296442688,0.15569353354,0.0357696122436,0.5,0.198635060592,0.15569353354,0.5,-0.0408576272213,-0.0354605135902,-16,-0.00903444381705,-0.0821844821845,-0.0434782608696,0,0.0434782608696,79,1,9,417,0.897727272727,0.997607655502,0.00239234449761,0.102272727273,0.9875,0.897727272727,0.940476190476,0.93017617416,0.89533492823,0.887640449438,1,9,0,10,8,10
1327,WLNM_dir_neg_kfold,0.648148148148,0.326563958917,00:00:01,10,90,8,20353,threshold_sweep,0.4,0,0,0,0,1,9,17,0,0.944444444444,0.0555555555556,1,0,0,0,0.62962962963,0.654320987654,-0.0714285714286,-0.138675049056,-0.0555555555556,94,85,9,0,94,0,85,0,9,23,88,0.173913043478,1.68507579377,7.65217391304,7.33333333333,5.5,3.63829000359,0.475458352741,0.249505928854,5.32278271304,1.39118184545,0.672924901186,3.27042079462,0.854769071322,0.442687747036,0.749191304359,0.444603920564,2.5,1.68507579377,0.749191304359,2.5,0.259446613992,0.18878248974,46,0.025974025974,0.333144633145,23,23,23,1,0,0.478260869565,0.217391304348,0.304347826087,23,0.156126482213,1.68552751596,6.86956521739,6.58333333333,5.26666666667,3.23762465995,0.471299792272,0.25701706109,4.73695420897,1.37911325071,0.671436433682,3.02754156126,0.881436150746,0.472206934507,0.749331926886,0.444568195885,2.5,1.68552751596,0.749331926886,2.5,0.227679895862,0.155440414508,30,0.016939582157,0.287498360226,23,23,23,1,0,0.478260869565,0.173913043478,0.347826086957,23,80,0.158102766798,1.88371085436,6.95652173913,6.15384615385,5.33333333333,3.16914472072,0.455564553604,0.246739130435,4.70849874953,1.35369339049,0.661956521739,3.01314642581,0.866279597422,0.465217391304,0.904884837899,0.480373532808,3,1.88371085436,0.904884837899,3,0.218588986771,0.15332197615,30,0.016939582157,0.25096015096,23,23,23,1,0,0.434782608696,0.217391304348,0.347826086957,-8,-0.0158102766798,0.198635060592,-0.695652173913,-1.17948717949,-0.166666666667,-0.469145282866,-0.0198937991379,-0.00276679841897,-0.614283963516,-0.0374884549653,-0.0109683794466,-0.25727436881,0.0115105260994,0.0225296442688,0.15569353354,0.0357696122436,0.5,0.198635060592,0.15569353354,0.5,-0.0408576272213,-0.0354605135902,-16,-0.00903444381705,-0.0821844821845,-0.0434782608696,0,0.0434782608696,79,1,9,417,0.897727272727,0.997607655502,0.00239234449761,0.102272727273,0.9875,0.897727272727,0.940476190476,0.93017617416,0.89533492823,0.887640449438,1,9,0,10,8,10
1328,WLNM_dir_neg_kfold,0.648148148148,0.326563958917,00:00:01,10,90,8,20353,threshold_sweep,0.5,0,0,0,0,0,9,18,0,1,0,1,0,0,0,0.666666666667,0.666666666667,0,0,0,94,85,9,0,94,0,85,0,9,23,88,0.173913043478,1.68507579377,7.65217391304,7.33333333333,5.5,3.63829000359,0.475458352741,0.249505928854,5.32278271304,1.39118184545,0.672924901186,3.27042079462,0.854769071322,0.442687747036,0.749191304359,0.444603920564,2.5,1.68507579377,0.749191304359,2.5,0.259446613992,0.18878248974,46,0.025974025974,0.333144633145,23,23,23,1,0,0.478260869565,0.217391304348,0.304347826087,23,0.156126482213,1.68552751596,6.86956521739,6.58333333333,5.26666666667,3.23762465995,0.471299792272,0.25701706109,4.73695420897,1.37911325071,0.671436433682,3.02754156126,0.881436150746,0.472206934507,0.749331926886,0.444568195885,2.5,1.68552751596,0.749331926886,2.5,0.227679895862,0.155440414508,30,0.016939582157,0.287498360226,23,23,23,1,0,0.478260869565,0.173913043478,0.347826086957,23,79,0.156126482213,1.68552751596,6.86956521739,6.58333333333,5.26666666667,3.23762465995,0.471299792272,0.25701706109,4.73695420897,1.37911325071,0.671436433682,3.02754156126,0.881436150746,0.472206934507,0.749331926886,0.444568195885,2.5,1.68552751596,0.749331926886,2.5,0.227679895862,0.155440414508,30,0.016939582157,0.287498360226,23,23,23,1,0,0.478260869565,0.173913043478,0.347826086957,-9,-0.0177865612648,0.000451722190853,-0.782608695652,-0.75,-0.233333333333,-0.400665343634,-0.00415856046979,0.00751113223595,-0.585828504075,-0.0120685947422,-0.00148846750388,-0.242879233368,0.0266670794234,0.0295191874719,0.000140622527028,-3.57246793425e-05,0,0.000451722190853,0.000140622527028,0,-0.0317667181304,-0.0333420752323,-16,-0.00903444381705,-0.045646272919,0,-0.0434782608696,0.0434782608696,79,0,9,418,0.897727272727,1,0,0.102272727273,1,0.897727272727,0.946107784431,0.937446329455,0.897727272727,0.897727272727,0,9,0,10,8,10
1329,WLNM_dir_neg_kfold,0.648148148148,0.326563958917,00:00:01,10,90,8,20353,threshold_sweep,0.6,0,0,0,0,0,9,18,0,1,0,1,0,0,0,0.666666666667,0.666666666667,0,0,0,94,85,9,0,94,0,85,0,9,23,88,0.173913043478,1.68507579377,7.65217391304,7.33333333333,5.5,3.63829000359,0.475458352741,0.249505928854,5.32278271304,1.39118184545,0.672924901186,3.27042079462,0.854769071322,0.442687747036,0.749191304359,0.444603920564,2.5,1.68507579377,0.749191304359,2.5,0.259446613992,0.18878248974,46,0.025974025974,0.333144633145,23,23,23,1,0,0.478260869565,0.217391304348,0.304347826087,23,0.156126482213,1.68552751596,6.86956521739,6.58333333333,5.26666666667,3.23762465995,0.471299792272,0.25701706109,4.73695420897,1.37911325071,0.671436433682,3.02754156126,0.881436150746,0.472206934507,0.749331926886,0.444568195885,2.5,1.68552751596,0.749331926886,2.5,0.227679895862,0.155440414508,30,0.016939582157,0.287498360226,23,23,23,1,0,0.478260869565,0.173913043478,0.347826086957,23,79,0.156126482213,1.68552751596,6.86956521739,6.58333333333,5.26666666667,3.23762465995,0.471299792272,0.25701706109,4.73695420897,1.37911325071,0.671436433682,3.02754156126,0.881436150746,0.472206934507,0.749331926886,0.444568195885,2.5,1.68552751596,0.749331926886,2.5,0.227679895862,0.155440414508,30,0.016939582157,0.287498360226,23,23,23,1,0,0.478260869565,0.173913043478,0.347826086957,-9,-0.0177865612648,0.000451722190853,-0.782608695652,-0.75,-0.233333333333,-0.400665343634,-0.00415856046979,0.00751113223595,-0.585828504075,-0.0120685947422,-0.00148846750388,-0.242879233368,0.0266670794234,0.0295191874719,0.000140622527028,-3.57246793425e-05,0,0.000451722190853,0.000140622527028,0,-0.0317667181304,-0.0333420752323,-16,-0.00903444381705,-0.045646272919,0,-0.0434782608696,0.0434782608696,79,0,9,418,0.897727272727,1,0,0.102272727273,1,0.897727272727,0.946107784431,0.937446329455,0.897727272727,0.897727272727,0,9,0,10,8,10
1330,WLNM_dir_neg_kfold,0.648148148148,0.326563958917,00:00:01,10,90,8,20353,threshold_sweep,0.7,0,0,0,0,0,9,18,0,1,0,1,0,0,0,0.666666666667,0.666666666667,0,0,0,94,85,9,0,94,0,85,0,9,23,88,0.173913043478,1.68507579377,7.65217391304,7.33333333333,5.5,3.63829000359,0.475458352741,0.249505928854,5.32278271304,1.39118184545,0.672924901186,3.27042079462,0.854769071322,0.442687747036,0.749191304359,0.444603920564,2.5,1.68507579377,0.749191304359,2.5,0.259446613992,0.18878248974,46,0.025974025974,0.333144633145,23,23,23,1,0,0.478260869565,0.217391304348,0.304347826087,23,0.156126482213,1.68552751596,6.86956521739,6.58333333333,5.26666666667,3.23762465995,0.471299792272,0.25701706109,4.73695420897,1.37911325071,0.671436433682,3.02754156126,0.881436150746,0.472206934507,0.749331926886,0.444568195885,2.5,1.68552751596,0.749331926886,2.5,0.227679895862,0.155440414508,30,0.016939582157,0.287498360226,23,23,23,1,0,0.478260869565,0.173913043478,0.347826086957,23,79,0.156126482213,1.68552751596,6.86956521739,6.58333333333,5.26666666667,3.23762465995,0.471299792272,0.25701706109,4.73695420897,1.37911325071,0.671436433682,3.02754156126,0.881436150746,0.472206934507,0.749331926886,0.444568195885,2.5,1.68552751596,0.749331926886,2.5,0.227679895862,0.155440414508,30,0.016939582157,0.287498360226,23,23,23,1,0,0.478260869565,0.173913043478,0.347826086957,-9,-0.0177865612648,0.000451722190853,-0.782608695652,-0.75,-0.233333333333,-0.400665343634,-0.00415856046979,0.00751113223595,-0.585828504075,-0.0120685947422,-0.00148846750388,-0.242879233368,0.0266670794234,0.0295191874719,0.000140622527028,-3.57246793425e-05,0,0.000451722190853,0.000140622527028,0,-0.0317667181304,-0.0333420752323,-16,-0.00903444381705,-0.045646272919,0,-0.0434782608696,0.0434782608696,79,0,9,418,0.897727272727,1,0,0.102272727273,1,0.897727272727,0.946107784431,0.937446329455,0.897727272727,0.897727272727,0,9,0,10,8,10
1331,WLNM_dir_neg_kfold,0.648148148148,0.326563958917,00:00:01,10,90,8,20353,threshold_sweep,0.8,0,0,0,0,0,9,18,0,1,0,1,0,0,0,0.666666666667,0.666666666667,0,0,0,94,85,9,0,94,0,85,0,9,23,88,0.173913043478,1.68507579377,7.65217391304,7.33333333333,5.5,3.63829000359,0.475458352741,0.249505928854,5.32278271304,1.39118184545,0.672924901186,3.27042079462,0.854769071322,0.442687747036,0.749191304359,0.444603920564,2.5,1.68507579377,0.749191304359,2.5,0.259446613992,0.18878248974,46,0.025974025974,0.333144633145,23,23,23,1,0,0.478260869565,0.217391304348,0.304347826087,23,0.156126482213,1.68552751596,6.86956521739,6.58333333333,5.26666666667,3.23762465995,0.471299792272,0.25701706109,4.73695420897,1.37911325071,0.671436433682,3.02754156126,0.881436150746,0.472206934507,0.749331926886,0.444568195885,2.5,1.68552751596,0.749331926886,2.5,0.227679895862,0.155440414508,30,0.016939582157,0.287498360226,23,23,23,1,0,0.478260869565,0.173913043478,0.347826086957,23,79,0.156126482213,1.68552751596,6.86956521739,6.58333333333,5.26666666667,3.23762465995,0.471299792272,0.25701706109,4.73695420897,1.37911325071,0.671436433682,3.02754156126,0.881436150746,0.472206934507,0.749331926886,0.444568195885,2.5,1.68552751596,0.749331926886,2.5,0.227679895862,0.155440414508,30,0.016939582157,0.287498360226,23,23,23,1,0,0.478260869565,0.173913043478,0.347826086957,-9,-0.0177865612648,0.000451722190853,-0.782608695652,-0.75,-0.233333333333,-0.400665343634,-0.00415856046979,0.00751113223595,-0.585828504075,-0.0120685947422,-0.00148846750388,-0.242879233368,0.0266670794234,0.0295191874719,0.000140622527028,-3.57246793425e-05,0,0.000451722190853,0.000140622527028,0,-0.0317667181304,-0.0333420752323,-16,-0.00903444381705,-0.045646272919,0,-0.0434782608696,0.0434782608696,79,0,9,418,0.897727272727,1,0,0.102272727273,1,0.897727272727,0.946107784431,0.937446329455,0.897727272727,0.897727272727,0,9,0,10,8,10
1332,WLNM_dir_neg_kfold,0.648148148148,0.326563958917,00:00:01,10,90,8,20353,threshold_sweep,0.9,0,0,0,0,0,9,18,0,1,0,1,0,0,0,0.666666666667,0.666666666667,0,0,0,94,85,9,0,94,0,85,0,9,23,88,0.173913043478,1.68507579377,7.65217391304,7.33333333333,5.5,3.63829000359,0.475458352741,0.249505928854,5.32278271304,1.39118184545,0.672924901186,3.27042079462,0.854769071322,0.442687747036,0.749191304359,0.444603920564,2.5,1.68507579377,0.749191304359,2.5,0.259446613992,0.18878248974,46,0.025974025974,0.333144633145,23,23,23,1,0,0.478260869565,0.217391304348,0.304347826087,23,0.156126482213,1.68552751596,6.86956521739,6.58333333333,5.26666666667,3.23762465995,0.471299792272,0.25701706109,4.73695420897,1.37911325071,0.671436433682,3.02754156126,0.881436150746,0.472206934507,0.749331926886,0.444568195885,2.5,1.68552751596,0.749331926886,2.5,0.227679895862,0.155440414508,30,0.016939582157,0.287498360226,23,23,23,1,0,0.478260869565,0.173913043478,0.347826086957,23,79,0.156126482213,1.68552751596,6.86956521739,6.58333333333,5.26666666667,3.23762465995,0.471299792272,0.25701706109,4.73695420897,1.37911325071,0.671436433682,3.02754156126,0.881436150746,0.472206934507,0.749331926886,0.444568195885,2.5,1.68552751596,0.749331926886,2.5,0.227679895862,0.155440414508,30,0.016939582157,0.287498360226,23,23,23,1,0,0.478260869565,0.173913043478,0.347826086957,-9,-0.0177865612648,0.000451722190853,-0.782608695652,-0.75,-0.233333333333,-0.400665343634,-0.00415856046979,0.00751113223595,-0.585828504075,-0.0120685947422,-0.00148846750388,-0.242879233368,0.0266670794234,0.0295191874719,0.000140622527028,-3.57246793425e-05,0,0.000451722190853,0.000140622527028,0,-0.0317667181304,-0.0333420752323,-16,-0.00903444381705,-0.045646272919,0,-0.0434782608696,0.0434782608696,79,0,9,418,0.897727272727,1,0,0.102272727273,1,0.897727272727,0.946107784431,0.937446329455,0.897727272727,0.897727272727,0,9,0,10,8,10
1333,WLNM_dir_neg_kfold,0.734567901235,0.334383903134,00:00:01,10,90,9,20354,threshold_sweep,0.1,0,0,0,0,0,9,18,0,1,0,1,0,0,0,0.666666666667,0.666666666667,0,0,0,94,85,9,0,94,0,85,0,9,23,88,0.173913043478,1.68507579377,7.65217391304,7.33333333333,5.5,3.63829000359,0.475458352741,0.249505928854,5.32278271304,1.39118184545,0.672924901186,3.27042079462,0.854769071322,0.442687747036,0.749191304359,0.444603920564,2.5,1.68507579377,0.749191304359,2.5,0.259446613992,0.18878248974,46,0.025974025974,0.333144633145,23,23,23,1,0,0.478260869565,0.217391304348,0.304347826087,23,0.156126482213,1.68552751596,6.86956521739,6.58333333333,5.26666666667,3.23762465995,0.471299792272,0.25701706109,4.73695420897,1.37911325071,0.671436433682,3.02754156126,0.881436150746,0.472206934507,0.749331926886,0.444568195885,2.5,1.68552751596,0.749331926886,2.5,0.227679895862,0.155440414508,30,0.016939582157,0.287498360226,23,23,23,1,0,0.478260869565,0.173913043478,0.347826086957,23,79,0.156126482213,1.68552751596,6.86956521739,6.58333333333,5.26666666667,3.23762465995,0.471299792272,0.25701706109,4.73695420897,1.37911325071,0.671436433682,3.02754156126,0.881436150746,0.472206934507,0.749331926886,0.444568195885,2.5,1.68552751596,0.749331926886,2.5,0.227679895862,0.155440414508,30,0.016939582157,0.287498360226,23,23,23,1,0,0.478260869565,0.173913043478,0.347826086957,-9,-0.0177865612648,0.000451722190853,-0.782608695652,-0.75,-0.233333333333,-0.400665343634,-0.00415856046979,0.00751113223595,-0.585828504075,-0.0120685947422,-0.00148846750388,-0.242879233368,0.0266670794234,0.0295191874719,0.000140622527028,-3.57246793425e-05,0,0.000451722190853,0.000140622527028,0,-0.0317667181304,-0.0333420752323,-16,-0.00903444381705,-0.045646272919,0,-0.0434782608696,0.0434782608696,79,0,9,418,0.897727272727,1,0,0.102272727273,1,0.897727272727,0.946107784431,0.937446329455,0.897727272727,0.897727272727,0,9,0,10,8,10
1334,WLNM_dir_neg_kfold,0.734567901235,0.334383903134,00:00:01,10,90,9,20354,threshold_sweep,0.2,0,0,0,0,0,9,18,0,1,0,1,0,0,0,0.666666666667,0.666666666667,0,0,0,94,85,9,0,94,0,85,0,9,23,88,0.173913043478,1.68507579377,7.65217391304,7.33333333333,5.5,3.63829000359,0.475458352741,0.249505928854,5.32278271304,1.39118184545,0.672924901186,3.27042079462,0.854769071322,0.442687747036,0.749191304359,0.444603920564,2.5,1.68507579377,0.749191304359,2.5,0.259446613992,0.18878248974,46,0.025974025974,0.333144633145,23,23,23,1,0,0.478260869565,0.217391304348,0.304347826087,23,0.156126482213,1.68552751596,6.86956521739,6.58333333333,5.26666666667,3.23762465995,0.471299792272,0.25701706109,4.73695420897,1.37911325071,0.671436433682,3.02754156126,0.881436150746,0.472206934507,0.749331926886,0.444568195885,2.5,1.68552751596,0.749331926886,2.5,0.227679895862,0.155440414508,30,0.016939582157,0.287498360226,23,23,23,1,0,0.478260869565,0.173913043478,0.347826086957,23,79,0.156126482213,1.68552751596,6.86956521739,6.58333333333,5.26666666667,3.23762465995,0.471299792272,0.25701706109,4.73695420897,1.37911325071,0.671436433682,3.02754156126,0.881436150746,0.472206934507,0.749331926886,0.444568195885,2.5,1.68552751596,0.749331926886,2.5,0.227679895862,0.155440414508,30,0.016939582157,0.287498360226,23,23,23,1,0,0.478260869565,0.173913043478,0.347826086957,-9,-0.0177865612648,0.000451722190853,-0.782608695652,-0.75,-0.233333333333,-0.400665343634,-0.00415856046979,0.00751113223595,-0.585828504075,-0.0120685947422,-0.00148846750388,-0.242879233368,0.0266670794234,0.0295191874719,0.000140622527028,-3.57246793425e-05,0,0.000451722190853,0.000140622527028,0,-0.0317667181304,-0.0333420752323,-16,-0.00903444381705,-0.045646272919,0,-0.0434782608696,0.0434782608696,79,0,9,418,0.897727272727,1,0,0.102272727273,1,0.897727272727,0.946107784431,0.937446329455,0.897727272727,0.897727272727,0,9,0,10,8,10
1335,WLNM_dir_neg_kfold,0.734567901235,0.334383903134,00:00:01,10,90,9,20354,threshold_sweep,0.3,0,0,0,0,0,9,18,0,1,0,1,0,0,0,0.666666666667,0.666666666667,0,0,0,94,85,9,0,94,0,85,0,9,23,88,0.173913043478,1.68507579377,7.65217391304,7.33333333333,5.5,3.63829000359,0.475458352741,0.249505928854,5.32278271304,1.39118184545,0.672924901186,3.27042079462,0.854769071322,0.442687747036,0.749191304359,0.444603920564,2.5,1.68507579377,0.749191304359,2.5,0.259446613992,0.18878248974,46,0.025974025974,0.333144633145,23,23,23,1,0,0.478260869565,0.217391304348,0.304347826087,23,0.156126482213,1.68552751596,6.86956521739,6.58333333333,5.26666666667,3.23762465995,0.471299792272,0.25701706109,4.73695420897,1.37911325071,0.671436433682,3.02754156126,0.881436150746,0.472206934507,0.749331926886,0.444568195885,2.5,1.68552751596,0.749331926886,2.5,0.227679895862,0.155440414508,30,0.016939582157,0.287498360226,23,23,23,1,0,0.478260869565,0.173913043478,0.347826086957,23,79,0.156126482213,1.68552751596,6.86956521739,6.58333333333,5.26666666667,3.23762465995,0.471299792272,0.25701706109,4.73695420897,1.37911325071,0.671436433682,3.02754156126,0.881436150746,0.472206934507,0.749331926886,0.444568195885,2.5,1.68552751596,0.749331926886,2.5,0.227679895862,0.155440414508,30,0.016939582157,0.287498360226,23,23,23,1,0,0.478260869565,0.173913043478,0.347826086957,-9,-0.0177865612648,0.000451722190853,-0.782608695652,-0.75,-0.233333333333,-0.400665343634,-0.00415856046979,0.00751113223595,-0.585828504075,-0.0120685947422,-0.00148846750388,-0.242879233368,0.0266670794234,0.0295191874719,0.000140622527028,-3.57246793425e-05,0,0.000451722190853,0.000140622527028,0,-0.0317667181304,-0.0333420752323,-16,-0.00903444381705,-0.045646272919,0,-0.0434782608696,0.0434782608696,79,0,9,418,0.897727272727,1,0,0.102272727273,1,0.897727272727,0.946107784431,0.937446329455,0.897727272727,0.897727272727,0,9,0,10,8,10
1336,WLNM_dir_neg_kfold,0.734567901235,0.334383903134,00:00:01,10,90,9,20354,threshold_sweep,0.4,0,0,0,0,0,9,18,0,1,0,1,0,0,0,0.666666666667,0.666666666667,0,0,0,94,85,9,0,94,0,85,0,9,23,88,0.173913043478,1.68507579377,7.65217391304,7.33333333333,5.5,3.63829000359,0.475458352741,0.249505928854,5.32278271304,1.39118184545,0.672924901186,3.27042079462,0.854769071322,0.442687747036,0.749191304359,0.444603920564,2.5,1.68507579377,0.749191304359,2.5,0.259446613992,0.18878248974,46,0.025974025974,0.333144633145,23,23,23,1,0,0.478260869565,0.217391304348,0.304347826087,23,0.156126482213,1.68552751596,6.86956521739,6.58333333333,5.26666666667,3.23762465995,0.471299792272,0.25701706109,4.73695420897,1.37911325071,0.671436433682,3.02754156126,0.881436150746,0.472206934507,0.749331926886,0.444568195885,2.5,1.68552751596,0.749331926886,2.5,0.227679895862,0.155440414508,30,0.016939582157,0.287498360226,23,23,23,1,0,0.478260869565,0.173913043478,0.347826086957,23,79,0.156126482213,1.68552751596,6.86956521739,6.58333333333,5.26666666667,3.23762465995,0.471299792272,0.25701706109,4.73695420897,1.37911325071,0.671436433682,3.02754156126,0.881436150746,0.472206934507,0.749331926886,0.444568195885,2.5,1.68552751596,0.749331926886,2.5,0.227679895862,0.155440414508,30,0.016939582157,0.287498360226,23,23,23,1,0,0.478260869565,0.173913043478,0.347826086957,-9,-0.0177865612648,0.000451722190853,-0.782608695652,-0.75,-0.233333333333,-0.400665343634,-0.00415856046979,0.00751113223595,-0.585828504075,-0.0120685947422,-0.00148846750388,-0.242879233368,0.0266670794234,0.0295191874719,0.000140622527028,-3.57246793425e-05,0,0.000451722190853,0.000140622527028,0,-0.0317667181304,-0.0333420752323,-16,-0.00903444381705,-0.045646272919,0,-0.0434782608696,0.0434782608696,79,0,9,418,0.897727272727,1,0,0.102272727273,1,0.897727272727,0.946107784431,0.937446329455,0.897727272727,0.897727272727,0,9,0,10,8,10
1337,WLNM_dir_neg_kfold,0.734567901235,0.334383903134,00:00:01,10,90,9,20354,threshold_sweep,0.5,0,0,0,0,0,9,18,0,1,0,1,0,0,0,0.666666666667,0.666666666667,0,0,0,94,85,9,0,94,0,85,0,9,23,88,0.173913043478,1.68507579377,7.65217391304,7.33333333333,5.5,3.63829000359,0.475458352741,0.249505928854,5.32278271304,1.39118184545,0.672924901186,3.27042079462,0.854769071322,0.442687747036,0.749191304359,0.444603920564,2.5,1.68507579377,0.749191304359,2.5,0.259446613992,0.18878248974,46,0.025974025974,0.333144633145,23,23,23,1,0,0.478260869565,0.217391304348,0.304347826087,23,0.156126482213,1.68552751596,6.86956521739,6.58333333333,5.26666666667,3.23762465995,0.471299792272,0.25701706109,4.73695420897,1.37911325071,0.671436433682,3.02754156126,0.881436150746,0.472206934507,0.749331926886,0.444568195885,2.5,1.68552751596,0.749331926886,2.5,0.227679895862,0.155440414508,30,0.016939582157,0.287498360226,23,23,23,1,0,0.478260869565,0.173913043478,0.347826086957,23,79,0.156126482213,1.68552751596,6.86956521739,6.58333333333,5.26666666667,3.23762465995,0.471299792272,0.25701706109,4.73695420897,1.37911325071,0.671436433682,3.02754156126,0.881436150746,0.472206934507,0.749331926886,0.444568195885,2.5,1.68552751596,0.749331926886,2.5,0.227679895862,0.155440414508,30,0.016939582157,0.287498360226,23,23,23,1,0,0.478260869565,0.173913043478,0.347826086957,-9,-0.0177865612648,0.000451722190853,-0.782608695652,-0.75,-0.233333333333,-0.400665343634,-0.00415856046979,0.00751113223595,-0.585828504075,-0.0120685947422,-0.00148846750388,-0.242879233368,0.0266670794234,0.0295191874719,0.000140622527028,-3.57246793425e-05,0,0.000451722190853,0.000140622527028,0,-0.0317667181304,-0.0333420752323,-16,-0.00903444381705,-0.045646272919,0,-0.0434782608696,0.0434782608696,79,0,9,418,0.897727272727,1,0,0.102272727273,1,0.897727272727,0.946107784431,0.937446329455,0.897727272727,0.897727272727,0,9,0,10,8,10
1338,WLNM_dir_neg_kfold,0.734567901235,0.334383903134,00:00:01,10,90,9,20354,threshold_sweep,0.6,0,0,0,0,0,9,18,0,1,0,1,0,0,0,0.666666666667,0.666666666667,0,0,0,94,85,9,0,94,0,85,0,9,23,88,0.173913043478,1.68507579377,7.65217391304,7.33333333333,5.5,3.63829000359,0.475458352741,0.249505928854,5.32278271304,1.39118184545,0.672924901186,3.27042079462,0.854769071322,0.442687747036,0.749191304359,0.444603920564,2.5,1.68507579377,0.749191304359,2.5,0.259446613992,0.18878248974,46,0.025974025974,0.333144633145,23,23,23,1,0,0.478260869565,0.217391304348,0.304347826087,23,0.156126482213,1.68552751596,6.86956521739,6.58333333333,5.26666666667,3.23762465995,0.471299792272,0.25701706109,4.73695420897,1.37911325071,0.671436433682,3.02754156126,0.881436150746,0.472206934507,0.749331926886,0.444568195885,2.5,1.68552751596,0.749331926886,2.5,0.227679895862,0.155440414508,30,0.016939582157,0.287498360226,23,23,23,1,0,0.478260869565,0.173913043478,0.347826086957,23,79,0.156126482213,1.68552751596,6.86956521739,6.58333333333,5.26666666667,3.23762465995,0.471299792272,0.25701706109,4.73695420897,1.37911325071,0.671436433682,3.02754156126,0.881436150746,0.472206934507,0.749331926886,0.444568195885,2.5,1.68552751596,0.749331926886,2.5,0.227679895862,0.155440414508,30,0.016939582157,0.287498360226,23,23,23,1,0,0.478260869565,0.173913043478,0.347826086957,-9,-0.0177865612648,0.000451722190853,-0.782608695652,-0.75,-0.233333333333,-0.400665343634,-0.00415856046979,0.00751113223595,-0.585828504075,-0.0120685947422,-0.00148846750388,-0.242879233368,0.0266670794234,0.0295191874719,0.000140622527028,-3.57246793425e-05,0,0.000451722190853,0.000140622527028,0,-0.0317667181304,-0.0333420752323,-16,-0.00903444381705,-0.045646272919,0,-0.0434782608696,0.0434782608696,79,0,9,418,0.897727272727,1,0,0.102272727273,1,0.897727272727,0.946107784431,0.937446329455,0.897727272727,0.897727272727,0,9,0,10,8,10
1339,WLNM_dir_neg_kfold,0.734567901235,0.334383903134,00:00:01,10,90,9,20354,threshold_sweep,0.7,0,0,0,0,0,9,18,0,1,0,1,0,0,0,0.666666666667,0.666666666667,0,0,0,94,85,9,0,94,0,85,0,9,23,88,0.173913043478,1.68507579377,7.65217391304,7.33333333333,5.5,3.63829000359,0.475458352741,0.249505928854,5.32278271304,1.39118184545,0.672924901186,3.27042079462,0.854769071322,0.442687747036,0.749191304359,0.444603920564,2.5,1.68507579377,0.749191304359,2.5,0.259446613992,0.18878248974,46,0.025974025974,0.333144633145,23,23,23,1,0,0.478260869565,0.217391304348,0.304347826087,23,0.156126482213,1.68552751596,6.86956521739,6.58333333333,5.26666666667,3.23762465995,0.471299792272,0.25701706109,4.73695420897,1.37911325071,0.671436433682,3.02754156126,0.881436150746,0.472206934507,0.749331926886,0.444568195885,2.5,1.68552751596,0.749331926886,2.5,0.227679895862,0.155440414508,30,0.016939582157,0.287498360226,23,23,23,1,0,0.478260869565,0.173913043478,0.347826086957,23,79,0.156126482213,1.68552751596,6.86956521739,6.58333333333,5.26666666667,3.23762465995,0.471299792272,0.25701706109,4.73695420897,1.37911325071,0.671436433682,3.02754156126,0.881436150746,0.472206934507,0.749331926886,0.444568195885,2.5,1.68552751596,0.749331926886,2.5,0.227679895862,0.155440414508,30,0.016939582157,0.287498360226,23,23,23,1,0,0.478260869565,0.173913043478,0.347826086957,-9,-0.0177865612648,0.000451722190853,-0.782608695652,-0.75,-0.233333333333,-0.400665343634,-0.00415856046979,0.00751113223595,-0.585828504075,-0.0120685947422,-0.00148846750388,-0.242879233368,0.0266670794234,0.0295191874719,0.000140622527028,-3.57246793425e-05,0,0.000451722190853,0.000140622527028,0,-0.0317667181304,-0.0333420752323,-16,-0.00903444381705,-0.045646272919,0,-0.0434782608696,0.0434782608696,79,0,9,418,0.897727272727,1,0,0.102272727273,1,0.897727272727,0.946107784431,0.937446329455,0.897727272727,0.897727272727,0,9,0,10,8,10
1340,WLNM_dir_neg_kfold,0.734567901235,0.334383903134,00:00:01,10,90,9,20354,threshold_sweep,0.8,0,0,0,0,0,9,18,0,1,0,1,0,0,0,0.666666666667,0.666666666667,0,0,0,94,85,9,0,94,0,85,0,9,23,88,0.173913043478,1.68507579377,7.65217391304,7.33333333333,5.5,3.63829000359,0.475458352741,0.249505928854,5.32278271304,1.39118184545,0.672924901186,3.27042079462,0.854769071322,0.442687747036,0.749191304359,0.444603920564,2.5,1.68507579377,0.749191304359,2.5,0.259446613992,0.18878248974,46,0.025974025974,0.333144633145,23,23,23,1,0,0.478260869565,0.217391304348,0.304347826087,23,0.156126482213,1.68552751596,6.86956521739,6.58333333333,5.26666666667,3.23762465995,0.471299792272,0.25701706109,4.73695420897,1.37911325071,0.671436433682,3.02754156126,0.881436150746,0.472206934507,0.749331926886,0.444568195885,2.5,1.68552751596,0.749331926886,2.5,0.227679895862,0.155440414508,30,0.016939582157,0.287498360226,23,23,23,1,0,0.478260869565,0.173913043478,0.347826086957,23,79,0.156126482213,1.68552751596,6.86956521739,6.58333333333,5.26666666667,3.23762465995,0.471299792272,0.25701706109,4.73695420897,1.37911325071,0.671436433682,3.02754156126,0.881436150746,0.472206934507,0.749331926886,0.444568195885,2.5,1.68552751596,0.749331926886,2.5,0.227679895862,0.155440414508,30,0.016939582157,0.287498360226,23,23,23,1,0,0.478260869565,0.173913043478,0.347826086957,-9,-0.0177865612648,0.000451722190853,-0.782608695652,-0.75,-0.233333333333,-0.400665343634,-0.00415856046979,0.00751113223595,-0.585828504075,-0.0120685947422,-0.00148846750388,-0.242879233368,0.0266670794234,0.0295191874719,0.000140622527028,-3.57246793425e-05,0,0.000451722190853,0.000140622527028,0,-0.0317667181304,-0.0333420752323,-16,-0.00903444381705,-0.045646272919,0,-0.0434782608696,0.0434782608696,79,0,9,418,0.897727272727,1,0,0.102272727273,1,0.897727272727,0.946107784431,0.937446329455,0.897727272727,0.897727272727,0,9,0,10,8,10
1341,WLNM_dir_neg_kfold,0.734567901235,0.334383903134,00:00:01,10,90,9,20354,threshold_sweep,0.9,0,0,0,0,0,9,18,0,1,0,1,0,0,0,0.666666666667,0.666666666667,0,0,0,94,85,9,0,94,0,85,0,9,23,88,0.173913043478,1.68507579377,7.65217391304,7.33333333333,5.5,3.63829000359,0.475458352741,0.249505928854,5.32278271304,1.39118184545,0.672924901186,3.27042079462,0.854769071322,0.442687747036,0.749191304359,0.444603920564,2.5,1.68507579377,0.749191304359,2.5,0.259446613992,0.18878248974,46,0.025974025974,0.333144633145,23,23,23,1,0,0.478260869565,0.217391304348,0.304347826087,23,0.156126482213,1.68552751596,6.86956521739,6.58333333333,5.26666666667,3.23762465995,0.471299792272,0.25701706109,4.73695420897,1.37911325071,0.671436433682,3.02754156126,0.881436150746,0.472206934507,0.749331926886,0.444568195885,2.5,1.68552751596,0.749331926886,2.5,0.227679895862,0.155440414508,30,0.016939582157,0.287498360226,23,23,23,1,0,0.478260869565,0.173913043478,0.347826086957,23,79,0.156126482213,1.68552751596,6.86956521739,6.58333333333,5.26666666667,3.23762465995,0.471299792272,0.25701706109,4.73695420897,1.37911325071,0.671436433682,3.02754156126,0.881436150746,0.472206934507,0.749331926886,0.444568195885,2.5,1.68552751596,0.749331926886,2.5,0.227679895862,0.155440414508,30,0.016939582157,0.287498360226,23,23,23,1,0,0.478260869565,0.173913043478,0.347826086957,-9,-0.0177865612648,0.000451722190853,-0.782608695652,-0.75,-0.233333333333,-0.400665343634,-0.00415856046979,0.00751113223595,-0.585828504075,-0.0120685947422,-0.00148846750388,-0.242879233368,0.0266670794234,0.0295191874719,0.000140622527028,-3.57246793425e-05,0,0.000451722190853,0.000140622527028,0,-0.0317667181304,-0.0333420752323,-16,-0.00903444381705,-0.045646272919,0,-0.0434782608696,0.0434782608696,79,0,9,418,0.897727272727,1,0,0.102272727273,1,0.897727272727,0.946107784431,0.937446329455,0.897727272727,0.897727272727,0,9,0,10,8,10
1342,WLNM_dir_neg_kfold,0.802469135802,0.396825396825,00:00:01,10,90,10,20355,threshold_sweep,0.1,0,0,0,0,0,9,18,0,1,0,1,0,0,0,0.666666666667,0.666666666667,0,0,0,94,85,9,0,94,0,85,0,9,23,88,0.173913043478,1.68507579377,7.65217391304,7.33333333333,5.5,3.63829000359,0.475458352741,0.249505928854,5.32278271304,1.39118184545,0.672924901186,3.27042079462,0.854769071322,0.442687747036,0.749191304359,0.444603920564,2.5,1.68507579377,0.749191304359,2.5,0.259446613992,0.18878248974,46,0.025974025974,0.333144633145,23,23,23,1,0,0.478260869565,0.217391304348,0.304347826087,23,0.156126482213,1.68552751596,6.86956521739,6.58333333333,5.26666666667,3.23762465995,0.471299792272,0.25701706109,4.73695420897,1.37911325071,0.671436433682,3.02754156126,0.881436150746,0.472206934507,0.749331926886,0.444568195885,2.5,1.68552751596,0.749331926886,2.5,0.227679895862,0.155440414508,30,0.016939582157,0.287498360226,23,23,23,1,0,0.478260869565,0.173913043478,0.347826086957,23,79,0.156126482213,1.68552751596,6.86956521739,6.58333333333,5.26666666667,3.23762465995,0.471299792272,0.25701706109,4.73695420897,1.37911325071,0.671436433682,3.02754156126,0.881436150746,0.472206934507,0.749331926886,0.444568195885,2.5,1.68552751596,0.749331926886,2.5,0.227679895862,0.155440414508,30,0.016939582157,0.287498360226,23,23,23,1,0,0.478260869565,0.173913043478,0.347826086957,-9,-0.0177865612648,0.000451722190853,-0.782608695652,-0.75,-0.233333333333,-0.400665343634,-0.00415856046979,0.00751113223595,-0.585828504075,-0.0120685947422,-0.00148846750388,-0.242879233368,0.0266670794234,0.0295191874719,0.000140622527028,-3.57246793425e-05,0,0.000451722190853,0.000140622527028,0,-0.0317667181304,-0.0333420752323,-16,-0.00903444381705,-0.045646272919,0,-0.0434782608696,0.0434782608696,79,0,9,418,0.897727272727,1,0,0.102272727273,1,0.897727272727,0.946107784431,0.937446329455,0.897727272727,0.897727272727,0,9,0,10,8,10
1343,WLNM_dir_neg_kfold,0.802469135802,0.396825396825,00:00:01,10,90,10,20355,threshold_sweep,0.2,0,0,0,0,0,9,18,0,1,0,1,0,0,0,0.666666666667,0.666666666667,0,0,0,94,85,9,0,94,0,85,0,9,23,88,0.173913043478,1.68507579377,7.65217391304,7.33333333333,5.5,3.63829000359,0.475458352741,0.249505928854,5.32278271304,1.39118184545,0.672924901186,3.27042079462,0.854769071322,0.442687747036,0.749191304359,0.444603920564,2.5,1.68507579377,0.749191304359,2.5,0.259446613992,0.18878248974,46,0.025974025974,0.333144633145,23,23,23,1,0,0.478260869565,0.217391304348,0.304347826087,23,0.156126482213,1.68552751596,6.86956521739,6.58333333333,5.26666666667,3.23762465995,0.471299792272,0.25701706109,4.73695420897,1.37911325071,0.671436433682,3.02754156126,0.881436150746,0.472206934507,0.749331926886,0.444568195885,2.5,1.68552751596,0.749331926886,2.5,0.227679895862,0.155440414508,30,0.016939582157,0.287498360226,23,23,23,1,0,0.478260869565,0.173913043478,0.347826086957,23,79,0.156126482213,1.68552751596,6.86956521739,6.58333333333,5.26666666667,3.23762465995,0.471299792272,0.25701706109,4.73695420897,1.37911325071,0.671436433682,3.02754156126,0.881436150746,0.472206934507,0.749331926886,0.444568195885,2.5,1.68552751596,0.749331926886,2.5,0.227679895862,0.155440414508,30,0.016939582157,0.287498360226,23,23,23,1,0,0.478260869565,0.173913043478,0.347826086957,-9,-0.0177865612648,0.000451722190853,-0.782608695652,-0.75,-0.233333333333,-0.400665343634,-0.00415856046979,0.00751113223595,-0.585828504075,-0.0120685947422,-0.00148846750388,-0.242879233368,0.0266670794234,0.0295191874719,0.000140622527028,-3.57246793425e-05,0,0.000451722190853,0.000140622527028,0,-0.0317667181304,-0.0333420752323,-16,-0.00903444381705,-0.045646272919,0,-0.0434782608696,0.0434782608696,79,0,9,418,0.897727272727,1,0,0.102272727273,1,0.897727272727,0.946107784431,0.937446329455,0.897727272727,0.897727272727,0,9,0,10,8,10
1344,WLNM_dir_neg_kfold,0.802469135802,0.396825396825,00:00:01,10,90,10,20355,threshold_sweep,0.3,0,0,0,0,0,9,18,0,1,0,1,0,0,0,0.666666666667,0.666666666667,0,0,0,94,85,9,0,94,0,85,0,9,23,88,0.173913043478,1.68507579377,7.65217391304,7.33333333333,5.5,3.63829000359,0.475458352741,0.249505928854,5.32278271304,1.39118184545,0.672924901186,3.27042079462,0.854769071322,0.442687747036,0.749191304359,0.444603920564,2.5,1.68507579377,0.749191304359,2.5,0.259446613992,0.18878248974,46,0.025974025974,0.333144633145,23,23,23,1,0,0.478260869565,0.217391304348,0.304347826087,23,0.156126482213,1.68552751596,6.86956521739,6.58333333333,5.26666666667,3.23762465995,0.471299792272,0.25701706109,4.73695420897,1.37911325071,0.671436433682,3.02754156126,0.881436150746,0.472206934507,0.749331926886,0.444568195885,2.5,1.68552751596,0.749331926886,2.5,0.227679895862,0.155440414508,30,0.016939582157,0.287498360226,23,23,23,1,0,0.478260869565,0.173913043478,0.347826086957,23,79,0.156126482213,1.68552751596,6.86956521739,6.58333333333,5.26666666667,3.23762465995,0.471299792272,0.25701706109,4.73695420897,1.37911325071,0.671436433682,3.02754156126,0.881436150746,0.472206934507,0.749331926886,0.444568195885,2.5,1.68552751596,0.749331926886,2.5,0.227679895862,0.155440414508,30,0.016939582157,0.287498360226,23,23,23,1,0,0.478260869565,0.173913043478,0.347826086957,-9,-0.0177865612648,0.000451722190853,-0.782608695652,-0.75,-0.233333333333,-0.400665343634,-0.00415856046979,0.00751113223595,-0.585828504075,-0.0120685947422,-0.00148846750388,-0.242879233368,0.0266670794234,0.0295191874719,0.000140622527028,-3.57246793425e-05,0,0.000451722190853,0.000140622527028,0,-0.0317667181304,-0.0333420752323,-16,-0.00903444381705,-0.045646272919,0,-0.0434782608696,0.0434782608696,79,0,9,418,0.897727272727,1,0,0.102272727273,1,0.897727272727,0.946107784431,0.937446329455,0.897727272727,0.897727272727,0,9,0,10,8,10
1345,WLNM_dir_neg_kfold,0.802469135802,0.396825396825,00:00:01,10,90,10,20355,threshold_sweep,0.4,0,0,0,0,0,9,18,0,1,0,1,0,0,0,0.666666666667,0.666666666667,0,0,0,94,85,9,0,94,0,85,0,9,23,88,0.173913043478,1.68507579377,7.65217391304,7.33333333333,5.5,3.63829000359,0.475458352741,0.249505928854,5.32278271304,1.39118184545,0.672924901186,3.27042079462,0.854769071322,0.442687747036,0.749191304359,0.444603920564,2.5,1.68507579377,0.749191304359,2.5,0.259446613992,0.18878248974,46,0.025974025974,0.333144633145,23,23,23,1,0,0.478260869565,0.217391304348,0.304347826087,23,0.156126482213,1.68552751596,6.86956521739,6.58333333333,5.26666666667,3.23762465995,0.471299792272,0.25701706109,4.73695420897,1.37911325071,0.671436433682,3.02754156126,0.881436150746,0.472206934507,0.749331926886,0.444568195885,2.5,1.68552751596,0.749331926886,2.5,0.227679895862,0.155440414508,30,0.016939582157,0.287498360226,23,23,23,1,0,0.478260869565,0.173913043478,0.347826086957,23,79,0.156126482213,1.68552751596,6.86956521739,6.58333333333,5.26666666667,3.23762465995,0.471299792272,0.25701706109,4.73695420897,1.37911325071,0.671436433682,3.02754156126,0.881436150746,0.472206934507,0.749331926886,0.444568195885,2.5,1.68552751596,0.749331926886,2.5,0.227679895862,0.155440414508,30,0.016939582157,0.287498360226,23,23,23,1,0,0.478260869565,0.173913043478,0.347826086957,-9,-0.0177865612648,0.000451722190853,-0.782608695652,-0.75,-0.233333333333,-0.400665343634,-0.00415856046979,0.00751113223595,-0.585828504075,-0.0120685947422,-0.00148846750388,-0.242879233368,0.0266670794234,0.0295191874719,0.000140622527028,-3.57246793425e-05,0,0.000451722190853,0.000140622527028,0,-0.0317667181304,-0.0333420752323,-16,-0.00903444381705,-0.045646272919,0,-0.0434782608696,0.0434782608696,79,0,9,418,0.897727272727,1,0,0.102272727273,1,0.897727272727,0.946107784431,0.937446329455,0.897727272727,0.897727272727,0,9,0,10,8,10
1346,WLNM_dir_neg_kfold,0.802469135802,0.396825396825,00:00:01,10,90,10,20355,threshold_sweep,0.5,0,0,0,0,0,9,18,0,1,0,1,0,0,0,0.666666666667,0.666666666667,0,0,0,94,85,9,0,94,0,85,0,9,23,88,0.173913043478,1.68507579377,7.65217391304,7.33333333333,5.5,3.63829000359,0.475458352741,0.249505928854,5.32278271304,1.39118184545,0.672924901186,3.27042079462,0.854769071322,0.442687747036,0.749191304359,0.444603920564,2.5,1.68507579377,0.749191304359,2.5,0.259446613992,0.18878248974,46,0.025974025974,0.333144633145,23,23,23,1,0,0.478260869565,0.217391304348,0.304347826087,23,0.156126482213,1.68552751596,6.86956521739,6.58333333333,5.26666666667,3.23762465995,0.471299792272,0.25701706109,4.73695420897,1.37911325071,0.671436433682,3.02754156126,0.881436150746,0.472206934507,0.749331926886,0.444568195885,2.5,1.68552751596,0.749331926886,2.5,0.227679895862,0.155440414508,30,0.016939582157,0.287498360226,23,23,23,1,0,0.478260869565,0.173913043478,0.347826086957,23,79,0.156126482213,1.68552751596,6.86956521739,6.58333333333,5.26666666667,3.23762465995,0.471299792272,0.25701706109,4.73695420897,1.37911325071,0.671436433682,3.02754156126,0.881436150746,0.472206934507,0.749331926886,0.444568195885,2.5,1.68552751596,0.749331926886,2.5,0.227679895862,0.155440414508,30,0.016939582157,0.287498360226,23,23,23,1,0,0.478260869565,0.173913043478,0.347826086957,-9,-0.0177865612648,0.000451722190853,-0.782608695652,-0.75,-0.233333333333,-0.400665343634,-0.00415856046979,0.00751113223595,-0.585828504075,-0.0120685947422,-0.00148846750388,-0.242879233368,0.0266670794234,0.0295191874719,0.000140622527028,-3.57246793425e-05,0,0.000451722190853,0.000140622527028,0,-0.0317667181304,-0.0333420752323,-16,-0.00903444381705,-0.045646272919,0,-0.0434782608696,0.0434782608696,79,0,9,418,0.897727272727,1,0,0.102272727273,1,0.897727272727,0.946107784431,0.937446329455,0.897727272727,0.897727272727,0,9,0,10,8,10
1347,WLNM_dir_neg_kfold,0.802469135802,0.396825396825,00:00:01,10,90,10,20355,threshold_sweep,0.6,0,0,0,0,0,9,18,0,1,0,1,0,0,0,0.666666666667,0.666666666667,0,0,0,94,85,9,0,94,0,85,0,9,23,88,0.173913043478,1.68507579377,7.65217391304,7.33333333333,5.5,3.63829000359,0.475458352741,0.249505928854,5.32278271304,1.39118184545,0.672924901186,3.27042079462,0.854769071322,0.442687747036,0.749191304359,0.444603920564,2.5,1.68507579377,0.749191304359,2.5,0.259446613992,0.18878248974,46,0.025974025974,0.333144633145,23,23,23,1,0,0.478260869565,0.217391304348,0.304347826087,23,0.156126482213,1.68552751596,6.86956521739,6.58333333333,5.26666666667,3.23762465995,0.471299792272,0.25701706109,4.73695420897,1.37911325071,0.671436433682,3.02754156126,0.881436150746,0.472206934507,0.749331926886,0.444568195885,2.5,1.68552751596,0.749331926886,2.5,0.227679895862,0.155440414508,30,0.016939582157,0.287498360226,23,23,23,1,0,0.478260869565,0.173913043478,0.347826086957,23,79,0.156126482213,1.68552751596,6.86956521739,6.58333333333,5.26666666667,3.23762465995,0.471299792272,0.25701706109,4.73695420897,1.37911325071,0.671436433682,3.02754156126,0.881436150746,0.472206934507,0.749331926886,0.444568195885,2.5,1.68552751596,0.749331926886,2.5,0.227679895862,0.155440414508,30,0.016939582157,0.287498360226,23,23,23,1,0,0.478260869565,0.173913043478,0.347826086957,-9,-0.0177865612648,0.000451722190853,-0.782608695652,-0.75,-0.233333333333,-0.400665343634,-0.00415856046979,0.00751113223595,-0.585828504075,-0.0120685947422,-0.00148846750388,-0.242879233368,0.0266670794234,0.0295191874719,0.000140622527028,-3.57246793425e-05,0,0.000451722190853,0.000140622527028,0,-0.0317667181304,-0.0333420752323,-16,-0.00903444381705,-0.045646272919,0,-0.0434782608696,0.0434782608696,79,0,9,418,0.897727272727,1,0,0.102272727273,1,0.897727272727,0.946107784431,0.937446329455,0.897727272727,0.897727272727,0,9,0,10,8,10
1348,WLNM_dir_neg_kfold,0.802469135802,0.396825396825,00:00:01,10,90,10,20355,threshold_sweep,0.7,0,0,0,0,0,9,18,0,1,0,1,0,0,0,0.666666666667,0.666666666667,0,0,0,94,85,9,0,94,0,85,0,9,23,88,0.173913043478,1.68507579377,7.65217391304,7.33333333333,5.5,3.63829000359,0.475458352741,0.249505928854,5.32278271304,1.39118184545,0.672924901186,3.27042079462,0.854769071322,0.442687747036,0.749191304359,0.444603920564,2.5,1.68507579377,0.749191304359,2.5,0.259446613992,0.18878248974,46,0.025974025974,0.333144633145,23,23,23,1,0,0.478260869565,0.217391304348,0.304347826087,23,0.156126482213,1.68552751596,6.86956521739,6.58333333333,5.26666666667,3.23762465995,0.471299792272,0.25701706109,4.73695420897,1.37911325071,0.671436433682,3.02754156126,0.881436150746,0.472206934507,0.749331926886,0.444568195885,2.5,1.68552751596,0.749331926886,2.5,0.227679895862,0.155440414508,30,0.016939582157,0.287498360226,23,23,23,1,0,0.478260869565,0.173913043478,0.347826086957,23,79,0.156126482213,1.68552751596,6.86956521739,6.58333333333,5.26666666667,3.23762465995,0.471299792272,0.25701706109,4.73695420897,1.37911325071,0.671436433682,3.02754156126,0.881436150746,0.472206934507,0.749331926886,0.444568195885,2.5,1.68552751596,0.749331926886,2.5,0.227679895862,0.155440414508,30,0.016939582157,0.287498360226,23,23,23,1,0,0.478260869565,0.173913043478,0.347826086957,-9,-0.0177865612648,0.000451722190853,-0.782608695652,-0.75,-0.233333333333,-0.400665343634,-0.00415856046979,0.00751113223595,-0.585828504075,-0.0120685947422,-0.00148846750388,-0.242879233368,0.0266670794234,0.0295191874719,0.000140622527028,-3.57246793425e-05,0,0.000451722190853,0.000140622527028,0,-0.0317667181304,-0.0333420752323,-16,-0.00903444381705,-0.045646272919,0,-0.0434782608696,0.0434782608696,79,0,9,418,0.897727272727,1,0,0.102272727273,1,0.897727272727,0.946107784431,0.937446329455,0.897727272727,0.897727272727,0,9,0,10,8,10
1349,WLNM_dir_neg_kfold,0.802469135802,0.396825396825,00:00:01,10,90,10,20355,threshold_sweep,0.8,0,0,0,0,0,9,18,0,1,0,1,0,0,0,0.666666666667,0.666666666667,0,0,0,94,85,9,0,94,0,85,0,9,23,88,0.173913043478,1.68507579377,7.65217391304,7.33333333333,5.5,3.63829000359,0.475458352741,0.249505928854,5.32278271304,1.39118184545,0.672924901186,3.27042079462,0.854769071322,0.442687747036,0.749191304359,0.444603920564,2.5,1.68507579377,0.749191304359,2.5,0.259446613992,0.18878248974,46,0.025974025974,0.333144633145,23,23,23,1,0,0.478260869565,0.217391304348,0.304347826087,23,0.156126482213,1.68552751596,6.86956521739,6.58333333333,5.26666666667,3.23762465995,0.471299792272,0.25701706109,4.73695420897,1.37911325071,0.671436433682,3.02754156126,0.881436150746,0.472206934507,0.749331926886,0.444568195885,2.5,1.68552751596,0.749331926886,2.5,0.227679895862,0.155440414508,30,0.016939582157,0.287498360226,23,23,23,1,0,0.478260869565,0.173913043478,0.347826086957,23,79,0.156126482213,1.68552751596,6.86956521739,6.58333333333,5.26666666667,3.23762465995,0.471299792272,0.25701706109,4.73695420897,1.37911325071,0.671436433682,3.02754156126,0.881436150746,0.472206934507,0.749331926886,0.444568195885,2.5,1.68552751596,0.749331926886,2.5,0.227679895862,0.155440414508,30,0.016939582157,0.287498360226,23,23,23,1,0,0.478260869565,0.173913043478,0.347826086957,-9,-0.0177865612648,0.000451722190853,-0.782608695652,-0.75,-0.233333333333,-0.400665343634,-0.00415856046979,0.00751113223595,-0.585828504075,-0.0120685947422,-0.00148846750388,-0.242879233368,0.0266670794234,0.0295191874719,0.000140622527028,-3.57246793425e-05,0,0.000451722190853,0.000140622527028,0,-0.0317667181304,-0.0333420752323,-16,-0.00903444381705,-0.045646272919,0,-0.0434782608696,0.0434782608696,79,0,9,418,0.897727272727,1,0,0.102272727273,1,0.897727272727,0.946107784431,0.937446329455,0.897727272727,0.897727272727,0,9,0,10,8,10
1350,WLNM_dir_neg_kfold,0.802469135802,0.396825396825,00:00:01,10,90,10,20355,threshold_sweep,0.9,0,0,0,0,0,9,18,0,1,0,1,0,0,0,0.666666666667,0.666666666667,0,0,0,94,85,9,0,94,0,85,0,9,23,88,0.173913043478,1.68507579377,7.65217391304,7.33333333333,5.5,3.63829000359,0.475458352741,0.249505928854,5.32278271304,1.39118184545,0.672924901186,3.27042079462,0.854769071322,0.442687747036,0.749191304359,0.444603920564,2.5,1.68507579377,0.749191304359,2.5,0.259446613992,0.18878248974,46,0.025974025974,0.333144633145,23,23,23,1,0,0.478260869565,0.217391304348,0.304347826087,23,0.156126482213,1.68552751596,6.86956521739,6.58333333333,5.26666666667,3.23762465995,0.471299792272,0.25701706109,4.73695420897,1.37911325071,0.671436433682,3.02754156126,0.881436150746,0.472206934507,0.749331926886,0.444568195885,2.5,1.68552751596,0.749331926886,2.5,0.227679895862,0.155440414508,30,0.016939582157,0.287498360226,23,23,23,1,0,0.478260869565,0.173913043478,0.347826086957,23,79,0.156126482213,1.68552751596,6.86956521739,6.58333333333,5.26666666667,3.23762465995,0.471299792272,0.25701706109,4.73695420897,1.37911325071,0.671436433682,3.02754156126,0.881436150746,0.472206934507,0.749331926886,0.444568195885,2.5,1.68552751596,0.749331926886,2.5,0.227679895862,0.155440414508,30,0.016939582157,0.287498360226,23,23,23,1,0,0.478260869565,0.173913043478,0.347826086957,-9,-0.0177865612648,0.000451722190853,-0.782608695652,-0.75,-0.233333333333,-0.400665343634,-0.00415856046979,0.00751113223595,-0.585828504075,-0.0120685947422,-0.00148846750388,-0.242879233368,0.0266670794234,0.0295191874719,0.000140622527028,-3.57246793425e-05,0,0.000451722190853,0.000140622527028,0,-0.0317667181304,-0.0333420752323,-16,-0.00903444381705,-0.045646272919,0,-0.0434782608696,0.0434782608696,79,0,9,418,0.897727272727,1,0,0.102272727273,1,0.897727272727,0.946107784431,0.937446329455,0.897727272727,0.897727272727,0,9,0,10,8,10
1351,WLNM_dir_neg_kfold,0.703703703704,0.324074074074,00:00:01,10,90,11,20356,threshold_sweep,0.1,0.5,0.111111111111,0.181818181818,1,1,8,17,0.111111111111,0.944444444444,0.0555555555556,0.888888888889,0.5,0.111111111111,0.181818181818,0.666666666667,0.641975308642,0.0689655172414,0.1,0.0555555555556,94,85,9,0,94,0,85,0,9,23,88,0.173913043478,1.68507579377,7.65217391304,7.33333333333,5.5,3.63829000359,0.475458352741,0.249505928854,5.32278271304,1.39118184545,0.672924901186,3.27042079462,0.854769071322,0.442687747036,0.749191304359,0.444603920564,2.5,1.68507579377,0.749191304359,2.5,0.259446613992,0.18878248974,46,0.025974025974,0.333144633145,23,23,23,1,0,0.478260869565,0.217391304348,0.304347826087,23,0.156126482213,1.68552751596,6.86956521739,6.58333333333,5.26666666667,3.23762465995,0.471299792272,0.25701706109,4.73695420897,1.37911325071,0.671436433682,3.02754156126,0.881436150746,0.472206934507,0.749331926886,0.444568195885,2.5,1.68552751596,0.749331926886,2.5,0.227679895862,0.155440414508,30,0.016939582157,0.287498360226,23,23,23,1,0,0.478260869565,0.173913043478,0.347826086957,23,81,0.160079051383,1.97865612648,7.04347826087,6.23076923077,5.0625,3.3231729207,0.471808501087,0.25550187869,4.80406613021,1.36411754315,0.665593129361,3.01314642581,0.855584787577,0.458400429415,1.06434817143,0.537914677129,3.5,1.97865612648,1.06434817143,3.5,0.267895236077,0.196399345336,40,0.0225861095426,0.24590356225,23,23,23,1,0,0.434782608696,0.260869565217,0.304347826087,-7,-0.0138339920949,0.293580332711,-0.608695652174,-1.10256410256,-0.4375,-0.315117082887,-0.00364985165447,0.00599594983653,-0.518716582837,-0.0270643023095,-0.00733177182453,-0.25727436881,0.000815716254641,0.0157126823793,0.315156867068,0.0933107565652,1,0.293580332711,0.315156867068,1,0.00844862208499,0.00761685559543,-6,-0.00338791643139,-0.0872410708949,-0.0434782608696,0.0434782608696,0,80,1,8,417,0.909090909091,0.997607655502,0.00239234449761,0.0909090909091,0.987654320988,0.909090909091,0.94674556213,0.937249960286,0.906698564593,0.898876404494,2,9,0,10,8,10
1352,WLNM_dir_neg_kfold,0.703703703704,0.324074074074,00:00:01,10,90,11,20356,threshold_sweep,0.2,0.5,0.111111111111,0.181818181818,1,1,8,17,0.111111111111,0.944444444444,0.0555555555556,0.888888888889,0.5,0.111111111111,0.181818181818,0.666666666667,0.641975308642,0.0689655172414,0.1,0.0555555555556,94,85,9,0,94,0,85,0,9,23,88,0.173913043478,1.68507579377,7.65217391304,7.33333333333,5.5,3.63829000359,0.475458352741,0.249505928854,5.32278271304,1.39118184545,0.672924901186,3.27042079462,0.854769071322,0.442687747036,0.749191304359,0.444603920564,2.5,1.68507579377,0.749191304359,2.5,0.259446613992,0.18878248974,46,0.025974025974,0.333144633145,23,23,23,1,0,0.478260869565,0.217391304348,0.304347826087,23,0.156126482213,1.68552751596,6.86956521739,6.58333333333,5.26666666667,3.23762465995,0.471299792272,0.25701706109,4.73695420897,1.37911325071,0.671436433682,3.02754156126,0.881436150746,0.472206934507,0.749331926886,0.444568195885,2.5,1.68552751596,0.749331926886,2.5,0.227679895862,0.155440414508,30,0.016939582157,0.287498360226,23,23,23,1,0,0.478260869565,0.173913043478,0.347826086957,23,81,0.160079051383,1.97865612648,7.04347826087,6.23076923077,5.0625,3.3231729207,0.471808501087,0.25550187869,4.80406613021,1.36411754315,0.665593129361,3.01314642581,0.855584787577,0.458400429415,1.06434817143,0.537914677129,3.5,1.97865612648,1.06434817143,3.5,0.267895236077,0.196399345336,40,0.0225861095426,0.24590356225,23,23,23,1,0,0.434782608696,0.260869565217,0.304347826087,-7,-0.0138339920949,0.293580332711,-0.608695652174,-1.10256410256,-0.4375,-0.315117082887,-0.00364985165447,0.00599594983653,-0.518716582837,-0.0270643023095,-0.00733177182453,-0.25727436881,0.000815716254641,0.0157126823793,0.315156867068,0.0933107565652,1,0.293580332711,0.315156867068,1,0.00844862208499,0.00761685559543,-6,-0.00338791643139,-0.0872410708949,-0.0434782608696,0.0434782608696,0,80,1,8,417,0.909090909091,0.997607655502,0.00239234449761,0.0909090909091,0.987654320988,0.909090909091,0.94674556213,0.937249960286,0.906698564593,0.898876404494,2,9,0,10,8,10
1353,WLNM_dir_neg_kfold,0.703703703704,0.324074074074,00:00:01,10,90,11,20356,threshold_sweep,0.3,0.5,0.111111111111,0.181818181818,1,1,8,17,0.111111111111,0.944444444444,0.0555555555556,0.888888888889,0.5,0.111111111111,0.181818181818,0.666666666667,0.641975308642,0.0689655172414,0.1,0.0555555555556,94,85,9,0,94,0,85,0,9,23,88,0.173913043478,1.68507579377,7.65217391304,7.33333333333,5.5,3.63829000359,0.475458352741,0.249505928854,5.32278271304,1.39118184545,0.672924901186,3.27042079462,0.854769071322,0.442687747036,0.749191304359,0.444603920564,2.5,1.68507579377,0.749191304359,2.5,0.259446613992,0.18878248974,46,0.025974025974,0.333144633145,23,23,23,1,0,0.478260869565,0.217391304348,0.304347826087,23,0.156126482213,1.68552751596,6.86956521739,6.58333333333,5.26666666667,3.23762465995,0.471299792272,0.25701706109,4.73695420897,1.37911325071,0.671436433682,3.02754156126,0.881436150746,0.472206934507,0.749331926886,0.444568195885,2.5,1.68552751596,0.749331926886,2.5,0.227679895862,0.155440414508,30,0.016939582157,0.287498360226,23,23,23,1,0,0.478260869565,0.173913043478,0.347826086957,23,81,0.160079051383,1.97865612648,7.04347826087,6.23076923077,5.0625,3.3231729207,0.471808501087,0.25550187869,4.80406613021,1.36411754315,0.665593129361,3.01314642581,0.855584787577,0.458400429415,1.06434817143,0.537914677129,3.5,1.97865612648,1.06434817143,3.5,0.267895236077,0.196399345336,40,0.0225861095426,0.24590356225,23,23,23,1,0,0.434782608696,0.260869565217,0.304347826087,-7,-0.0138339920949,0.293580332711,-0.608695652174,-1.10256410256,-0.4375,-0.315117082887,-0.00364985165447,0.00599594983653,-0.518716582837,-0.0270643023095,-0.00733177182453,-0.25727436881,0.000815716254641,0.0157126823793,0.315156867068,0.0933107565652,1,0.293580332711,0.315156867068,1,0.00844862208499,0.00761685559543,-6,-0.00338791643139,-0.0872410708949,-0.0434782608696,0.0434782608696,0,80,1,8,417,0.909090909091,0.997607655502,0.00239234449761,0.0909090909091,0.987654320988,0.909090909091,0.94674556213,0.937249960286,0.906698564593,0.898876404494,2,9,0,10,8,10
1354,WLNM_dir_neg_kfold,0.703703703704,0.324074074074,00:00:01,10,90,11,20356,threshold_sweep,0.4,0.5,0.111111111111,0.181818181818,1,1,8,17,0.111111111111,0.944444444444,0.0555555555556,0.888888888889,0.5,0.111111111111,0.181818181818,0.666666666667,0.641975308642,0.0689655172414,0.1,0.0555555555556,94,85,9,0,94,0,85,0,9,23,88,0.173913043478,1.68507579377,7.65217391304,7.33333333333,5.5,3.63829000359,0.475458352741,0.249505928854,5.32278271304,1.39118184545,0.672924901186,3.27042079462,0.854769071322,0.442687747036,0.749191304359,0.444603920564,2.5,1.68507579377,0.749191304359,2.5,0.259446613992,0.18878248974,46,0.025974025974,0.333144633145,23,23,23,1,0,0.478260869565,0.217391304348,0.304347826087,23,0.156126482213,1.68552751596,6.86956521739,6.58333333333,5.26666666667,3.23762465995,0.471299792272,0.25701706109,4.73695420897,1.37911325071,0.671436433682,3.02754156126,0.881436150746,0.472206934507,0.749331926886,0.444568195885,2.5,1.68552751596,0.749331926886,2.5,0.227679895862,0.155440414508,30,0.016939582157,0.287498360226,23,23,23,1,0,0.478260869565,0.173913043478,0.347826086957,23,81,0.160079051383,1.97865612648,7.04347826087,6.23076923077,5.0625,3.3231729207,0.471808501087,0.25550187869,4.80406613021,1.36411754315,0.665593129361,3.01314642581,0.855584787577,0.458400429415,1.06434817143,0.537914677129,3.5,1.97865612648,1.06434817143,3.5,0.267895236077,0.196399345336,40,0.0225861095426,0.24590356225,23,23,23,1,0,0.434782608696,0.260869565217,0.304347826087,-7,-0.0138339920949,0.293580332711,-0.608695652174,-1.10256410256,-0.4375,-0.315117082887,-0.00364985165447,0.00599594983653,-0.518716582837,-0.0270643023095,-0.00733177182453,-0.25727436881,0.000815716254641,0.0157126823793,0.315156867068,0.0933107565652,1,0.293580332711,0.315156867068,1,0.00844862208499,0.00761685559543,-6,-0.00338791643139,-0.0872410708949,-0.0434782608696,0.0434782608696,0,80,1,8,417,0.909090909091,0.997607655502,0.00239234449761,0.0909090909091,0.987654320988,0.909090909091,0.94674556213,0.937249960286,0.906698564593,0.898876404494,2,9,0,10,8,10
1355,WLNM_dir_neg_kfold,0.703703703704,0.324074074074,00:00:01,10,90,11,20356,threshold_sweep,0.5,0.5,0.111111111111,0.181818181818,1,1,8,17,0.111111111111,0.944444444444,0.0555555555556,0.888888888889,0.5,0.111111111111,0.181818181818,0.666666666667,0.641975308642,0.0689655172414,0.1,0.0555555555556,94,85,9,0,94,0,85,0,9,23,88,0.173913043478,1.68507579377,7.65217391304,7.33333333333,5.5,3.63829000359,0.475458352741,0.249505928854,5.32278271304,1.39118184545,0.672924901186,3.27042079462,0.854769071322,0.442687747036,0.749191304359,0.444603920564,2.5,1.68507579377,0.749191304359,2.5,0.259446613992,0.18878248974,46,0.025974025974,0.333144633145,23,23,23,1,0,0.478260869565,0.217391304348,0.304347826087,23,0.156126482213,1.68552751596,6.86956521739,6.58333333333,5.26666666667,3.23762465995,0.471299792272,0.25701706109,4.73695420897,1.37911325071,0.671436433682,3.02754156126,0.881436150746,0.472206934507,0.749331926886,0.444568195885,2.5,1.68552751596,0.749331926886,2.5,0.227679895862,0.155440414508,30,0.016939582157,0.287498360226,23,23,23,1,0,0.478260869565,0.173913043478,0.347826086957,23,81,0.160079051383,1.97865612648,7.04347826087,6.23076923077,5.0625,3.3231729207,0.471808501087,0.25550187869,4.80406613021,1.36411754315,0.665593129361,3.01314642581,0.855584787577,0.458400429415,1.06434817143,0.537914677129,3.5,1.97865612648,1.06434817143,3.5,0.267895236077,0.196399345336,40,0.0225861095426,0.24590356225,23,23,23,1,0,0.434782608696,0.260869565217,0.304347826087,-7,-0.0138339920949,0.293580332711,-0.608695652174,-1.10256410256,-0.4375,-0.315117082887,-0.00364985165447,0.00599594983653,-0.518716582837,-0.0270643023095,-0.00733177182453,-0.25727436881,0.000815716254641,0.0157126823793,0.315156867068,0.0933107565652,1,0.293580332711,0.315156867068,1,0.00844862208499,0.00761685559543,-6,-0.00338791643139,-0.0872410708949,-0.0434782608696,0.0434782608696,0,80,1,8,417,0.909090909091,0.997607655502,0.00239234449761,0.0909090909091,0.987654320988,0.909090909091,0.94674556213,0.937249960286,0.906698564593,0.898876404494,2,9,0,10,8,10
1356,WLNM_dir_neg_kfold,0.703703703704,0.324074074074,00:00:01,10,90,11,20356,threshold_sweep,0.6,0.5,0.111111111111,0.181818181818,1,1,8,17,0.111111111111,0.944444444444,0.0555555555556,0.888888888889,0.5,0.111111111111,0.181818181818,0.666666666667,0.641975308642,0.0689655172414,0.1,0.0555555555556,94,85,9,0,94,0,85,0,9,23,88,0.173913043478,1.68507579377,7.65217391304,7.33333333333,5.5,3.63829000359,0.475458352741,0.249505928854,5.32278271304,1.39118184545,0.672924901186,3.27042079462,0.854769071322,0.442687747036,0.749191304359,0.444603920564,2.5,1.68507579377,0.749191304359,2.5,0.259446613992,0.18878248974,46,0.025974025974,0.333144633145,23,23,23,1,0,0.478260869565,0.217391304348,0.304347826087,23,0.156126482213,1.68552751596,6.86956521739,6.58333333333,5.26666666667,3.23762465995,0.471299792272,0.25701706109,4.73695420897,1.37911325071,0.671436433682,3.02754156126,0.881436150746,0.472206934507,0.749331926886,0.444568195885,2.5,1.68552751596,0.749331926886,2.5,0.227679895862,0.155440414508,30,0.016939582157,0.287498360226,23,23,23,1,0,0.478260869565,0.173913043478,0.347826086957,23,81,0.160079051383,1.97865612648,7.04347826087,6.23076923077,5.0625,3.3231729207,0.471808501087,0.25550187869,4.80406613021,1.36411754315,0.665593129361,3.01314642581,0.855584787577,0.458400429415,1.06434817143,0.537914677129,3.5,1.97865612648,1.06434817143,3.5,0.267895236077,0.196399345336,40,0.0225861095426,0.24590356225,23,23,23,1,0,0.434782608696,0.260869565217,0.304347826087,-7,-0.0138339920949,0.293580332711,-0.608695652174,-1.10256410256,-0.4375,-0.315117082887,-0.00364985165447,0.00599594983653,-0.518716582837,-0.0270643023095,-0.00733177182453,-0.25727436881,0.000815716254641,0.0157126823793,0.315156867068,0.0933107565652,1,0.293580332711,0.315156867068,1,0.00844862208499,0.00761685559543,-6,-0.00338791643139,-0.0872410708949,-0.0434782608696,0.0434782608696,0,80,1,8,417,0.909090909091,0.997607655502,0.00239234449761,0.0909090909091,0.987654320988,0.909090909091,0.94674556213,0.937249960286,0.906698564593,0.898876404494,2,9,0,10,8,10
1357,WLNM_dir_neg_kfold,0.703703703704,0.324074074074,00:00:01,10,90,11,20356,threshold_sweep,0.7,0.5,0.111111111111,0.181818181818,1,1,8,17,0.111111111111,0.944444444444,0.0555555555556,0.888888888889,0.5,0.111111111111,0.181818181818,0.666666666667,0.641975308642,0.0689655172414,0.1,0.0555555555556,94,85,9,0,94,0,85,0,9,23,88,0.173913043478,1.68507579377,7.65217391304,7.33333333333,5.5,3.63829000359,0.475458352741,0.249505928854,5.32278271304,1.39118184545,0.672924901186,3.27042079462,0.854769071322,0.442687747036,0.749191304359,0.444603920564,2.5,1.68507579377,0.749191304359,2.5,0.259446613992,0.18878248974,46,0.025974025974,0.333144633145,23,23,23,1,0,0.478260869565,0.217391304348,0.304347826087,23,0.156126482213,1.68552751596,6.86956521739,6.58333333333,5.26666666667,3.23762465995,0.471299792272,0.25701706109,4.73695420897,1.37911325071,0.671436433682,3.02754156126,0.881436150746,0.472206934507,0.749331926886,0.444568195885,2.5,1.68552751596,0.749331926886,2.5,0.227679895862,0.155440414508,30,0.016939582157,0.287498360226,23,23,23,1,0,0.478260869565,0.173913043478,0.347826086957,23,81,0.160079051383,1.97865612648,7.04347826087,6.23076923077,5.0625,3.3231729207,0.471808501087,0.25550187869,4.80406613021,1.36411754315,0.665593129361,3.01314642581,0.855584787577,0.458400429415,1.06434817143,0.537914677129,3.5,1.97865612648,1.06434817143,3.5,0.267895236077,0.196399345336,40,0.0225861095426,0.24590356225,23,23,23,1,0,0.434782608696,0.260869565217,0.304347826087,-7,-0.0138339920949,0.293580332711,-0.608695652174,-1.10256410256,-0.4375,-0.315117082887,-0.00364985165447,0.00599594983653,-0.518716582837,-0.0270643023095,-0.00733177182453,-0.25727436881,0.000815716254641,0.0157126823793,0.315156867068,0.0933107565652,1,0.293580332711,0.315156867068,1,0.00844862208499,0.00761685559543,-6,-0.00338791643139,-0.0872410708949,-0.0434782608696,0.0434782608696,0,80,1,8,417,0.909090909091,0.997607655502,0.00239234449761,0.0909090909091,0.987654320988,0.909090909091,0.94674556213,0.937249960286,0.906698564593,0.898876404494,2,9,0,10,8,10
1358,WLNM_dir_neg_kfold,0.703703703704,0.324074074074,00:00:01,10,90,11,20356,threshold_sweep,0.8,0.5,0.111111111111,0.181818181818,1,1,8,17,0.111111111111,0.944444444444,0.0555555555556,0.888888888889,0.5,0.111111111111,0.181818181818,0.666666666667,0.641975308642,0.0689655172414,0.1,0.0555555555556,94,85,9,0,94,0,85,0,9,23,88,0.173913043478,1.68507579377,7.65217391304,7.33333333333,5.5,3.63829000359,0.475458352741,0.249505928854,5.32278271304,1.39118184545,0.672924901186,3.27042079462,0.854769071322,0.442687747036,0.749191304359,0.444603920564,2.5,1.68507579377,0.749191304359,2.5,0.259446613992,0.18878248974,46,0.025974025974,0.333144633145,23,23,23,1,0,0.478260869565,0.217391304348,0.304347826087,23,0.156126482213,1.68552751596,6.86956521739,6.58333333333,5.26666666667,3.23762465995,0.471299792272,0.25701706109,4.73695420897,1.37911325071,0.671436433682,3.02754156126,0.881436150746,0.472206934507,0.749331926886,0.444568195885,2.5,1.68552751596,0.749331926886,2.5,0.227679895862,0.155440414508,30,0.016939582157,0.287498360226,23,23,23,1,0,0.478260869565,0.173913043478,0.347826086957,23,81,0.160079051383,1.97865612648,7.04347826087,6.23076923077,5.0625,3.3231729207,0.471808501087,0.25550187869,4.80406613021,1.36411754315,0.665593129361,3.01314642581,0.855584787577,0.458400429415,1.06434817143,0.537914677129,3.5,1.97865612648,1.06434817143,3.5,0.267895236077,0.196399345336,40,0.0225861095426,0.24590356225,23,23,23,1,0,0.434782608696,0.260869565217,0.304347826087,-7,-0.0138339920949,0.293580332711,-0.608695652174,-1.10256410256,-0.4375,-0.315117082887,-0.00364985165447,0.00599594983653,-0.518716582837,-0.0270643023095,-0.00733177182453,-0.25727436881,0.000815716254641,0.0157126823793,0.315156867068,0.0933107565652,1,0.293580332711,0.315156867068,1,0.00844862208499,0.00761685559543,-6,-0.00338791643139,-0.0872410708949,-0.0434782608696,0.0434782608696,0,80,1,8,417,0.909090909091,0.997607655502,0.00239234449761,0.0909090909091,0.987654320988,0.909090909091,0.94674556213,0.937249960286,0.906698564593,0.898876404494,2,9,0,10,8,10
1359,WLNM_dir_neg_kfold,0.703703703704,0.324074074074,00:00:01,10,90,11,20356,threshold_sweep,0.9,1,0.111111111111,0.2,1,0,8,18,0.111111111111,1,0,0.888888888889,1,0.111111111111,0.2,0.703703703704,0.654320987654,0.142857142857,0.277350098113,0.111111111111,94,85,9,0,94,0,85,0,9,23,88,0.173913043478,1.68507579377,7.65217391304,7.33333333333,5.5,3.63829000359,0.475458352741,0.249505928854,5.32278271304,1.39118184545,0.672924901186,3.27042079462,0.854769071322,0.442687747036,0.749191304359,0.444603920564,2.5,1.68507579377,0.749191304359,2.5,0.259446613992,0.18878248974,46,0.025974025974,0.333144633145,23,23,23,1,0,0.478260869565,0.217391304348,0.304347826087,23,0.156126482213,1.68552751596,6.86956521739,6.58333333333,5.26666666667,3.23762465995,0.471299792272,0.25701706109,4.73695420897,1.37911325071,0.671436433682,3.02754156126,0.881436150746,0.472206934507,0.749331926886,0.444568195885,2.5,1.68552751596,0.749331926886,2.5,0.227679895862,0.155440414508,30,0.016939582157,0.287498360226,23,23,23,1,0,0.478260869565,0.173913043478,0.347826086957,23,80,0.158102766798,1.68808582722,6.95652173913,6.66666666667,5,3.35041735351,0.481622494567,0.2625,4.83236781052,1.38930574552,0.675,2.98282302552,0.857561619837,0.461956521739,0.751181536813,0.444990133026,2.5,1.68808582722,0.751181536813,2.5,0.261623729806,0.19,38,0.0214568040655,0.283091655819,23,23,23,1,0,0.478260869565,0.217391304348,0.304347826087,-8,-0.0158102766798,0.00301003344482,-0.695652173913,-0.666666666667,-0.5,-0.287872650078,0.00616414182536,0.0129940711462,-0.490414902526,-0.00187609993079,0.00207509881423,-0.287597769103,0.00279254851508,0.0192687747036,0.00199023245413,0.000386212462081,0,0.00301003344482,0.00199023245413,0,0.00217711581348,0.00121751025992,-8,-0.00451722190853,-0.0500529773257,0,0,0,80,0,8,418,0.909090909091,1,0,0.0909090909091,1,0.909090909091,0.952380952381,0.944467458064,0.909090909091,0.909090909091,1,9,0,10,8,10
1360,WLNM_dir_neg_kfold,0.87037037037,0.509259259259,00:00:01,10,90,12,20357,threshold_sweep,0.1,0,0,0,0,0,9,18,0,1,0,1,0,0,0,0.666666666667,0.666666666667,0,0,0,94,85,9,0,94,0,85,0,9,23,88,0.173913043478,1.68507579377,7.65217391304,7.33333333333,5.5,3.63829000359,0.475458352741,0.249505928854,5.32278271304,1.39118184545,0.672924901186,3.27042079462,0.854769071322,0.442687747036,0.749191304359,0.444603920564,2.5,1.68507579377,0.749191304359,2.5,0.259446613992,0.18878248974,46,0.025974025974,0.333144633145,23,23,23,1,0,0.478260869565,0.217391304348,0.304347826087,23,0.156126482213,1.68552751596,6.86956521739,6.58333333333,5.26666666667,3.23762465995,0.471299792272,0.25701706109,4.73695420897,1.37911325071,0.671436433682,3.02754156126,0.881436150746,0.472206934507,0.749331926886,0.444568195885,2.5,1.68552751596,0.749331926886,2.5,0.227679895862,0.155440414508,30,0.016939582157,0.287498360226,23,23,23,1,0,0.478260869565,0.173913043478,0.347826086957,23,79,0.156126482213,1.68552751596,6.86956521739,6.58333333333,5.26666666667,3.23762465995,0.471299792272,0.25701706109,4.73695420897,1.37911325071,0.671436433682,3.02754156126,0.881436150746,0.472206934507,0.749331926886,0.444568195885,2.5,1.68552751596,0.749331926886,2.5,0.227679895862,0.155440414508,30,0.016939582157,0.287498360226,23,23,23,1,0,0.478260869565,0.173913043478,0.347826086957,-9,-0.0177865612648,0.000451722190853,-0.782608695652,-0.75,-0.233333333333,-0.400665343634,-0.00415856046979,0.00751113223595,-0.585828504075,-0.0120685947422,-0.00148846750388,-0.242879233368,0.0266670794234,0.0295191874719,0.000140622527028,-3.57246793425e-05,0,0.000451722190853,0.000140622527028,0,-0.0317667181304,-0.0333420752323,-16,-0.00903444381705,-0.045646272919,0,-0.0434782608696,0.0434782608696,79,0,9,418,0.897727272727,1,0,0.102272727273,1,0.897727272727,0.946107784431,0.937446329455,0.897727272727,0.897727272727,0,9,0,10,8,10
1361,WLNM_dir_neg_kfold,0.87037037037,0.509259259259,00:00:01,10,90,12,20357,threshold_sweep,0.2,0,0,0,0,0,9,18,0,1,0,1,0,0,0,0.666666666667,0.666666666667,0,0,0,94,85,9,0,94,0,85,0,9,23,88,0.173913043478,1.68507579377,7.65217391304,7.33333333333,5.5,3.63829000359,0.475458352741,0.249505928854,5.32278271304,1.39118184545,0.672924901186,3.27042079462,0.854769071322,0.442687747036,0.749191304359,0.444603920564,2.5,1.68507579377,0.749191304359,2.5,0.259446613992,0.18878248974,46,0.025974025974,0.333144633145,23,23,23,1,0,0.478260869565,0.217391304348,0.304347826087,23,0.156126482213,1.68552751596,6.86956521739,6.58333333333,5.26666666667,3.23762465995,0.471299792272,0.25701706109,4.73695420897,1.37911325071,0.671436433682,3.02754156126,0.881436150746,0.472206934507,0.749331926886,0.444568195885,2.5,1.68552751596,0.749331926886,2.5,0.227679895862,0.155440414508,30,0.016939582157,0.287498360226,23,23,23,1,0,0.478260869565,0.173913043478,0.347826086957,23,79,0.156126482213,1.68552751596,6.86956521739,6.58333333333,5.26666666667,3.23762465995,0.471299792272,0.25701706109,4.73695420897,1.37911325071,0.671436433682,3.02754156126,0.881436150746,0.472206934507,0.749331926886,0.444568195885,2.5,1.68552751596,0.749331926886,2.5,0.227679895862,0.155440414508,30,0.016939582157,0.287498360226,23,23,23,1,0,0.478260869565,0.173913043478,0.347826086957,-9,-0.0177865612648,0.000451722190853,-0.782608695652,-0.75,-0.233333333333,-0.400665343634,-0.00415856046979,0.00751113223595,-0.585828504075,-0.0120685947422,-0.00148846750388,-0.242879233368,0.0266670794234,0.0295191874719,0.000140622527028,-3.57246793425e-05,0,0.000451722190853,0.000140622527028,0,-0.0317667181304,-0.0333420752323,-16,-0.00903444381705,-0.045646272919,0,-0.0434782608696,0.0434782608696,79,0,9,418,0.897727272727,1,0,0.102272727273,1,0.897727272727,0.946107784431,0.937446329455,0.897727272727,0.897727272727,0,9,0,10,8,10
1362,WLNM_dir_neg_kfold,0.87037037037,0.509259259259,00:00:01,10,90,12,20357,threshold_sweep,0.3,0,0,0,0,0,9,18,0,1,0,1,0,0,0,0.666666666667,0.666666666667,0,0,0,94,85,9,0,94,0,85,0,9,23,88,0.173913043478,1.68507579377,7.65217391304,7.33333333333,5.5,3.63829000359,0.475458352741,0.249505928854,5.32278271304,1.39118184545,0.672924901186,3.27042079462,0.854769071322,0.442687747036,0.749191304359,0.444603920564,2.5,1.68507579377,0.749191304359,2.5,0.259446613992,0.18878248974,46,0.025974025974,0.333144633145,23,23,23,1,0,0.478260869565,0.217391304348,0.304347826087,23,0.156126482213,1.68552751596,6.86956521739,6.58333333333,5.26666666667,3.23762465995,0.471299792272,0.25701706109,4.73695420897,1.37911325071,0.671436433682,3.02754156126,0.881436150746,0.472206934507,0.749331926886,0.444568195885,2.5,1.68552751596,0.749331926886,2.5,0.227679895862,0.155440414508,30,0.016939582157,0.287498360226,23,23,23,1,0,0.478260869565,0.173913043478,0.347826086957,23,79,0.156126482213,1.68552751596,6.86956521739,6.58333333333,5.26666666667,3.23762465995,0.471299792272,0.25701706109,4.73695420897,1.37911325071,0.671436433682,3.02754156126,0.881436150746,0.472206934507,0.749331926886,0.444568195885,2.5,1.68552751596,0.749331926886,2.5,0.227679895862,0.155440414508,30,0.016939582157,0.287498360226,23,23,23,1,0,0.478260869565,0.173913043478,0.347826086957,-9,-0.0177865612648,0.000451722190853,-0.782608695652,-0.75,-0.233333333333,-0.400665343634,-0.00415856046979,0.00751113223595,-0.585828504075,-0.0120685947422,-0.00148846750388,-0.242879233368,0.0266670794234,0.0295191874719,0.000140622527028,-3.57246793425e-05,0,0.000451722190853,0.000140622527028,0,-0.0317667181304,-0.0333420752323,-16,-0.00903444381705,-0.045646272919,0,-0.0434782608696,0.0434782608696,79,0,9,418,0.897727272727,1,0,0.102272727273,1,0.897727272727,0.946107784431,0.937446329455,0.897727272727,0.897727272727,0,9,0,10,8,10
1363,WLNM_dir_neg_kfold,0.87037037037,0.509259259259,00:00:01,10,90,12,20357,threshold_sweep,0.4,0,0,0,0,0,9,18,0,1,0,1,0,0,0,0.666666666667,0.666666666667,0,0,0,94,85,9,0,94,0,85,0,9,23,88,0.173913043478,1.68507579377,7.65217391304,7.33333333333,5.5,3.63829000359,0.475458352741,0.249505928854,5.32278271304,1.39118184545,0.672924901186,3.27042079462,0.854769071322,0.442687747036,0.749191304359,0.444603920564,2.5,1.68507579377,0.749191304359,2.5,0.259446613992,0.18878248974,46,0.025974025974,0.333144633145,23,23,23,1,0,0.478260869565,0.217391304348,0.304347826087,23,0.156126482213,1.68552751596,6.86956521739,6.58333333333,5.26666666667,3.23762465995,0.471299792272,0.25701706109,4.73695420897,1.37911325071,0.671436433682,3.02754156126,0.881436150746,0.472206934507,0.749331926886,0.444568195885,2.5,1.68552751596,0.749331926886,2.5,0.227679895862,0.155440414508,30,0.016939582157,0.287498360226,23,23,23,1,0,0.478260869565,0.173913043478,0.347826086957,23,79,0.156126482213,1.68552751596,6.86956521739,6.58333333333,5.26666666667,3.23762465995,0.471299792272,0.25701706109,4.73695420897,1.37911325071,0.671436433682,3.02754156126,0.881436150746,0.472206934507,0.749331926886,0.444568195885,2.5,1.68552751596,0.749331926886,2.5,0.227679895862,0.155440414508,30,0.016939582157,0.287498360226,23,23,23,1,0,0.478260869565,0.173913043478,0.347826086957,-9,-0.0177865612648,0.000451722190853,-0.782608695652,-0.75,-0.233333333333,-0.400665343634,-0.00415856046979,0.00751113223595,-0.585828504075,-0.0120685947422,-0.00148846750388,-0.242879233368,0.0266670794234,0.0295191874719,0.000140622527028,-3.57246793425e-05,0,0.000451722190853,0.000140622527028,0,-0.0317667181304,-0.0333420752323,-16,-0.00903444381705,-0.045646272919,0,-0.0434782608696,0.0434782608696,79,0,9,418,0.897727272727,1,0,0.102272727273,1,0.897727272727,0.946107784431,0.937446329455,0.897727272727,0.897727272727,0,9,0,10,8,10
1364,WLNM_dir_neg_kfold,0.87037037037,0.509259259259,00:00:01,10,90,12,20357,threshold_sweep,0.5,0,0,0,0,0,9,18,0,1,0,1,0,0,0,0.666666666667,0.666666666667,0,0,0,94,85,9,0,94,0,85,0,9,23,88,0.173913043478,1.68507579377,7.65217391304,7.33333333333,5.5,3.63829000359,0.475458352741,0.249505928854,5.32278271304,1.39118184545,0.672924901186,3.27042079462,0.854769071322,0.442687747036,0.749191304359,0.444603920564,2.5,1.68507579377,0.749191304359,2.5,0.259446613992,0.18878248974,46,0.025974025974,0.333144633145,23,23,23,1,0,0.478260869565,0.217391304348,0.304347826087,23,0.156126482213,1.68552751596,6.86956521739,6.58333333333,5.26666666667,3.23762465995,0.471299792272,0.25701706109,4.73695420897,1.37911325071,0.671436433682,3.02754156126,0.881436150746,0.472206934507,0.749331926886,0.444568195885,2.5,1.68552751596,0.749331926886,2.5,0.227679895862,0.155440414508,30,0.016939582157,0.287498360226,23,23,23,1,0,0.478260869565,0.173913043478,0.347826086957,23,79,0.156126482213,1.68552751596,6.86956521739,6.58333333333,5.26666666667,3.23762465995,0.471299792272,0.25701706109,4.73695420897,1.37911325071,0.671436433682,3.02754156126,0.881436150746,0.472206934507,0.749331926886,0.444568195885,2.5,1.68552751596,0.749331926886,2.5,0.227679895862,0.155440414508,30,0.016939582157,0.287498360226,23,23,23,1,0,0.478260869565,0.173913043478,0.347826086957,-9,-0.0177865612648,0.000451722190853,-0.782608695652,-0.75,-0.233333333333,-0.400665343634,-0.00415856046979,0.00751113223595,-0.585828504075,-0.0120685947422,-0.00148846750388,-0.242879233368,0.0266670794234,0.0295191874719,0.000140622527028,-3.57246793425e-05,0,0.000451722190853,0.000140622527028,0,-0.0317667181304,-0.0333420752323,-16,-0.00903444381705,-0.045646272919,0,-0.0434782608696,0.0434782608696,79,0,9,418,0.897727272727,1,0,0.102272727273,1,0.897727272727,0.946107784431,0.937446329455,0.897727272727,0.897727272727,0,9,0,10,8,10
1365,WLNM_dir_neg_kfold,0.87037037037,0.509259259259,00:00:01,10,90,12,20357,threshold_sweep,0.6,0,0,0,0,0,9,18,0,1,0,1,0,0,0,0.666666666667,0.666666666667,0,0,0,94,85,9,0,94,0,85,0,9,23,88,0.173913043478,1.68507579377,7.65217391304,7.33333333333,5.5,3.63829000359,0.475458352741,0.249505928854,5.32278271304,1.39118184545,0.672924901186,3.27042079462,0.854769071322,0.442687747036,0.749191304359,0.444603920564,2.5,1.68507579377,0.749191304359,2.5,0.259446613992,0.18878248974,46,0.025974025974,0.333144633145,23,23,23,1,0,0.478260869565,0.217391304348,0.304347826087,23,0.156126482213,1.68552751596,6.86956521739,6.58333333333,5.26666666667,3.23762465995,0.471299792272,0.25701706109,4.73695420897,1.37911325071,0.671436433682,3.02754156126,0.881436150746,0.472206934507,0.749331926886,0.444568195885,2.5,1.68552751596,0.749331926886,2.5,0.227679895862,0.155440414508,30,0.016939582157,0.287498360226,23,23,23,1,0,0.478260869565,0.173913043478,0.347826086957,23,79,0.156126482213,1.68552751596,6.86956521739,6.58333333333,5.26666666667,3.23762465995,0.471299792272,0.25701706109,4.73695420897,1.37911325071,0.671436433682,3.02754156126,0.881436150746,0.472206934507,0.749331926886,0.444568195885,2.5,1.68552751596,0.749331926886,2.5,0.227679895862,0.155440414508,30,0.016939582157,0.287498360226,23,23,23,1,0,0.478260869565,0.173913043478,0.347826086957,-9,-0.0177865612648,0.000451722190853,-0.782608695652,-0.75,-0.233333333333,-0.400665343634,-0.00415856046979,0.00751113223595,-0.585828504075,-0.0120685947422,-0.00148846750388,-0.242879233368,0.0266670794234,0.0295191874719,0.000140622527028,-3.57246793425e-05,0,0.000451722190853,0.000140622527028,0,-0.0317667181304,-0.0333420752323,-16,-0.00903444381705,-0.045646272919,0,-0.0434782608696,0.0434782608696,79,0,9,418,0.897727272727,1,0,0.102272727273,1,0.897727272727,0.946107784431,0.937446329455,0.897727272727,0.897727272727,0,9,0,10,8,10
1366,WLNM_dir_neg_kfold,0.87037037037,0.509259259259,00:00:01,10,90,12,20357,threshold_sweep,0.7,0,0,0,0,0,9,18,0,1,0,1,0,0,0,0.666666666667,0.666666666667,0,0,0,94,85,9,0,94,0,85,0,9,23,88,0.173913043478,1.68507579377,7.65217391304,7.33333333333,5.5,3.63829000359,0.475458352741,0.249505928854,5.32278271304,1.39118184545,0.672924901186,3.27042079462,0.854769071322,0.442687747036,0.749191304359,0.444603920564,2.5,1.68507579377,0.749191304359,2.5,0.259446613992,0.18878248974,46,0.025974025974,0.333144633145,23,23,23,1,0,0.478260869565,0.217391304348,0.304347826087,23,0.156126482213,1.68552751596,6.86956521739,6.58333333333,5.26666666667,3.23762465995,0.471299792272,0.25701706109,4.73695420897,1.37911325071,0.671436433682,3.02754156126,0.881436150746,0.472206934507,0.749331926886,0.444568195885,2.5,1.68552751596,0.749331926886,2.5,0.227679895862,0.155440414508,30,0.016939582157,0.287498360226,23,23,23,1,0,0.478260869565,0.173913043478,0.347826086957,23,79,0.156126482213,1.68552751596,6.86956521739,6.58333333333,5.26666666667,3.23762465995,0.471299792272,0.25701706109,4.73695420897,1.37911325071,0.671436433682,3.02754156126,0.881436150746,0.472206934507,0.749331926886,0.444568195885,2.5,1.68552751596,0.749331926886,2.5,0.227679895862,0.155440414508,30,0.016939582157,0.287498360226,23,23,23,1,0,0.478260869565,0.173913043478,0.347826086957,-9,-0.0177865612648,0.000451722190853,-0.782608695652,-0.75,-0.233333333333,-0.400665343634,-0.00415856046979,0.00751113223595,-0.585828504075,-0.0120685947422,-0.00148846750388,-0.242879233368,0.0266670794234,0.0295191874719,0.000140622527028,-3.57246793425e-05,0,0.000451722190853,0.000140622527028,0,-0.0317667181304,-0.0333420752323,-16,-0.00903444381705,-0.045646272919,0,-0.0434782608696,0.0434782608696,79,0,9,418,0.897727272727,1,0,0.102272727273,1,0.897727272727,0.946107784431,0.937446329455,0.897727272727,0.897727272727,0,9,0,10,8,10
1367,WLNM_dir_neg_kfold,0.87037037037,0.509259259259,00:00:01,10,90,12,20357,threshold_sweep,0.8,0,0,0,0,0,9,18,0,1,0,1,0,0,0,0.666666666667,0.666666666667,0,0,0,94,85,9,0,94,0,85,0,9,23,88,0.173913043478,1.68507579377,7.65217391304,7.33333333333,5.5,3.63829000359,0.475458352741,0.249505928854,5.32278271304,1.39118184545,0.672924901186,3.27042079462,0.854769071322,0.442687747036,0.749191304359,0.444603920564,2.5,1.68507579377,0.749191304359,2.5,0.259446613992,0.18878248974,46,0.025974025974,0.333144633145,23,23,23,1,0,0.478260869565,0.217391304348,0.304347826087,23,0.156126482213,1.68552751596,6.86956521739,6.58333333333,5.26666666667,3.23762465995,0.471299792272,0.25701706109,4.73695420897,1.37911325071,0.671436433682,3.02754156126,0.881436150746,0.472206934507,0.749331926886,0.444568195885,2.5,1.68552751596,0.749331926886,2.5,0.227679895862,0.155440414508,30,0.016939582157,0.287498360226,23,23,23,1,0,0.478260869565,0.173913043478,0.347826086957,23,79,0.156126482213,1.68552751596,6.86956521739,6.58333333333,5.26666666667,3.23762465995,0.471299792272,0.25701706109,4.73695420897,1.37911325071,0.671436433682,3.02754156126,0.881436150746,0.472206934507,0.749331926886,0.444568195885,2.5,1.68552751596,0.749331926886,2.5,0.227679895862,0.155440414508,30,0.016939582157,0.287498360226,23,23,23,1,0,0.478260869565,0.173913043478,0.347826086957,-9,-0.0177865612648,0.000451722190853,-0.782608695652,-0.75,-0.233333333333,-0.400665343634,-0.00415856046979,0.00751113223595,-0.585828504075,-0.0120685947422,-0.00148846750388,-0.242879233368,0.0266670794234,0.0295191874719,0.000140622527028,-3.57246793425e-05,0,0.000451722190853,0.000140622527028,0,-0.0317667181304,-0.0333420752323,-16,-0.00903444381705,-0.045646272919,0,-0.0434782608696,0.0434782608696,79,0,9,418,0.897727272727,1,0,0.102272727273,1,0.897727272727,0.946107784431,0.937446329455,0.897727272727,0.897727272727,0,9,0,10,8,10
1368,WLNM_dir_neg_kfold,0.87037037037,0.509259259259,00:00:01,10,90,12,20357,threshold_sweep,0.9,0,0,0,0,0,9,18,0,1,0,1,0,0,0,0.666666666667,0.666666666667,0,0,0,94,85,9,0,94,0,85,0,9,23,88,0.173913043478,1.68507579377,7.65217391304,7.33333333333,5.5,3.63829000359,0.475458352741,0.249505928854,5.32278271304,1.39118184545,0.672924901186,3.27042079462,0.854769071322,0.442687747036,0.749191304359,0.444603920564,2.5,1.68507579377,0.749191304359,2.5,0.259446613992,0.18878248974,46,0.025974025974,0.333144633145,23,23,23,1,0,0.478260869565,0.217391304348,0.304347826087,23,0.156126482213,1.68552751596,6.86956521739,6.58333333333,5.26666666667,3.23762465995,0.471299792272,0.25701706109,4.73695420897,1.37911325071,0.671436433682,3.02754156126,0.881436150746,0.472206934507,0.749331926886,0.444568195885,2.5,1.68552751596,0.749331926886,2.5,0.227679895862,0.155440414508,30,0.016939582157,0.287498360226,23,23,23,1,0,0.478260869565,0.173913043478,0.347826086957,23,79,0.156126482213,1.68552751596,6.86956521739,6.58333333333,5.26666666667,3.23762465995,0.471299792272,0.25701706109,4.73695420897,1.37911325071,0.671436433682,3.02754156126,0.881436150746,0.472206934507,0.749331926886,0.444568195885,2.5,1.68552751596,0.749331926886,2.5,0.227679895862,0.155440414508,30,0.016939582157,0.287498360226,23,23,23,1,0,0.478260869565,0.173913043478,0.347826086957,-9,-0.0177865612648,0.000451722190853,-0.782608695652,-0.75,-0.233333333333,-0.400665343634,-0.00415856046979,0.00751113223595,-0.585828504075,-0.0120685947422,-0.00148846750388,-0.242879233368,0.0266670794234,0.0295191874719,0.000140622527028,-3.57246793425e-05,0,0.000451722190853,0.000140622527028,0,-0.0317667181304,-0.0333420752323,-16,-0.00903444381705,-0.045646272919,0,-0.0434782608696,0.0434782608696,79,0,9,418,0.897727272727,1,0,0.102272727273,1,0.897727272727,0.946107784431,0.937446329455,0.897727272727,0.897727272727,0,9,0,10,8,10
1369,WLNM_dir_neg_kfold,0.648148148148,0.307889822596,00:00:01,10,90,13,20358,threshold_sweep,0.1,0,0,0,0,1,9,17,0,0.944444444444,0.0555555555556,1,0,0,0,0.62962962963,0.654320987654,-0.0714285714286,-0.138675049056,-0.0555555555556,94,85,9,0,94,0,85,0,9,23,88,0.173913043478,1.68507579377,7.65217391304,7.33333333333,5.5,3.63829000359,0.475458352741,0.249505928854,5.32278271304,1.39118184545,0.672924901186,3.27042079462,0.854769071322,0.442687747036,0.749191304359,0.444603920564,2.5,1.68507579377,0.749191304359,2.5,0.259446613992,0.18878248974,46,0.025974025974,0.333144633145,23,23,23,1,0,0.478260869565,0.217391304348,0.304347826087,23,0.156126482213,1.68552751596,6.86956521739,6.58333333333,5.26666666667,3.23762465995,0.471299792272,0.25701706109,4.73695420897,1.37911325071,0.671436433682,3.02754156126,0.881436150746,0.472206934507,0.749331926886,0.444568195885,2.5,1.68552751596,0.749331926886,2.5,0.227679895862,0.155440414508,30,0.016939582157,0.287498360226,23,23,23,1,0,0.478260869565,0.173913043478,0.347826086957,23,80,0.158102766798,1,6.95652173913,6.15384615385,5.33333333333,3.24006538752,0.465759399456,0.254891304348,4.70849874953,1.35369339049,0.661956521739,3.07289566159,0.883457502708,0.472826086957,0,0,0,NaN,NaN,NaN,0.227679895862,0.155440414508,30,0.016939582157,0.272638472638,23,23,0,1,2,0.434782608696,0.217391304348,0.347826086957,-8,-0.0158102766798,-0.685075793771,-0.695652173913,-1.17948717949,-0.166666666667,-0.398224616065,-0.0096989532852,0.00538537549407,-0.614283963516,-0.0374884549653,-0.0109683794466,-0.197525133032,0.0286884313856,0.0301383399209,-0.749191304359,-0.444603920564,-2.5,NaN,NaN,NaN,-0.0317667181304,-0.0333420752323,-16,-0.00903444381705,-0.0605061605062,-0.0434782608696,0,0.0434782608696,79,1,9,417,0.897727272727,0.997607655502,0.00239234449761,0.102272727273,0.9875,0.897727272727,0.940476190476,0.93017617416,0.89533492823,0.887640449438,1,9,0,10,8,10
1370,WLNM_dir_neg_kfold,0.648148148148,0.307889822596,00:00:01,10,90,13,20358,threshold_sweep,0.2,0,0,0,0,1,9,17,0,0.944444444444,0.0555555555556,1,0,0,0,0.62962962963,0.654320987654,-0.0714285714286,-0.138675049056,-0.0555555555556,94,85,9,0,94,0,85,0,9,23,88,0.173913043478,1.68507579377,7.65217391304,7.33333333333,5.5,3.63829000359,0.475458352741,0.249505928854,5.32278271304,1.39118184545,0.672924901186,3.27042079462,0.854769071322,0.442687747036,0.749191304359,0.444603920564,2.5,1.68507579377,0.749191304359,2.5,0.259446613992,0.18878248974,46,0.025974025974,0.333144633145,23,23,23,1,0,0.478260869565,0.217391304348,0.304347826087,23,0.156126482213,1.68552751596,6.86956521739,6.58333333333,5.26666666667,3.23762465995,0.471299792272,0.25701706109,4.73695420897,1.37911325071,0.671436433682,3.02754156126,0.881436150746,0.472206934507,0.749331926886,0.444568195885,2.5,1.68552751596,0.749331926886,2.5,0.227679895862,0.155440414508,30,0.016939582157,0.287498360226,23,23,23,1,0,0.478260869565,0.173913043478,0.347826086957,23,80,0.158102766798,1,6.95652173913,6.15384615385,5.33333333333,3.24006538752,0.465759399456,0.254891304348,4.70849874953,1.35369339049,0.661956521739,3.07289566159,0.883457502708,0.472826086957,0,0,0,NaN,NaN,NaN,0.227679895862,0.155440414508,30,0.016939582157,0.272638472638,23,23,0,1,2,0.434782608696,0.217391304348,0.347826086957,-8,-0.0158102766798,-0.685075793771,-0.695652173913,-1.17948717949,-0.166666666667,-0.398224616065,-0.0096989532852,0.00538537549407,-0.614283963516,-0.0374884549653,-0.0109683794466,-0.197525133032,0.0286884313856,0.0301383399209,-0.749191304359,-0.444603920564,-2.5,NaN,NaN,NaN,-0.0317667181304,-0.0333420752323,-16,-0.00903444381705,-0.0605061605062,-0.0434782608696,0,0.0434782608696,79,1,9,417,0.897727272727,0.997607655502,0.00239234449761,0.102272727273,0.9875,0.897727272727,0.940476190476,0.93017617416,0.89533492823,0.887640449438,1,9,0,10,8,10
1371,WLNM_dir_neg_kfold,0.648148148148,0.307889822596,00:00:01,10,90,13,20358,threshold_sweep,0.3,0,0,0,0,1,9,17,0,0.944444444444,0.0555555555556,1,0,0,0,0.62962962963,0.654320987654,-0.0714285714286,-0.138675049056,-0.0555555555556,94,85,9,0,94,0,85,0,9,23,88,0.173913043478,1.68507579377,7.65217391304,7.33333333333,5.5,3.63829000359,0.475458352741,0.249505928854,5.32278271304,1.39118184545,0.672924901186,3.27042079462,0.854769071322,0.442687747036,0.749191304359,0.444603920564,2.5,1.68507579377,0.749191304359,2.5,0.259446613992,0.18878248974,46,0.025974025974,0.333144633145,23,23,23,1,0,0.478260869565,0.217391304348,0.304347826087,23,0.156126482213,1.68552751596,6.86956521739,6.58333333333,5.26666666667,3.23762465995,0.471299792272,0.25701706109,4.73695420897,1.37911325071,0.671436433682,3.02754156126,0.881436150746,0.472206934507,0.749331926886,0.444568195885,2.5,1.68552751596,0.749331926886,2.5,0.227679895862,0.155440414508,30,0.016939582157,0.287498360226,23,23,23,1,0,0.478260869565,0.173913043478,0.347826086957,23,80,0.158102766798,1,6.95652173913,6.15384615385,5.33333333333,3.24006538752,0.465759399456,0.254891304348,4.70849874953,1.35369339049,0.661956521739,3.07289566159,0.883457502708,0.472826086957,0,0,0,NaN,NaN,NaN,0.227679895862,0.155440414508,30,0.016939582157,0.272638472638,23,23,0,1,2,0.434782608696,0.217391304348,0.347826086957,-8,-0.0158102766798,-0.685075793771,-0.695652173913,-1.17948717949,-0.166666666667,-0.398224616065,-0.0096989532852,0.00538537549407,-0.614283963516,-0.0374884549653,-0.0109683794466,-0.197525133032,0.0286884313856,0.0301383399209,-0.749191304359,-0.444603920564,-2.5,NaN,NaN,NaN,-0.0317667181304,-0.0333420752323,-16,-0.00903444381705,-0.0605061605062,-0.0434782608696,0,0.0434782608696,79,1,9,417,0.897727272727,0.997607655502,0.00239234449761,0.102272727273,0.9875,0.897727272727,0.940476190476,0.93017617416,0.89533492823,0.887640449438,1,9,0,10,8,10
1372,WLNM_dir_neg_kfold,0.648148148148,0.307889822596,00:00:01,10,90,13,20358,threshold_sweep,0.4,0,0,0,0,1,9,17,0,0.944444444444,0.0555555555556,1,0,0,0,0.62962962963,0.654320987654,-0.0714285714286,-0.138675049056,-0.0555555555556,94,85,9,0,94,0,85,0,9,23,88,0.173913043478,1.68507579377,7.65217391304,7.33333333333,5.5,3.63829000359,0.475458352741,0.249505928854,5.32278271304,1.39118184545,0.672924901186,3.27042079462,0.854769071322,0.442687747036,0.749191304359,0.444603920564,2.5,1.68507579377,0.749191304359,2.5,0.259446613992,0.18878248974,46,0.025974025974,0.333144633145,23,23,23,1,0,0.478260869565,0.217391304348,0.304347826087,23,0.156126482213,1.68552751596,6.86956521739,6.58333333333,5.26666666667,3.23762465995,0.471299792272,0.25701706109,4.73695420897,1.37911325071,0.671436433682,3.02754156126,0.881436150746,0.472206934507,0.749331926886,0.444568195885,2.5,1.68552751596,0.749331926886,2.5,0.227679895862,0.155440414508,30,0.016939582157,0.287498360226,23,23,23,1,0,0.478260869565,0.173913043478,0.347826086957,23,80,0.158102766798,1,6.95652173913,6.15384615385,5.33333333333,3.24006538752,0.465759399456,0.254891304348,4.70849874953,1.35369339049,0.661956521739,3.07289566159,0.883457502708,0.472826086957,0,0,0,NaN,NaN,NaN,0.227679895862,0.155440414508,30,0.016939582157,0.272638472638,23,23,0,1,2,0.434782608696,0.217391304348,0.347826086957,-8,-0.0158102766798,-0.685075793771,-0.695652173913,-1.17948717949,-0.166666666667,-0.398224616065,-0.0096989532852,0.00538537549407,-0.614283963516,-0.0374884549653,-0.0109683794466,-0.197525133032,0.0286884313856,0.0301383399209,-0.749191304359,-0.444603920564,-2.5,NaN,NaN,NaN,-0.0317667181304,-0.0333420752323,-16,-0.00903444381705,-0.0605061605062,-0.0434782608696,0,0.0434782608696,79,1,9,417,0.897727272727,0.997607655502,0.00239234449761,0.102272727273,0.9875,0.897727272727,0.940476190476,0.93017617416,0.89533492823,0.887640449438,1,9,0,10,8,10
1373,WLNM_dir_neg_kfold,0.648148148148,0.307889822596,00:00:01,10,90,13,20358,threshold_sweep,0.5,0,0,0,0,1,9,17,0,0.944444444444,0.0555555555556,1,0,0,0,0.62962962963,0.654320987654,-0.0714285714286,-0.138675049056,-0.0555555555556,94,85,9,0,94,0,85,0,9,23,88,0.173913043478,1.68507579377,7.65217391304,7.33333333333,5.5,3.63829000359,0.475458352741,0.249505928854,5.32278271304,1.39118184545,0.672924901186,3.27042079462,0.854769071322,0.442687747036,0.749191304359,0.444603920564,2.5,1.68507579377,0.749191304359,2.5,0.259446613992,0.18878248974,46,0.025974025974,0.333144633145,23,23,23,1,0,0.478260869565,0.217391304348,0.304347826087,23,0.156126482213,1.68552751596,6.86956521739,6.58333333333,5.26666666667,3.23762465995,0.471299792272,0.25701706109,4.73695420897,1.37911325071,0.671436433682,3.02754156126,0.881436150746,0.472206934507,0.749331926886,0.444568195885,2.5,1.68552751596,0.749331926886,2.5,0.227679895862,0.155440414508,30,0.016939582157,0.287498360226,23,23,23,1,0,0.478260869565,0.173913043478,0.347826086957,23,80,0.158102766798,1,6.95652173913,6.15384615385,5.33333333333,3.24006538752,0.465759399456,0.254891304348,4.70849874953,1.35369339049,0.661956521739,3.07289566159,0.883457502708,0.472826086957,0,0,0,NaN,NaN,NaN,0.227679895862,0.155440414508,30,0.016939582157,0.272638472638,23,23,0,1,2,0.434782608696,0.217391304348,0.347826086957,-8,-0.0158102766798,-0.685075793771,-0.695652173913,-1.17948717949,-0.166666666667,-0.398224616065,-0.0096989532852,0.00538537549407,-0.614283963516,-0.0374884549653,-0.0109683794466,-0.197525133032,0.0286884313856,0.0301383399209,-0.749191304359,-0.444603920564,-2.5,NaN,NaN,NaN,-0.0317667181304,-0.0333420752323,-16,-0.00903444381705,-0.0605061605062,-0.0434782608696,0,0.0434782608696,79,1,9,417,0.897727272727,0.997607655502,0.00239234449761,0.102272727273,0.9875,0.897727272727,0.940476190476,0.93017617416,0.89533492823,0.887640449438,1,9,0,10,8,10
1374,WLNM_dir_neg_kfold,0.648148148148,0.307889822596,00:00:01,10,90,13,20358,threshold_sweep,0.6,0,0,0,0,1,9,17,0,0.944444444444,0.0555555555556,1,0,0,0,0.62962962963,0.654320987654,-0.0714285714286,-0.138675049056,-0.0555555555556,94,85,9,0,94,0,85,0,9,23,88,0.173913043478,1.68507579377,7.65217391304,7.33333333333,5.5,3.63829000359,0.475458352741,0.249505928854,5.32278271304,1.39118184545,0.672924901186,3.27042079462,0.854769071322,0.442687747036,0.749191304359,0.444603920564,2.5,1.68507579377,0.749191304359,2.5,0.259446613992,0.18878248974,46,0.025974025974,0.333144633145,23,23,23,1,0,0.478260869565,0.217391304348,0.304347826087,23,0.156126482213,1.68552751596,6.86956521739,6.58333333333,5.26666666667,3.23762465995,0.471299792272,0.25701706109,4.73695420897,1.37911325071,0.671436433682,3.02754156126,0.881436150746,0.472206934507,0.749331926886,0.444568195885,2.5,1.68552751596,0.749331926886,2.5,0.227679895862,0.155440414508,30,0.016939582157,0.287498360226,23,23,23,1,0,0.478260869565,0.173913043478,0.347826086957,23,80,0.158102766798,1,6.95652173913,6.15384615385,5.33333333333,3.24006538752,0.465759399456,0.254891304348,4.70849874953,1.35369339049,0.661956521739,3.07289566159,0.883457502708,0.472826086957,0,0,0,NaN,NaN,NaN,0.227679895862,0.155440414508,30,0.016939582157,0.272638472638,23,23,0,1,2,0.434782608696,0.217391304348,0.347826086957,-8,-0.0158102766798,-0.685075793771,-0.695652173913,-1.17948717949,-0.166666666667,-0.398224616065,-0.0096989532852,0.00538537549407,-0.614283963516,-0.0374884549653,-0.0109683794466,-0.197525133032,0.0286884313856,0.0301383399209,-0.749191304359,-0.444603920564,-2.5,NaN,NaN,NaN,-0.0317667181304,-0.0333420752323,-16,-0.00903444381705,-0.0605061605062,-0.0434782608696,0,0.0434782608696,79,1,9,417,0.897727272727,0.997607655502,0.00239234449761,0.102272727273,0.9875,0.897727272727,0.940476190476,0.93017617416,0.89533492823,0.887640449438,1,9,0,10,8,10
1375,WLNM_dir_neg_kfold,0.648148148148,0.307889822596,00:00:01,10,90,13,20358,threshold_sweep,0.7,0,0,0,0,1,9,17,0,0.944444444444,0.0555555555556,1,0,0,0,0.62962962963,0.654320987654,-0.0714285714286,-0.138675049056,-0.0555555555556,94,85,9,0,94,0,85,0,9,23,88,0.173913043478,1.68507579377,7.65217391304,7.33333333333,5.5,3.63829000359,0.475458352741,0.249505928854,5.32278271304,1.39118184545,0.672924901186,3.27042079462,0.854769071322,0.442687747036,0.749191304359,0.444603920564,2.5,1.68507579377,0.749191304359,2.5,0.259446613992,0.18878248974,46,0.025974025974,0.333144633145,23,23,23,1,0,0.478260869565,0.217391304348,0.304347826087,23,0.156126482213,1.68552751596,6.86956521739,6.58333333333,5.26666666667,3.23762465995,0.471299792272,0.25701706109,4.73695420897,1.37911325071,0.671436433682,3.02754156126,0.881436150746,0.472206934507,0.749331926886,0.444568195885,2.5,1.68552751596,0.749331926886,2.5,0.227679895862,0.155440414508,30,0.016939582157,0.287498360226,23,23,23,1,0,0.478260869565,0.173913043478,0.347826086957,23,80,0.158102766798,1,6.95652173913,6.15384615385,5.33333333333,3.24006538752,0.465759399456,0.254891304348,4.70849874953,1.35369339049,0.661956521739,3.07289566159,0.883457502708,0.472826086957,0,0,0,NaN,NaN,NaN,0.227679895862,0.155440414508,30,0.016939582157,0.272638472638,23,23,0,1,2,0.434782608696,0.217391304348,0.347826086957,-8,-0.0158102766798,-0.685075793771,-0.695652173913,-1.17948717949,-0.166666666667,-0.398224616065,-0.0096989532852,0.00538537549407,-0.614283963516,-0.0374884549653,-0.0109683794466,-0.197525133032,0.0286884313856,0.0301383399209,-0.749191304359,-0.444603920564,-2.5,NaN,NaN,NaN,-0.0317667181304,-0.0333420752323,-16,-0.00903444381705,-0.0605061605062,-0.0434782608696,0,0.0434782608696,79,1,9,417,0.897727272727,0.997607655502,0.00239234449761,0.102272727273,0.9875,0.897727272727,0.940476190476,0.93017617416,0.89533492823,0.887640449438,1,9,0,10,8,10
1376,WLNM_dir_neg_kfold,0.648148148148,0.307889822596,00:00:01,10,90,13,20358,threshold_sweep,0.8,0,0,0,0,1,9,17,0,0.944444444444,0.0555555555556,1,0,0,0,0.62962962963,0.654320987654,-0.0714285714286,-0.138675049056,-0.0555555555556,94,85,9,0,94,0,85,0,9,23,88,0.173913043478,1.68507579377,7.65217391304,7.33333333333,5.5,3.63829000359,0.475458352741,0.249505928854,5.32278271304,1.39118184545,0.672924901186,3.27042079462,0.854769071322,0.442687747036,0.749191304359,0.444603920564,2.5,1.68507579377,0.749191304359,2.5,0.259446613992,0.18878248974,46,0.025974025974,0.333144633145,23,23,23,1,0,0.478260869565,0.217391304348,0.304347826087,23,0.156126482213,1.68552751596,6.86956521739,6.58333333333,5.26666666667,3.23762465995,0.471299792272,0.25701706109,4.73695420897,1.37911325071,0.671436433682,3.02754156126,0.881436150746,0.472206934507,0.749331926886,0.444568195885,2.5,1.68552751596,0.749331926886,2.5,0.227679895862,0.155440414508,30,0.016939582157,0.287498360226,23,23,23,1,0,0.478260869565,0.173913043478,0.347826086957,23,80,0.158102766798,1,6.95652173913,6.15384615385,5.33333333333,3.24006538752,0.465759399456,0.254891304348,4.70849874953,1.35369339049,0.661956521739,3.07289566159,0.883457502708,0.472826086957,0,0,0,NaN,NaN,NaN,0.227679895862,0.155440414508,30,0.016939582157,0.272638472638,23,23,0,1,2,0.434782608696,0.217391304348,0.347826086957,-8,-0.0158102766798,-0.685075793771,-0.695652173913,-1.17948717949,-0.166666666667,-0.398224616065,-0.0096989532852,0.00538537549407,-0.614283963516,-0.0374884549653,-0.0109683794466,-0.197525133032,0.0286884313856,0.0301383399209,-0.749191304359,-0.444603920564,-2.5,NaN,NaN,NaN,-0.0317667181304,-0.0333420752323,-16,-0.00903444381705,-0.0605061605062,-0.0434782608696,0,0.0434782608696,79,1,9,417,0.897727272727,0.997607655502,0.00239234449761,0.102272727273,0.9875,0.897727272727,0.940476190476,0.93017617416,0.89533492823,0.887640449438,1,9,0,10,8,10
1377,WLNM_dir_neg_kfold,0.648148148148,0.307889822596,00:00:01,10,90,13,20358,threshold_sweep,0.9,0,0,0,0,1,9,17,0,0.944444444444,0.0555555555556,1,0,0,0,0.62962962963,0.654320987654,-0.0714285714286,-0.138675049056,-0.0555555555556,94,85,9,0,94,0,85,0,9,23,88,0.173913043478,1.68507579377,7.65217391304,7.33333333333,5.5,3.63829000359,0.475458352741,0.249505928854,5.32278271304,1.39118184545,0.672924901186,3.27042079462,0.854769071322,0.442687747036,0.749191304359,0.444603920564,2.5,1.68507579377,0.749191304359,2.5,0.259446613992,0.18878248974,46,0.025974025974,0.333144633145,23,23,23,1,0,0.478260869565,0.217391304348,0.304347826087,23,0.156126482213,1.68552751596,6.86956521739,6.58333333333,5.26666666667,3.23762465995,0.471299792272,0.25701706109,4.73695420897,1.37911325071,0.671436433682,3.02754156126,0.881436150746,0.472206934507,0.749331926886,0.444568195885,2.5,1.68552751596,0.749331926886,2.5,0.227679895862,0.155440414508,30,0.016939582157,0.287498360226,23,23,23,1,0,0.478260869565,0.173913043478,0.347826086957,23,80,0.158102766798,1,6.95652173913,6.15384615385,5.33333333333,3.24006538752,0.465759399456,0.254891304348,4.70849874953,1.35369339049,0.661956521739,3.07289566159,0.883457502708,0.472826086957,0,0,0,NaN,NaN,NaN,0.227679895862,0.155440414508,30,0.016939582157,0.272638472638,23,23,0,1,2,0.434782608696,0.217391304348,0.347826086957,-8,-0.0158102766798,-0.685075793771,-0.695652173913,-1.17948717949,-0.166666666667,-0.398224616065,-0.0096989532852,0.00538537549407,-0.614283963516,-0.0374884549653,-0.0109683794466,-0.197525133032,0.0286884313856,0.0301383399209,-0.749191304359,-0.444603920564,-2.5,NaN,NaN,NaN,-0.0317667181304,-0.0333420752323,-16,-0.00903444381705,-0.0605061605062,-0.0434782608696,0,0.0434782608696,79,1,9,417,0.897727272727,0.997607655502,0.00239234449761,0.102272727273,0.9875,0.897727272727,0.940476190476,0.93017617416,0.89533492823,0.887640449438,1,9,0,10,8,10
1378,WLNM_dir_neg_kfold,0.753086419753,0.355555555556,00:00:01,10,90,14,20359,threshold_sweep,0.1,1,0.111111111111,0.2,1,0,8,18,0.111111111111,1,0,0.888888888889,1,0.111111111111,0.2,0.703703703704,0.654320987654,0.142857142857,0.277350098113,0.111111111111,94,85,9,0,94,0,85,0,9,23,88,0.173913043478,1.68507579377,7.65217391304,7.33333333333,5.5,3.63829000359,0.475458352741,0.249505928854,5.32278271304,1.39118184545,0.672924901186,3.27042079462,0.854769071322,0.442687747036,0.749191304359,0.444603920564,2.5,1.68507579377,0.749191304359,2.5,0.259446613992,0.18878248974,46,0.025974025974,0.333144633145,23,23,23,1,0,0.478260869565,0.217391304348,0.304347826087,23,0.156126482213,1.68552751596,6.86956521739,6.58333333333,5.26666666667,3.23762465995,0.471299792272,0.25701706109,4.73695420897,1.37911325071,0.671436433682,3.02754156126,0.881436150746,0.472206934507,0.749331926886,0.444568195885,2.5,1.68552751596,0.749331926886,2.5,0.227679895862,0.155440414508,30,0.016939582157,0.287498360226,23,23,23,1,0,0.478260869565,0.173913043478,0.347826086957,23,80,0.158102766798,1.68808582722,6.95652173913,6.66666666667,5,3.35041735351,0.481622494567,0.2625,4.83236781052,1.38930574552,0.675,2.98282302552,0.857561619837,0.461956521739,0.751181536813,0.444990133026,2.5,1.68808582722,0.751181536813,2.5,0.261623729806,0.19,38,0.0214568040655,0.283091655819,23,23,23,1,0,0.478260869565,0.217391304348,0.304347826087,-8,-0.0158102766798,0.00301003344482,-0.695652173913,-0.666666666667,-0.5,-0.287872650078,0.00616414182536,0.0129940711462,-0.490414902526,-0.00187609993079,0.00207509881423,-0.287597769103,0.00279254851508,0.0192687747036,0.00199023245413,0.000386212462081,0,0.00301003344482,0.00199023245413,0,0.00217711581348,0.00121751025992,-8,-0.00451722190853,-0.0500529773257,0,0,0,80,0,8,418,0.909090909091,1,0,0.0909090909091,1,0.909090909091,0.952380952381,0.944467458064,0.909090909091,0.909090909091,1,9,0,10,8,10
1379,WLNM_dir_neg_kfold,0.753086419753,0.355555555556,00:00:01,10,90,14,20359,threshold_sweep,0.2,1,0.111111111111,0.2,1,0,8,18,0.111111111111,1,0,0.888888888889,1,0.111111111111,0.2,0.703703703704,0.654320987654,0.142857142857,0.277350098113,0.111111111111,94,85,9,0,94,0,85,0,9,23,88,0.173913043478,1.68507579377,7.65217391304,7.33333333333,5.5,3.63829000359,0.475458352741,0.249505928854,5.32278271304,1.39118184545,0.672924901186,3.27042079462,0.854769071322,0.442687747036,0.749191304359,0.444603920564,2.5,1.68507579377,0.749191304359,2.5,0.259446613992,0.18878248974,46,0.025974025974,0.333144633145,23,23,23,1,0,0.478260869565,0.217391304348,0.304347826087,23,0.156126482213,1.68552751596,6.86956521739,6.58333333333,5.26666666667,3.23762465995,0.471299792272,0.25701706109,4.73695420897,1.37911325071,0.671436433682,3.02754156126,0.881436150746,0.472206934507,0.749331926886,0.444568195885,2.5,1.68552751596,0.749331926886,2.5,0.227679895862,0.155440414508,30,0.016939582157,0.287498360226,23,23,23,1,0,0.478260869565,0.173913043478,0.347826086957,23,80,0.158102766798,1.68808582722,6.95652173913,6.66666666667,5,3.35041735351,0.481622494567,0.2625,4.83236781052,1.38930574552,0.675,2.98282302552,0.857561619837,0.461956521739,0.751181536813,0.444990133026,2.5,1.68808582722,0.751181536813,2.5,0.261623729806,0.19,38,0.0214568040655,0.283091655819,23,23,23,1,0,0.478260869565,0.217391304348,0.304347826087,-8,-0.0158102766798,0.00301003344482,-0.695652173913,-0.666666666667,-0.5,-0.287872650078,0.00616414182536,0.0129940711462,-0.490414902526,-0.00187609993079,0.00207509881423,-0.287597769103,0.00279254851508,0.0192687747036,0.00199023245413,0.000386212462081,0,0.00301003344482,0.00199023245413,0,0.00217711581348,0.00121751025992,-8,-0.00451722190853,-0.0500529773257,0,0,0,80,0,8,418,0.909090909091,1,0,0.0909090909091,1,0.909090909091,0.952380952381,0.944467458064,0.909090909091,0.909090909091,1,9,0,10,8,10
1380,WLNM_dir_neg_kfold,0.753086419753,0.355555555556,00:00:01,10,90,14,20359,threshold_sweep,0.3,1,0.111111111111,0.2,1,0,8,18,0.111111111111,1,0,0.888888888889,1,0.111111111111,0.2,0.703703703704,0.654320987654,0.142857142857,0.277350098113,0.111111111111,94,85,9,0,94,0,85,0,9,23,88,0.173913043478,1.68507579377,7.65217391304,7.33333333333,5.5,3.63829000359,0.475458352741,0.249505928854,5.32278271304,1.39118184545,0.672924901186,3.27042079462,0.854769071322,0.442687747036,0.749191304359,0.444603920564,2.5,1.68507579377,0.749191304359,2.5,0.259446613992,0.18878248974,46,0.025974025974,0.333144633145,23,23,23,1,0,0.478260869565,0.217391304348,0.304347826087,23,0.156126482213,1.68552751596,6.86956521739,6.58333333333,5.26666666667,3.23762465995,0.471299792272,0.25701706109,4.73695420897,1.37911325071,0.671436433682,3.02754156126,0.881436150746,0.472206934507,0.749331926886,0.444568195885,2.5,1.68552751596,0.749331926886,2.5,0.227679895862,0.155440414508,30,0.016939582157,0.287498360226,23,23,23,1,0,0.478260869565,0.173913043478,0.347826086957,23,80,0.158102766798,1.68808582722,6.95652173913,6.66666666667,5,3.35041735351,0.481622494567,0.2625,4.83236781052,1.38930574552,0.675,2.98282302552,0.857561619837,0.461956521739,0.751181536813,0.444990133026,2.5,1.68808582722,0.751181536813,2.5,0.261623729806,0.19,38,0.0214568040655,0.283091655819,23,23,23,1,0,0.478260869565,0.217391304348,0.304347826087,-8,-0.0158102766798,0.00301003344482,-0.695652173913,-0.666666666667,-0.5,-0.287872650078,0.00616414182536,0.0129940711462,-0.490414902526,-0.00187609993079,0.00207509881423,-0.287597769103,0.00279254851508,0.0192687747036,0.00199023245413,0.000386212462081,0,0.00301003344482,0.00199023245413,0,0.00217711581348,0.00121751025992,-8,-0.00451722190853,-0.0500529773257,0,0,0,80,0,8,418,0.909090909091,1,0,0.0909090909091,1,0.909090909091,0.952380952381,0.944467458064,0.909090909091,0.909090909091,1,9,0,10,8,10
1381,WLNM_dir_neg_kfold,0.753086419753,0.355555555556,00:00:01,10,90,14,20359,threshold_sweep,0.4,1,0.111111111111,0.2,1,0,8,18,0.111111111111,1,0,0.888888888889,1,0.111111111111,0.2,0.703703703704,0.654320987654,0.142857142857,0.277350098113,0.111111111111,94,85,9,0,94,0,85,0,9,23,88,0.173913043478,1.68507579377,7.65217391304,7.33333333333,5.5,3.63829000359,0.475458352741,0.249505928854,5.32278271304,1.39118184545,0.672924901186,3.27042079462,0.854769071322,0.442687747036,0.749191304359,0.444603920564,2.5,1.68507579377,0.749191304359,2.5,0.259446613992,0.18878248974,46,0.025974025974,0.333144633145,23,23,23,1,0,0.478260869565,0.217391304348,0.304347826087,23,0.156126482213,1.68552751596,6.86956521739,6.58333333333,5.26666666667,3.23762465995,0.471299792272,0.25701706109,4.73695420897,1.37911325071,0.671436433682,3.02754156126,0.881436150746,0.472206934507,0.749331926886,0.444568195885,2.5,1.68552751596,0.749331926886,2.5,0.227679895862,0.155440414508,30,0.016939582157,0.287498360226,23,23,23,1,0,0.478260869565,0.173913043478,0.347826086957,23,80,0.158102766798,1.68808582722,6.95652173913,6.66666666667,5,3.35041735351,0.481622494567,0.2625,4.83236781052,1.38930574552,0.675,2.98282302552,0.857561619837,0.461956521739,0.751181536813,0.444990133026,2.5,1.68808582722,0.751181536813,2.5,0.261623729806,0.19,38,0.0214568040655,0.283091655819,23,23,23,1,0,0.478260869565,0.217391304348,0.304347826087,-8,-0.0158102766798,0.00301003344482,-0.695652173913,-0.666666666667,-0.5,-0.287872650078,0.00616414182536,0.0129940711462,-0.490414902526,-0.00187609993079,0.00207509881423,-0.287597769103,0.00279254851508,0.0192687747036,0.00199023245413,0.000386212462081,0,0.00301003344482,0.00199023245413,0,0.00217711581348,0.00121751025992,-8,-0.00451722190853,-0.0500529773257,0,0,0,80,0,8,418,0.909090909091,1,0,0.0909090909091,1,0.909090909091,0.952380952381,0.944467458064,0.909090909091,0.909090909091,1,9,0,10,8,10
1382,WLNM_dir_neg_kfold,0.753086419753,0.355555555556,00:00:01,10,90,14,20359,threshold_sweep,0.5,1,0.111111111111,0.2,1,0,8,18,0.111111111111,1,0,0.888888888889,1,0.111111111111,0.2,0.703703703704,0.654320987654,0.142857142857,0.277350098113,0.111111111111,94,85,9,0,94,0,85,0,9,23,88,0.173913043478,1.68507579377,7.65217391304,7.33333333333,5.5,3.63829000359,0.475458352741,0.249505928854,5.32278271304,1.39118184545,0.672924901186,3.27042079462,0.854769071322,0.442687747036,0.749191304359,0.444603920564,2.5,1.68507579377,0.749191304359,2.5,0.259446613992,0.18878248974,46,0.025974025974,0.333144633145,23,23,23,1,0,0.478260869565,0.217391304348,0.304347826087,23,0.156126482213,1.68552751596,6.86956521739,6.58333333333,5.26666666667,3.23762465995,0.471299792272,0.25701706109,4.73695420897,1.37911325071,0.671436433682,3.02754156126,0.881436150746,0.472206934507,0.749331926886,0.444568195885,2.5,1.68552751596,0.749331926886,2.5,0.227679895862,0.155440414508,30,0.016939582157,0.287498360226,23,23,23,1,0,0.478260869565,0.173913043478,0.347826086957,23,80,0.158102766798,1.68808582722,6.95652173913,6.66666666667,5,3.35041735351,0.481622494567,0.2625,4.83236781052,1.38930574552,0.675,2.98282302552,0.857561619837,0.461956521739,0.751181536813,0.444990133026,2.5,1.68808582722,0.751181536813,2.5,0.261623729806,0.19,38,0.0214568040655,0.283091655819,23,23,23,1,0,0.478260869565,0.217391304348,0.304347826087,-8,-0.0158102766798,0.00301003344482,-0.695652173913,-0.666666666667,-0.5,-0.287872650078,0.00616414182536,0.0129940711462,-0.490414902526,-0.00187609993079,0.00207509881423,-0.287597769103,0.00279254851508,0.0192687747036,0.00199023245413,0.000386212462081,0,0.00301003344482,0.00199023245413,0,0.00217711581348,0.00121751025992,-8,-0.00451722190853,-0.0500529773257,0,0,0,80,0,8,418,0.909090909091,1,0,0.0909090909091,1,0.909090909091,0.952380952381,0.944467458064,0.909090909091,0.909090909091,1,9,0,10,8,10
1383,WLNM_dir_neg_kfold,0.753086419753,0.355555555556,00:00:01,10,90,14,20359,threshold_sweep,0.6,1,0.111111111111,0.2,1,0,8,18,0.111111111111,1,0,0.888888888889,1,0.111111111111,0.2,0.703703703704,0.654320987654,0.142857142857,0.277350098113,0.111111111111,94,85,9,0,94,0,85,0,9,23,88,0.173913043478,1.68507579377,7.65217391304,7.33333333333,5.5,3.63829000359,0.475458352741,0.249505928854,5.32278271304,1.39118184545,0.672924901186,3.27042079462,0.854769071322,0.442687747036,0.749191304359,0.444603920564,2.5,1.68507579377,0.749191304359,2.5,0.259446613992,0.18878248974,46,0.025974025974,0.333144633145,23,23,23,1,0,0.478260869565,0.217391304348,0.304347826087,23,0.156126482213,1.68552751596,6.86956521739,6.58333333333,5.26666666667,3.23762465995,0.471299792272,0.25701706109,4.73695420897,1.37911325071,0.671436433682,3.02754156126,0.881436150746,0.472206934507,0.749331926886,0.444568195885,2.5,1.68552751596,0.749331926886,2.5,0.227679895862,0.155440414508,30,0.016939582157,0.287498360226,23,23,23,1,0,0.478260869565,0.173913043478,0.347826086957,23,80,0.158102766798,1.68808582722,6.95652173913,6.66666666667,5,3.35041735351,0.481622494567,0.2625,4.83236781052,1.38930574552,0.675,2.98282302552,0.857561619837,0.461956521739,0.751181536813,0.444990133026,2.5,1.68808582722,0.751181536813,2.5,0.261623729806,0.19,38,0.0214568040655,0.283091655819,23,23,23,1,0,0.478260869565,0.217391304348,0.304347826087,-8,-0.0158102766798,0.00301003344482,-0.695652173913,-0.666666666667,-0.5,-0.287872650078,0.00616414182536,0.0129940711462,-0.490414902526,-0.00187609993079,0.00207509881423,-0.287597769103,0.00279254851508,0.0192687747036,0.00199023245413,0.000386212462081,0,0.00301003344482,0.00199023245413,0,0.00217711581348,0.00121751025992,-8,-0.00451722190853,-0.0500529773257,0,0,0,80,0,8,418,0.909090909091,1,0,0.0909090909091,1,0.909090909091,0.952380952381,0.944467458064,0.909090909091,0.909090909091,1,9,0,10,8,10
1384,WLNM_dir_neg_kfold,0.753086419753,0.355555555556,00:00:01,10,90,14,20359,threshold_sweep,0.7,1,0.111111111111,0.2,1,0,8,18,0.111111111111,1,0,0.888888888889,1,0.111111111111,0.2,0.703703703704,0.654320987654,0.142857142857,0.277350098113,0.111111111111,94,85,9,0,94,0,85,0,9,23,88,0.173913043478,1.68507579377,7.65217391304,7.33333333333,5.5,3.63829000359,0.475458352741,0.249505928854,5.32278271304,1.39118184545,0.672924901186,3.27042079462,0.854769071322,0.442687747036,0.749191304359,0.444603920564,2.5,1.68507579377,0.749191304359,2.5,0.259446613992,0.18878248974,46,0.025974025974,0.333144633145,23,23,23,1,0,0.478260869565,0.217391304348,0.304347826087,23,0.156126482213,1.68552751596,6.86956521739,6.58333333333,5.26666666667,3.23762465995,0.471299792272,0.25701706109,4.73695420897,1.37911325071,0.671436433682,3.02754156126,0.881436150746,0.472206934507,0.749331926886,0.444568195885,2.5,1.68552751596,0.749331926886,2.5,0.227679895862,0.155440414508,30,0.016939582157,0.287498360226,23,23,23,1,0,0.478260869565,0.173913043478,0.347826086957,23,80,0.158102766798,1.68808582722,6.95652173913,6.66666666667,5,3.35041735351,0.481622494567,0.2625,4.83236781052,1.38930574552,0.675,2.98282302552,0.857561619837,0.461956521739,0.751181536813,0.444990133026,2.5,1.68808582722,0.751181536813,2.5,0.261623729806,0.19,38,0.0214568040655,0.283091655819,23,23,23,1,0,0.478260869565,0.217391304348,0.304347826087,-8,-0.0158102766798,0.00301003344482,-0.695652173913,-0.666666666667,-0.5,-0.287872650078,0.00616414182536,0.0129940711462,-0.490414902526,-0.00187609993079,0.00207509881423,-0.287597769103,0.00279254851508,0.0192687747036,0.00199023245413,0.000386212462081,0,0.00301003344482,0.00199023245413,0,0.00217711581348,0.00121751025992,-8,-0.00451722190853,-0.0500529773257,0,0,0,80,0,8,418,0.909090909091,1,0,0.0909090909091,1,0.909090909091,0.952380952381,0.944467458064,0.909090909091,0.909090909091,1,9,0,10,8,10
1385,WLNM_dir_neg_kfold,0.753086419753,0.355555555556,00:00:01,10,90,14,20359,threshold_sweep,0.8,1,0.111111111111,0.2,1,0,8,18,0.111111111111,1,0,0.888888888889,1,0.111111111111,0.2,0.703703703704,0.654320987654,0.142857142857,0.277350098113,0.111111111111,94,85,9,0,94,0,85,0,9,23,88,0.173913043478,1.68507579377,7.65217391304,7.33333333333,5.5,3.63829000359,0.475458352741,0.249505928854,5.32278271304,1.39118184545,0.672924901186,3.27042079462,0.854769071322,0.442687747036,0.749191304359,0.444603920564,2.5,1.68507579377,0.749191304359,2.5,0.259446613992,0.18878248974,46,0.025974025974,0.333144633145,23,23,23,1,0,0.478260869565,0.217391304348,0.304347826087,23,0.156126482213,1.68552751596,6.86956521739,6.58333333333,5.26666666667,3.23762465995,0.471299792272,0.25701706109,4.73695420897,1.37911325071,0.671436433682,3.02754156126,0.881436150746,0.472206934507,0.749331926886,0.444568195885,2.5,1.68552751596,0.749331926886,2.5,0.227679895862,0.155440414508,30,0.016939582157,0.287498360226,23,23,23,1,0,0.478260869565,0.173913043478,0.347826086957,23,80,0.158102766798,1.68808582722,6.95652173913,6.66666666667,5,3.35041735351,0.481622494567,0.2625,4.83236781052,1.38930574552,0.675,2.98282302552,0.857561619837,0.461956521739,0.751181536813,0.444990133026,2.5,1.68808582722,0.751181536813,2.5,0.261623729806,0.19,38,0.0214568040655,0.283091655819,23,23,23,1,0,0.478260869565,0.217391304348,0.304347826087,-8,-0.0158102766798,0.00301003344482,-0.695652173913,-0.666666666667,-0.5,-0.287872650078,0.00616414182536,0.0129940711462,-0.490414902526,-0.00187609993079,0.00207509881423,-0.287597769103,0.00279254851508,0.0192687747036,0.00199023245413,0.000386212462081,0,0.00301003344482,0.00199023245413,0,0.00217711581348,0.00121751025992,-8,-0.00451722190853,-0.0500529773257,0,0,0,80,0,8,418,0.909090909091,1,0,0.0909090909091,1,0.909090909091,0.952380952381,0.944467458064,0.909090909091,0.909090909091,1,9,0,10,8,10
1386,WLNM_dir_neg_kfold,0.753086419753,0.355555555556,00:00:01,10,90,14,20359,threshold_sweep,0.9,1,0.111111111111,0.2,1,0,8,18,0.111111111111,1,0,0.888888888889,1,0.111111111111,0.2,0.703703703704,0.654320987654,0.142857142857,0.277350098113,0.111111111111,94,85,9,0,94,0,85,0,9,23,88,0.173913043478,1.68507579377,7.65217391304,7.33333333333,5.5,3.63829000359,0.475458352741,0.249505928854,5.32278271304,1.39118184545,0.672924901186,3.27042079462,0.854769071322,0.442687747036,0.749191304359,0.444603920564,2.5,1.68507579377,0.749191304359,2.5,0.259446613992,0.18878248974,46,0.025974025974,0.333144633145,23,23,23,1,0,0.478260869565,0.217391304348,0.304347826087,23,0.156126482213,1.68552751596,6.86956521739,6.58333333333,5.26666666667,3.23762465995,0.471299792272,0.25701706109,4.73695420897,1.37911325071,0.671436433682,3.02754156126,0.881436150746,0.472206934507,0.749331926886,0.444568195885,2.5,1.68552751596,0.749331926886,2.5,0.227679895862,0.155440414508,30,0.016939582157,0.287498360226,23,23,23,1,0,0.478260869565,0.173913043478,0.347826086957,23,80,0.158102766798,1.68808582722,6.95652173913,6.66666666667,5,3.35041735351,0.481622494567,0.2625,4.83236781052,1.38930574552,0.675,2.98282302552,0.857561619837,0.461956521739,0.751181536813,0.444990133026,2.5,1.68808582722,0.751181536813,2.5,0.261623729806,0.19,38,0.0214568040655,0.283091655819,23,23,23,1,0,0.478260869565,0.217391304348,0.304347826087,-8,-0.0158102766798,0.00301003344482,-0.695652173913,-0.666666666667,-0.5,-0.287872650078,0.00616414182536,0.0129940711462,-0.490414902526,-0.00187609993079,0.00207509881423,-0.287597769103,0.00279254851508,0.0192687747036,0.00199023245413,0.000386212462081,0,0.00301003344482,0.00199023245413,0,0.00217711581348,0.00121751025992,-8,-0.00451722190853,-0.0500529773257,0,0,0,80,0,8,418,0.909090909091,1,0,0.0909090909091,1,0.909090909091,0.952380952381,0.944467458064,0.909090909091,0.909090909091,1,9,0,10,8,10
1387,WLNM_dir_neg_kfold,0.851851851852,0.444444444444,00:00:01,10,90,15,20360,threshold_sweep,0.1,1,0.111111111111,0.2,1,0,8,18,0.111111111111,1,0,0.888888888889,1,0.111111111111,0.2,0.703703703704,0.654320987654,0.142857142857,0.277350098113,0.111111111111,94,85,9,0,94,0,85,0,9,23,88,0.173913043478,1.68507579377,7.65217391304,7.33333333333,5.5,3.63829000359,0.475458352741,0.249505928854,5.32278271304,1.39118184545,0.672924901186,3.27042079462,0.854769071322,0.442687747036,0.749191304359,0.444603920564,2.5,1.68507579377,0.749191304359,2.5,0.259446613992,0.18878248974,46,0.025974025974,0.333144633145,23,23,23,1,0,0.478260869565,0.217391304348,0.304347826087,23,0.156126482213,1.68552751596,6.86956521739,6.58333333333,5.26666666667,3.23762465995,0.471299792272,0.25701706109,4.73695420897,1.37911325071,0.671436433682,3.02754156126,0.881436150746,0.472206934507,0.749331926886,0.444568195885,2.5,1.68552751596,0.749331926886,2.5,0.227679895862,0.155440414508,30,0.016939582157,0.287498360226,23,23,23,1,0,0.478260869565,0.173913043478,0.347826086957,23,80,0.158102766798,1.68808582722,6.95652173913,6.66666666667,5,3.35041735351,0.481622494567,0.2625,4.83236781052,1.38930574552,0.675,2.98282302552,0.857561619837,0.461956521739,0.751181536813,0.444990133026,2.5,1.68808582722,0.751181536813,2.5,0.261623729806,0.19,38,0.0214568040655,0.283091655819,23,23,23,1,0,0.478260869565,0.217391304348,0.304347826087,-8,-0.0158102766798,0.00301003344482,-0.695652173913,-0.666666666667,-0.5,-0.287872650078,0.00616414182536,0.0129940711462,-0.490414902526,-0.00187609993079,0.00207509881423,-0.287597769103,0.00279254851508,0.0192687747036,0.00199023245413,0.000386212462081,0,0.00301003344482,0.00199023245413,0,0.00217711581348,0.00121751025992,-8,-0.00451722190853,-0.0500529773257,0,0,0,80,0,8,418,0.909090909091,1,0,0.0909090909091,1,0.909090909091,0.952380952381,0.944467458064,0.909090909091,0.909090909091,1,9,0,10,8,10
1388,WLNM_dir_neg_kfold,0.851851851852,0.444444444444,00:00:01,10,90,15,20360,threshold_sweep,0.2,1,0.111111111111,0.2,1,0,8,18,0.111111111111,1,0,0.888888888889,1,0.111111111111,0.2,0.703703703704,0.654320987654,0.142857142857,0.277350098113,0.111111111111,94,85,9,0,94,0,85,0,9,23,88,0.173913043478,1.68507579377,7.65217391304,7.33333333333,5.5,3.63829000359,0.475458352741,0.249505928854,5.32278271304,1.39118184545,0.672924901186,3.27042079462,0.854769071322,0.442687747036,0.749191304359,0.444603920564,2.5,1.68507579377,0.749191304359,2.5,0.259446613992,0.18878248974,46,0.025974025974,0.333144633145,23,23,23,1,0,0.478260869565,0.217391304348,0.304347826087,23,0.156126482213,1.68552751596,6.86956521739,6.58333333333,5.26666666667,3.23762465995,0.471299792272,0.25701706109,4.73695420897,1.37911325071,0.671436433682,3.02754156126,0.881436150746,0.472206934507,0.749331926886,0.444568195885,2.5,1.68552751596,0.749331926886,2.5,0.227679895862,0.155440414508,30,0.016939582157,0.287498360226,23,23,23,1,0,0.478260869565,0.173913043478,0.347826086957,23,80,0.158102766798,1.68808582722,6.95652173913,6.66666666667,5,3.35041735351,0.481622494567,0.2625,4.83236781052,1.38930574552,0.675,2.98282302552,0.857561619837,0.461956521739,0.751181536813,0.444990133026,2.5,1.68808582722,0.751181536813,2.5,0.261623729806,0.19,38,0.0214568040655,0.283091655819,23,23,23,1,0,0.478260869565,0.217391304348,0.304347826087,-8,-0.0158102766798,0.00301003344482,-0.695652173913,-0.666666666667,-0.5,-0.287872650078,0.00616414182536,0.0129940711462,-0.490414902526,-0.00187609993079,0.00207509881423,-0.287597769103,0.00279254851508,0.0192687747036,0.00199023245413,0.000386212462081,0,0.00301003344482,0.00199023245413,0,0.00217711581348,0.00121751025992,-8,-0.00451722190853,-0.0500529773257,0,0,0,80,0,8,418,0.909090909091,1,0,0.0909090909091,1,0.909090909091,0.952380952381,0.944467458064,0.909090909091,0.909090909091,1,9,0,10,8,10
1389,WLNM_dir_neg_kfold,0.851851851852,0.444444444444,00:00:01,10,90,15,20360,threshold_sweep,0.3,1,0.111111111111,0.2,1,0,8,18,0.111111111111,1,0,0.888888888889,1,0.111111111111,0.2,0.703703703704,0.654320987654,0.142857142857,0.277350098113,0.111111111111,94,85,9,0,94,0,85,0,9,23,88,0.173913043478,1.68507579377,7.65217391304,7.33333333333,5.5,3.63829000359,0.475458352741,0.249505928854,5.32278271304,1.39118184545,0.672924901186,3.27042079462,0.854769071322,0.442687747036,0.749191304359,0.444603920564,2.5,1.68507579377,0.749191304359,2.5,0.259446613992,0.18878248974,46,0.025974025974,0.333144633145,23,23,23,1,0,0.478260869565,0.217391304348,0.304347826087,23,0.156126482213,1.68552751596,6.86956521739,6.58333333333,5.26666666667,3.23762465995,0.471299792272,0.25701706109,4.73695420897,1.37911325071,0.671436433682,3.02754156126,0.881436150746,0.472206934507,0.749331926886,0.444568195885,2.5,1.68552751596,0.749331926886,2.5,0.227679895862,0.155440414508,30,0.016939582157,0.287498360226,23,23,23,1,0,0.478260869565,0.173913043478,0.347826086957,23,80,0.158102766798,1.68808582722,6.95652173913,6.66666666667,5,3.35041735351,0.481622494567,0.2625,4.83236781052,1.38930574552,0.675,2.98282302552,0.857561619837,0.461956521739,0.751181536813,0.444990133026,2.5,1.68808582722,0.751181536813,2.5,0.261623729806,0.19,38,0.0214568040655,0.283091655819,23,23,23,1,0,0.478260869565,0.217391304348,0.304347826087,-8,-0.0158102766798,0.00301003344482,-0.695652173913,-0.666666666667,-0.5,-0.287872650078,0.00616414182536,0.0129940711462,-0.490414902526,-0.00187609993079,0.00207509881423,-0.287597769103,0.00279254851508,0.0192687747036,0.00199023245413,0.000386212462081,0,0.00301003344482,0.00199023245413,0,0.00217711581348,0.00121751025992,-8,-0.00451722190853,-0.0500529773257,0,0,0,80,0,8,418,0.909090909091,1,0,0.0909090909091,1,0.909090909091,0.952380952381,0.944467458064,0.909090909091,0.909090909091,1,9,0,10,8,10
1390,WLNM_dir_neg_kfold,0.851851851852,0.444444444444,00:00:01,10,90,15,20360,threshold_sweep,0.4,1,0.111111111111,0.2,1,0,8,18,0.111111111111,1,0,0.888888888889,1,0.111111111111,0.2,0.703703703704,0.654320987654,0.142857142857,0.277350098113,0.111111111111,94,85,9,0,94,0,85,0,9,23,88,0.173913043478,1.68507579377,7.65217391304,7.33333333333,5.5,3.63829000359,0.475458352741,0.249505928854,5.32278271304,1.39118184545,0.672924901186,3.27042079462,0.854769071322,0.442687747036,0.749191304359,0.444603920564,2.5,1.68507579377,0.749191304359,2.5,0.259446613992,0.18878248974,46,0.025974025974,0.333144633145,23,23,23,1,0,0.478260869565,0.217391304348,0.304347826087,23,0.156126482213,1.68552751596,6.86956521739,6.58333333333,5.26666666667,3.23762465995,0.471299792272,0.25701706109,4.73695420897,1.37911325071,0.671436433682,3.02754156126,0.881436150746,0.472206934507,0.749331926886,0.444568195885,2.5,1.68552751596,0.749331926886,2.5,0.227679895862,0.155440414508,30,0.016939582157,0.287498360226,23,23,23,1,0,0.478260869565,0.173913043478,0.347826086957,23,80,0.158102766798,1.68808582722,6.95652173913,6.66666666667,5,3.35041735351,0.481622494567,0.2625,4.83236781052,1.38930574552,0.675,2.98282302552,0.857561619837,0.461956521739,0.751181536813,0.444990133026,2.5,1.68808582722,0.751181536813,2.5,0.261623729806,0.19,38,0.0214568040655,0.283091655819,23,23,23,1,0,0.478260869565,0.217391304348,0.304347826087,-8,-0.0158102766798,0.00301003344482,-0.695652173913,-0.666666666667,-0.5,-0.287872650078,0.00616414182536,0.0129940711462,-0.490414902526,-0.00187609993079,0.00207509881423,-0.287597769103,0.00279254851508,0.0192687747036,0.00199023245413,0.000386212462081,0,0.00301003344482,0.00199023245413,0,0.00217711581348,0.00121751025992,-8,-0.00451722190853,-0.0500529773257,0,0,0,80,0,8,418,0.909090909091,1,0,0.0909090909091,1,0.909090909091,0.952380952381,0.944467458064,0.909090909091,0.909090909091,1,9,0,10,8,10
1391,WLNM_dir_neg_kfold,0.851851851852,0.444444444444,00:00:01,10,90,15,20360,threshold_sweep,0.5,1,0.111111111111,0.2,1,0,8,18,0.111111111111,1,0,0.888888888889,1,0.111111111111,0.2,0.703703703704,0.654320987654,0.142857142857,0.277350098113,0.111111111111,94,85,9,0,94,0,85,0,9,23,88,0.173913043478,1.68507579377,7.65217391304,7.33333333333,5.5,3.63829000359,0.475458352741,0.249505928854,5.32278271304,1.39118184545,0.672924901186,3.27042079462,0.854769071322,0.442687747036,0.749191304359,0.444603920564,2.5,1.68507579377,0.749191304359,2.5,0.259446613992,0.18878248974,46,0.025974025974,0.333144633145,23,23,23,1,0,0.478260869565,0.217391304348,0.304347826087,23,0.156126482213,1.68552751596,6.86956521739,6.58333333333,5.26666666667,3.23762465995,0.471299792272,0.25701706109,4.73695420897,1.37911325071,0.671436433682,3.02754156126,0.881436150746,0.472206934507,0.749331926886,0.444568195885,2.5,1.68552751596,0.749331926886,2.5,0.227679895862,0.155440414508,30,0.016939582157,0.287498360226,23,23,23,1,0,0.478260869565,0.173913043478,0.347826086957,23,80,0.158102766798,1.68808582722,6.95652173913,6.66666666667,5,3.35041735351,0.481622494567,0.2625,4.83236781052,1.38930574552,0.675,2.98282302552,0.857561619837,0.461956521739,0.751181536813,0.444990133026,2.5,1.68808582722,0.751181536813,2.5,0.261623729806,0.19,38,0.0214568040655,0.283091655819,23,23,23,1,0,0.478260869565,0.217391304348,0.304347826087,-8,-0.0158102766798,0.00301003344482,-0.695652173913,-0.666666666667,-0.5,-0.287872650078,0.00616414182536,0.0129940711462,-0.490414902526,-0.00187609993079,0.00207509881423,-0.287597769103,0.00279254851508,0.0192687747036,0.00199023245413,0.000386212462081,0,0.00301003344482,0.00199023245413,0,0.00217711581348,0.00121751025992,-8,-0.00451722190853,-0.0500529773257,0,0,0,80,0,8,418,0.909090909091,1,0,0.0909090909091,1,0.909090909091,0.952380952381,0.944467458064,0.909090909091,0.909090909091,1,9,0,10,8,10
1392,WLNM_dir_neg_kfold,0.851851851852,0.444444444444,00:00:01,10,90,15,20360,threshold_sweep,0.6,1,0.111111111111,0.2,1,0,8,18,0.111111111111,1,0,0.888888888889,1,0.111111111111,0.2,0.703703703704,0.654320987654,0.142857142857,0.277350098113,0.111111111111,94,85,9,0,94,0,85,0,9,23,88,0.173913043478,1.68507579377,7.65217391304,7.33333333333,5.5,3.63829000359,0.475458352741,0.249505928854,5.32278271304,1.39118184545,0.672924901186,3.27042079462,0.854769071322,0.442687747036,0.749191304359,0.444603920564,2.5,1.68507579377,0.749191304359,2.5,0.259446613992,0.18878248974,46,0.025974025974,0.333144633145,23,23,23,1,0,0.478260869565,0.217391304348,0.304347826087,23,0.156126482213,1.68552751596,6.86956521739,6.58333333333,5.26666666667,3.23762465995,0.471299792272,0.25701706109,4.73695420897,1.37911325071,0.671436433682,3.02754156126,0.881436150746,0.472206934507,0.749331926886,0.444568195885,2.5,1.68552751596,0.749331926886,2.5,0.227679895862,0.155440414508,30,0.016939582157,0.287498360226,23,23,23,1,0,0.478260869565,0.173913043478,0.347826086957,23,80,0.158102766798,1.68808582722,6.95652173913,6.66666666667,5,3.35041735351,0.481622494567,0.2625,4.83236781052,1.38930574552,0.675,2.98282302552,0.857561619837,0.461956521739,0.751181536813,0.444990133026,2.5,1.68808582722,0.751181536813,2.5,0.261623729806,0.19,38,0.0214568040655,0.283091655819,23,23,23,1,0,0.478260869565,0.217391304348,0.304347826087,-8,-0.0158102766798,0.00301003344482,-0.695652173913,-0.666666666667,-0.5,-0.287872650078,0.00616414182536,0.0129940711462,-0.490414902526,-0.00187609993079,0.00207509881423,-0.287597769103,0.00279254851508,0.0192687747036,0.00199023245413,0.000386212462081,0,0.00301003344482,0.00199023245413,0,0.00217711581348,0.00121751025992,-8,-0.00451722190853,-0.0500529773257,0,0,0,80,0,8,418,0.909090909091,1,0,0.0909090909091,1,0.909090909091,0.952380952381,0.944467458064,0.909090909091,0.909090909091,1,9,0,10,8,10
1393,WLNM_dir_neg_kfold,0.851851851852,0.444444444444,00:00:01,10,90,15,20360,threshold_sweep,0.7,1,0.111111111111,0.2,1,0,8,18,0.111111111111,1,0,0.888888888889,1,0.111111111111,0.2,0.703703703704,0.654320987654,0.142857142857,0.277350098113,0.111111111111,94,85,9,0,94,0,85,0,9,23,88,0.173913043478,1.68507579377,7.65217391304,7.33333333333,5.5,3.63829000359,0.475458352741,0.249505928854,5.32278271304,1.39118184545,0.672924901186,3.27042079462,0.854769071322,0.442687747036,0.749191304359,0.444603920564,2.5,1.68507579377,0.749191304359,2.5,0.259446613992,0.18878248974,46,0.025974025974,0.333144633145,23,23,23,1,0,0.478260869565,0.217391304348,0.304347826087,23,0.156126482213,1.68552751596,6.86956521739,6.58333333333,5.26666666667,3.23762465995,0.471299792272,0.25701706109,4.73695420897,1.37911325071,0.671436433682,3.02754156126,0.881436150746,0.472206934507,0.749331926886,0.444568195885,2.5,1.68552751596,0.749331926886,2.5,0.227679895862,0.155440414508,30,0.016939582157,0.287498360226,23,23,23,1,0,0.478260869565,0.173913043478,0.347826086957,23,80,0.158102766798,1.68808582722,6.95652173913,6.66666666667,5,3.35041735351,0.481622494567,0.2625,4.83236781052,1.38930574552,0.675,2.98282302552,0.857561619837,0.461956521739,0.751181536813,0.444990133026,2.5,1.68808582722,0.751181536813,2.5,0.261623729806,0.19,38,0.0214568040655,0.283091655819,23,23,23,1,0,0.478260869565,0.217391304348,0.304347826087,-8,-0.0158102766798,0.00301003344482,-0.695652173913,-0.666666666667,-0.5,-0.287872650078,0.00616414182536,0.0129940711462,-0.490414902526,-0.00187609993079,0.00207509881423,-0.287597769103,0.00279254851508,0.0192687747036,0.00199023245413,0.000386212462081,0,0.00301003344482,0.00199023245413,0,0.00217711581348,0.00121751025992,-8,-0.00451722190853,-0.0500529773257,0,0,0,80,0,8,418,0.909090909091,1,0,0.0909090909091,1,0.909090909091,0.952380952381,0.944467458064,0.909090909091,0.909090909091,1,9,0,10,8,10
1394,WLNM_dir_neg_kfold,0.851851851852,0.444444444444,00:00:01,10,90,15,20360,threshold_sweep,0.8,1,0.111111111111,0.2,1,0,8,18,0.111111111111,1,0,0.888888888889,1,0.111111111111,0.2,0.703703703704,0.654320987654,0.142857142857,0.277350098113,0.111111111111,94,85,9,0,94,0,85,0,9,23,88,0.173913043478,1.68507579377,7.65217391304,7.33333333333,5.5,3.63829000359,0.475458352741,0.249505928854,5.32278271304,1.39118184545,0.672924901186,3.27042079462,0.854769071322,0.442687747036,0.749191304359,0.444603920564,2.5,1.68507579377,0.749191304359,2.5,0.259446613992,0.18878248974,46,0.025974025974,0.333144633145,23,23,23,1,0,0.478260869565,0.217391304348,0.304347826087,23,0.156126482213,1.68552751596,6.86956521739,6.58333333333,5.26666666667,3.23762465995,0.471299792272,0.25701706109,4.73695420897,1.37911325071,0.671436433682,3.02754156126,0.881436150746,0.472206934507,0.749331926886,0.444568195885,2.5,1.68552751596,0.749331926886,2.5,0.227679895862,0.155440414508,30,0.016939582157,0.287498360226,23,23,23,1,0,0.478260869565,0.173913043478,0.347826086957,23,80,0.158102766798,1.68808582722,6.95652173913,6.66666666667,5,3.35041735351,0.481622494567,0.2625,4.83236781052,1.38930574552,0.675,2.98282302552,0.857561619837,0.461956521739,0.751181536813,0.444990133026,2.5,1.68808582722,0.751181536813,2.5,0.261623729806,0.19,38,0.0214568040655,0.283091655819,23,23,23,1,0,0.478260869565,0.217391304348,0.304347826087,-8,-0.0158102766798,0.00301003344482,-0.695652173913,-0.666666666667,-0.5,-0.287872650078,0.00616414182536,0.0129940711462,-0.490414902526,-0.00187609993079,0.00207509881423,-0.287597769103,0.00279254851508,0.0192687747036,0.00199023245413,0.000386212462081,0,0.00301003344482,0.00199023245413,0,0.00217711581348,0.00121751025992,-8,-0.00451722190853,-0.0500529773257,0,0,0,80,0,8,418,0.909090909091,1,0,0.0909090909091,1,0.909090909091,0.952380952381,0.944467458064,0.909090909091,0.909090909091,1,9,0,10,8,10
1395,WLNM_dir_neg_kfold,0.851851851852,0.444444444444,00:00:01,10,90,15,20360,threshold_sweep,0.9,1,0.111111111111,0.2,1,0,8,18,0.111111111111,1,0,0.888888888889,1,0.111111111111,0.2,0.703703703704,0.654320987654,0.142857142857,0.277350098113,0.111111111111,94,85,9,0,94,0,85,0,9,23,88,0.173913043478,1.68507579377,7.65217391304,7.33333333333,5.5,3.63829000359,0.475458352741,0.249505928854,5.32278271304,1.39118184545,0.672924901186,3.27042079462,0.854769071322,0.442687747036,0.749191304359,0.444603920564,2.5,1.68507579377,0.749191304359,2.5,0.259446613992,0.18878248974,46,0.025974025974,0.333144633145,23,23,23,1,0,0.478260869565,0.217391304348,0.304347826087,23,0.156126482213,1.68552751596,6.86956521739,6.58333333333,5.26666666667,3.23762465995,0.471299792272,0.25701706109,4.73695420897,1.37911325071,0.671436433682,3.02754156126,0.881436150746,0.472206934507,0.749331926886,0.444568195885,2.5,1.68552751596,0.749331926886,2.5,0.227679895862,0.155440414508,30,0.016939582157,0.287498360226,23,23,23,1,0,0.478260869565,0.173913043478,0.347826086957,23,80,0.158102766798,1.68808582722,6.95652173913,6.66666666667,5,3.35041735351,0.481622494567,0.2625,4.83236781052,1.38930574552,0.675,2.98282302552,0.857561619837,0.461956521739,0.751181536813,0.444990133026,2.5,1.68808582722,0.751181536813,2.5,0.261623729806,0.19,38,0.0214568040655,0.283091655819,23,23,23,1,0,0.478260869565,0.217391304348,0.304347826087,-8,-0.0158102766798,0.00301003344482,-0.695652173913,-0.666666666667,-0.5,-0.287872650078,0.00616414182536,0.0129940711462,-0.490414902526,-0.00187609993079,0.00207509881423,-0.287597769103,0.00279254851508,0.0192687747036,0.00199023245413,0.000386212462081,0,0.00301003344482,0.00199023245413,0,0.00217711581348,0.00121751025992,-8,-0.00451722190853,-0.0500529773257,0,0,0,80,0,8,418,0.909090909091,1,0,0.0909090909091,1,0.909090909091,0.952380952381,0.944467458064,0.909090909091,0.909090909091,1,9,0,10,8,10
1396,WLNM_dir_neg_kfold,0.654320987654,0.305555555556,00:00:01,10,90,16,20361,threshold_sweep,0.1,1,0.111111111111,0.2,1,0,8,18,0.111111111111,1,0,0.888888888889,1,0.111111111111,0.2,0.703703703704,0.654320987654,0.142857142857,0.277350098113,0.111111111111,94,85,9,0,94,0,85,0,9,23,88,0.173913043478,1.68507579377,7.65217391304,7.33333333333,5.5,3.63829000359,0.475458352741,0.249505928854,5.32278271304,1.39118184545,0.672924901186,3.27042079462,0.854769071322,0.442687747036,0.749191304359,0.444603920564,2.5,1.68507579377,0.749191304359,2.5,0.259446613992,0.18878248974,46,0.025974025974,0.333144633145,23,23,23,1,0,0.478260869565,0.217391304348,0.304347826087,23,0.156126482213,1.68552751596,6.86956521739,6.58333333333,5.26666666667,3.23762465995,0.471299792272,0.25701706109,4.73695420897,1.37911325071,0.671436433682,3.02754156126,0.881436150746,0.472206934507,0.749331926886,0.444568195885,2.5,1.68552751596,0.749331926886,2.5,0.227679895862,0.155440414508,30,0.016939582157,0.287498360226,23,23,23,1,0,0.478260869565,0.173913043478,0.347826086957,23,80,0.158102766798,1.68808582722,6.95652173913,6.66666666667,5,3.35041735351,0.481622494567,0.2625,4.83236781052,1.38930574552,0.675,2.98282302552,0.857561619837,0.461956521739,0.751181536813,0.444990133026,2.5,1.68808582722,0.751181536813,2.5,0.261623729806,0.19,38,0.0214568040655,0.283091655819,23,23,23,1,0,0.478260869565,0.217391304348,0.304347826087,-8,-0.0158102766798,0.00301003344482,-0.695652173913,-0.666666666667,-0.5,-0.287872650078,0.00616414182536,0.0129940711462,-0.490414902526,-0.00187609993079,0.00207509881423,-0.287597769103,0.00279254851508,0.0192687747036,0.00199023245413,0.000386212462081,0,0.00301003344482,0.00199023245413,0,0.00217711581348,0.00121751025992,-8,-0.00451722190853,-0.0500529773257,0,0,0,80,0,8,418,0.909090909091,1,0,0.0909090909091,1,0.909090909091,0.952380952381,0.944467458064,0.909090909091,0.909090909091,1,9,0,10,8,10
1397,WLNM_dir_neg_kfold,0.654320987654,0.305555555556,00:00:01,10,90,16,20361,threshold_sweep,0.2,1,0.111111111111,0.2,1,0,8,18,0.111111111111,1,0,0.888888888889,1,0.111111111111,0.2,0.703703703704,0.654320987654,0.142857142857,0.277350098113,0.111111111111,94,85,9,0,94,0,85,0,9,23,88,0.173913043478,1.68507579377,7.65217391304,7.33333333333,5.5,3.63829000359,0.475458352741,0.249505928854,5.32278271304,1.39118184545,0.672924901186,3.27042079462,0.854769071322,0.442687747036,0.749191304359,0.444603920564,2.5,1.68507579377,0.749191304359,2.5,0.259446613992,0.18878248974,46,0.025974025974,0.333144633145,23,23,23,1,0,0.478260869565,0.217391304348,0.304347826087,23,0.156126482213,1.68552751596,6.86956521739,6.58333333333,5.26666666667,3.23762465995,0.471299792272,0.25701706109,4.73695420897,1.37911325071,0.671436433682,3.02754156126,0.881436150746,0.472206934507,0.749331926886,0.444568195885,2.5,1.68552751596,0.749331926886,2.5,0.227679895862,0.155440414508,30,0.016939582157,0.287498360226,23,23,23,1,0,0.478260869565,0.173913043478,0.347826086957,23,80,0.158102766798,1.68808582722,6.95652173913,6.66666666667,5,3.35041735351,0.481622494567,0.2625,4.83236781052,1.38930574552,0.675,2.98282302552,0.857561619837,0.461956521739,0.751181536813,0.444990133026,2.5,1.68808582722,0.751181536813,2.5,0.261623729806,0.19,38,0.0214568040655,0.283091655819,23,23,23,1,0,0.478260869565,0.217391304348,0.304347826087,-8,-0.0158102766798,0.00301003344482,-0.695652173913,-0.666666666667,-0.5,-0.287872650078,0.00616414182536,0.0129940711462,-0.490414902526,-0.00187609993079,0.00207509881423,-0.287597769103,0.00279254851508,0.0192687747036,0.00199023245413,0.000386212462081,0,0.00301003344482,0.00199023245413,0,0.00217711581348,0.00121751025992,-8,-0.00451722190853,-0.0500529773257,0,0,0,80,0,8,418,0.909090909091,1,0,0.0909090909091,1,0.909090909091,0.952380952381,0.944467458064,0.909090909091,0.909090909091,1,9,0,10,8,10
1398,WLNM_dir_neg_kfold,0.654320987654,0.305555555556,00:00:01,10,90,16,20361,threshold_sweep,0.3,1,0.111111111111,0.2,1,0,8,18,0.111111111111,1,0,0.888888888889,1,0.111111111111,0.2,0.703703703704,0.654320987654,0.142857142857,0.277350098113,0.111111111111,94,85,9,0,94,0,85,0,9,23,88,0.173913043478,1.68507579377,7.65217391304,7.33333333333,5.5,3.63829000359,0.475458352741,0.249505928854,5.32278271304,1.39118184545,0.672924901186,3.27042079462,0.854769071322,0.442687747036,0.749191304359,0.444603920564,2.5,1.68507579377,0.749191304359,2.5,0.259446613992,0.18878248974,46,0.025974025974,0.333144633145,23,23,23,1,0,0.478260869565,0.217391304348,0.304347826087,23,0.156126482213,1.68552751596,6.86956521739,6.58333333333,5.26666666667,3.23762465995,0.471299792272,0.25701706109,4.73695420897,1.37911325071,0.671436433682,3.02754156126,0.881436150746,0.472206934507,0.749331926886,0.444568195885,2.5,1.68552751596,0.749331926886,2.5,0.227679895862,0.155440414508,30,0.016939582157,0.287498360226,23,23,23,1,0,0.478260869565,0.173913043478,0.347826086957,23,80,0.158102766798,1.68808582722,6.95652173913,6.66666666667,5,3.35041735351,0.481622494567,0.2625,4.83236781052,1.38930574552,0.675,2.98282302552,0.857561619837,0.461956521739,0.751181536813,0.444990133026,2.5,1.68808582722,0.751181536813,2.5,0.261623729806,0.19,38,0.0214568040655,0.283091655819,23,23,23,1,0,0.478260869565,0.217391304348,0.304347826087,-8,-0.0158102766798,0.00301003344482,-0.695652173913,-0.666666666667,-0.5,-0.287872650078,0.00616414182536,0.0129940711462,-0.490414902526,-0.00187609993079,0.00207509881423,-0.287597769103,0.00279254851508,0.0192687747036,0.00199023245413,0.000386212462081,0,0.00301003344482,0.00199023245413,0,0.00217711581348,0.00121751025992,-8,-0.00451722190853,-0.0500529773257,0,0,0,80,0,8,418,0.909090909091,1,0,0.0909090909091,1,0.909090909091,0.952380952381,0.944467458064,0.909090909091,0.909090909091,1,9,0,10,8,10
1399,WLNM_dir_neg_kfold,0.654320987654,0.305555555556,00:00:01,10,90,16,20361,threshold_sweep,0.4,1,0.111111111111,0.2,1,0,8,18,0.111111111111,1,0,0.888888888889,1,0.111111111111,0.2,0.703703703704,0.654320987654,0.142857142857,0.277350098113,0.111111111111,94,85,9,0,94,0,85,0,9,23,88,0.173913043478,1.68507579377,7.65217391304,7.33333333333,5.5,3.63829000359,0.475458352741,0.249505928854,5.32278271304,1.39118184545,0.672924901186,3.27042079462,0.854769071322,0.442687747036,0.749191304359,0.444603920564,2.5,1.68507579377,0.749191304359,2.5,0.259446613992,0.18878248974,46,0.025974025974,0.333144633145,23,23,23,1,0,0.478260869565,0.217391304348,0.304347826087,23,0.156126482213,1.68552751596,6.86956521739,6.58333333333,5.26666666667,3.23762465995,0.471299792272,0.25701706109,4.73695420897,1.37911325071,0.671436433682,3.02754156126,0.881436150746,0.472206934507,0.749331926886,0.444568195885,2.5,1.68552751596,0.749331926886,2.5,0.227679895862,0.155440414508,30,0.016939582157,0.287498360226,23,23,23,1,0,0.478260869565,0.173913043478,0.347826086957,23,80,0.158102766798,1.68808582722,6.95652173913,6.66666666667,5,3.35041735351,0.481622494567,0.2625,4.83236781052,1.38930574552,0.675,2.98282302552,0.857561619837,0.461956521739,0.751181536813,0.444990133026,2.5,1.68808582722,0.751181536813,2.5,0.261623729806,0.19,38,0.0214568040655,0.283091655819,23,23,23,1,0,0.478260869565,0.217391304348,0.304347826087,-8,-0.0158102766798,0.00301003344482,-0.695652173913,-0.666666666667,-0.5,-0.287872650078,0.00616414182536,0.0129940711462,-0.490414902526,-0.00187609993079,0.00207509881423,-0.287597769103,0.00279254851508,0.0192687747036,0.00199023245413,0.000386212462081,0,0.00301003344482,0.00199023245413,0,0.00217711581348,0.00121751025992,-8,-0.00451722190853,-0.0500529773257,0,0,0,80,0,8,418,0.909090909091,1,0,0.0909090909091,1,0.909090909091,0.952380952381,0.944467458064,0.909090909091,0.909090909091,1,9,0,10,8,10
1400,WLNM_dir_neg_kfold,0.654320987654,0.305555555556,00:00:01,10,90,16,20361,threshold_sweep,0.5,0,0,0,0,0,9,18,0,1,0,1,0,0,0,0.666666666667,0.666666666667,0,0,0,94,85,9,0,94,0,85,0,9,23,88,0.173913043478,1.68507579377,7.65217391304,7.33333333333,5.5,3.63829000359,0.475458352741,0.249505928854,5.32278271304,1.39118184545,0.672924901186,3.27042079462,0.854769071322,0.442687747036,0.749191304359,0.444603920564,2.5,1.68507579377,0.749191304359,2.5,0.259446613992,0.18878248974,46,0.025974025974,0.333144633145,23,23,23,1,0,0.478260869565,0.217391304348,0.304347826087,23,0.156126482213,1.68552751596,6.86956521739,6.58333333333,5.26666666667,3.23762465995,0.471299792272,0.25701706109,4.73695420897,1.37911325071,0.671436433682,3.02754156126,0.881436150746,0.472206934507,0.749331926886,0.444568195885,2.5,1.68552751596,0.749331926886,2.5,0.227679895862,0.155440414508,30,0.016939582157,0.287498360226,23,23,23,1,0,0.478260869565,0.173913043478,0.347826086957,23,79,0.156126482213,1.68552751596,6.86956521739,6.58333333333,5.26666666667,3.23762465995,0.471299792272,0.25701706109,4.73695420897,1.37911325071,0.671436433682,3.02754156126,0.881436150746,0.472206934507,0.749331926886,0.444568195885,2.5,1.68552751596,0.749331926886,2.5,0.227679895862,0.155440414508,30,0.016939582157,0.287498360226,23,23,23,1,0,0.478260869565,0.173913043478,0.347826086957,-9,-0.0177865612648,0.000451722190853,-0.782608695652,-0.75,-0.233333333333,-0.400665343634,-0.00415856046979,0.00751113223595,-0.585828504075,-0.0120685947422,-0.00148846750388,-0.242879233368,0.0266670794234,0.0295191874719,0.000140622527028,-3.57246793425e-05,0,0.000451722190853,0.000140622527028,0,-0.0317667181304,-0.0333420752323,-16,-0.00903444381705,-0.045646272919,0,-0.0434782608696,0.0434782608696,79,0,9,418,0.897727272727,1,0,0.102272727273,1,0.897727272727,0.946107784431,0.937446329455,0.897727272727,0.897727272727,0,9,0,10,8,10
1401,WLNM_dir_neg_kfold,0.654320987654,0.305555555556,00:00:01,10,90,16,20361,threshold_sweep,0.6,0,0,0,0,0,9,18,0,1,0,1,0,0,0,0.666666666667,0.666666666667,0,0,0,94,85,9,0,94,0,85,0,9,23,88,0.173913043478,1.68507579377,7.65217391304,7.33333333333,5.5,3.63829000359,0.475458352741,0.249505928854,5.32278271304,1.39118184545,0.672924901186,3.27042079462,0.854769071322,0.442687747036,0.749191304359,0.444603920564,2.5,1.68507579377,0.749191304359,2.5,0.259446613992,0.18878248974,46,0.025974025974,0.333144633145,23,23,23,1,0,0.478260869565,0.217391304348,0.304347826087,23,0.156126482213,1.68552751596,6.86956521739,6.58333333333,5.26666666667,3.23762465995,0.471299792272,0.25701706109,4.73695420897,1.37911325071,0.671436433682,3.02754156126,0.881436150746,0.472206934507,0.749331926886,0.444568195885,2.5,1.68552751596,0.749331926886,2.5,0.227679895862,0.155440414508,30,0.016939582157,0.287498360226,23,23,23,1,0,0.478260869565,0.173913043478,0.347826086957,23,79,0.156126482213,1.68552751596,6.86956521739,6.58333333333,5.26666666667,3.23762465995,0.471299792272,0.25701706109,4.73695420897,1.37911325071,0.671436433682,3.02754156126,0.881436150746,0.472206934507,0.749331926886,0.444568195885,2.5,1.68552751596,0.749331926886,2.5,0.227679895862,0.155440414508,30,0.016939582157,0.287498360226,23,23,23,1,0,0.478260869565,0.173913043478,0.347826086957,-9,-0.0177865612648,0.000451722190853,-0.782608695652,-0.75,-0.233333333333,-0.400665343634,-0.00415856046979,0.00751113223595,-0.585828504075,-0.0120685947422,-0.00148846750388,-0.242879233368,0.0266670794234,0.0295191874719,0.000140622527028,-3.57246793425e-05,0,0.000451722190853,0.000140622527028,0,-0.0317667181304,-0.0333420752323,-16,-0.00903444381705,-0.045646272919,0,-0.0434782608696,0.0434782608696,79,0,9,418,0.897727272727,1,0,0.102272727273,1,0.897727272727,0.946107784431,0.937446329455,0.897727272727,0.897727272727,0,9,0,10,8,10
1402,WLNM_dir_neg_kfold,0.654320987654,0.305555555556,00:00:01,10,90,16,20361,threshold_sweep,0.7,0,0,0,0,0,9,18,0,1,0,1,0,0,0,0.666666666667,0.666666666667,0,0,0,94,85,9,0,94,0,85,0,9,23,88,0.173913043478,1.68507579377,7.65217391304,7.33333333333,5.5,3.63829000359,0.475458352741,0.249505928854,5.32278271304,1.39118184545,0.672924901186,3.27042079462,0.854769071322,0.442687747036,0.749191304359,0.444603920564,2.5,1.68507579377,0.749191304359,2.5,0.259446613992,0.18878248974,46,0.025974025974,0.333144633145,23,23,23,1,0,0.478260869565,0.217391304348,0.304347826087,23,0.156126482213,1.68552751596,6.86956521739,6.58333333333,5.26666666667,3.23762465995,0.471299792272,0.25701706109,4.73695420897,1.37911325071,0.671436433682,3.02754156126,0.881436150746,0.472206934507,0.749331926886,0.444568195885,2.5,1.68552751596,0.749331926886,2.5,0.227679895862,0.155440414508,30,0.016939582157,0.287498360226,23,23,23,1,0,0.478260869565,0.173913043478,0.347826086957,23,79,0.156126482213,1.68552751596,6.86956521739,6.58333333333,5.26666666667,3.23762465995,0.471299792272,0.25701706109,4.73695420897,1.37911325071,0.671436433682,3.02754156126,0.881436150746,0.472206934507,0.749331926886,0.444568195885,2.5,1.68552751596,0.749331926886,2.5,0.227679895862,0.155440414508,30,0.016939582157,0.287498360226,23,23,23,1,0,0.478260869565,0.173913043478,0.347826086957,-9,-0.0177865612648,0.000451722190853,-0.782608695652,-0.75,-0.233333333333,-0.400665343634,-0.00415856046979,0.00751113223595,-0.585828504075,-0.0120685947422,-0.00148846750388,-0.242879233368,0.0266670794234,0.0295191874719,0.000140622527028,-3.57246793425e-05,0,0.000451722190853,0.000140622527028,0,-0.0317667181304,-0.0333420752323,-16,-0.00903444381705,-0.045646272919,0,-0.0434782608696,0.0434782608696,79,0,9,418,0.897727272727,1,0,0.102272727273,1,0.897727272727,0.946107784431,0.937446329455,0.897727272727,0.897727272727,0,9,0,10,8,10
1403,WLNM_dir_neg_kfold,0.654320987654,0.305555555556,00:00:01,10,90,16,20361,threshold_sweep,0.8,0,0,0,0,0,9,18,0,1,0,1,0,0,0,0.666666666667,0.666666666667,0,0,0,94,85,9,0,94,0,85,0,9,23,88,0.173913043478,1.68507579377,7.65217391304,7.33333333333,5.5,3.63829000359,0.475458352741,0.249505928854,5.32278271304,1.39118184545,0.672924901186,3.27042079462,0.854769071322,0.442687747036,0.749191304359,0.444603920564,2.5,1.68507579377,0.749191304359,2.5,0.259446613992,0.18878248974,46,0.025974025974,0.333144633145,23,23,23,1,0,0.478260869565,0.217391304348,0.304347826087,23,0.156126482213,1.68552751596,6.86956521739,6.58333333333,5.26666666667,3.23762465995,0.471299792272,0.25701706109,4.73695420897,1.37911325071,0.671436433682,3.02754156126,0.881436150746,0.472206934507,0.749331926886,0.444568195885,2.5,1.68552751596,0.749331926886,2.5,0.227679895862,0.155440414508,30,0.016939582157,0.287498360226,23,23,23,1,0,0.478260869565,0.173913043478,0.347826086957,23,79,0.156126482213,1.68552751596,6.86956521739,6.58333333333,5.26666666667,3.23762465995,0.471299792272,0.25701706109,4.73695420897,1.37911325071,0.671436433682,3.02754156126,0.881436150746,0.472206934507,0.749331926886,0.444568195885,2.5,1.68552751596,0.749331926886,2.5,0.227679895862,0.155440414508,30,0.016939582157,0.287498360226,23,23,23,1,0,0.478260869565,0.173913043478,0.347826086957,-9,-0.0177865612648,0.000451722190853,-0.782608695652,-0.75,-0.233333333333,-0.400665343634,-0.00415856046979,0.00751113223595,-0.585828504075,-0.0120685947422,-0.00148846750388,-0.242879233368,0.0266670794234,0.0295191874719,0.000140622527028,-3.57246793425e-05,0,0.000451722190853,0.000140622527028,0,-0.0317667181304,-0.0333420752323,-16,-0.00903444381705,-0.045646272919,0,-0.0434782608696,0.0434782608696,79,0,9,418,0.897727272727,1,0,0.102272727273,1,0.897727272727,0.946107784431,0.937446329455,0.897727272727,0.897727272727,0,9,0,10,8,10
1404,WLNM_dir_neg_kfold,0.654320987654,0.305555555556,00:00:01,10,90,16,20361,threshold_sweep,0.9,0,0,0,0,0,9,18,0,1,0,1,0,0,0,0.666666666667,0.666666666667,0,0,0,94,85,9,0,94,0,85,0,9,23,88,0.173913043478,1.68507579377,7.65217391304,7.33333333333,5.5,3.63829000359,0.475458352741,0.249505928854,5.32278271304,1.39118184545,0.672924901186,3.27042079462,0.854769071322,0.442687747036,0.749191304359,0.444603920564,2.5,1.68507579377,0.749191304359,2.5,0.259446613992,0.18878248974,46,0.025974025974,0.333144633145,23,23,23,1,0,0.478260869565,0.217391304348,0.304347826087,23,0.156126482213,1.68552751596,6.86956521739,6.58333333333,5.26666666667,3.23762465995,0.471299792272,0.25701706109,4.73695420897,1.37911325071,0.671436433682,3.02754156126,0.881436150746,0.472206934507,0.749331926886,0.444568195885,2.5,1.68552751596,0.749331926886,2.5,0.227679895862,0.155440414508,30,0.016939582157,0.287498360226,23,23,23,1,0,0.478260869565,0.173913043478,0.347826086957,23,79,0.156126482213,1.68552751596,6.86956521739,6.58333333333,5.26666666667,3.23762465995,0.471299792272,0.25701706109,4.73695420897,1.37911325071,0.671436433682,3.02754156126,0.881436150746,0.472206934507,0.749331926886,0.444568195885,2.5,1.68552751596,0.749331926886,2.5,0.227679895862,0.155440414508,30,0.016939582157,0.287498360226,23,23,23,1,0,0.478260869565,0.173913043478,0.347826086957,-9,-0.0177865612648,0.000451722190853,-0.782608695652,-0.75,-0.233333333333,-0.400665343634,-0.00415856046979,0.00751113223595,-0.585828504075,-0.0120685947422,-0.00148846750388,-0.242879233368,0.0266670794234,0.0295191874719,0.000140622527028,-3.57246793425e-05,0,0.000451722190853,0.000140622527028,0,-0.0317667181304,-0.0333420752323,-16,-0.00903444381705,-0.045646272919,0,-0.0434782608696,0.0434782608696,79,0,9,418,0.897727272727,1,0,0.102272727273,1,0.897727272727,0.946107784431,0.937446329455,0.897727272727,0.897727272727,0,9,0,10,8,10
1405,WLNM_dir_neg_kfold,0.691358024691,0.315445424141,00:00:01,10,90,17,20362,threshold_sweep,0.1,0,0,0,0,0,9,18,0,1,0,1,0,0,0,0.666666666667,0.666666666667,0,0,0,94,85,9,0,94,0,85,0,9,23,88,0.173913043478,1.68507579377,7.65217391304,7.33333333333,5.5,3.63829000359,0.475458352741,0.249505928854,5.32278271304,1.39118184545,0.672924901186,3.27042079462,0.854769071322,0.442687747036,0.749191304359,0.444603920564,2.5,1.68507579377,0.749191304359,2.5,0.259446613992,0.18878248974,46,0.025974025974,0.333144633145,23,23,23,1,0,0.478260869565,0.217391304348,0.304347826087,23,0.156126482213,1.68552751596,6.86956521739,6.58333333333,5.26666666667,3.23762465995,0.471299792272,0.25701706109,4.73695420897,1.37911325071,0.671436433682,3.02754156126,0.881436150746,0.472206934507,0.749331926886,0.444568195885,2.5,1.68552751596,0.749331926886,2.5,0.227679895862,0.155440414508,30,0.016939582157,0.287498360226,23,23,23,1,0,0.478260869565,0.173913043478,0.347826086957,23,79,0.156126482213,1.68552751596,6.86956521739,6.58333333333,5.26666666667,3.23762465995,0.471299792272,0.25701706109,4.73695420897,1.37911325071,0.671436433682,3.02754156126,0.881436150746,0.472206934507,0.749331926886,0.444568195885,2.5,1.68552751596,0.749331926886,2.5,0.227679895862,0.155440414508,30,0.016939582157,0.287498360226,23,23,23,1,0,0.478260869565,0.173913043478,0.347826086957,-9,-0.0177865612648,0.000451722190853,-0.782608695652,-0.75,-0.233333333333,-0.400665343634,-0.00415856046979,0.00751113223595,-0.585828504075,-0.0120685947422,-0.00148846750388,-0.242879233368,0.0266670794234,0.0295191874719,0.000140622527028,-3.57246793425e-05,0,0.000451722190853,0.000140622527028,0,-0.0317667181304,-0.0333420752323,-16,-0.00903444381705,-0.045646272919,0,-0.0434782608696,0.0434782608696,79,0,9,418,0.897727272727,1,0,0.102272727273,1,0.897727272727,0.946107784431,0.937446329455,0.897727272727,0.897727272727,0,9,0,10,8,10
1406,WLNM_dir_neg_kfold,0.691358024691,0.315445424141,00:00:01,10,90,17,20362,threshold_sweep,0.2,0,0,0,0,0,9,18,0,1,0,1,0,0,0,0.666666666667,0.666666666667,0,0,0,94,85,9,0,94,0,85,0,9,23,88,0.173913043478,1.68507579377,7.65217391304,7.33333333333,5.5,3.63829000359,0.475458352741,0.249505928854,5.32278271304,1.39118184545,0.672924901186,3.27042079462,0.854769071322,0.442687747036,0.749191304359,0.444603920564,2.5,1.68507579377,0.749191304359,2.5,0.259446613992,0.18878248974,46,0.025974025974,0.333144633145,23,23,23,1,0,0.478260869565,0.217391304348,0.304347826087,23,0.156126482213,1.68552751596,6.86956521739,6.58333333333,5.26666666667,3.23762465995,0.471299792272,0.25701706109,4.73695420897,1.37911325071,0.671436433682,3.02754156126,0.881436150746,0.472206934507,0.749331926886,0.444568195885,2.5,1.68552751596,0.749331926886,2.5,0.227679895862,0.155440414508,30,0.016939582157,0.287498360226,23,23,23,1,0,0.478260869565,0.173913043478,0.347826086957,23,79,0.156126482213,1.68552751596,6.86956521739,6.58333333333,5.26666666667,3.23762465995,0.471299792272,0.25701706109,4.73695420897,1.37911325071,0.671436433682,3.02754156126,0.881436150746,0.472206934507,0.749331926886,0.444568195885,2.5,1.68552751596,0.749331926886,2.5,0.227679895862,0.155440414508,30,0.016939582157,0.287498360226,23,23,23,1,0,0.478260869565,0.173913043478,0.347826086957,-9,-0.0177865612648,0.000451722190853,-0.782608695652,-0.75,-0.233333333333,-0.400665343634,-0.00415856046979,0.00751113223595,-0.585828504075,-0.0120685947422,-0.00148846750388,-0.242879233368,0.0266670794234,0.0295191874719,0.000140622527028,-3.57246793425e-05,0,0.000451722190853,0.000140622527028,0,-0.0317667181304,-0.0333420752323,-16,-0.00903444381705,-0.045646272919,0,-0.0434782608696,0.0434782608696,79,0,9,418,0.897727272727,1,0,0.102272727273,1,0.897727272727,0.946107784431,0.937446329455,0.897727272727,0.897727272727,0,9,0,10,8,10
1407,WLNM_dir_neg_kfold,0.691358024691,0.315445424141,00:00:01,10,90,17,20362,threshold_sweep,0.3,0,0,0,0,0,9,18,0,1,0,1,0,0,0,0.666666666667,0.666666666667,0,0,0,94,85,9,0,94,0,85,0,9,23,88,0.173913043478,1.68507579377,7.65217391304,7.33333333333,5.5,3.63829000359,0.475458352741,0.249505928854,5.32278271304,1.39118184545,0.672924901186,3.27042079462,0.854769071322,0.442687747036,0.749191304359,0.444603920564,2.5,1.68507579377,0.749191304359,2.5,0.259446613992,0.18878248974,46,0.025974025974,0.333144633145,23,23,23,1,0,0.478260869565,0.217391304348,0.304347826087,23,0.156126482213,1.68552751596,6.86956521739,6.58333333333,5.26666666667,3.23762465995,0.471299792272,0.25701706109,4.73695420897,1.37911325071,0.671436433682,3.02754156126,0.881436150746,0.472206934507,0.749331926886,0.444568195885,2.5,1.68552751596,0.749331926886,2.5,0.227679895862,0.155440414508,30,0.016939582157,0.287498360226,23,23,23,1,0,0.478260869565,0.173913043478,0.347826086957,23,79,0.156126482213,1.68552751596,6.86956521739,6.58333333333,5.26666666667,3.23762465995,0.471299792272,0.25701706109,4.73695420897,1.37911325071,0.671436433682,3.02754156126,0.881436150746,0.472206934507,0.749331926886,0.444568195885,2.5,1.68552751596,0.749331926886,2.5,0.227679895862,0.155440414508,30,0.016939582157,0.287498360226,23,23,23,1,0,0.478260869565,0.173913043478,0.347826086957,-9,-0.0177865612648,0.000451722190853,-0.782608695652,-0.75,-0.233333333333,-0.400665343634,-0.00415856046979,0.00751113223595,-0.585828504075,-0.0120685947422,-0.00148846750388,-0.242879233368,0.0266670794234,0.0295191874719,0.000140622527028,-3.57246793425e-05,0,0.000451722190853,0.000140622527028,0,-0.0317667181304,-0.0333420752323,-16,-0.00903444381705,-0.045646272919,0,-0.0434782608696,0.0434782608696,79,0,9,418,0.897727272727,1,0,0.102272727273,1,0.897727272727,0.946107784431,0.937446329455,0.897727272727,0.897727272727,0,9,0,10,8,10
1408,WLNM_dir_neg_kfold,0.691358024691,0.315445424141,00:00:01,10,90,17,20362,threshold_sweep,0.4,0,0,0,0,0,9,18,0,1,0,1,0,0,0,0.666666666667,0.666666666667,0,0,0,94,85,9,0,94,0,85,0,9,23,88,0.173913043478,1.68507579377,7.65217391304,7.33333333333,5.5,3.63829000359,0.475458352741,0.249505928854,5.32278271304,1.39118184545,0.672924901186,3.27042079462,0.854769071322,0.442687747036,0.749191304359,0.444603920564,2.5,1.68507579377,0.749191304359,2.5,0.259446613992,0.18878248974,46,0.025974025974,0.333144633145,23,23,23,1,0,0.478260869565,0.217391304348,0.304347826087,23,0.156126482213,1.68552751596,6.86956521739,6.58333333333,5.26666666667,3.23762465995,0.471299792272,0.25701706109,4.73695420897,1.37911325071,0.671436433682,3.02754156126,0.881436150746,0.472206934507,0.749331926886,0.444568195885,2.5,1.68552751596,0.749331926886,2.5,0.227679895862,0.155440414508,30,0.016939582157,0.287498360226,23,23,23,1,0,0.478260869565,0.173913043478,0.347826086957,23,79,0.156126482213,1.68552751596,6.86956521739,6.58333333333,5.26666666667,3.23762465995,0.471299792272,0.25701706109,4.73695420897,1.37911325071,0.671436433682,3.02754156126,0.881436150746,0.472206934507,0.749331926886,0.444568195885,2.5,1.68552751596,0.749331926886,2.5,0.227679895862,0.155440414508,30,0.016939582157,0.287498360226,23,23,23,1,0,0.478260869565,0.173913043478,0.347826086957,-9,-0.0177865612648,0.000451722190853,-0.782608695652,-0.75,-0.233333333333,-0.400665343634,-0.00415856046979,0.00751113223595,-0.585828504075,-0.0120685947422,-0.00148846750388,-0.242879233368,0.0266670794234,0.0295191874719,0.000140622527028,-3.57246793425e-05,0,0.000451722190853,0.000140622527028,0,-0.0317667181304,-0.0333420752323,-16,-0.00903444381705,-0.045646272919,0,-0.0434782608696,0.0434782608696,79,0,9,418,0.897727272727,1,0,0.102272727273,1,0.897727272727,0.946107784431,0.937446329455,0.897727272727,0.897727272727,0,9,0,10,8,10
1409,WLNM_dir_neg_kfold,0.691358024691,0.315445424141,00:00:01,10,90,17,20362,threshold_sweep,0.5,0,0,0,0,0,9,18,0,1,0,1,0,0,0,0.666666666667,0.666666666667,0,0,0,94,85,9,0,94,0,85,0,9,23,88,0.173913043478,1.68507579377,7.65217391304,7.33333333333,5.5,3.63829000359,0.475458352741,0.249505928854,5.32278271304,1.39118184545,0.672924901186,3.27042079462,0.854769071322,0.442687747036,0.749191304359,0.444603920564,2.5,1.68507579377,0.749191304359,2.5,0.259446613992,0.18878248974,46,0.025974025974,0.333144633145,23,23,23,1,0,0.478260869565,0.217391304348,0.304347826087,23,0.156126482213,1.68552751596,6.86956521739,6.58333333333,5.26666666667,3.23762465995,0.471299792272,0.25701706109,4.73695420897,1.37911325071,0.671436433682,3.02754156126,0.881436150746,0.472206934507,0.749331926886,0.444568195885,2.5,1.68552751596,0.749331926886,2.5,0.227679895862,0.155440414508,30,0.016939582157,0.287498360226,23,23,23,1,0,0.478260869565,0.173913043478,0.347826086957,23,79,0.156126482213,1.68552751596,6.86956521739,6.58333333333,5.26666666667,3.23762465995,0.471299792272,0.25701706109,4.73695420897,1.37911325071,0.671436433682,3.02754156126,0.881436150746,0.472206934507,0.749331926886,0.444568195885,2.5,1.68552751596,0.749331926886,2.5,0.227679895862,0.155440414508,30,0.016939582157,0.287498360226,23,23,23,1,0,0.478260869565,0.173913043478,0.347826086957,-9,-0.0177865612648,0.000451722190853,-0.782608695652,-0.75,-0.233333333333,-0.400665343634,-0.00415856046979,0.00751113223595,-0.585828504075,-0.0120685947422,-0.00148846750388,-0.242879233368,0.0266670794234,0.0295191874719,0.000140622527028,-3.57246793425e-05,0,0.000451722190853,0.000140622527028,0,-0.0317667181304,-0.0333420752323,-16,-0.00903444381705,-0.045646272919,0,-0.0434782608696,0.0434782608696,79,0,9,418,0.897727272727,1,0,0.102272727273,1,0.897727272727,0.946107784431,0.937446329455,0.897727272727,0.897727272727,0,9,0,10,8,10
1410,WLNM_dir_neg_kfold,0.691358024691,0.315445424141,00:00:01,10,90,17,20362,threshold_sweep,0.6,0,0,0,0,0,9,18,0,1,0,1,0,0,0,0.666666666667,0.666666666667,0,0,0,94,85,9,0,94,0,85,0,9,23,88,0.173913043478,1.68507579377,7.65217391304,7.33333333333,5.5,3.63829000359,0.475458352741,0.249505928854,5.32278271304,1.39118184545,0.672924901186,3.27042079462,0.854769071322,0.442687747036,0.749191304359,0.444603920564,2.5,1.68507579377,0.749191304359,2.5,0.259446613992,0.18878248974,46,0.025974025974,0.333144633145,23,23,23,1,0,0.478260869565,0.217391304348,0.304347826087,23,0.156126482213,1.68552751596,6.86956521739,6.58333333333,5.26666666667,3.23762465995,0.471299792272,0.25701706109,4.73695420897,1.37911325071,0.671436433682,3.02754156126,0.881436150746,0.472206934507,0.749331926886,0.444568195885,2.5,1.68552751596,0.749331926886,2.5,0.227679895862,0.155440414508,30,0.016939582157,0.287498360226,23,23,23,1,0,0.478260869565,0.173913043478,0.347826086957,23,79,0.156126482213,1.68552751596,6.86956521739,6.58333333333,5.26666666667,3.23762465995,0.471299792272,0.25701706109,4.73695420897,1.37911325071,0.671436433682,3.02754156126,0.881436150746,0.472206934507,0.749331926886,0.444568195885,2.5,1.68552751596,0.749331926886,2.5,0.227679895862,0.155440414508,30,0.016939582157,0.287498360226,23,23,23,1,0,0.478260869565,0.173913043478,0.347826086957,-9,-0.0177865612648,0.000451722190853,-0.782608695652,-0.75,-0.233333333333,-0.400665343634,-0.00415856046979,0.00751113223595,-0.585828504075,-0.0120685947422,-0.00148846750388,-0.242879233368,0.0266670794234,0.0295191874719,0.000140622527028,-3.57246793425e-05,0,0.000451722190853,0.000140622527028,0,-0.0317667181304,-0.0333420752323,-16,-0.00903444381705,-0.045646272919,0,-0.0434782608696,0.0434782608696,79,0,9,418,0.897727272727,1,0,0.102272727273,1,0.897727272727,0.946107784431,0.937446329455,0.897727272727,0.897727272727,0,9,0,10,8,10
1411,WLNM_dir_neg_kfold,0.691358024691,0.315445424141,00:00:01,10,90,17,20362,threshold_sweep,0.7,0,0,0,0,0,9,18,0,1,0,1,0,0,0,0.666666666667,0.666666666667,0,0,0,94,85,9,0,94,0,85,0,9,23,88,0.173913043478,1.68507579377,7.65217391304,7.33333333333,5.5,3.63829000359,0.475458352741,0.249505928854,5.32278271304,1.39118184545,0.672924901186,3.27042079462,0.854769071322,0.442687747036,0.749191304359,0.444603920564,2.5,1.68507579377,0.749191304359,2.5,0.259446613992,0.18878248974,46,0.025974025974,0.333144633145,23,23,23,1,0,0.478260869565,0.217391304348,0.304347826087,23,0.156126482213,1.68552751596,6.86956521739,6.58333333333,5.26666666667,3.23762465995,0.471299792272,0.25701706109,4.73695420897,1.37911325071,0.671436433682,3.02754156126,0.881436150746,0.472206934507,0.749331926886,0.444568195885,2.5,1.68552751596,0.749331926886,2.5,0.227679895862,0.155440414508,30,0.016939582157,0.287498360226,23,23,23,1,0,0.478260869565,0.173913043478,0.347826086957,23,79,0.156126482213,1.68552751596,6.86956521739,6.58333333333,5.26666666667,3.23762465995,0.471299792272,0.25701706109,4.73695420897,1.37911325071,0.671436433682,3.02754156126,0.881436150746,0.472206934507,0.749331926886,0.444568195885,2.5,1.68552751596,0.749331926886,2.5,0.227679895862,0.155440414508,30,0.016939582157,0.287498360226,23,23,23,1,0,0.478260869565,0.173913043478,0.347826086957,-9,-0.0177865612648,0.000451722190853,-0.782608695652,-0.75,-0.233333333333,-0.400665343634,-0.00415856046979,0.00751113223595,-0.585828504075,-0.0120685947422,-0.00148846750388,-0.242879233368,0.0266670794234,0.0295191874719,0.000140622527028,-3.57246793425e-05,0,0.000451722190853,0.000140622527028,0,-0.0317667181304,-0.0333420752323,-16,-0.00903444381705,-0.045646272919,0,-0.0434782608696,0.0434782608696,79,0,9,418,0.897727272727,1,0,0.102272727273,1,0.897727272727,0.946107784431,0.937446329455,0.897727272727,0.897727272727,0,9,0,10,8,10
1412,WLNM_dir_neg_kfold,0.691358024691,0.315445424141,00:00:01,10,90,17,20362,threshold_sweep,0.8,0,0,0,0,0,9,18,0,1,0,1,0,0,0,0.666666666667,0.666666666667,0,0,0,94,85,9,0,94,0,85,0,9,23,88,0.173913043478,1.68507579377,7.65217391304,7.33333333333,5.5,3.63829000359,0.475458352741,0.249505928854,5.32278271304,1.39118184545,0.672924901186,3.27042079462,0.854769071322,0.442687747036,0.749191304359,0.444603920564,2.5,1.68507579377,0.749191304359,2.5,0.259446613992,0.18878248974,46,0.025974025974,0.333144633145,23,23,23,1,0,0.478260869565,0.217391304348,0.304347826087,23,0.156126482213,1.68552751596,6.86956521739,6.58333333333,5.26666666667,3.23762465995,0.471299792272,0.25701706109,4.73695420897,1.37911325071,0.671436433682,3.02754156126,0.881436150746,0.472206934507,0.749331926886,0.444568195885,2.5,1.68552751596,0.749331926886,2.5,0.227679895862,0.155440414508,30,0.016939582157,0.287498360226,23,23,23,1,0,0.478260869565,0.173913043478,0.347826086957,23,79,0.156126482213,1.68552751596,6.86956521739,6.58333333333,5.26666666667,3.23762465995,0.471299792272,0.25701706109,4.73695420897,1.37911325071,0.671436433682,3.02754156126,0.881436150746,0.472206934507,0.749331926886,0.444568195885,2.5,1.68552751596,0.749331926886,2.5,0.227679895862,0.155440414508,30,0.016939582157,0.287498360226,23,23,23,1,0,0.478260869565,0.173913043478,0.347826086957,-9,-0.0177865612648,0.000451722190853,-0.782608695652,-0.75,-0.233333333333,-0.400665343634,-0.00415856046979,0.00751113223595,-0.585828504075,-0.0120685947422,-0.00148846750388,-0.242879233368,0.0266670794234,0.0295191874719,0.000140622527028,-3.57246793425e-05,0,0.000451722190853,0.000140622527028,0,-0.0317667181304,-0.0333420752323,-16,-0.00903444381705,-0.045646272919,0,-0.0434782608696,0.0434782608696,79,0,9,418,0.897727272727,1,0,0.102272727273,1,0.897727272727,0.946107784431,0.937446329455,0.897727272727,0.897727272727,0,9,0,10,8,10
1413,WLNM_dir_neg_kfold,0.691358024691,0.315445424141,00:00:01,10,90,17,20362,threshold_sweep,0.9,0,0,0,0,0,9,18,0,1,0,1,0,0,0,0.666666666667,0.666666666667,0,0,0,94,85,9,0,94,0,85,0,9,23,88,0.173913043478,1.68507579377,7.65217391304,7.33333333333,5.5,3.63829000359,0.475458352741,0.249505928854,5.32278271304,1.39118184545,0.672924901186,3.27042079462,0.854769071322,0.442687747036,0.749191304359,0.444603920564,2.5,1.68507579377,0.749191304359,2.5,0.259446613992,0.18878248974,46,0.025974025974,0.333144633145,23,23,23,1,0,0.478260869565,0.217391304348,0.304347826087,23,0.156126482213,1.68552751596,6.86956521739,6.58333333333,5.26666666667,3.23762465995,0.471299792272,0.25701706109,4.73695420897,1.37911325071,0.671436433682,3.02754156126,0.881436150746,0.472206934507,0.749331926886,0.444568195885,2.5,1.68552751596,0.749331926886,2.5,0.227679895862,0.155440414508,30,0.016939582157,0.287498360226,23,23,23,1,0,0.478260869565,0.173913043478,0.347826086957,23,79,0.156126482213,1.68552751596,6.86956521739,6.58333333333,5.26666666667,3.23762465995,0.471299792272,0.25701706109,4.73695420897,1.37911325071,0.671436433682,3.02754156126,0.881436150746,0.472206934507,0.749331926886,0.444568195885,2.5,1.68552751596,0.749331926886,2.5,0.227679895862,0.155440414508,30,0.016939582157,0.287498360226,23,23,23,1,0,0.478260869565,0.173913043478,0.347826086957,-9,-0.0177865612648,0.000451722190853,-0.782608695652,-0.75,-0.233333333333,-0.400665343634,-0.00415856046979,0.00751113223595,-0.585828504075,-0.0120685947422,-0.00148846750388,-0.242879233368,0.0266670794234,0.0295191874719,0.000140622527028,-3.57246793425e-05,0,0.000451722190853,0.000140622527028,0,-0.0317667181304,-0.0333420752323,-16,-0.00903444381705,-0.045646272919,0,-0.0434782608696,0.0434782608696,79,0,9,418,0.897727272727,1,0,0.102272727273,1,0.897727272727,0.946107784431,0.937446329455,0.897727272727,0.897727272727,0,9,0,10,8,10
1414,WLNM_dir_neg_kfold,0.833333333333,0.405303030303,00:00:02,10,90,18,20363,threshold_sweep,0.1,0,0,0,0,1,9,17,0,0.944444444444,0.0555555555556,1,0,0,0,0.62962962963,0.654320987654,-0.0714285714286,-0.138675049056,-0.0555555555556,94,85,9,0,94,0,85,0,9,23,88,0.173913043478,1.68507579377,7.65217391304,7.33333333333,5.5,3.63829000359,0.475458352741,0.249505928854,5.32278271304,1.39118184545,0.672924901186,3.27042079462,0.854769071322,0.442687747036,0.749191304359,0.444603920564,2.5,1.68507579377,0.749191304359,2.5,0.259446613992,0.18878248974,46,0.025974025974,0.333144633145,23,23,23,1,0,0.478260869565,0.217391304348,0.304347826087,23,0.156126482213,1.68552751596,6.86956521739,6.58333333333,5.26666666667,3.23762465995,0.471299792272,0.25701706109,4.73695420897,1.37911325071,0.671436433682,3.02754156126,0.881436150746,0.472206934507,0.749331926886,0.444568195885,2.5,1.68552751596,0.749331926886,2.5,0.227679895862,0.155440414508,30,0.016939582157,0.287498360226,23,23,23,1,0,0.478260869565,0.173913043478,0.347826086957,23,80,0.158102766798,1.69017109373,6.95652173913,6.66666666667,5,3.36395682695,0.483568793874,0.263586956522,4.80406613021,1.38116901243,0.672826086957,2.98282302552,0.857561619837,0.461956521739,0.752331444566,0.445121471641,2.5,1.69017109373,0.752331444566,2.5,0.265078860533,0.194675540765,39,0.0220214568041,0.282425150607,23,23,23,1,0,0.478260869565,0.217391304348,0.304347826087,-8,-0.0158102766798,0.00509529995696,-0.695652173913,-0.666666666667,-0.5,-0.274333176635,0.00811044113293,0.014081027668,-0.518716582837,-0.0100128330202,-9.88142292491e-05,-0.287597769103,0.00279254851508,0.0192687747036,0.00314014020732,0.00051755107708,0,0.00509529995696,0.00314014020732,0,0.00563224654134,0.00589305102531,-7,-0.00395256916996,-0.0507194825377,0,0,0,79,1,9,417,0.897727272727,0.997607655502,0.00239234449761,0.102272727273,0.9875,0.897727272727,0.940476190476,0.93017617416,0.89533492823,0.887640449438,1,9,0,10,8,10
1415,WLNM_dir_neg_kfold,0.833333333333,0.405303030303,00:00:02,10,90,18,20363,threshold_sweep,0.2,0,0,0,0,1,9,17,0,0.944444444444,0.0555555555556,1,0,0,0,0.62962962963,0.654320987654,-0.0714285714286,-0.138675049056,-0.0555555555556,94,85,9,0,94,0,85,0,9,23,88,0.173913043478,1.68507579377,7.65217391304,7.33333333333,5.5,3.63829000359,0.475458352741,0.249505928854,5.32278271304,1.39118184545,0.672924901186,3.27042079462,0.854769071322,0.442687747036,0.749191304359,0.444603920564,2.5,1.68507579377,0.749191304359,2.5,0.259446613992,0.18878248974,46,0.025974025974,0.333144633145,23,23,23,1,0,0.478260869565,0.217391304348,0.304347826087,23,0.156126482213,1.68552751596,6.86956521739,6.58333333333,5.26666666667,3.23762465995,0.471299792272,0.25701706109,4.73695420897,1.37911325071,0.671436433682,3.02754156126,0.881436150746,0.472206934507,0.749331926886,0.444568195885,2.5,1.68552751596,0.749331926886,2.5,0.227679895862,0.155440414508,30,0.016939582157,0.287498360226,23,23,23,1,0,0.478260869565,0.173913043478,0.347826086957,23,80,0.158102766798,1.69017109373,6.95652173913,6.66666666667,5,3.36395682695,0.483568793874,0.263586956522,4.80406613021,1.38116901243,0.672826086957,2.98282302552,0.857561619837,0.461956521739,0.752331444566,0.445121471641,2.5,1.69017109373,0.752331444566,2.5,0.265078860533,0.194675540765,39,0.0220214568041,0.282425150607,23,23,23,1,0,0.478260869565,0.217391304348,0.304347826087,-8,-0.0158102766798,0.00509529995696,-0.695652173913,-0.666666666667,-0.5,-0.274333176635,0.00811044113293,0.014081027668,-0.518716582837,-0.0100128330202,-9.88142292491e-05,-0.287597769103,0.00279254851508,0.0192687747036,0.00314014020732,0.00051755107708,0,0.00509529995696,0.00314014020732,0,0.00563224654134,0.00589305102531,-7,-0.00395256916996,-0.0507194825377,0,0,0,79,1,9,417,0.897727272727,0.997607655502,0.00239234449761,0.102272727273,0.9875,0.897727272727,0.940476190476,0.93017617416,0.89533492823,0.887640449438,1,9,0,10,8,10
1416,WLNM_dir_neg_kfold,0.833333333333,0.405303030303,00:00:02,10,90,18,20363,threshold_sweep,0.3,0,0,0,0,0,9,18,0,1,0,1,0,0,0,0.666666666667,0.666666666667,0,0,0,94,85,9,0,94,0,85,0,9,23,88,0.173913043478,1.68507579377,7.65217391304,7.33333333333,5.5,3.63829000359,0.475458352741,0.249505928854,5.32278271304,1.39118184545,0.672924901186,3.27042079462,0.854769071322,0.442687747036,0.749191304359,0.444603920564,2.5,1.68507579377,0.749191304359,2.5,0.259446613992,0.18878248974,46,0.025974025974,0.333144633145,23,23,23,1,0,0.478260869565,0.217391304348,0.304347826087,23,0.156126482213,1.68552751596,6.86956521739,6.58333333333,5.26666666667,3.23762465995,0.471299792272,0.25701706109,4.73695420897,1.37911325071,0.671436433682,3.02754156126,0.881436150746,0.472206934507,0.749331926886,0.444568195885,2.5,1.68552751596,0.749331926886,2.5,0.227679895862,0.155440414508,30,0.016939582157,0.287498360226,23,23,23,1,0,0.478260869565,0.173913043478,0.347826086957,23,79,0.156126482213,1.68552751596,6.86956521739,6.58333333333,5.26666666667,3.23762465995,0.471299792272,0.25701706109,4.73695420897,1.37911325071,0.671436433682,3.02754156126,0.881436150746,0.472206934507,0.749331926886,0.444568195885,2.5,1.68552751596,0.749331926886,2.5,0.227679895862,0.155440414508,30,0.016939582157,0.287498360226,23,23,23,1,0,0.478260869565,0.173913043478,0.347826086957,-9,-0.0177865612648,0.000451722190853,-0.782608695652,-0.75,-0.233333333333,-0.400665343634,-0.00415856046979,0.00751113223595,-0.585828504075,-0.0120685947422,-0.00148846750388,-0.242879233368,0.0266670794234,0.0295191874719,0.000140622527028,-3.57246793425e-05,0,0.000451722190853,0.000140622527028,0,-0.0317667181304,-0.0333420752323,-16,-0.00903444381705,-0.045646272919,0,-0.0434782608696,0.0434782608696,79,0,9,418,0.897727272727,1,0,0.102272727273,1,0.897727272727,0.946107784431,0.937446329455,0.897727272727,0.897727272727,0,9,0,10,8,10
1417,WLNM_dir_neg_kfold,0.833333333333,0.405303030303,00:00:02,10,90,18,20363,threshold_sweep,0.4,0,0,0,0,0,9,18,0,1,0,1,0,0,0,0.666666666667,0.666666666667,0,0,0,94,85,9,0,94,0,85,0,9,23,88,0.173913043478,1.68507579377,7.65217391304,7.33333333333,5.5,3.63829000359,0.475458352741,0.249505928854,5.32278271304,1.39118184545,0.672924901186,3.27042079462,0.854769071322,0.442687747036,0.749191304359,0.444603920564,2.5,1.68507579377,0.749191304359,2.5,0.259446613992,0.18878248974,46,0.025974025974,0.333144633145,23,23,23,1,0,0.478260869565,0.217391304348,0.304347826087,23,0.156126482213,1.68552751596,6.86956521739,6.58333333333,5.26666666667,3.23762465995,0.471299792272,0.25701706109,4.73695420897,1.37911325071,0.671436433682,3.02754156126,0.881436150746,0.472206934507,0.749331926886,0.444568195885,2.5,1.68552751596,0.749331926886,2.5,0.227679895862,0.155440414508,30,0.016939582157,0.287498360226,23,23,23,1,0,0.478260869565,0.173913043478,0.347826086957,23,79,0.156126482213,1.68552751596,6.86956521739,6.58333333333,5.26666666667,3.23762465995,0.471299792272,0.25701706109,4.73695420897,1.37911325071,0.671436433682,3.02754156126,0.881436150746,0.472206934507,0.749331926886,0.444568195885,2.5,1.68552751596,0.749331926886,2.5,0.227679895862,0.155440414508,30,0.016939582157,0.287498360226,23,23,23,1,0,0.478260869565,0.173913043478,0.347826086957,-9,-0.0177865612648,0.000451722190853,-0.782608695652,-0.75,-0.233333333333,-0.400665343634,-0.00415856046979,0.00751113223595,-0.585828504075,-0.0120685947422,-0.00148846750388,-0.242879233368,0.0266670794234,0.0295191874719,0.000140622527028,-3.57246793425e-05,0,0.000451722190853,0.000140622527028,0,-0.0317667181304,-0.0333420752323,-16,-0.00903444381705,-0.045646272919,0,-0.0434782608696,0.0434782608696,79,0,9,418,0.897727272727,1,0,0.102272727273,1,0.897727272727,0.946107784431,0.937446329455,0.897727272727,0.897727272727,0,9,0,10,8,10
1418,WLNM_dir_neg_kfold,0.833333333333,0.405303030303,00:00:02,10,90,18,20363,threshold_sweep,0.5,0,0,0,0,0,9,18,0,1,0,1,0,0,0,0.666666666667,0.666666666667,0,0,0,94,85,9,0,94,0,85,0,9,23,88,0.173913043478,1.68507579377,7.65217391304,7.33333333333,5.5,3.63829000359,0.475458352741,0.249505928854,5.32278271304,1.39118184545,0.672924901186,3.27042079462,0.854769071322,0.442687747036,0.749191304359,0.444603920564,2.5,1.68507579377,0.749191304359,2.5,0.259446613992,0.18878248974,46,0.025974025974,0.333144633145,23,23,23,1,0,0.478260869565,0.217391304348,0.304347826087,23,0.156126482213,1.68552751596,6.86956521739,6.58333333333,5.26666666667,3.23762465995,0.471299792272,0.25701706109,4.73695420897,1.37911325071,0.671436433682,3.02754156126,0.881436150746,0.472206934507,0.749331926886,0.444568195885,2.5,1.68552751596,0.749331926886,2.5,0.227679895862,0.155440414508,30,0.016939582157,0.287498360226,23,23,23,1,0,0.478260869565,0.173913043478,0.347826086957,23,79,0.156126482213,1.68552751596,6.86956521739,6.58333333333,5.26666666667,3.23762465995,0.471299792272,0.25701706109,4.73695420897,1.37911325071,0.671436433682,3.02754156126,0.881436150746,0.472206934507,0.749331926886,0.444568195885,2.5,1.68552751596,0.749331926886,2.5,0.227679895862,0.155440414508,30,0.016939582157,0.287498360226,23,23,23,1,0,0.478260869565,0.173913043478,0.347826086957,-9,-0.0177865612648,0.000451722190853,-0.782608695652,-0.75,-0.233333333333,-0.400665343634,-0.00415856046979,0.00751113223595,-0.585828504075,-0.0120685947422,-0.00148846750388,-0.242879233368,0.0266670794234,0.0295191874719,0.000140622527028,-3.57246793425e-05,0,0.000451722190853,0.000140622527028,0,-0.0317667181304,-0.0333420752323,-16,-0.00903444381705,-0.045646272919,0,-0.0434782608696,0.0434782608696,79,0,9,418,0.897727272727,1,0,0.102272727273,1,0.897727272727,0.946107784431,0.937446329455,0.897727272727,0.897727272727,0,9,0,10,8,10
1419,WLNM_dir_neg_kfold,0.833333333333,0.405303030303,00:00:02,10,90,18,20363,threshold_sweep,0.6,0,0,0,0,0,9,18,0,1,0,1,0,0,0,0.666666666667,0.666666666667,0,0,0,94,85,9,0,94,0,85,0,9,23,88,0.173913043478,1.68507579377,7.65217391304,7.33333333333,5.5,3.63829000359,0.475458352741,0.249505928854,5.32278271304,1.39118184545,0.672924901186,3.27042079462,0.854769071322,0.442687747036,0.749191304359,0.444603920564,2.5,1.68507579377,0.749191304359,2.5,0.259446613992,0.18878248974,46,0.025974025974,0.333144633145,23,23,23,1,0,0.478260869565,0.217391304348,0.304347826087,23,0.156126482213,1.68552751596,6.86956521739,6.58333333333,5.26666666667,3.23762465995,0.471299792272,0.25701706109,4.73695420897,1.37911325071,0.671436433682,3.02754156126,0.881436150746,0.472206934507,0.749331926886,0.444568195885,2.5,1.68552751596,0.749331926886,2.5,0.227679895862,0.155440414508,30,0.016939582157,0.287498360226,23,23,23,1,0,0.478260869565,0.173913043478,0.347826086957,23,79,0.156126482213,1.68552751596,6.86956521739,6.58333333333,5.26666666667,3.23762465995,0.471299792272,0.25701706109,4.73695420897,1.37911325071,0.671436433682,3.02754156126,0.881436150746,0.472206934507,0.749331926886,0.444568195885,2.5,1.68552751596,0.749331926886,2.5,0.227679895862,0.155440414508,30,0.016939582157,0.287498360226,23,23,23,1,0,0.478260869565,0.173913043478,0.347826086957,-9,-0.0177865612648,0.000451722190853,-0.782608695652,-0.75,-0.233333333333,-0.400665343634,-0.00415856046979,0.00751113223595,-0.585828504075,-0.0120685947422,-0.00148846750388,-0.242879233368,0.0266670794234,0.0295191874719,0.000140622527028,-3.57246793425e-05,0,0.000451722190853,0.000140622527028,0,-0.0317667181304,-0.0333420752323,-16,-0.00903444381705,-0.045646272919,0,-0.0434782608696,0.0434782608696,79,0,9,418,0.897727272727,1,0,0.102272727273,1,0.897727272727,0.946107784431,0.937446329455,0.897727272727,0.897727272727,0,9,0,10,8,10
1420,WLNM_dir_neg_kfold,0.833333333333,0.405303030303,00:00:02,10,90,18,20363,threshold_sweep,0.7,0,0,0,0,0,9,18,0,1,0,1,0,0,0,0.666666666667,0.666666666667,0,0,0,94,85,9,0,94,0,85,0,9,23,88,0.173913043478,1.68507579377,7.65217391304,7.33333333333,5.5,3.63829000359,0.475458352741,0.249505928854,5.32278271304,1.39118184545,0.672924901186,3.27042079462,0.854769071322,0.442687747036,0.749191304359,0.444603920564,2.5,1.68507579377,0.749191304359,2.5,0.259446613992,0.18878248974,46,0.025974025974,0.333144633145,23,23,23,1,0,0.478260869565,0.217391304348,0.304347826087,23,0.156126482213,1.68552751596,6.86956521739,6.58333333333,5.26666666667,3.23762465995,0.471299792272,0.25701706109,4.73695420897,1.37911325071,0.671436433682,3.02754156126,0.881436150746,0.472206934507,0.749331926886,0.444568195885,2.5,1.68552751596,0.749331926886,2.5,0.227679895862,0.155440414508,30,0.016939582157,0.287498360226,23,23,23,1,0,0.478260869565,0.173913043478,0.347826086957,23,79,0.156126482213,1.68552751596,6.86956521739,6.58333333333,5.26666666667,3.23762465995,0.471299792272,0.25701706109,4.73695420897,1.37911325071,0.671436433682,3.02754156126,0.881436150746,0.472206934507,0.749331926886,0.444568195885,2.5,1.68552751596,0.749331926886,2.5,0.227679895862,0.155440414508,30,0.016939582157,0.287498360226,23,23,23,1,0,0.478260869565,0.173913043478,0.347826086957,-9,-0.0177865612648,0.000451722190853,-0.782608695652,-0.75,-0.233333333333,-0.400665343634,-0.00415856046979,0.00751113223595,-0.585828504075,-0.0120685947422,-0.00148846750388,-0.242879233368,0.0266670794234,0.0295191874719,0.000140622527028,-3.57246793425e-05,0,0.000451722190853,0.000140622527028,0,-0.0317667181304,-0.0333420752323,-16,-0.00903444381705,-0.045646272919,0,-0.0434782608696,0.0434782608696,79,0,9,418,0.897727272727,1,0,0.102272727273,1,0.897727272727,0.946107784431,0.937446329455,0.897727272727,0.897727272727,0,9,0,10,8,10
1421,WLNM_dir_neg_kfold,0.833333333333,0.405303030303,00:00:02,10,90,18,20363,threshold_sweep,0.8,0,0,0,0,0,9,18,0,1,0,1,0,0,0,0.666666666667,0.666666666667,0,0,0,94,85,9,0,94,0,85,0,9,23,88,0.173913043478,1.68507579377,7.65217391304,7.33333333333,5.5,3.63829000359,0.475458352741,0.249505928854,5.32278271304,1.39118184545,0.672924901186,3.27042079462,0.854769071322,0.442687747036,0.749191304359,0.444603920564,2.5,1.68507579377,0.749191304359,2.5,0.259446613992,0.18878248974,46,0.025974025974,0.333144633145,23,23,23,1,0,0.478260869565,0.217391304348,0.304347826087,23,0.156126482213,1.68552751596,6.86956521739,6.58333333333,5.26666666667,3.23762465995,0.471299792272,0.25701706109,4.73695420897,1.37911325071,0.671436433682,3.02754156126,0.881436150746,0.472206934507,0.749331926886,0.444568195885,2.5,1.68552751596,0.749331926886,2.5,0.227679895862,0.155440414508,30,0.016939582157,0.287498360226,23,23,23,1,0,0.478260869565,0.173913043478,0.347826086957,23,79,0.156126482213,1.68552751596,6.86956521739,6.58333333333,5.26666666667,3.23762465995,0.471299792272,0.25701706109,4.73695420897,1.37911325071,0.671436433682,3.02754156126,0.881436150746,0.472206934507,0.749331926886,0.444568195885,2.5,1.68552751596,0.749331926886,2.5,0.227679895862,0.155440414508,30,0.016939582157,0.287498360226,23,23,23,1,0,0.478260869565,0.173913043478,0.347826086957,-9,-0.0177865612648,0.000451722190853,-0.782608695652,-0.75,-0.233333333333,-0.400665343634,-0.00415856046979,0.00751113223595,-0.585828504075,-0.0120685947422,-0.00148846750388,-0.242879233368,0.0266670794234,0.0295191874719,0.000140622527028,-3.57246793425e-05,0,0.000451722190853,0.000140622527028,0,-0.0317667181304,-0.0333420752323,-16,-0.00903444381705,-0.045646272919,0,-0.0434782608696,0.0434782608696,79,0,9,418,0.897727272727,1,0,0.102272727273,1,0.897727272727,0.946107784431,0.937446329455,0.897727272727,0.897727272727,0,9,0,10,8,10
1422,WLNM_dir_neg_kfold,0.833333333333,0.405303030303,00:00:02,10,90,18,20363,threshold_sweep,0.9,0,0,0,0,0,9,18,0,1,0,1,0,0,0,0.666666666667,0.666666666667,0,0,0,94,85,9,0,94,0,85,0,9,23,88,0.173913043478,1.68507579377,7.65217391304,7.33333333333,5.5,3.63829000359,0.475458352741,0.249505928854,5.32278271304,1.39118184545,0.672924901186,3.27042079462,0.854769071322,0.442687747036,0.749191304359,0.444603920564,2.5,1.68507579377,0.749191304359,2.5,0.259446613992,0.18878248974,46,0.025974025974,0.333144633145,23,23,23,1,0,0.478260869565,0.217391304348,0.304347826087,23,0.156126482213,1.68552751596,6.86956521739,6.58333333333,5.26666666667,3.23762465995,0.471299792272,0.25701706109,4.73695420897,1.37911325071,0.671436433682,3.02754156126,0.881436150746,0.472206934507,0.749331926886,0.444568195885,2.5,1.68552751596,0.749331926886,2.5,0.227679895862,0.155440414508,30,0.016939582157,0.287498360226,23,23,23,1,0,0.478260869565,0.173913043478,0.347826086957,23,79,0.156126482213,1.68552751596,6.86956521739,6.58333333333,5.26666666667,3.23762465995,0.471299792272,0.25701706109,4.73695420897,1.37911325071,0.671436433682,3.02754156126,0.881436150746,0.472206934507,0.749331926886,0.444568195885,2.5,1.68552751596,0.749331926886,2.5,0.227679895862,0.155440414508,30,0.016939582157,0.287498360226,23,23,23,1,0,0.478260869565,0.173913043478,0.347826086957,-9,-0.0177865612648,0.000451722190853,-0.782608695652,-0.75,-0.233333333333,-0.400665343634,-0.00415856046979,0.00751113223595,-0.585828504075,-0.0120685947422,-0.00148846750388,-0.242879233368,0.0266670794234,0.0295191874719,0.000140622527028,-3.57246793425e-05,0,0.000451722190853,0.000140622527028,0,-0.0317667181304,-0.0333420752323,-16,-0.00903444381705,-0.045646272919,0,-0.0434782608696,0.0434782608696,79,0,9,418,0.897727272727,1,0,0.102272727273,1,0.897727272727,0.946107784431,0.937446329455,0.897727272727,0.897727272727,0,9,0,10,8,10
1423,WLNM_dir_neg_kfold,0.783950617284,0.363389328063,00:00:02,10,90,19,20364,threshold_sweep,0.1,0,0,0,0,0,9,18,0,1,0,1,0,0,0,0.666666666667,0.666666666667,0,0,0,94,85,9,0,94,0,85,0,9,23,88,0.173913043478,1.68507579377,7.65217391304,7.33333333333,5.5,3.63829000359,0.475458352741,0.249505928854,5.32278271304,1.39118184545,0.672924901186,3.27042079462,0.854769071322,0.442687747036,0.749191304359,0.444603920564,2.5,1.68507579377,0.749191304359,2.5,0.259446613992,0.18878248974,46,0.025974025974,0.333144633145,23,23,23,1,0,0.478260869565,0.217391304348,0.304347826087,23,0.156126482213,1.68552751596,6.86956521739,6.58333333333,5.26666666667,3.23762465995,0.471299792272,0.25701706109,4.73695420897,1.37911325071,0.671436433682,3.02754156126,0.881436150746,0.472206934507,0.749331926886,0.444568195885,2.5,1.68552751596,0.749331926886,2.5,0.227679895862,0.155440414508,30,0.016939582157,0.287498360226,23,23,23,1,0,0.478260869565,0.173913043478,0.347826086957,23,79,0.156126482213,1.68552751596,6.86956521739,6.58333333333,5.26666666667,3.23762465995,0.471299792272,0.25701706109,4.73695420897,1.37911325071,0.671436433682,3.02754156126,0.881436150746,0.472206934507,0.749331926886,0.444568195885,2.5,1.68552751596,0.749331926886,2.5,0.227679895862,0.155440414508,30,0.016939582157,0.287498360226,23,23,23,1,0,0.478260869565,0.173913043478,0.347826086957,-9,-0.0177865612648,0.000451722190853,-0.782608695652,-0.75,-0.233333333333,-0.400665343634,-0.00415856046979,0.00751113223595,-0.585828504075,-0.0120685947422,-0.00148846750388,-0.242879233368,0.0266670794234,0.0295191874719,0.000140622527028,-3.57246793425e-05,0,0.000451722190853,0.000140622527028,0,-0.0317667181304,-0.0333420752323,-16,-0.00903444381705,-0.045646272919,0,-0.0434782608696,0.0434782608696,79,0,9,418,0.897727272727,1,0,0.102272727273,1,0.897727272727,0.946107784431,0.937446329455,0.897727272727,0.897727272727,0,9,0,10,8,10
1424,WLNM_dir_neg_kfold,0.783950617284,0.363389328063,00:00:02,10,90,19,20364,threshold_sweep,0.2,0,0,0,0,0,9,18,0,1,0,1,0,0,0,0.666666666667,0.666666666667,0,0,0,94,85,9,0,94,0,85,0,9,23,88,0.173913043478,1.68507579377,7.65217391304,7.33333333333,5.5,3.63829000359,0.475458352741,0.249505928854,5.32278271304,1.39118184545,0.672924901186,3.27042079462,0.854769071322,0.442687747036,0.749191304359,0.444603920564,2.5,1.68507579377,0.749191304359,2.5,0.259446613992,0.18878248974,46,0.025974025974,0.333144633145,23,23,23,1,0,0.478260869565,0.217391304348,0.304347826087,23,0.156126482213,1.68552751596,6.86956521739,6.58333333333,5.26666666667,3.23762465995,0.471299792272,0.25701706109,4.73695420897,1.37911325071,0.671436433682,3.02754156126,0.881436150746,0.472206934507,0.749331926886,0.444568195885,2.5,1.68552751596,0.749331926886,2.5,0.227679895862,0.155440414508,30,0.016939582157,0.287498360226,23,23,23,1,0,0.478260869565,0.173913043478,0.347826086957,23,79,0.156126482213,1.68552751596,6.86956521739,6.58333333333,5.26666666667,3.23762465995,0.471299792272,0.25701706109,4.73695420897,1.37911325071,0.671436433682,3.02754156126,0.881436150746,0.472206934507,0.749331926886,0.444568195885,2.5,1.68552751596,0.749331926886,2.5,0.227679895862,0.155440414508,30,0.016939582157,0.287498360226,23,23,23,1,0,0.478260869565,0.173913043478,0.347826086957,-9,-0.0177865612648,0.000451722190853,-0.782608695652,-0.75,-0.233333333333,-0.400665343634,-0.00415856046979,0.00751113223595,-0.585828504075,-0.0120685947422,-0.00148846750388,-0.242879233368,0.0266670794234,0.0295191874719,0.000140622527028,-3.57246793425e-05,0,0.000451722190853,0.000140622527028,0,-0.0317667181304,-0.0333420752323,-16,-0.00903444381705,-0.045646272919,0,-0.0434782608696,0.0434782608696,79,0,9,418,0.897727272727,1,0,0.102272727273,1,0.897727272727,0.946107784431,0.937446329455,0.897727272727,0.897727272727,0,9,0,10,8,10
1425,WLNM_dir_neg_kfold,0.783950617284,0.363389328063,00:00:02,10,90,19,20364,threshold_sweep,0.3,0,0,0,0,0,9,18,0,1,0,1,0,0,0,0.666666666667,0.666666666667,0,0,0,94,85,9,0,94,0,85,0,9,23,88,0.173913043478,1.68507579377,7.65217391304,7.33333333333,5.5,3.63829000359,0.475458352741,0.249505928854,5.32278271304,1.39118184545,0.672924901186,3.27042079462,0.854769071322,0.442687747036,0.749191304359,0.444603920564,2.5,1.68507579377,0.749191304359,2.5,0.259446613992,0.18878248974,46,0.025974025974,0.333144633145,23,23,23,1,0,0.478260869565,0.217391304348,0.304347826087,23,0.156126482213,1.68552751596,6.86956521739,6.58333333333,5.26666666667,3.23762465995,0.471299792272,0.25701706109,4.73695420897,1.37911325071,0.671436433682,3.02754156126,0.881436150746,0.472206934507,0.749331926886,0.444568195885,2.5,1.68552751596,0.749331926886,2.5,0.227679895862,0.155440414508,30,0.016939582157,0.287498360226,23,23,23,1,0,0.478260869565,0.173913043478,0.347826086957,23,79,0.156126482213,1.68552751596,6.86956521739,6.58333333333,5.26666666667,3.23762465995,0.471299792272,0.25701706109,4.73695420897,1.37911325071,0.671436433682,3.02754156126,0.881436150746,0.472206934507,0.749331926886,0.444568195885,2.5,1.68552751596,0.749331926886,2.5,0.227679895862,0.155440414508,30,0.016939582157,0.287498360226,23,23,23,1,0,0.478260869565,0.173913043478,0.347826086957,-9,-0.0177865612648,0.000451722190853,-0.782608695652,-0.75,-0.233333333333,-0.400665343634,-0.00415856046979,0.00751113223595,-0.585828504075,-0.0120685947422,-0.00148846750388,-0.242879233368,0.0266670794234,0.0295191874719,0.000140622527028,-3.57246793425e-05,0,0.000451722190853,0.000140622527028,0,-0.0317667181304,-0.0333420752323,-16,-0.00903444381705,-0.045646272919,0,-0.0434782608696,0.0434782608696,79,0,9,418,0.897727272727,1,0,0.102272727273,1,0.897727272727,0.946107784431,0.937446329455,0.897727272727,0.897727272727,0,9,0,10,8,10
1426,WLNM_dir_neg_kfold,0.783950617284,0.363389328063,00:00:02,10,90,19,20364,threshold_sweep,0.4,0,0,0,0,0,9,18,0,1,0,1,0,0,0,0.666666666667,0.666666666667,0,0,0,94,85,9,0,94,0,85,0,9,23,88,0.173913043478,1.68507579377,7.65217391304,7.33333333333,5.5,3.63829000359,0.475458352741,0.249505928854,5.32278271304,1.39118184545,0.672924901186,3.27042079462,0.854769071322,0.442687747036,0.749191304359,0.444603920564,2.5,1.68507579377,0.749191304359,2.5,0.259446613992,0.18878248974,46,0.025974025974,0.333144633145,23,23,23,1,0,0.478260869565,0.217391304348,0.304347826087,23,0.156126482213,1.68552751596,6.86956521739,6.58333333333,5.26666666667,3.23762465995,0.471299792272,0.25701706109,4.73695420897,1.37911325071,0.671436433682,3.02754156126,0.881436150746,0.472206934507,0.749331926886,0.444568195885,2.5,1.68552751596,0.749331926886,2.5,0.227679895862,0.155440414508,30,0.016939582157,0.287498360226,23,23,23,1,0,0.478260869565,0.173913043478,0.347826086957,23,79,0.156126482213,1.68552751596,6.86956521739,6.58333333333,5.26666666667,3.23762465995,0.471299792272,0.25701706109,4.73695420897,1.37911325071,0.671436433682,3.02754156126,0.881436150746,0.472206934507,0.749331926886,0.444568195885,2.5,1.68552751596,0.749331926886,2.5,0.227679895862,0.155440414508,30,0.016939582157,0.287498360226,23,23,23,1,0,0.478260869565,0.173913043478,0.347826086957,-9,-0.0177865612648,0.000451722190853,-0.782608695652,-0.75,-0.233333333333,-0.400665343634,-0.00415856046979,0.00751113223595,-0.585828504075,-0.0120685947422,-0.00148846750388,-0.242879233368,0.0266670794234,0.0295191874719,0.000140622527028,-3.57246793425e-05,0,0.000451722190853,0.000140622527028,0,-0.0317667181304,-0.0333420752323,-16,-0.00903444381705,-0.045646272919,0,-0.0434782608696,0.0434782608696,79,0,9,418,0.897727272727,1,0,0.102272727273,1,0.897727272727,0.946107784431,0.937446329455,0.897727272727,0.897727272727,0,9,0,10,8,10
1427,WLNM_dir_neg_kfold,0.783950617284,0.363389328063,00:00:02,10,90,19,20364,threshold_sweep,0.5,0,0,0,0,0,9,18,0,1,0,1,0,0,0,0.666666666667,0.666666666667,0,0,0,94,85,9,0,94,0,85,0,9,23,88,0.173913043478,1.68507579377,7.65217391304,7.33333333333,5.5,3.63829000359,0.475458352741,0.249505928854,5.32278271304,1.39118184545,0.672924901186,3.27042079462,0.854769071322,0.442687747036,0.749191304359,0.444603920564,2.5,1.68507579377,0.749191304359,2.5,0.259446613992,0.18878248974,46,0.025974025974,0.333144633145,23,23,23,1,0,0.478260869565,0.217391304348,0.304347826087,23,0.156126482213,1.68552751596,6.86956521739,6.58333333333,5.26666666667,3.23762465995,0.471299792272,0.25701706109,4.73695420897,1.37911325071,0.671436433682,3.02754156126,0.881436150746,0.472206934507,0.749331926886,0.444568195885,2.5,1.68552751596,0.749331926886,2.5,0.227679895862,0.155440414508,30,0.016939582157,0.287498360226,23,23,23,1,0,0.478260869565,0.173913043478,0.347826086957,23,79,0.156126482213,1.68552751596,6.86956521739,6.58333333333,5.26666666667,3.23762465995,0.471299792272,0.25701706109,4.73695420897,1.37911325071,0.671436433682,3.02754156126,0.881436150746,0.472206934507,0.749331926886,0.444568195885,2.5,1.68552751596,0.749331926886,2.5,0.227679895862,0.155440414508,30,0.016939582157,0.287498360226,23,23,23,1,0,0.478260869565,0.173913043478,0.347826086957,-9,-0.0177865612648,0.000451722190853,-0.782608695652,-0.75,-0.233333333333,-0.400665343634,-0.00415856046979,0.00751113223595,-0.585828504075,-0.0120685947422,-0.00148846750388,-0.242879233368,0.0266670794234,0.0295191874719,0.000140622527028,-3.57246793425e-05,0,0.000451722190853,0.000140622527028,0,-0.0317667181304,-0.0333420752323,-16,-0.00903444381705,-0.045646272919,0,-0.0434782608696,0.0434782608696,79,0,9,418,0.897727272727,1,0,0.102272727273,1,0.897727272727,0.946107784431,0.937446329455,0.897727272727,0.897727272727,0,9,0,10,8,10
1428,WLNM_dir_neg_kfold,0.783950617284,0.363389328063,00:00:02,10,90,19,20364,threshold_sweep,0.6,0,0,0,0,0,9,18,0,1,0,1,0,0,0,0.666666666667,0.666666666667,0,0,0,94,85,9,0,94,0,85,0,9,23,88,0.173913043478,1.68507579377,7.65217391304,7.33333333333,5.5,3.63829000359,0.475458352741,0.249505928854,5.32278271304,1.39118184545,0.672924901186,3.27042079462,0.854769071322,0.442687747036,0.749191304359,0.444603920564,2.5,1.68507579377,0.749191304359,2.5,0.259446613992,0.18878248974,46,0.025974025974,0.333144633145,23,23,23,1,0,0.478260869565,0.217391304348,0.304347826087,23,0.156126482213,1.68552751596,6.86956521739,6.58333333333,5.26666666667,3.23762465995,0.471299792272,0.25701706109,4.73695420897,1.37911325071,0.671436433682,3.02754156126,0.881436150746,0.472206934507,0.749331926886,0.444568195885,2.5,1.68552751596,0.749331926886,2.5,0.227679895862,0.155440414508,30,0.016939582157,0.287498360226,23,23,23,1,0,0.478260869565,0.173913043478,0.347826086957,23,79,0.156126482213,1.68552751596,6.86956521739,6.58333333333,5.26666666667,3.23762465995,0.471299792272,0.25701706109,4.73695420897,1.37911325071,0.671436433682,3.02754156126,0.881436150746,0.472206934507,0.749331926886,0.444568195885,2.5,1.68552751596,0.749331926886,2.5,0.227679895862,0.155440414508,30,0.016939582157,0.287498360226,23,23,23,1,0,0.478260869565,0.173913043478,0.347826086957,-9,-0.0177865612648,0.000451722190853,-0.782608695652,-0.75,-0.233333333333,-0.400665343634,-0.00415856046979,0.00751113223595,-0.585828504075,-0.0120685947422,-0.00148846750388,-0.242879233368,0.0266670794234,0.0295191874719,0.000140622527028,-3.57246793425e-05,0,0.000451722190853,0.000140622527028,0,-0.0317667181304,-0.0333420752323,-16,-0.00903444381705,-0.045646272919,0,-0.0434782608696,0.0434782608696,79,0,9,418,0.897727272727,1,0,0.102272727273,1,0.897727272727,0.946107784431,0.937446329455,0.897727272727,0.897727272727,0,9,0,10,8,10
1429,WLNM_dir_neg_kfold,0.783950617284,0.363389328063,00:00:02,10,90,19,20364,threshold_sweep,0.7,0,0,0,0,0,9,18,0,1,0,1,0,0,0,0.666666666667,0.666666666667,0,0,0,94,85,9,0,94,0,85,0,9,23,88,0.173913043478,1.68507579377,7.65217391304,7.33333333333,5.5,3.63829000359,0.475458352741,0.249505928854,5.32278271304,1.39118184545,0.672924901186,3.27042079462,0.854769071322,0.442687747036,0.749191304359,0.444603920564,2.5,1.68507579377,0.749191304359,2.5,0.259446613992,0.18878248974,46,0.025974025974,0.333144633145,23,23,23,1,0,0.478260869565,0.217391304348,0.304347826087,23,0.156126482213,1.68552751596,6.86956521739,6.58333333333,5.26666666667,3.23762465995,0.471299792272,0.25701706109,4.73695420897,1.37911325071,0.671436433682,3.02754156126,0.881436150746,0.472206934507,0.749331926886,0.444568195885,2.5,1.68552751596,0.749331926886,2.5,0.227679895862,0.155440414508,30,0.016939582157,0.287498360226,23,23,23,1,0,0.478260869565,0.173913043478,0.347826086957,23,79,0.156126482213,1.68552751596,6.86956521739,6.58333333333,5.26666666667,3.23762465995,0.471299792272,0.25701706109,4.73695420897,1.37911325071,0.671436433682,3.02754156126,0.881436150746,0.472206934507,0.749331926886,0.444568195885,2.5,1.68552751596,0.749331926886,2.5,0.227679895862,0.155440414508,30,0.016939582157,0.287498360226,23,23,23,1,0,0.478260869565,0.173913043478,0.347826086957,-9,-0.0177865612648,0.000451722190853,-0.782608695652,-0.75,-0.233333333333,-0.400665343634,-0.00415856046979,0.00751113223595,-0.585828504075,-0.0120685947422,-0.00148846750388,-0.242879233368,0.0266670794234,0.0295191874719,0.000140622527028,-3.57246793425e-05,0,0.000451722190853,0.000140622527028,0,-0.0317667181304,-0.0333420752323,-16,-0.00903444381705,-0.045646272919,0,-0.0434782608696,0.0434782608696,79,0,9,418,0.897727272727,1,0,0.102272727273,1,0.897727272727,0.946107784431,0.937446329455,0.897727272727,0.897727272727,0,9,0,10,8,10
1430,WLNM_dir_neg_kfold,0.783950617284,0.363389328063,00:00:02,10,90,19,20364,threshold_sweep,0.8,0,0,0,0,0,9,18,0,1,0,1,0,0,0,0.666666666667,0.666666666667,0,0,0,94,85,9,0,94,0,85,0,9,23,88,0.173913043478,1.68507579377,7.65217391304,7.33333333333,5.5,3.63829000359,0.475458352741,0.249505928854,5.32278271304,1.39118184545,0.672924901186,3.27042079462,0.854769071322,0.442687747036,0.749191304359,0.444603920564,2.5,1.68507579377,0.749191304359,2.5,0.259446613992,0.18878248974,46,0.025974025974,0.333144633145,23,23,23,1,0,0.478260869565,0.217391304348,0.304347826087,23,0.156126482213,1.68552751596,6.86956521739,6.58333333333,5.26666666667,3.23762465995,0.471299792272,0.25701706109,4.73695420897,1.37911325071,0.671436433682,3.02754156126,0.881436150746,0.472206934507,0.749331926886,0.444568195885,2.5,1.68552751596,0.749331926886,2.5,0.227679895862,0.155440414508,30,0.016939582157,0.287498360226,23,23,23,1,0,0.478260869565,0.173913043478,0.347826086957,23,79,0.156126482213,1.68552751596,6.86956521739,6.58333333333,5.26666666667,3.23762465995,0.471299792272,0.25701706109,4.73695420897,1.37911325071,0.671436433682,3.02754156126,0.881436150746,0.472206934507,0.749331926886,0.444568195885,2.5,1.68552751596,0.749331926886,2.5,0.227679895862,0.155440414508,30,0.016939582157,0.287498360226,23,23,23,1,0,0.478260869565,0.173913043478,0.347826086957,-9,-0.0177865612648,0.000451722190853,-0.782608695652,-0.75,-0.233333333333,-0.400665343634,-0.00415856046979,0.00751113223595,-0.585828504075,-0.0120685947422,-0.00148846750388,-0.242879233368,0.0266670794234,0.0295191874719,0.000140622527028,-3.57246793425e-05,0,0.000451722190853,0.000140622527028,0,-0.0317667181304,-0.0333420752323,-16,-0.00903444381705,-0.045646272919,0,-0.0434782608696,0.0434782608696,79,0,9,418,0.897727272727,1,0,0.102272727273,1,0.897727272727,0.946107784431,0.937446329455,0.897727272727,0.897727272727,0,9,0,10,8,10
1431,WLNM_dir_neg_kfold,0.783950617284,0.363389328063,00:00:02,10,90,19,20364,threshold_sweep,0.9,0,0,0,0,0,9,18,0,1,0,1,0,0,0,0.666666666667,0.666666666667,0,0,0,94,85,9,0,94,0,85,0,9,23,88,0.173913043478,1.68507579377,7.65217391304,7.33333333333,5.5,3.63829000359,0.475458352741,0.249505928854,5.32278271304,1.39118184545,0.672924901186,3.27042079462,0.854769071322,0.442687747036,0.749191304359,0.444603920564,2.5,1.68507579377,0.749191304359,2.5,0.259446613992,0.18878248974,46,0.025974025974,0.333144633145,23,23,23,1,0,0.478260869565,0.217391304348,0.304347826087,23,0.156126482213,1.68552751596,6.86956521739,6.58333333333,5.26666666667,3.23762465995,0.471299792272,0.25701706109,4.73695420897,1.37911325071,0.671436433682,3.02754156126,0.881436150746,0.472206934507,0.749331926886,0.444568195885,2.5,1.68552751596,0.749331926886,2.5,0.227679895862,0.155440414508,30,0.016939582157,0.287498360226,23,23,23,1,0,0.478260869565,0.173913043478,0.347826086957,23,79,0.156126482213,1.68552751596,6.86956521739,6.58333333333,5.26666666667,3.23762465995,0.471299792272,0.25701706109,4.73695420897,1.37911325071,0.671436433682,3.02754156126,0.881436150746,0.472206934507,0.749331926886,0.444568195885,2.5,1.68552751596,0.749331926886,2.5,0.227679895862,0.155440414508,30,0.016939582157,0.287498360226,23,23,23,1,0,0.478260869565,0.173913043478,0.347826086957,-9,-0.0177865612648,0.000451722190853,-0.782608695652,-0.75,-0.233333333333,-0.400665343634,-0.00415856046979,0.00751113223595,-0.585828504075,-0.0120685947422,-0.00148846750388,-0.242879233368,0.0266670794234,0.0295191874719,0.000140622527028,-3.57246793425e-05,0,0.000451722190853,0.000140622527028,0,-0.0317667181304,-0.0333420752323,-16,-0.00903444381705,-0.045646272919,0,-0.0434782608696,0.0434782608696,79,0,9,418,0.897727272727,1,0,0.102272727273,1,0.897727272727,0.946107784431,0.937446329455,0.897727272727,0.897727272727,0,9,0,10,8,10
1432,WLNM_dir_neg_kfold,0.75,0.359788359788,00:00:01,10,90,20,20365,threshold_sweep,0.1,0.5,0.111111111111,0.181818181818,1,1,8,17,0.111111111111,0.944444444444,0.0555555555556,0.888888888889,0.5,0.111111111111,0.181818181818,0.666666666667,0.641975308642,0.0689655172414,0.1,0.0555555555556,94,85,9,0,94,0,85,0,9,23,88,0.173913043478,1.68507579377,7.65217391304,7.33333333333,5.5,3.63829000359,0.475458352741,0.249505928854,5.32278271304,1.39118184545,0.672924901186,3.27042079462,0.854769071322,0.442687747036,0.749191304359,0.444603920564,2.5,1.68507579377,0.749191304359,2.5,0.259446613992,0.18878248974,46,0.025974025974,0.333144633145,23,23,23,1,0,0.478260869565,0.217391304348,0.304347826087,23,0.156126482213,1.68552751596,6.86956521739,6.58333333333,5.26666666667,3.23762465995,0.471299792272,0.25701706109,4.73695420897,1.37911325071,0.671436433682,3.02754156126,0.881436150746,0.472206934507,0.749331926886,0.444568195885,2.5,1.68552751596,0.749331926886,2.5,0.227679895862,0.155440414508,30,0.016939582157,0.287498360226,23,23,23,1,0,0.478260869565,0.173913043478,0.347826086957,23,81,0.160079051383,1.69059288538,7.04347826087,6.75,4.76470588235,3.49646913939,0.496412285222,0.269457863661,4.93475213725,1.40122591552,0.678475577026,2.93675091366,0.833892234742,0.450885668277,0.75318360667,0.4455144779,2.5,1.69059288538,0.75318360667,2.5,0.298648825922,0.225961538462,47,0.0265386787126,0.279249664477,23,23,23,1,0,0.478260869565,0.260869565217,0.260869565217,-7,-0.0138339920949,0.00551709160405,-0.608695652174,-0.583333333333,-0.735294117647,-0.141820864199,0.0209539324802,0.019951934807,-0.38803057579,0.0100440700618,0.00555067584053,-0.33366988097,-0.0208768365808,0.0081979212414,0.00399230231123,0.000910557335996,0,0.00551709160405,0.00399230231123,0,0.0392022119295,0.0371790487215,1,0.000564652738566,-0.0538949686677,0,0.0434782608696,-0.0434782608696,80,1,8,417,0.909090909091,0.997607655502,0.00239234449761,0.0909090909091,0.987654320988,0.909090909091,0.94674556213,0.937249960286,0.906698564593,0.898876404494,2,9,0,10,8,10
1433,WLNM_dir_neg_kfold,0.75,0.359788359788,00:00:01,10,90,20,20365,threshold_sweep,0.2,0.5,0.111111111111,0.181818181818,1,1,8,17,0.111111111111,0.944444444444,0.0555555555556,0.888888888889,0.5,0.111111111111,0.181818181818,0.666666666667,0.641975308642,0.0689655172414,0.1,0.0555555555556,94,85,9,0,94,0,85,0,9,23,88,0.173913043478,1.68507579377,7.65217391304,7.33333333333,5.5,3.63829000359,0.475458352741,0.249505928854,5.32278271304,1.39118184545,0.672924901186,3.27042079462,0.854769071322,0.442687747036,0.749191304359,0.444603920564,2.5,1.68507579377,0.749191304359,2.5,0.259446613992,0.18878248974,46,0.025974025974,0.333144633145,23,23,23,1,0,0.478260869565,0.217391304348,0.304347826087,23,0.156126482213,1.68552751596,6.86956521739,6.58333333333,5.26666666667,3.23762465995,0.471299792272,0.25701706109,4.73695420897,1.37911325071,0.671436433682,3.02754156126,0.881436150746,0.472206934507,0.749331926886,0.444568195885,2.5,1.68552751596,0.749331926886,2.5,0.227679895862,0.155440414508,30,0.016939582157,0.287498360226,23,23,23,1,0,0.478260869565,0.173913043478,0.347826086957,23,81,0.160079051383,1.69059288538,7.04347826087,6.75,4.76470588235,3.49646913939,0.496412285222,0.269457863661,4.93475213725,1.40122591552,0.678475577026,2.93675091366,0.833892234742,0.450885668277,0.75318360667,0.4455144779,2.5,1.69059288538,0.75318360667,2.5,0.298648825922,0.225961538462,47,0.0265386787126,0.279249664477,23,23,23,1,0,0.478260869565,0.260869565217,0.260869565217,-7,-0.0138339920949,0.00551709160405,-0.608695652174,-0.583333333333,-0.735294117647,-0.141820864199,0.0209539324802,0.019951934807,-0.38803057579,0.0100440700618,0.00555067584053,-0.33366988097,-0.0208768365808,0.0081979212414,0.00399230231123,0.000910557335996,0,0.00551709160405,0.00399230231123,0,0.0392022119295,0.0371790487215,1,0.000564652738566,-0.0538949686677,0,0.0434782608696,-0.0434782608696,80,1,8,417,0.909090909091,0.997607655502,0.00239234449761,0.0909090909091,0.987654320988,0.909090909091,0.94674556213,0.937249960286,0.906698564593,0.898876404494,2,9,0,10,8,10
1434,WLNM_dir_neg_kfold,0.75,0.359788359788,00:00:01,10,90,20,20365,threshold_sweep,0.3,0.5,0.111111111111,0.181818181818,1,1,8,17,0.111111111111,0.944444444444,0.0555555555556,0.888888888889,0.5,0.111111111111,0.181818181818,0.666666666667,0.641975308642,0.0689655172414,0.1,0.0555555555556,94,85,9,0,94,0,85,0,9,23,88,0.173913043478,1.68507579377,7.65217391304,7.33333333333,5.5,3.63829000359,0.475458352741,0.249505928854,5.32278271304,1.39118184545,0.672924901186,3.27042079462,0.854769071322,0.442687747036,0.749191304359,0.444603920564,2.5,1.68507579377,0.749191304359,2.5,0.259446613992,0.18878248974,46,0.025974025974,0.333144633145,23,23,23,1,0,0.478260869565,0.217391304348,0.304347826087,23,0.156126482213,1.68552751596,6.86956521739,6.58333333333,5.26666666667,3.23762465995,0.471299792272,0.25701706109,4.73695420897,1.37911325071,0.671436433682,3.02754156126,0.881436150746,0.472206934507,0.749331926886,0.444568195885,2.5,1.68552751596,0.749331926886,2.5,0.227679895862,0.155440414508,30,0.016939582157,0.287498360226,23,23,23,1,0,0.478260869565,0.173913043478,0.347826086957,23,81,0.160079051383,1.69059288538,7.04347826087,6.75,4.76470588235,3.49646913939,0.496412285222,0.269457863661,4.93475213725,1.40122591552,0.678475577026,2.93675091366,0.833892234742,0.450885668277,0.75318360667,0.4455144779,2.5,1.69059288538,0.75318360667,2.5,0.298648825922,0.225961538462,47,0.0265386787126,0.279249664477,23,23,23,1,0,0.478260869565,0.260869565217,0.260869565217,-7,-0.0138339920949,0.00551709160405,-0.608695652174,-0.583333333333,-0.735294117647,-0.141820864199,0.0209539324802,0.019951934807,-0.38803057579,0.0100440700618,0.00555067584053,-0.33366988097,-0.0208768365808,0.0081979212414,0.00399230231123,0.000910557335996,0,0.00551709160405,0.00399230231123,0,0.0392022119295,0.0371790487215,1,0.000564652738566,-0.0538949686677,0,0.0434782608696,-0.0434782608696,80,1,8,417,0.909090909091,0.997607655502,0.00239234449761,0.0909090909091,0.987654320988,0.909090909091,0.94674556213,0.937249960286,0.906698564593,0.898876404494,2,9,0,10,8,10
1435,WLNM_dir_neg_kfold,0.75,0.359788359788,00:00:01,10,90,20,20365,threshold_sweep,0.4,0.5,0.111111111111,0.181818181818,1,1,8,17,0.111111111111,0.944444444444,0.0555555555556,0.888888888889,0.5,0.111111111111,0.181818181818,0.666666666667,0.641975308642,0.0689655172414,0.1,0.0555555555556,94,85,9,0,94,0,85,0,9,23,88,0.173913043478,1.68507579377,7.65217391304,7.33333333333,5.5,3.63829000359,0.475458352741,0.249505928854,5.32278271304,1.39118184545,0.672924901186,3.27042079462,0.854769071322,0.442687747036,0.749191304359,0.444603920564,2.5,1.68507579377,0.749191304359,2.5,0.259446613992,0.18878248974,46,0.025974025974,0.333144633145,23,23,23,1,0,0.478260869565,0.217391304348,0.304347826087,23,0.156126482213,1.68552751596,6.86956521739,6.58333333333,5.26666666667,3.23762465995,0.471299792272,0.25701706109,4.73695420897,1.37911325071,0.671436433682,3.02754156126,0.881436150746,0.472206934507,0.749331926886,0.444568195885,2.5,1.68552751596,0.749331926886,2.5,0.227679895862,0.155440414508,30,0.016939582157,0.287498360226,23,23,23,1,0,0.478260869565,0.173913043478,0.347826086957,23,81,0.160079051383,1.69059288538,7.04347826087,6.75,4.76470588235,3.49646913939,0.496412285222,0.269457863661,4.93475213725,1.40122591552,0.678475577026,2.93675091366,0.833892234742,0.450885668277,0.75318360667,0.4455144779,2.5,1.69059288538,0.75318360667,2.5,0.298648825922,0.225961538462,47,0.0265386787126,0.279249664477,23,23,23,1,0,0.478260869565,0.260869565217,0.260869565217,-7,-0.0138339920949,0.00551709160405,-0.608695652174,-0.583333333333,-0.735294117647,-0.141820864199,0.0209539324802,0.019951934807,-0.38803057579,0.0100440700618,0.00555067584053,-0.33366988097,-0.0208768365808,0.0081979212414,0.00399230231123,0.000910557335996,0,0.00551709160405,0.00399230231123,0,0.0392022119295,0.0371790487215,1,0.000564652738566,-0.0538949686677,0,0.0434782608696,-0.0434782608696,80,1,8,417,0.909090909091,0.997607655502,0.00239234449761,0.0909090909091,0.987654320988,0.909090909091,0.94674556213,0.937249960286,0.906698564593,0.898876404494,2,9,0,10,8,10
1436,WLNM_dir_neg_kfold,0.75,0.359788359788,00:00:01,10,90,20,20365,threshold_sweep,0.5,0,0,0,0,0,9,18,0,1,0,1,0,0,0,0.666666666667,0.666666666667,0,0,0,94,85,9,0,94,0,85,0,9,23,88,0.173913043478,1.68507579377,7.65217391304,7.33333333333,5.5,3.63829000359,0.475458352741,0.249505928854,5.32278271304,1.39118184545,0.672924901186,3.27042079462,0.854769071322,0.442687747036,0.749191304359,0.444603920564,2.5,1.68507579377,0.749191304359,2.5,0.259446613992,0.18878248974,46,0.025974025974,0.333144633145,23,23,23,1,0,0.478260869565,0.217391304348,0.304347826087,23,0.156126482213,1.68552751596,6.86956521739,6.58333333333,5.26666666667,3.23762465995,0.471299792272,0.25701706109,4.73695420897,1.37911325071,0.671436433682,3.02754156126,0.881436150746,0.472206934507,0.749331926886,0.444568195885,2.5,1.68552751596,0.749331926886,2.5,0.227679895862,0.155440414508,30,0.016939582157,0.287498360226,23,23,23,1,0,0.478260869565,0.173913043478,0.347826086957,23,79,0.156126482213,1.68552751596,6.86956521739,6.58333333333,5.26666666667,3.23762465995,0.471299792272,0.25701706109,4.73695420897,1.37911325071,0.671436433682,3.02754156126,0.881436150746,0.472206934507,0.749331926886,0.444568195885,2.5,1.68552751596,0.749331926886,2.5,0.227679895862,0.155440414508,30,0.016939582157,0.287498360226,23,23,23,1,0,0.478260869565,0.173913043478,0.347826086957,-9,-0.0177865612648,0.000451722190853,-0.782608695652,-0.75,-0.233333333333,-0.400665343634,-0.00415856046979,0.00751113223595,-0.585828504075,-0.0120685947422,-0.00148846750388,-0.242879233368,0.0266670794234,0.0295191874719,0.000140622527028,-3.57246793425e-05,0,0.000451722190853,0.000140622527028,0,-0.0317667181304,-0.0333420752323,-16,-0.00903444381705,-0.045646272919,0,-0.0434782608696,0.0434782608696,79,0,9,418,0.897727272727,1,0,0.102272727273,1,0.897727272727,0.946107784431,0.937446329455,0.897727272727,0.897727272727,0,9,0,10,8,10
1437,WLNM_dir_neg_kfold,0.75,0.359788359788,00:00:01,10,90,20,20365,threshold_sweep,0.6,0,0,0,0,0,9,18,0,1,0,1,0,0,0,0.666666666667,0.666666666667,0,0,0,94,85,9,0,94,0,85,0,9,23,88,0.173913043478,1.68507579377,7.65217391304,7.33333333333,5.5,3.63829000359,0.475458352741,0.249505928854,5.32278271304,1.39118184545,0.672924901186,3.27042079462,0.854769071322,0.442687747036,0.749191304359,0.444603920564,2.5,1.68507579377,0.749191304359,2.5,0.259446613992,0.18878248974,46,0.025974025974,0.333144633145,23,23,23,1,0,0.478260869565,0.217391304348,0.304347826087,23,0.156126482213,1.68552751596,6.86956521739,6.58333333333,5.26666666667,3.23762465995,0.471299792272,0.25701706109,4.73695420897,1.37911325071,0.671436433682,3.02754156126,0.881436150746,0.472206934507,0.749331926886,0.444568195885,2.5,1.68552751596,0.749331926886,2.5,0.227679895862,0.155440414508,30,0.016939582157,0.287498360226,23,23,23,1,0,0.478260869565,0.173913043478,0.347826086957,23,79,0.156126482213,1.68552751596,6.86956521739,6.58333333333,5.26666666667,3.23762465995,0.471299792272,0.25701706109,4.73695420897,1.37911325071,0.671436433682,3.02754156126,0.881436150746,0.472206934507,0.749331926886,0.444568195885,2.5,1.68552751596,0.749331926886,2.5,0.227679895862,0.155440414508,30,0.016939582157,0.287498360226,23,23,23,1,0,0.478260869565,0.173913043478,0.347826086957,-9,-0.0177865612648,0.000451722190853,-0.782608695652,-0.75,-0.233333333333,-0.400665343634,-0.00415856046979,0.00751113223595,-0.585828504075,-0.0120685947422,-0.00148846750388,-0.242879233368,0.0266670794234,0.0295191874719,0.000140622527028,-3.57246793425e-05,0,0.000451722190853,0.000140622527028,0,-0.0317667181304,-0.0333420752323,-16,-0.00903444381705,-0.045646272919,0,-0.0434782608696,0.0434782608696,79,0,9,418,0.897727272727,1,0,0.102272727273,1,0.897727272727,0.946107784431,0.937446329455,0.897727272727,0.897727272727,0,9,0,10,8,10
1438,WLNM_dir_neg_kfold,0.75,0.359788359788,00:00:01,10,90,20,20365,threshold_sweep,0.7,0,0,0,0,0,9,18,0,1,0,1,0,0,0,0.666666666667,0.666666666667,0,0,0,94,85,9,0,94,0,85,0,9,23,88,0.173913043478,1.68507579377,7.65217391304,7.33333333333,5.5,3.63829000359,0.475458352741,0.249505928854,5.32278271304,1.39118184545,0.672924901186,3.27042079462,0.854769071322,0.442687747036,0.749191304359,0.444603920564,2.5,1.68507579377,0.749191304359,2.5,0.259446613992,0.18878248974,46,0.025974025974,0.333144633145,23,23,23,1,0,0.478260869565,0.217391304348,0.304347826087,23,0.156126482213,1.68552751596,6.86956521739,6.58333333333,5.26666666667,3.23762465995,0.471299792272,0.25701706109,4.73695420897,1.37911325071,0.671436433682,3.02754156126,0.881436150746,0.472206934507,0.749331926886,0.444568195885,2.5,1.68552751596,0.749331926886,2.5,0.227679895862,0.155440414508,30,0.016939582157,0.287498360226,23,23,23,1,0,0.478260869565,0.173913043478,0.347826086957,23,79,0.156126482213,1.68552751596,6.86956521739,6.58333333333,5.26666666667,3.23762465995,0.471299792272,0.25701706109,4.73695420897,1.37911325071,0.671436433682,3.02754156126,0.881436150746,0.472206934507,0.749331926886,0.444568195885,2.5,1.68552751596,0.749331926886,2.5,0.227679895862,0.155440414508,30,0.016939582157,0.287498360226,23,23,23,1,0,0.478260869565,0.173913043478,0.347826086957,-9,-0.0177865612648,0.000451722190853,-0.782608695652,-0.75,-0.233333333333,-0.400665343634,-0.00415856046979,0.00751113223595,-0.585828504075,-0.0120685947422,-0.00148846750388,-0.242879233368,0.0266670794234,0.0295191874719,0.000140622527028,-3.57246793425e-05,0,0.000451722190853,0.000140622527028,0,-0.0317667181304,-0.0333420752323,-16,-0.00903444381705,-0.045646272919,0,-0.0434782608696,0.0434782608696,79,0,9,418,0.897727272727,1,0,0.102272727273,1,0.897727272727,0.946107784431,0.937446329455,0.897727272727,0.897727272727,0,9,0,10,8,10
1439,WLNM_dir_neg_kfold,0.75,0.359788359788,00:00:01,10,90,20,20365,threshold_sweep,0.8,0,0,0,0,0,9,18,0,1,0,1,0,0,0,0.666666666667,0.666666666667,0,0,0,94,85,9,0,94,0,85,0,9,23,88,0.173913043478,1.68507579377,7.65217391304,7.33333333333,5.5,3.63829000359,0.475458352741,0.249505928854,5.32278271304,1.39118184545,0.672924901186,3.27042079462,0.854769071322,0.442687747036,0.749191304359,0.444603920564,2.5,1.68507579377,0.749191304359,2.5,0.259446613992,0.18878248974,46,0.025974025974,0.333144633145,23,23,23,1,0,0.478260869565,0.217391304348,0.304347826087,23,0.156126482213,1.68552751596,6.86956521739,6.58333333333,5.26666666667,3.23762465995,0.471299792272,0.25701706109,4.73695420897,1.37911325071,0.671436433682,3.02754156126,0.881436150746,0.472206934507,0.749331926886,0.444568195885,2.5,1.68552751596,0.749331926886,2.5,0.227679895862,0.155440414508,30,0.016939582157,0.287498360226,23,23,23,1,0,0.478260869565,0.173913043478,0.347826086957,23,79,0.156126482213,1.68552751596,6.86956521739,6.58333333333,5.26666666667,3.23762465995,0.471299792272,0.25701706109,4.73695420897,1.37911325071,0.671436433682,3.02754156126,0.881436150746,0.472206934507,0.749331926886,0.444568195885,2.5,1.68552751596,0.749331926886,2.5,0.227679895862,0.155440414508,30,0.016939582157,0.287498360226,23,23,23,1,0,0.478260869565,0.173913043478,0.347826086957,-9,-0.0177865612648,0.000451722190853,-0.782608695652,-0.75,-0.233333333333,-0.400665343634,-0.00415856046979,0.00751113223595,-0.585828504075,-0.0120685947422,-0.00148846750388,-0.242879233368,0.0266670794234,0.0295191874719,0.000140622527028,-3.57246793425e-05,0,0.000451722190853,0.000140622527028,0,-0.0317667181304,-0.0333420752323,-16,-0.00903444381705,-0.045646272919,0,-0.0434782608696,0.0434782608696,79,0,9,418,0.897727272727,1,0,0.102272727273,1,0.897727272727,0.946107784431,0.937446329455,0.897727272727,0.897727272727,0,9,0,10,8,10
1440,WLNM_dir_neg_kfold,0.75,0.359788359788,00:00:01,10,90,20,20365,threshold_sweep,0.9,0,0,0,0,0,9,18,0,1,0,1,0,0,0,0.666666666667,0.666666666667,0,0,0,94,85,9,0,94,0,85,0,9,23,88,0.173913043478,1.68507579377,7.65217391304,7.33333333333,5.5,3.63829000359,0.475458352741,0.249505928854,5.32278271304,1.39118184545,0.672924901186,3.27042079462,0.854769071322,0.442687747036,0.749191304359,0.444603920564,2.5,1.68507579377,0.749191304359,2.5,0.259446613992,0.18878248974,46,0.025974025974,0.333144633145,23,23,23,1,0,0.478260869565,0.217391304348,0.304347826087,23,0.156126482213,1.68552751596,6.86956521739,6.58333333333,5.26666666667,3.23762465995,0.471299792272,0.25701706109,4.73695420897,1.37911325071,0.671436433682,3.02754156126,0.881436150746,0.472206934507,0.749331926886,0.444568195885,2.5,1.68552751596,0.749331926886,2.5,0.227679895862,0.155440414508,30,0.016939582157,0.287498360226,23,23,23,1,0,0.478260869565,0.173913043478,0.347826086957,23,79,0.156126482213,1.68552751596,6.86956521739,6.58333333333,5.26666666667,3.23762465995,0.471299792272,0.25701706109,4.73695420897,1.37911325071,0.671436433682,3.02754156126,0.881436150746,0.472206934507,0.749331926886,0.444568195885,2.5,1.68552751596,0.749331926886,2.5,0.227679895862,0.155440414508,30,0.016939582157,0.287498360226,23,23,23,1,0,0.478260869565,0.173913043478,0.347826086957,-9,-0.0177865612648,0.000451722190853,-0.782608695652,-0.75,-0.233333333333,-0.400665343634,-0.00415856046979,0.00751113223595,-0.585828504075,-0.0120685947422,-0.00148846750388,-0.242879233368,0.0266670794234,0.0295191874719,0.000140622527028,-3.57246793425e-05,0,0.000451722190853,0.000140622527028,0,-0.0317667181304,-0.0333420752323,-16,-0.00903444381705,-0.045646272919,0,-0.0434782608696,0.0434782608696,79,0,9,418,0.897727272727,1,0,0.102272727273,1,0.897727272727,0.946107784431,0.937446329455,0.897727272727,0.897727272727,0,9,0,10,8,10
1441,WLNM_dir_neg_kfold,0.67578125,0.426115551116,00:00:02,10,90,1,21346,threshold_sweep,0.1,1,0.25,0.4,2,0,6,16,0.25,1,0,0.75,1,0.25,0.4,0.75,0.638888888889,0.307692307692,0.426401432711,0.25,94,86,8,0,94,0,86,0,8,23,88,0.173913043478,1.68507579377,7.65217391304,7.33333333333,5.5,3.63829000359,0.475458352741,0.249505928854,5.32278271304,1.39118184545,0.672924901186,3.27042079462,0.854769071322,0.442687747036,0.749191304359,0.444603920564,2.5,1.68507579377,0.749191304359,2.5,0.259446613992,0.18878248974,46,0.025974025974,0.333144633145,23,23,23,1,0,0.478260869565,0.217391304348,0.304347826087,23,0.158102766798,1.57073578595,6.95652173913,7.27272727273,5,3.61157559257,0.519163991432,0.282065217391,4.9714600491,1.42929476412,0.685869565217,3.05806779783,0.879194491876,0.470652173913,0.64406139004,0.410038018997,2,1.57073578595,0.64406139004,2,0.211513486513,0.183870967742,38,0.0214568040655,0.337999778,23,23,23,1,0,0.521739130435,0.173913043478,0.304347826087,23,82,0.162055335968,1.66481507623,7.13043478261,6.83333333333,5.125,3.6093860952,0.506194391399,0.273594909862,5.03466246008,1.41216142173,0.680805938494,3.13087392616,0.878171954898,0.466595970308,0.700791110295,0.420942313835,2,1.66481507623,0.700791110295,2,0.206935921222,0.19040247678,41,0.0231507622812,0.314652939653,23,23,23,1,0,0.478260869565,0.217391304348,0.304347826087,-6,-0.0118577075099,-0.0202607175433,-0.521739130435,-0.5,-0.375,-0.0289039083911,0.0307360386579,0.0240889810084,-0.288120252962,0.0209795762757,0.0078810373084,-0.139546868466,0.0234028835759,0.023908223272,-0.0484001940635,-0.023661606729,-0.5,-0.0202607175433,-0.0484001940635,-0.5,-0.0525106927704,0.0016199870401,-5,-0.00282326369283,-0.0184916934917,0,0,0,82,0,6,418,0.931818181818,1,0,0.0681818181818,1,0.931818181818,0.964705882353,0.958452959446,0.931818181818,0.931818181818,2,8,0,10,9,10
1442,WLNM_dir_neg_kfold,0.67578125,0.426115551116,00:00:02,10,90,1,21346,threshold_sweep,0.2,1,0.25,0.4,2,0,6,16,0.25,1,0,0.75,1,0.25,0.4,0.75,0.638888888889,0.307692307692,0.426401432711,0.25,94,86,8,0,94,0,86,0,8,23,88,0.173913043478,1.68507579377,7.65217391304,7.33333333333,5.5,3.63829000359,0.475458352741,0.249505928854,5.32278271304,1.39118184545,0.672924901186,3.27042079462,0.854769071322,0.442687747036,0.749191304359,0.444603920564,2.5,1.68507579377,0.749191304359,2.5,0.259446613992,0.18878248974,46,0.025974025974,0.333144633145,23,23,23,1,0,0.478260869565,0.217391304348,0.304347826087,23,0.158102766798,1.57073578595,6.95652173913,7.27272727273,5,3.61157559257,0.519163991432,0.282065217391,4.9714600491,1.42929476412,0.685869565217,3.05806779783,0.879194491876,0.470652173913,0.64406139004,0.410038018997,2,1.57073578595,0.64406139004,2,0.211513486513,0.183870967742,38,0.0214568040655,0.337999778,23,23,23,1,0,0.521739130435,0.173913043478,0.304347826087,23,82,0.162055335968,1.66481507623,7.13043478261,6.83333333333,5.125,3.6093860952,0.506194391399,0.273594909862,5.03466246008,1.41216142173,0.680805938494,3.13087392616,0.878171954898,0.466595970308,0.700791110295,0.420942313835,2,1.66481507623,0.700791110295,2,0.206935921222,0.19040247678,41,0.0231507622812,0.314652939653,23,23,23,1,0,0.478260869565,0.217391304348,0.304347826087,-6,-0.0118577075099,-0.0202607175433,-0.521739130435,-0.5,-0.375,-0.0289039083911,0.0307360386579,0.0240889810084,-0.288120252962,0.0209795762757,0.0078810373084,-0.139546868466,0.0234028835759,0.023908223272,-0.0484001940635,-0.023661606729,-0.5,-0.0202607175433,-0.0484001940635,-0.5,-0.0525106927704,0.0016199870401,-5,-0.00282326369283,-0.0184916934917,0,0,0,82,0,6,418,0.931818181818,1,0,0.0681818181818,1,0.931818181818,0.964705882353,0.958452959446,0.931818181818,0.931818181818,2,8,0,10,9,10
1443,WLNM_dir_neg_kfold,0.67578125,0.426115551116,00:00:02,10,90,1,21346,threshold_sweep,0.3,1,0.125,0.222222222222,1,0,7,16,0.125,1,0,0.875,1,0.125,0.222222222222,0.708333333333,0.652777777778,0.16,0.29488391231,0.125,94,86,8,0,94,0,86,0,8,23,88,0.173913043478,1.68507579377,7.65217391304,7.33333333333,5.5,3.63829000359,0.475458352741,0.249505928854,5.32278271304,1.39118184545,0.672924901186,3.27042079462,0.854769071322,0.442687747036,0.749191304359,0.444603920564,2.5,1.68507579377,0.749191304359,2.5,0.259446613992,0.18878248974,46,0.025974025974,0.333144633145,23,23,23,1,0,0.478260869565,0.217391304348,0.304347826087,23,0.158102766798,1.57073578595,6.95652173913,7.27272727273,5,3.61157559257,0.519163991432,0.282065217391,4.9714600491,1.42929476412,0.685869565217,3.05806779783,0.879194491876,0.470652173913,0.64406139004,0.410038018997,2,1.57073578595,0.64406139004,2,0.211513486513,0.183870967742,38,0.0214568040655,0.337999778,23,23,23,1,0,0.521739130435,0.173913043478,0.304347826087,23,81,0.160079051383,1.56995341615,7.04347826087,7.36363636364,5.0625,3.68631697041,0.523365989626,0.283413848631,5.06206538172,1.43737658987,0.689210950081,3.1023387837,0.880911012656,0.470209339775,0.643206671793,0.409697934459,2,1.56995341615,0.643206671793,2,0.219187479187,0.192488262911,41,0.0231507622812,0.345159285159,23,23,23,1,0,0.521739130435,0.173913043478,0.304347826087,-7,-0.0138339920949,-0.115122377622,-0.608695652174,0.030303030303,-0.4375,0.0480269668223,0.0479076368845,0.0339079197775,-0.260717331319,0.0461947444178,0.0162860488947,-0.168082010924,0.0261419413334,0.027521592739,-0.105984632566,-0.0349059861057,-0.5,-0.115122377622,-0.105984632566,-0.5,-0.0402591348046,0.00370577317072,-5,-0.00282326369283,0.0120146520147,0.0434782608696,-0.0434782608696,0,81,0,7,418,0.920454545455,1,0,0.0795454545455,1,0.920454545455,0.958579881657,0.951469451768,0.920454545455,0.920454545455,1,8,0,10,9,10
1444,WLNM_dir_neg_kfold,0.67578125,0.426115551116,00:00:02,10,90,1,21346,threshold_sweep,0.4,1,0.125,0.222222222222,1,0,7,16,0.125,1,0,0.875,1,0.125,0.222222222222,0.708333333333,0.652777777778,0.16,0.29488391231,0.125,94,86,8,0,94,0,86,0,8,23,88,0.173913043478,1.68507579377,7.65217391304,7.33333333333,5.5,3.63829000359,0.475458352741,0.249505928854,5.32278271304,1.39118184545,0.672924901186,3.27042079462,0.854769071322,0.442687747036,0.749191304359,0.444603920564,2.5,1.68507579377,0.749191304359,2.5,0.259446613992,0.18878248974,46,0.025974025974,0.333144633145,23,23,23,1,0,0.478260869565,0.217391304348,0.304347826087,23,0.158102766798,1.57073578595,6.95652173913,7.27272727273,5,3.61157559257,0.519163991432,0.282065217391,4.9714600491,1.42929476412,0.685869565217,3.05806779783,0.879194491876,0.470652173913,0.64406139004,0.410038018997,2,1.57073578595,0.64406139004,2,0.211513486513,0.183870967742,38,0.0214568040655,0.337999778,23,23,23,1,0,0.521739130435,0.173913043478,0.304347826087,23,81,0.160079051383,1.56995341615,7.04347826087,7.36363636364,5.0625,3.68631697041,0.523365989626,0.283413848631,5.06206538172,1.43737658987,0.689210950081,3.1023387837,0.880911012656,0.470209339775,0.643206671793,0.409697934459,2,1.56995341615,0.643206671793,2,0.219187479187,0.192488262911,41,0.0231507622812,0.345159285159,23,23,23,1,0,0.521739130435,0.173913043478,0.304347826087,-7,-0.0138339920949,-0.115122377622,-0.608695652174,0.030303030303,-0.4375,0.0480269668223,0.0479076368845,0.0339079197775,-0.260717331319,0.0461947444178,0.0162860488947,-0.168082010924,0.0261419413334,0.027521592739,-0.105984632566,-0.0349059861057,-0.5,-0.115122377622,-0.105984632566,-0.5,-0.0402591348046,0.00370577317072,-5,-0.00282326369283,0.0120146520147,0.0434782608696,-0.0434782608696,0,81,0,7,418,0.920454545455,1,0,0.0795454545455,1,0.920454545455,0.958579881657,0.951469451768,0.920454545455,0.920454545455,1,8,0,10,9,10
1445,WLNM_dir_neg_kfold,0.67578125,0.426115551116,00:00:02,10,90,1,21346,threshold_sweep,0.5,1,0.125,0.222222222222,1,0,7,16,0.125,1,0,0.875,1,0.125,0.222222222222,0.708333333333,0.652777777778,0.16,0.29488391231,0.125,94,86,8,0,94,0,86,0,8,23,88,0.173913043478,1.68507579377,7.65217391304,7.33333333333,5.5,3.63829000359,0.475458352741,0.249505928854,5.32278271304,1.39118184545,0.672924901186,3.27042079462,0.854769071322,0.442687747036,0.749191304359,0.444603920564,2.5,1.68507579377,0.749191304359,2.5,0.259446613992,0.18878248974,46,0.025974025974,0.333144633145,23,23,23,1,0,0.478260869565,0.217391304348,0.304347826087,23,0.158102766798,1.57073578595,6.95652173913,7.27272727273,5,3.61157559257,0.519163991432,0.282065217391,4.9714600491,1.42929476412,0.685869565217,3.05806779783,0.879194491876,0.470652173913,0.64406139004,0.410038018997,2,1.57073578595,0.64406139004,2,0.211513486513,0.183870967742,38,0.0214568040655,0.337999778,23,23,23,1,0,0.521739130435,0.173913043478,0.304347826087,23,81,0.160079051383,1.56995341615,7.04347826087,7.36363636364,5.0625,3.68631697041,0.523365989626,0.283413848631,5.06206538172,1.43737658987,0.689210950081,3.1023387837,0.880911012656,0.470209339775,0.643206671793,0.409697934459,2,1.56995341615,0.643206671793,2,0.219187479187,0.192488262911,41,0.0231507622812,0.345159285159,23,23,23,1,0,0.521739130435,0.173913043478,0.304347826087,-7,-0.0138339920949,-0.115122377622,-0.608695652174,0.030303030303,-0.4375,0.0480269668223,0.0479076368845,0.0339079197775,-0.260717331319,0.0461947444178,0.0162860488947,-0.168082010924,0.0261419413334,0.027521592739,-0.105984632566,-0.0349059861057,-0.5,-0.115122377622,-0.105984632566,-0.5,-0.0402591348046,0.00370577317072,-5,-0.00282326369283,0.0120146520147,0.0434782608696,-0.0434782608696,0,81,0,7,418,0.920454545455,1,0,0.0795454545455,1,0.920454545455,0.958579881657,0.951469451768,0.920454545455,0.920454545455,1,8,0,10,9,10
1446,WLNM_dir_neg_kfold,0.67578125,0.426115551116,00:00:02,10,90,1,21346,threshold_sweep,0.6,1,0.125,0.222222222222,1,0,7,16,0.125,1,0,0.875,1,0.125,0.222222222222,0.708333333333,0.652777777778,0.16,0.29488391231,0.125,94,86,8,0,94,0,86,0,8,23,88,0.173913043478,1.68507579377,7.65217391304,7.33333333333,5.5,3.63829000359,0.475458352741,0.249505928854,5.32278271304,1.39118184545,0.672924901186,3.27042079462,0.854769071322,0.442687747036,0.749191304359,0.444603920564,2.5,1.68507579377,0.749191304359,2.5,0.259446613992,0.18878248974,46,0.025974025974,0.333144633145,23,23,23,1,0,0.478260869565,0.217391304348,0.304347826087,23,0.158102766798,1.57073578595,6.95652173913,7.27272727273,5,3.61157559257,0.519163991432,0.282065217391,4.9714600491,1.42929476412,0.685869565217,3.05806779783,0.879194491876,0.470652173913,0.64406139004,0.410038018997,2,1.57073578595,0.64406139004,2,0.211513486513,0.183870967742,38,0.0214568040655,0.337999778,23,23,23,1,0,0.521739130435,0.173913043478,0.304347826087,23,81,0.160079051383,1.56995341615,7.04347826087,7.36363636364,5.0625,3.68631697041,0.523365989626,0.283413848631,5.06206538172,1.43737658987,0.689210950081,3.1023387837,0.880911012656,0.470209339775,0.643206671793,0.409697934459,2,1.56995341615,0.643206671793,2,0.219187479187,0.192488262911,41,0.0231507622812,0.345159285159,23,23,23,1,0,0.521739130435,0.173913043478,0.304347826087,-7,-0.0138339920949,-0.115122377622,-0.608695652174,0.030303030303,-0.4375,0.0480269668223,0.0479076368845,0.0339079197775,-0.260717331319,0.0461947444178,0.0162860488947,-0.168082010924,0.0261419413334,0.027521592739,-0.105984632566,-0.0349059861057,-0.5,-0.115122377622,-0.105984632566,-0.5,-0.0402591348046,0.00370577317072,-5,-0.00282326369283,0.0120146520147,0.0434782608696,-0.0434782608696,0,81,0,7,418,0.920454545455,1,0,0.0795454545455,1,0.920454545455,0.958579881657,0.951469451768,0.920454545455,0.920454545455,1,8,0,10,9,10
1447,WLNM_dir_neg_kfold,0.67578125,0.426115551116,00:00:02,10,90,1,21346,threshold_sweep,0.7,1,0.125,0.222222222222,1,0,7,16,0.125,1,0,0.875,1,0.125,0.222222222222,0.708333333333,0.652777777778,0.16,0.29488391231,0.125,94,86,8,0,94,0,86,0,8,23,88,0.173913043478,1.68507579377,7.65217391304,7.33333333333,5.5,3.63829000359,0.475458352741,0.249505928854,5.32278271304,1.39118184545,0.672924901186,3.27042079462,0.854769071322,0.442687747036,0.749191304359,0.444603920564,2.5,1.68507579377,0.749191304359,2.5,0.259446613992,0.18878248974,46,0.025974025974,0.333144633145,23,23,23,1,0,0.478260869565,0.217391304348,0.304347826087,23,0.158102766798,1.57073578595,6.95652173913,7.27272727273,5,3.61157559257,0.519163991432,0.282065217391,4.9714600491,1.42929476412,0.685869565217,3.05806779783,0.879194491876,0.470652173913,0.64406139004,0.410038018997,2,1.57073578595,0.64406139004,2,0.211513486513,0.183870967742,38,0.0214568040655,0.337999778,23,23,23,1,0,0.521739130435,0.173913043478,0.304347826087,23,81,0.160079051383,1.56995341615,7.04347826087,7.36363636364,5.0625,3.68631697041,0.523365989626,0.283413848631,5.06206538172,1.43737658987,0.689210950081,3.1023387837,0.880911012656,0.470209339775,0.643206671793,0.409697934459,2,1.56995341615,0.643206671793,2,0.219187479187,0.192488262911,41,0.0231507622812,0.345159285159,23,23,23,1,0,0.521739130435,0.173913043478,0.304347826087,-7,-0.0138339920949,-0.115122377622,-0.608695652174,0.030303030303,-0.4375,0.0480269668223,0.0479076368845,0.0339079197775,-0.260717331319,0.0461947444178,0.0162860488947,-0.168082010924,0.0261419413334,0.027521592739,-0.105984632566,-0.0349059861057,-0.5,-0.115122377622,-0.105984632566,-0.5,-0.0402591348046,0.00370577317072,-5,-0.00282326369283,0.0120146520147,0.0434782608696,-0.0434782608696,0,81,0,7,418,0.920454545455,1,0,0.0795454545455,1,0.920454545455,0.958579881657,0.951469451768,0.920454545455,0.920454545455,1,8,0,10,9,10
1448,WLNM_dir_neg_kfold,0.67578125,0.426115551116,00:00:02,10,90,1,21346,threshold_sweep,0.8,1,0.125,0.222222222222,1,0,7,16,0.125,1,0,0.875,1,0.125,0.222222222222,0.708333333333,0.652777777778,0.16,0.29488391231,0.125,94,86,8,0,94,0,86,0,8,23,88,0.173913043478,1.68507579377,7.65217391304,7.33333333333,5.5,3.63829000359,0.475458352741,0.249505928854,5.32278271304,1.39118184545,0.672924901186,3.27042079462,0.854769071322,0.442687747036,0.749191304359,0.444603920564,2.5,1.68507579377,0.749191304359,2.5,0.259446613992,0.18878248974,46,0.025974025974,0.333144633145,23,23,23,1,0,0.478260869565,0.217391304348,0.304347826087,23,0.158102766798,1.57073578595,6.95652173913,7.27272727273,5,3.61157559257,0.519163991432,0.282065217391,4.9714600491,1.42929476412,0.685869565217,3.05806779783,0.879194491876,0.470652173913,0.64406139004,0.410038018997,2,1.57073578595,0.64406139004,2,0.211513486513,0.183870967742,38,0.0214568040655,0.337999778,23,23,23,1,0,0.521739130435,0.173913043478,0.304347826087,23,81,0.160079051383,1.56995341615,7.04347826087,7.36363636364,5.0625,3.68631697041,0.523365989626,0.283413848631,5.06206538172,1.43737658987,0.689210950081,3.1023387837,0.880911012656,0.470209339775,0.643206671793,0.409697934459,2,1.56995341615,0.643206671793,2,0.219187479187,0.192488262911,41,0.0231507622812,0.345159285159,23,23,23,1,0,0.521739130435,0.173913043478,0.304347826087,-7,-0.0138339920949,-0.115122377622,-0.608695652174,0.030303030303,-0.4375,0.0480269668223,0.0479076368845,0.0339079197775,-0.260717331319,0.0461947444178,0.0162860488947,-0.168082010924,0.0261419413334,0.027521592739,-0.105984632566,-0.0349059861057,-0.5,-0.115122377622,-0.105984632566,-0.5,-0.0402591348046,0.00370577317072,-5,-0.00282326369283,0.0120146520147,0.0434782608696,-0.0434782608696,0,81,0,7,418,0.920454545455,1,0,0.0795454545455,1,0.920454545455,0.958579881657,0.951469451768,0.920454545455,0.920454545455,1,8,0,10,9,10
1449,WLNM_dir_neg_kfold,0.67578125,0.426115551116,00:00:02,10,90,1,21346,threshold_sweep,0.9,1,0.125,0.222222222222,1,0,7,16,0.125,1,0,0.875,1,0.125,0.222222222222,0.708333333333,0.652777777778,0.16,0.29488391231,0.125,94,86,8,0,94,0,86,0,8,23,88,0.173913043478,1.68507579377,7.65217391304,7.33333333333,5.5,3.63829000359,0.475458352741,0.249505928854,5.32278271304,1.39118184545,0.672924901186,3.27042079462,0.854769071322,0.442687747036,0.749191304359,0.444603920564,2.5,1.68507579377,0.749191304359,2.5,0.259446613992,0.18878248974,46,0.025974025974,0.333144633145,23,23,23,1,0,0.478260869565,0.217391304348,0.304347826087,23,0.158102766798,1.57073578595,6.95652173913,7.27272727273,5,3.61157559257,0.519163991432,0.282065217391,4.9714600491,1.42929476412,0.685869565217,3.05806779783,0.879194491876,0.470652173913,0.64406139004,0.410038018997,2,1.57073578595,0.64406139004,2,0.211513486513,0.183870967742,38,0.0214568040655,0.337999778,23,23,23,1,0,0.521739130435,0.173913043478,0.304347826087,23,81,0.160079051383,1.56995341615,7.04347826087,7.36363636364,5.0625,3.68631697041,0.523365989626,0.283413848631,5.06206538172,1.43737658987,0.689210950081,3.1023387837,0.880911012656,0.470209339775,0.643206671793,0.409697934459,2,1.56995341615,0.643206671793,2,0.219187479187,0.192488262911,41,0.0231507622812,0.345159285159,23,23,23,1,0,0.521739130435,0.173913043478,0.304347826087,-7,-0.0138339920949,-0.115122377622,-0.608695652174,0.030303030303,-0.4375,0.0480269668223,0.0479076368845,0.0339079197775,-0.260717331319,0.0461947444178,0.0162860488947,-0.168082010924,0.0261419413334,0.027521592739,-0.105984632566,-0.0349059861057,-0.5,-0.115122377622,-0.105984632566,-0.5,-0.0402591348046,0.00370577317072,-5,-0.00282326369283,0.0120146520147,0.0434782608696,-0.0434782608696,0,81,0,7,418,0.920454545455,1,0,0.0795454545455,1,0.920454545455,0.958579881657,0.951469451768,0.920454545455,0.920454545455,1,8,0,10,9,10
1450,WLNM_dir_neg_kfold,0.78125,0.525798160173,00:00:02,10,90,2,21347,threshold_sweep,0.1,1,0.25,0.4,2,0,6,16,0.25,1,0,0.75,1,0.25,0.4,0.75,0.638888888889,0.307692307692,0.426401432711,0.25,94,86,8,0,94,0,86,0,8,23,88,0.173913043478,1.68507579377,7.65217391304,7.33333333333,5.5,3.63829000359,0.475458352741,0.249505928854,5.32278271304,1.39118184545,0.672924901186,3.27042079462,0.854769071322,0.442687747036,0.749191304359,0.444603920564,2.5,1.68507579377,0.749191304359,2.5,0.259446613992,0.18878248974,46,0.025974025974,0.333144633145,23,23,23,1,0,0.478260869565,0.217391304348,0.304347826087,23,0.158102766798,1.57073578595,6.95652173913,7.27272727273,5,3.61157559257,0.519163991432,0.282065217391,4.9714600491,1.42929476412,0.685869565217,3.05806779783,0.879194491876,0.470652173913,0.64406139004,0.410038018997,2,1.57073578595,0.64406139004,2,0.211513486513,0.183870967742,38,0.0214568040655,0.337999778,23,23,23,1,0,0.521739130435,0.173913043478,0.304347826087,23,82,0.162055335968,1.66481507623,7.13043478261,6.83333333333,5.125,3.6093860952,0.506194391399,0.273594909862,5.03466246008,1.41216142173,0.680805938494,3.13087392616,0.878171954898,0.466595970308,0.700791110295,0.420942313835,2,1.66481507623,0.700791110295,2,0.206935921222,0.19040247678,41,0.0231507622812,0.314652939653,23,23,23,1,0,0.478260869565,0.217391304348,0.304347826087,-6,-0.0118577075099,-0.0202607175433,-0.521739130435,-0.5,-0.375,-0.0289039083911,0.0307360386579,0.0240889810084,-0.288120252962,0.0209795762757,0.0078810373084,-0.139546868466,0.0234028835759,0.023908223272,-0.0484001940635,-0.023661606729,-0.5,-0.0202607175433,-0.0484001940635,-0.5,-0.0525106927704,0.0016199870401,-5,-0.00282326369283,-0.0184916934917,0,0,0,82,0,6,418,0.931818181818,1,0,0.0681818181818,1,0.931818181818,0.964705882353,0.958452959446,0.931818181818,0.931818181818,2,8,0,10,9,10
1451,WLNM_dir_neg_kfold,0.78125,0.525798160173,00:00:02,10,90,2,21347,threshold_sweep,0.2,1,0.125,0.222222222222,1,0,7,16,0.125,1,0,0.875,1,0.125,0.222222222222,0.708333333333,0.652777777778,0.16,0.29488391231,0.125,94,86,8,0,94,0,86,0,8,23,88,0.173913043478,1.68507579377,7.65217391304,7.33333333333,5.5,3.63829000359,0.475458352741,0.249505928854,5.32278271304,1.39118184545,0.672924901186,3.27042079462,0.854769071322,0.442687747036,0.749191304359,0.444603920564,2.5,1.68507579377,0.749191304359,2.5,0.259446613992,0.18878248974,46,0.025974025974,0.333144633145,23,23,23,1,0,0.478260869565,0.217391304348,0.304347826087,23,0.158102766798,1.57073578595,6.95652173913,7.27272727273,5,3.61157559257,0.519163991432,0.282065217391,4.9714600491,1.42929476412,0.685869565217,3.05806779783,0.879194491876,0.470652173913,0.64406139004,0.410038018997,2,1.57073578595,0.64406139004,2,0.211513486513,0.183870967742,38,0.0214568040655,0.337999778,23,23,23,1,0,0.521739130435,0.173913043478,0.304347826087,23,81,0.160079051383,1.56995341615,7.04347826087,7.36363636364,5.0625,3.68631697041,0.523365989626,0.283413848631,5.06206538172,1.43737658987,0.689210950081,3.1023387837,0.880911012656,0.470209339775,0.643206671793,0.409697934459,2,1.56995341615,0.643206671793,2,0.219187479187,0.192488262911,41,0.0231507622812,0.345159285159,23,23,23,1,0,0.521739130435,0.173913043478,0.304347826087,-7,-0.0138339920949,-0.115122377622,-0.608695652174,0.030303030303,-0.4375,0.0480269668223,0.0479076368845,0.0339079197775,-0.260717331319,0.0461947444178,0.0162860488947,-0.168082010924,0.0261419413334,0.027521592739,-0.105984632566,-0.0349059861057,-0.5,-0.115122377622,-0.105984632566,-0.5,-0.0402591348046,0.00370577317072,-5,-0.00282326369283,0.0120146520147,0.0434782608696,-0.0434782608696,0,81,0,7,418,0.920454545455,1,0,0.0795454545455,1,0.920454545455,0.958579881657,0.951469451768,0.920454545455,0.920454545455,1,8,0,10,9,10
1452,WLNM_dir_neg_kfold,0.78125,0.525798160173,00:00:02,10,90,2,21347,threshold_sweep,0.3,1,0.125,0.222222222222,1,0,7,16,0.125,1,0,0.875,1,0.125,0.222222222222,0.708333333333,0.652777777778,0.16,0.29488391231,0.125,94,86,8,0,94,0,86,0,8,23,88,0.173913043478,1.68507579377,7.65217391304,7.33333333333,5.5,3.63829000359,0.475458352741,0.249505928854,5.32278271304,1.39118184545,0.672924901186,3.27042079462,0.854769071322,0.442687747036,0.749191304359,0.444603920564,2.5,1.68507579377,0.749191304359,2.5,0.259446613992,0.18878248974,46,0.025974025974,0.333144633145,23,23,23,1,0,0.478260869565,0.217391304348,0.304347826087,23,0.158102766798,1.57073578595,6.95652173913,7.27272727273,5,3.61157559257,0.519163991432,0.282065217391,4.9714600491,1.42929476412,0.685869565217,3.05806779783,0.879194491876,0.470652173913,0.64406139004,0.410038018997,2,1.57073578595,0.64406139004,2,0.211513486513,0.183870967742,38,0.0214568040655,0.337999778,23,23,23,1,0,0.521739130435,0.173913043478,0.304347826087,23,81,0.160079051383,1.56995341615,7.04347826087,7.36363636364,5.0625,3.68631697041,0.523365989626,0.283413848631,5.06206538172,1.43737658987,0.689210950081,3.1023387837,0.880911012656,0.470209339775,0.643206671793,0.409697934459,2,1.56995341615,0.643206671793,2,0.219187479187,0.192488262911,41,0.0231507622812,0.345159285159,23,23,23,1,0,0.521739130435,0.173913043478,0.304347826087,-7,-0.0138339920949,-0.115122377622,-0.608695652174,0.030303030303,-0.4375,0.0480269668223,0.0479076368845,0.0339079197775,-0.260717331319,0.0461947444178,0.0162860488947,-0.168082010924,0.0261419413334,0.027521592739,-0.105984632566,-0.0349059861057,-0.5,-0.115122377622,-0.105984632566,-0.5,-0.0402591348046,0.00370577317072,-5,-0.00282326369283,0.0120146520147,0.0434782608696,-0.0434782608696,0,81,0,7,418,0.920454545455,1,0,0.0795454545455,1,0.920454545455,0.958579881657,0.951469451768,0.920454545455,0.920454545455,1,8,0,10,9,10
1453,WLNM_dir_neg_kfold,0.78125,0.525798160173,00:00:02,10,90,2,21347,threshold_sweep,0.4,1,0.125,0.222222222222,1,0,7,16,0.125,1,0,0.875,1,0.125,0.222222222222,0.708333333333,0.652777777778,0.16,0.29488391231,0.125,94,86,8,0,94,0,86,0,8,23,88,0.173913043478,1.68507579377,7.65217391304,7.33333333333,5.5,3.63829000359,0.475458352741,0.249505928854,5.32278271304,1.39118184545,0.672924901186,3.27042079462,0.854769071322,0.442687747036,0.749191304359,0.444603920564,2.5,1.68507579377,0.749191304359,2.5,0.259446613992,0.18878248974,46,0.025974025974,0.333144633145,23,23,23,1,0,0.478260869565,0.217391304348,0.304347826087,23,0.158102766798,1.57073578595,6.95652173913,7.27272727273,5,3.61157559257,0.519163991432,0.282065217391,4.9714600491,1.42929476412,0.685869565217,3.05806779783,0.879194491876,0.470652173913,0.64406139004,0.410038018997,2,1.57073578595,0.64406139004,2,0.211513486513,0.183870967742,38,0.0214568040655,0.337999778,23,23,23,1,0,0.521739130435,0.173913043478,0.304347826087,23,81,0.160079051383,1.56995341615,7.04347826087,7.36363636364,5.0625,3.68631697041,0.523365989626,0.283413848631,5.06206538172,1.43737658987,0.689210950081,3.1023387837,0.880911012656,0.470209339775,0.643206671793,0.409697934459,2,1.56995341615,0.643206671793,2,0.219187479187,0.192488262911,41,0.0231507622812,0.345159285159,23,23,23,1,0,0.521739130435,0.173913043478,0.304347826087,-7,-0.0138339920949,-0.115122377622,-0.608695652174,0.030303030303,-0.4375,0.0480269668223,0.0479076368845,0.0339079197775,-0.260717331319,0.0461947444178,0.0162860488947,-0.168082010924,0.0261419413334,0.027521592739,-0.105984632566,-0.0349059861057,-0.5,-0.115122377622,-0.105984632566,-0.5,-0.0402591348046,0.00370577317072,-5,-0.00282326369283,0.0120146520147,0.0434782608696,-0.0434782608696,0,81,0,7,418,0.920454545455,1,0,0.0795454545455,1,0.920454545455,0.958579881657,0.951469451768,0.920454545455,0.920454545455,1,8,0,10,9,10
1454,WLNM_dir_neg_kfold,0.78125,0.525798160173,00:00:02,10,90,2,21347,threshold_sweep,0.5,1,0.125,0.222222222222,1,0,7,16,0.125,1,0,0.875,1,0.125,0.222222222222,0.708333333333,0.652777777778,0.16,0.29488391231,0.125,94,86,8,0,94,0,86,0,8,23,88,0.173913043478,1.68507579377,7.65217391304,7.33333333333,5.5,3.63829000359,0.475458352741,0.249505928854,5.32278271304,1.39118184545,0.672924901186,3.27042079462,0.854769071322,0.442687747036,0.749191304359,0.444603920564,2.5,1.68507579377,0.749191304359,2.5,0.259446613992,0.18878248974,46,0.025974025974,0.333144633145,23,23,23,1,0,0.478260869565,0.217391304348,0.304347826087,23,0.158102766798,1.57073578595,6.95652173913,7.27272727273,5,3.61157559257,0.519163991432,0.282065217391,4.9714600491,1.42929476412,0.685869565217,3.05806779783,0.879194491876,0.470652173913,0.64406139004,0.410038018997,2,1.57073578595,0.64406139004,2,0.211513486513,0.183870967742,38,0.0214568040655,0.337999778,23,23,23,1,0,0.521739130435,0.173913043478,0.304347826087,23,81,0.160079051383,1.56995341615,7.04347826087,7.36363636364,5.0625,3.68631697041,0.523365989626,0.283413848631,5.06206538172,1.43737658987,0.689210950081,3.1023387837,0.880911012656,0.470209339775,0.643206671793,0.409697934459,2,1.56995341615,0.643206671793,2,0.219187479187,0.192488262911,41,0.0231507622812,0.345159285159,23,23,23,1,0,0.521739130435,0.173913043478,0.304347826087,-7,-0.0138339920949,-0.115122377622,-0.608695652174,0.030303030303,-0.4375,0.0480269668223,0.0479076368845,0.0339079197775,-0.260717331319,0.0461947444178,0.0162860488947,-0.168082010924,0.0261419413334,0.027521592739,-0.105984632566,-0.0349059861057,-0.5,-0.115122377622,-0.105984632566,-0.5,-0.0402591348046,0.00370577317072,-5,-0.00282326369283,0.0120146520147,0.0434782608696,-0.0434782608696,0,81,0,7,418,0.920454545455,1,0,0.0795454545455,1,0.920454545455,0.958579881657,0.951469451768,0.920454545455,0.920454545455,1,8,0,10,9,10
1455,WLNM_dir_neg_kfold,0.78125,0.525798160173,00:00:02,10,90,2,21347,threshold_sweep,0.6,1,0.125,0.222222222222,1,0,7,16,0.125,1,0,0.875,1,0.125,0.222222222222,0.708333333333,0.652777777778,0.16,0.29488391231,0.125,94,86,8,0,94,0,86,0,8,23,88,0.173913043478,1.68507579377,7.65217391304,7.33333333333,5.5,3.63829000359,0.475458352741,0.249505928854,5.32278271304,1.39118184545,0.672924901186,3.27042079462,0.854769071322,0.442687747036,0.749191304359,0.444603920564,2.5,1.68507579377,0.749191304359,2.5,0.259446613992,0.18878248974,46,0.025974025974,0.333144633145,23,23,23,1,0,0.478260869565,0.217391304348,0.304347826087,23,0.158102766798,1.57073578595,6.95652173913,7.27272727273,5,3.61157559257,0.519163991432,0.282065217391,4.9714600491,1.42929476412,0.685869565217,3.05806779783,0.879194491876,0.470652173913,0.64406139004,0.410038018997,2,1.57073578595,0.64406139004,2,0.211513486513,0.183870967742,38,0.0214568040655,0.337999778,23,23,23,1,0,0.521739130435,0.173913043478,0.304347826087,23,81,0.160079051383,1.56995341615,7.04347826087,7.36363636364,5.0625,3.68631697041,0.523365989626,0.283413848631,5.06206538172,1.43737658987,0.689210950081,3.1023387837,0.880911012656,0.470209339775,0.643206671793,0.409697934459,2,1.56995341615,0.643206671793,2,0.219187479187,0.192488262911,41,0.0231507622812,0.345159285159,23,23,23,1,0,0.521739130435,0.173913043478,0.304347826087,-7,-0.0138339920949,-0.115122377622,-0.608695652174,0.030303030303,-0.4375,0.0480269668223,0.0479076368845,0.0339079197775,-0.260717331319,0.0461947444178,0.0162860488947,-0.168082010924,0.0261419413334,0.027521592739,-0.105984632566,-0.0349059861057,-0.5,-0.115122377622,-0.105984632566,-0.5,-0.0402591348046,0.00370577317072,-5,-0.00282326369283,0.0120146520147,0.0434782608696,-0.0434782608696,0,81,0,7,418,0.920454545455,1,0,0.0795454545455,1,0.920454545455,0.958579881657,0.951469451768,0.920454545455,0.920454545455,1,8,0,10,9,10
1456,WLNM_dir_neg_kfold,0.78125,0.525798160173,00:00:02,10,90,2,21347,threshold_sweep,0.7,1,0.125,0.222222222222,1,0,7,16,0.125,1,0,0.875,1,0.125,0.222222222222,0.708333333333,0.652777777778,0.16,0.29488391231,0.125,94,86,8,0,94,0,86,0,8,23,88,0.173913043478,1.68507579377,7.65217391304,7.33333333333,5.5,3.63829000359,0.475458352741,0.249505928854,5.32278271304,1.39118184545,0.672924901186,3.27042079462,0.854769071322,0.442687747036,0.749191304359,0.444603920564,2.5,1.68507579377,0.749191304359,2.5,0.259446613992,0.18878248974,46,0.025974025974,0.333144633145,23,23,23,1,0,0.478260869565,0.217391304348,0.304347826087,23,0.158102766798,1.57073578595,6.95652173913,7.27272727273,5,3.61157559257,0.519163991432,0.282065217391,4.9714600491,1.42929476412,0.685869565217,3.05806779783,0.879194491876,0.470652173913,0.64406139004,0.410038018997,2,1.57073578595,0.64406139004,2,0.211513486513,0.183870967742,38,0.0214568040655,0.337999778,23,23,23,1,0,0.521739130435,0.173913043478,0.304347826087,23,81,0.160079051383,1.56995341615,7.04347826087,7.36363636364,5.0625,3.68631697041,0.523365989626,0.283413848631,5.06206538172,1.43737658987,0.689210950081,3.1023387837,0.880911012656,0.470209339775,0.643206671793,0.409697934459,2,1.56995341615,0.643206671793,2,0.219187479187,0.192488262911,41,0.0231507622812,0.345159285159,23,23,23,1,0,0.521739130435,0.173913043478,0.304347826087,-7,-0.0138339920949,-0.115122377622,-0.608695652174,0.030303030303,-0.4375,0.0480269668223,0.0479076368845,0.0339079197775,-0.260717331319,0.0461947444178,0.0162860488947,-0.168082010924,0.0261419413334,0.027521592739,-0.105984632566,-0.0349059861057,-0.5,-0.115122377622,-0.105984632566,-0.5,-0.0402591348046,0.00370577317072,-5,-0.00282326369283,0.0120146520147,0.0434782608696,-0.0434782608696,0,81,0,7,418,0.920454545455,1,0,0.0795454545455,1,0.920454545455,0.958579881657,0.951469451768,0.920454545455,0.920454545455,1,8,0,10,9,10
1457,WLNM_dir_neg_kfold,0.78125,0.525798160173,00:00:02,10,90,2,21347,threshold_sweep,0.8,1,0.125,0.222222222222,1,0,7,16,0.125,1,0,0.875,1,0.125,0.222222222222,0.708333333333,0.652777777778,0.16,0.29488391231,0.125,94,86,8,0,94,0,86,0,8,23,88,0.173913043478,1.68507579377,7.65217391304,7.33333333333,5.5,3.63829000359,0.475458352741,0.249505928854,5.32278271304,1.39118184545,0.672924901186,3.27042079462,0.854769071322,0.442687747036,0.749191304359,0.444603920564,2.5,1.68507579377,0.749191304359,2.5,0.259446613992,0.18878248974,46,0.025974025974,0.333144633145,23,23,23,1,0,0.478260869565,0.217391304348,0.304347826087,23,0.158102766798,1.57073578595,6.95652173913,7.27272727273,5,3.61157559257,0.519163991432,0.282065217391,4.9714600491,1.42929476412,0.685869565217,3.05806779783,0.879194491876,0.470652173913,0.64406139004,0.410038018997,2,1.57073578595,0.64406139004,2,0.211513486513,0.183870967742,38,0.0214568040655,0.337999778,23,23,23,1,0,0.521739130435,0.173913043478,0.304347826087,23,81,0.160079051383,1.56995341615,7.04347826087,7.36363636364,5.0625,3.68631697041,0.523365989626,0.283413848631,5.06206538172,1.43737658987,0.689210950081,3.1023387837,0.880911012656,0.470209339775,0.643206671793,0.409697934459,2,1.56995341615,0.643206671793,2,0.219187479187,0.192488262911,41,0.0231507622812,0.345159285159,23,23,23,1,0,0.521739130435,0.173913043478,0.304347826087,-7,-0.0138339920949,-0.115122377622,-0.608695652174,0.030303030303,-0.4375,0.0480269668223,0.0479076368845,0.0339079197775,-0.260717331319,0.0461947444178,0.0162860488947,-0.168082010924,0.0261419413334,0.027521592739,-0.105984632566,-0.0349059861057,-0.5,-0.115122377622,-0.105984632566,-0.5,-0.0402591348046,0.00370577317072,-5,-0.00282326369283,0.0120146520147,0.0434782608696,-0.0434782608696,0,81,0,7,418,0.920454545455,1,0,0.0795454545455,1,0.920454545455,0.958579881657,0.951469451768,0.920454545455,0.920454545455,1,8,0,10,9,10
1458,WLNM_dir_neg_kfold,0.78125,0.525798160173,00:00:02,10,90,2,21347,threshold_sweep,0.9,1,0.125,0.222222222222,1,0,7,16,0.125,1,0,0.875,1,0.125,0.222222222222,0.708333333333,0.652777777778,0.16,0.29488391231,0.125,94,86,8,0,94,0,86,0,8,23,88,0.173913043478,1.68507579377,7.65217391304,7.33333333333,5.5,3.63829000359,0.475458352741,0.249505928854,5.32278271304,1.39118184545,0.672924901186,3.27042079462,0.854769071322,0.442687747036,0.749191304359,0.444603920564,2.5,1.68507579377,0.749191304359,2.5,0.259446613992,0.18878248974,46,0.025974025974,0.333144633145,23,23,23,1,0,0.478260869565,0.217391304348,0.304347826087,23,0.158102766798,1.57073578595,6.95652173913,7.27272727273,5,3.61157559257,0.519163991432,0.282065217391,4.9714600491,1.42929476412,0.685869565217,3.05806779783,0.879194491876,0.470652173913,0.64406139004,0.410038018997,2,1.57073578595,0.64406139004,2,0.211513486513,0.183870967742,38,0.0214568040655,0.337999778,23,23,23,1,0,0.521739130435,0.173913043478,0.304347826087,23,81,0.160079051383,1.56995341615,7.04347826087,7.36363636364,5.0625,3.68631697041,0.523365989626,0.283413848631,5.06206538172,1.43737658987,0.689210950081,3.1023387837,0.880911012656,0.470209339775,0.643206671793,0.409697934459,2,1.56995341615,0.643206671793,2,0.219187479187,0.192488262911,41,0.0231507622812,0.345159285159,23,23,23,1,0,0.521739130435,0.173913043478,0.304347826087,-7,-0.0138339920949,-0.115122377622,-0.608695652174,0.030303030303,-0.4375,0.0480269668223,0.0479076368845,0.0339079197775,-0.260717331319,0.0461947444178,0.0162860488947,-0.168082010924,0.0261419413334,0.027521592739,-0.105984632566,-0.0349059861057,-0.5,-0.115122377622,-0.105984632566,-0.5,-0.0402591348046,0.00370577317072,-5,-0.00282326369283,0.0120146520147,0.0434782608696,-0.0434782608696,0,81,0,7,418,0.920454545455,1,0,0.0795454545455,1,0.920454545455,0.958579881657,0.951469451768,0.920454545455,0.920454545455,1,8,0,10,9,10
1459,WLNM_dir_neg_kfold,0.6796875,0.352236305361,00:00:02,10,90,3,21348,threshold_sweep,0.1,1,0.125,0.222222222222,1,0,7,16,0.125,1,0,0.875,1,0.125,0.222222222222,0.708333333333,0.652777777778,0.16,0.29488391231,0.125,94,86,8,0,94,0,86,0,8,23,88,0.173913043478,1.68507579377,7.65217391304,7.33333333333,5.5,3.63829000359,0.475458352741,0.249505928854,5.32278271304,1.39118184545,0.672924901186,3.27042079462,0.854769071322,0.442687747036,0.749191304359,0.444603920564,2.5,1.68507579377,0.749191304359,2.5,0.259446613992,0.18878248974,46,0.025974025974,0.333144633145,23,23,23,1,0,0.478260869565,0.217391304348,0.304347826087,23,0.158102766798,1.57073578595,6.95652173913,7.27272727273,5,3.61157559257,0.519163991432,0.282065217391,4.9714600491,1.42929476412,0.685869565217,3.05806779783,0.879194491876,0.470652173913,0.64406139004,0.410038018997,2,1.57073578595,0.64406139004,2,0.211513486513,0.183870967742,38,0.0214568040655,0.337999778,23,23,23,1,0,0.521739130435,0.173913043478,0.304347826087,23,81,0.160079051383,1.56995341615,7.04347826087,7.36363636364,5.0625,3.68631697041,0.523365989626,0.283413848631,5.06206538172,1.43737658987,0.689210950081,3.1023387837,0.880911012656,0.470209339775,0.643206671793,0.409697934459,2,1.56995341615,0.643206671793,2,0.219187479187,0.192488262911,41,0.0231507622812,0.345159285159,23,23,23,1,0,0.521739130435,0.173913043478,0.304347826087,-7,-0.0138339920949,-0.115122377622,-0.608695652174,0.030303030303,-0.4375,0.0480269668223,0.0479076368845,0.0339079197775,-0.260717331319,0.0461947444178,0.0162860488947,-0.168082010924,0.0261419413334,0.027521592739,-0.105984632566,-0.0349059861057,-0.5,-0.115122377622,-0.105984632566,-0.5,-0.0402591348046,0.00370577317072,-5,-0.00282326369283,0.0120146520147,0.0434782608696,-0.0434782608696,0,81,0,7,418,0.920454545455,1,0,0.0795454545455,1,0.920454545455,0.958579881657,0.951469451768,0.920454545455,0.920454545455,1,8,0,10,9,10
1460,WLNM_dir_neg_kfold,0.6796875,0.352236305361,00:00:02,10,90,3,21348,threshold_sweep,0.2,1,0.125,0.222222222222,1,0,7,16,0.125,1,0,0.875,1,0.125,0.222222222222,0.708333333333,0.652777777778,0.16,0.29488391231,0.125,94,86,8,0,94,0,86,0,8,23,88,0.173913043478,1.68507579377,7.65217391304,7.33333333333,5.5,3.63829000359,0.475458352741,0.249505928854,5.32278271304,1.39118184545,0.672924901186,3.27042079462,0.854769071322,0.442687747036,0.749191304359,0.444603920564,2.5,1.68507579377,0.749191304359,2.5,0.259446613992,0.18878248974,46,0.025974025974,0.333144633145,23,23,23,1,0,0.478260869565,0.217391304348,0.304347826087,23,0.158102766798,1.57073578595,6.95652173913,7.27272727273,5,3.61157559257,0.519163991432,0.282065217391,4.9714600491,1.42929476412,0.685869565217,3.05806779783,0.879194491876,0.470652173913,0.64406139004,0.410038018997,2,1.57073578595,0.64406139004,2,0.211513486513,0.183870967742,38,0.0214568040655,0.337999778,23,23,23,1,0,0.521739130435,0.173913043478,0.304347826087,23,81,0.160079051383,1.56995341615,7.04347826087,7.36363636364,5.0625,3.68631697041,0.523365989626,0.283413848631,5.06206538172,1.43737658987,0.689210950081,3.1023387837,0.880911012656,0.470209339775,0.643206671793,0.409697934459,2,1.56995341615,0.643206671793,2,0.219187479187,0.192488262911,41,0.0231507622812,0.345159285159,23,23,23,1,0,0.521739130435,0.173913043478,0.304347826087,-7,-0.0138339920949,-0.115122377622,-0.608695652174,0.030303030303,-0.4375,0.0480269668223,0.0479076368845,0.0339079197775,-0.260717331319,0.0461947444178,0.0162860488947,-0.168082010924,0.0261419413334,0.027521592739,-0.105984632566,-0.0349059861057,-0.5,-0.115122377622,-0.105984632566,-0.5,-0.0402591348046,0.00370577317072,-5,-0.00282326369283,0.0120146520147,0.0434782608696,-0.0434782608696,0,81,0,7,418,0.920454545455,1,0,0.0795454545455,1,0.920454545455,0.958579881657,0.951469451768,0.920454545455,0.920454545455,1,8,0,10,9,10
1461,WLNM_dir_neg_kfold,0.6796875,0.352236305361,00:00:02,10,90,3,21348,threshold_sweep,0.3,1,0.125,0.222222222222,1,0,7,16,0.125,1,0,0.875,1,0.125,0.222222222222,0.708333333333,0.652777777778,0.16,0.29488391231,0.125,94,86,8,0,94,0,86,0,8,23,88,0.173913043478,1.68507579377,7.65217391304,7.33333333333,5.5,3.63829000359,0.475458352741,0.249505928854,5.32278271304,1.39118184545,0.672924901186,3.27042079462,0.854769071322,0.442687747036,0.749191304359,0.444603920564,2.5,1.68507579377,0.749191304359,2.5,0.259446613992,0.18878248974,46,0.025974025974,0.333144633145,23,23,23,1,0,0.478260869565,0.217391304348,0.304347826087,23,0.158102766798,1.57073578595,6.95652173913,7.27272727273,5,3.61157559257,0.519163991432,0.282065217391,4.9714600491,1.42929476412,0.685869565217,3.05806779783,0.879194491876,0.470652173913,0.64406139004,0.410038018997,2,1.57073578595,0.64406139004,2,0.211513486513,0.183870967742,38,0.0214568040655,0.337999778,23,23,23,1,0,0.521739130435,0.173913043478,0.304347826087,23,81,0.160079051383,1.56995341615,7.04347826087,7.36363636364,5.0625,3.68631697041,0.523365989626,0.283413848631,5.06206538172,1.43737658987,0.689210950081,3.1023387837,0.880911012656,0.470209339775,0.643206671793,0.409697934459,2,1.56995341615,0.643206671793,2,0.219187479187,0.192488262911,41,0.0231507622812,0.345159285159,23,23,23,1,0,0.521739130435,0.173913043478,0.304347826087,-7,-0.0138339920949,-0.115122377622,-0.608695652174,0.030303030303,-0.4375,0.0480269668223,0.0479076368845,0.0339079197775,-0.260717331319,0.0461947444178,0.0162860488947,-0.168082010924,0.0261419413334,0.027521592739,-0.105984632566,-0.0349059861057,-0.5,-0.115122377622,-0.105984632566,-0.5,-0.0402591348046,0.00370577317072,-5,-0.00282326369283,0.0120146520147,0.0434782608696,-0.0434782608696,0,81,0,7,418,0.920454545455,1,0,0.0795454545455,1,0.920454545455,0.958579881657,0.951469451768,0.920454545455,0.920454545455,1,8,0,10,9,10
1462,WLNM_dir_neg_kfold,0.6796875,0.352236305361,00:00:02,10,90,3,21348,threshold_sweep,0.4,1,0.125,0.222222222222,1,0,7,16,0.125,1,0,0.875,1,0.125,0.222222222222,0.708333333333,0.652777777778,0.16,0.29488391231,0.125,94,86,8,0,94,0,86,0,8,23,88,0.173913043478,1.68507579377,7.65217391304,7.33333333333,5.5,3.63829000359,0.475458352741,0.249505928854,5.32278271304,1.39118184545,0.672924901186,3.27042079462,0.854769071322,0.442687747036,0.749191304359,0.444603920564,2.5,1.68507579377,0.749191304359,2.5,0.259446613992,0.18878248974,46,0.025974025974,0.333144633145,23,23,23,1,0,0.478260869565,0.217391304348,0.304347826087,23,0.158102766798,1.57073578595,6.95652173913,7.27272727273,5,3.61157559257,0.519163991432,0.282065217391,4.9714600491,1.42929476412,0.685869565217,3.05806779783,0.879194491876,0.470652173913,0.64406139004,0.410038018997,2,1.57073578595,0.64406139004,2,0.211513486513,0.183870967742,38,0.0214568040655,0.337999778,23,23,23,1,0,0.521739130435,0.173913043478,0.304347826087,23,81,0.160079051383,1.56995341615,7.04347826087,7.36363636364,5.0625,3.68631697041,0.523365989626,0.283413848631,5.06206538172,1.43737658987,0.689210950081,3.1023387837,0.880911012656,0.470209339775,0.643206671793,0.409697934459,2,1.56995341615,0.643206671793,2,0.219187479187,0.192488262911,41,0.0231507622812,0.345159285159,23,23,23,1,0,0.521739130435,0.173913043478,0.304347826087,-7,-0.0138339920949,-0.115122377622,-0.608695652174,0.030303030303,-0.4375,0.0480269668223,0.0479076368845,0.0339079197775,-0.260717331319,0.0461947444178,0.0162860488947,-0.168082010924,0.0261419413334,0.027521592739,-0.105984632566,-0.0349059861057,-0.5,-0.115122377622,-0.105984632566,-0.5,-0.0402591348046,0.00370577317072,-5,-0.00282326369283,0.0120146520147,0.0434782608696,-0.0434782608696,0,81,0,7,418,0.920454545455,1,0,0.0795454545455,1,0.920454545455,0.958579881657,0.951469451768,0.920454545455,0.920454545455,1,8,0,10,9,10
1463,WLNM_dir_neg_kfold,0.6796875,0.352236305361,00:00:02,10,90,3,21348,threshold_sweep,0.5,1,0.125,0.222222222222,1,0,7,16,0.125,1,0,0.875,1,0.125,0.222222222222,0.708333333333,0.652777777778,0.16,0.29488391231,0.125,94,86,8,0,94,0,86,0,8,23,88,0.173913043478,1.68507579377,7.65217391304,7.33333333333,5.5,3.63829000359,0.475458352741,0.249505928854,5.32278271304,1.39118184545,0.672924901186,3.27042079462,0.854769071322,0.442687747036,0.749191304359,0.444603920564,2.5,1.68507579377,0.749191304359,2.5,0.259446613992,0.18878248974,46,0.025974025974,0.333144633145,23,23,23,1,0,0.478260869565,0.217391304348,0.304347826087,23,0.158102766798,1.57073578595,6.95652173913,7.27272727273,5,3.61157559257,0.519163991432,0.282065217391,4.9714600491,1.42929476412,0.685869565217,3.05806779783,0.879194491876,0.470652173913,0.64406139004,0.410038018997,2,1.57073578595,0.64406139004,2,0.211513486513,0.183870967742,38,0.0214568040655,0.337999778,23,23,23,1,0,0.521739130435,0.173913043478,0.304347826087,23,81,0.160079051383,1.56995341615,7.04347826087,7.36363636364,5.0625,3.68631697041,0.523365989626,0.283413848631,5.06206538172,1.43737658987,0.689210950081,3.1023387837,0.880911012656,0.470209339775,0.643206671793,0.409697934459,2,1.56995341615,0.643206671793,2,0.219187479187,0.192488262911,41,0.0231507622812,0.345159285159,23,23,23,1,0,0.521739130435,0.173913043478,0.304347826087,-7,-0.0138339920949,-0.115122377622,-0.608695652174,0.030303030303,-0.4375,0.0480269668223,0.0479076368845,0.0339079197775,-0.260717331319,0.0461947444178,0.0162860488947,-0.168082010924,0.0261419413334,0.027521592739,-0.105984632566,-0.0349059861057,-0.5,-0.115122377622,-0.105984632566,-0.5,-0.0402591348046,0.00370577317072,-5,-0.00282326369283,0.0120146520147,0.0434782608696,-0.0434782608696,0,81,0,7,418,0.920454545455,1,0,0.0795454545455,1,0.920454545455,0.958579881657,0.951469451768,0.920454545455,0.920454545455,1,8,0,10,9,10
1464,WLNM_dir_neg_kfold,0.6796875,0.352236305361,00:00:02,10,90,3,21348,threshold_sweep,0.6,1,0.125,0.222222222222,1,0,7,16,0.125,1,0,0.875,1,0.125,0.222222222222,0.708333333333,0.652777777778,0.16,0.29488391231,0.125,94,86,8,0,94,0,86,0,8,23,88,0.173913043478,1.68507579377,7.65217391304,7.33333333333,5.5,3.63829000359,0.475458352741,0.249505928854,5.32278271304,1.39118184545,0.672924901186,3.27042079462,0.854769071322,0.442687747036,0.749191304359,0.444603920564,2.5,1.68507579377,0.749191304359,2.5,0.259446613992,0.18878248974,46,0.025974025974,0.333144633145,23,23,23,1,0,0.478260869565,0.217391304348,0.304347826087,23,0.158102766798,1.57073578595,6.95652173913,7.27272727273,5,3.61157559257,0.519163991432,0.282065217391,4.9714600491,1.42929476412,0.685869565217,3.05806779783,0.879194491876,0.470652173913,0.64406139004,0.410038018997,2,1.57073578595,0.64406139004,2,0.211513486513,0.183870967742,38,0.0214568040655,0.337999778,23,23,23,1,0,0.521739130435,0.173913043478,0.304347826087,23,81,0.160079051383,1.56995341615,7.04347826087,7.36363636364,5.0625,3.68631697041,0.523365989626,0.283413848631,5.06206538172,1.43737658987,0.689210950081,3.1023387837,0.880911012656,0.470209339775,0.643206671793,0.409697934459,2,1.56995341615,0.643206671793,2,0.219187479187,0.192488262911,41,0.0231507622812,0.345159285159,23,23,23,1,0,0.521739130435,0.173913043478,0.304347826087,-7,-0.0138339920949,-0.115122377622,-0.608695652174,0.030303030303,-0.4375,0.0480269668223,0.0479076368845,0.0339079197775,-0.260717331319,0.0461947444178,0.0162860488947,-0.168082010924,0.0261419413334,0.027521592739,-0.105984632566,-0.0349059861057,-0.5,-0.115122377622,-0.105984632566,-0.5,-0.0402591348046,0.00370577317072,-5,-0.00282326369283,0.0120146520147,0.0434782608696,-0.0434782608696,0,81,0,7,418,0.920454545455,1,0,0.0795454545455,1,0.920454545455,0.958579881657,0.951469451768,0.920454545455,0.920454545455,1,8,0,10,9,10
1465,WLNM_dir_neg_kfold,0.6796875,0.352236305361,00:00:02,10,90,3,21348,threshold_sweep,0.7,1,0.125,0.222222222222,1,0,7,16,0.125,1,0,0.875,1,0.125,0.222222222222,0.708333333333,0.652777777778,0.16,0.29488391231,0.125,94,86,8,0,94,0,86,0,8,23,88,0.173913043478,1.68507579377,7.65217391304,7.33333333333,5.5,3.63829000359,0.475458352741,0.249505928854,5.32278271304,1.39118184545,0.672924901186,3.27042079462,0.854769071322,0.442687747036,0.749191304359,0.444603920564,2.5,1.68507579377,0.749191304359,2.5,0.259446613992,0.18878248974,46,0.025974025974,0.333144633145,23,23,23,1,0,0.478260869565,0.217391304348,0.304347826087,23,0.158102766798,1.57073578595,6.95652173913,7.27272727273,5,3.61157559257,0.519163991432,0.282065217391,4.9714600491,1.42929476412,0.685869565217,3.05806779783,0.879194491876,0.470652173913,0.64406139004,0.410038018997,2,1.57073578595,0.64406139004,2,0.211513486513,0.183870967742,38,0.0214568040655,0.337999778,23,23,23,1,0,0.521739130435,0.173913043478,0.304347826087,23,81,0.160079051383,1.56995341615,7.04347826087,7.36363636364,5.0625,3.68631697041,0.523365989626,0.283413848631,5.06206538172,1.43737658987,0.689210950081,3.1023387837,0.880911012656,0.470209339775,0.643206671793,0.409697934459,2,1.56995341615,0.643206671793,2,0.219187479187,0.192488262911,41,0.0231507622812,0.345159285159,23,23,23,1,0,0.521739130435,0.173913043478,0.304347826087,-7,-0.0138339920949,-0.115122377622,-0.608695652174,0.030303030303,-0.4375,0.0480269668223,0.0479076368845,0.0339079197775,-0.260717331319,0.0461947444178,0.0162860488947,-0.168082010924,0.0261419413334,0.027521592739,-0.105984632566,-0.0349059861057,-0.5,-0.115122377622,-0.105984632566,-0.5,-0.0402591348046,0.00370577317072,-5,-0.00282326369283,0.0120146520147,0.0434782608696,-0.0434782608696,0,81,0,7,418,0.920454545455,1,0,0.0795454545455,1,0.920454545455,0.958579881657,0.951469451768,0.920454545455,0.920454545455,1,8,0,10,9,10
1466,WLNM_dir_neg_kfold,0.6796875,0.352236305361,00:00:02,10,90,3,21348,threshold_sweep,0.8,1,0.125,0.222222222222,1,0,7,16,0.125,1,0,0.875,1,0.125,0.222222222222,0.708333333333,0.652777777778,0.16,0.29488391231,0.125,94,86,8,0,94,0,86,0,8,23,88,0.173913043478,1.68507579377,7.65217391304,7.33333333333,5.5,3.63829000359,0.475458352741,0.249505928854,5.32278271304,1.39118184545,0.672924901186,3.27042079462,0.854769071322,0.442687747036,0.749191304359,0.444603920564,2.5,1.68507579377,0.749191304359,2.5,0.259446613992,0.18878248974,46,0.025974025974,0.333144633145,23,23,23,1,0,0.478260869565,0.217391304348,0.304347826087,23,0.158102766798,1.57073578595,6.95652173913,7.27272727273,5,3.61157559257,0.519163991432,0.282065217391,4.9714600491,1.42929476412,0.685869565217,3.05806779783,0.879194491876,0.470652173913,0.64406139004,0.410038018997,2,1.57073578595,0.64406139004,2,0.211513486513,0.183870967742,38,0.0214568040655,0.337999778,23,23,23,1,0,0.521739130435,0.173913043478,0.304347826087,23,81,0.160079051383,1.56995341615,7.04347826087,7.36363636364,5.0625,3.68631697041,0.523365989626,0.283413848631,5.06206538172,1.43737658987,0.689210950081,3.1023387837,0.880911012656,0.470209339775,0.643206671793,0.409697934459,2,1.56995341615,0.643206671793,2,0.219187479187,0.192488262911,41,0.0231507622812,0.345159285159,23,23,23,1,0,0.521739130435,0.173913043478,0.304347826087,-7,-0.0138339920949,-0.115122377622,-0.608695652174,0.030303030303,-0.4375,0.0480269668223,0.0479076368845,0.0339079197775,-0.260717331319,0.0461947444178,0.0162860488947,-0.168082010924,0.0261419413334,0.027521592739,-0.105984632566,-0.0349059861057,-0.5,-0.115122377622,-0.105984632566,-0.5,-0.0402591348046,0.00370577317072,-5,-0.00282326369283,0.0120146520147,0.0434782608696,-0.0434782608696,0,81,0,7,418,0.920454545455,1,0,0.0795454545455,1,0.920454545455,0.958579881657,0.951469451768,0.920454545455,0.920454545455,1,8,0,10,9,10
1467,WLNM_dir_neg_kfold,0.6796875,0.352236305361,00:00:02,10,90,3,21348,threshold_sweep,0.9,1,0.125,0.222222222222,1,0,7,16,0.125,1,0,0.875,1,0.125,0.222222222222,0.708333333333,0.652777777778,0.16,0.29488391231,0.125,94,86,8,0,94,0,86,0,8,23,88,0.173913043478,1.68507579377,7.65217391304,7.33333333333,5.5,3.63829000359,0.475458352741,0.249505928854,5.32278271304,1.39118184545,0.672924901186,3.27042079462,0.854769071322,0.442687747036,0.749191304359,0.444603920564,2.5,1.68507579377,0.749191304359,2.5,0.259446613992,0.18878248974,46,0.025974025974,0.333144633145,23,23,23,1,0,0.478260869565,0.217391304348,0.304347826087,23,0.158102766798,1.57073578595,6.95652173913,7.27272727273,5,3.61157559257,0.519163991432,0.282065217391,4.9714600491,1.42929476412,0.685869565217,3.05806779783,0.879194491876,0.470652173913,0.64406139004,0.410038018997,2,1.57073578595,0.64406139004,2,0.211513486513,0.183870967742,38,0.0214568040655,0.337999778,23,23,23,1,0,0.521739130435,0.173913043478,0.304347826087,23,81,0.160079051383,1.56995341615,7.04347826087,7.36363636364,5.0625,3.68631697041,0.523365989626,0.283413848631,5.06206538172,1.43737658987,0.689210950081,3.1023387837,0.880911012656,0.470209339775,0.643206671793,0.409697934459,2,1.56995341615,0.643206671793,2,0.219187479187,0.192488262911,41,0.0231507622812,0.345159285159,23,23,23,1,0,0.521739130435,0.173913043478,0.304347826087,-7,-0.0138339920949,-0.115122377622,-0.608695652174,0.030303030303,-0.4375,0.0480269668223,0.0479076368845,0.0339079197775,-0.260717331319,0.0461947444178,0.0162860488947,-0.168082010924,0.0261419413334,0.027521592739,-0.105984632566,-0.0349059861057,-0.5,-0.115122377622,-0.105984632566,-0.5,-0.0402591348046,0.00370577317072,-5,-0.00282326369283,0.0120146520147,0.0434782608696,-0.0434782608696,0,81,0,7,418,0.920454545455,1,0,0.0795454545455,1,0.920454545455,0.958579881657,0.951469451768,0.920454545455,0.920454545455,1,8,0,10,9,10
1468,WLNM_dir_neg_kfold,0.72265625,0.414212213225,00:00:02,10,90,4,21349,threshold_sweep,0.1,0.666666666667,0.25,0.363636363636,2,1,6,15,0.25,0.9375,0.0625,0.75,0.666666666667,0.25,0.363636363636,0.708333333333,0.625,0.222222222222,0.267261241912,0.1875,94,86,8,0,94,0,86,0,8,23,88,0.173913043478,1.68507579377,7.65217391304,7.33333333333,5.5,3.63829000359,0.475458352741,0.249505928854,5.32278271304,1.39118184545,0.672924901186,3.27042079462,0.854769071322,0.442687747036,0.749191304359,0.444603920564,2.5,1.68507579377,0.749191304359,2.5,0.259446613992,0.18878248974,46,0.025974025974,0.333144633145,23,23,23,1,0,0.478260869565,0.217391304348,0.304347826087,23,0.158102766798,1.57073578595,6.95652173913,7.27272727273,5,3.61157559257,0.519163991432,0.282065217391,4.9714600491,1.42929476412,0.685869565217,3.05806779783,0.879194491876,0.470652173913,0.64406139004,0.410038018997,2,1.57073578595,0.64406139004,2,0.211513486513,0.183870967742,38,0.0214568040655,0.337999778,23,23,23,1,0,0.521739130435,0.173913043478,0.304347826087,23,83,0.164031620553,1,7.21739130435,6.38461538462,5.1875,3.59237224406,0.497738322973,0.26925091671,5.00671485866,1.38740291264,0.671555788371,3.17288412582,0.879232950529,0.465165007858,0,0,0,NaN,NaN,NaN,0.206935921222,0.19040247678,41,0.0231507622812,0.301928555775,23,23,0,1,2,0.434782608696,0.260869565217,0.304347826087,-5,-0.0098814229249,-0.685075793771,-0.434782608696,-0.948717948718,-0.3125,-0.0459177595226,0.0222799702313,0.0197449878566,-0.316067854387,-0.00377893281491,-0.0013691128149,-0.0975366688032,0.0244638792065,0.0224772608219,-0.749191304359,-0.444603920564,-2.5,NaN,NaN,NaN,-0.0525106927704,0.0016199870401,-5,-0.00282326369283,-0.0312160773699,-0.0434782608696,0.0434782608696,0,82,1,6,417,0.931818181818,0.997607655502,0.00239234449761,0.0681818181818,0.987951807229,0.931818181818,0.959064327485,0.951338315457,0.929425837321,0.921348314607,3,8,0,10,9,10
1469,WLNM_dir_neg_kfold,0.72265625,0.414212213225,00:00:02,10,90,4,21349,threshold_sweep,0.2,0.666666666667,0.25,0.363636363636,2,1,6,15,0.25,0.9375,0.0625,0.75,0.666666666667,0.25,0.363636363636,0.708333333333,0.625,0.222222222222,0.267261241912,0.1875,94,86,8,0,94,0,86,0,8,23,88,0.173913043478,1.68507579377,7.65217391304,7.33333333333,5.5,3.63829000359,0.475458352741,0.249505928854,5.32278271304,1.39118184545,0.672924901186,3.27042079462,0.854769071322,0.442687747036,0.749191304359,0.444603920564,2.5,1.68507579377,0.749191304359,2.5,0.259446613992,0.18878248974,46,0.025974025974,0.333144633145,23,23,23,1,0,0.478260869565,0.217391304348,0.304347826087,23,0.158102766798,1.57073578595,6.95652173913,7.27272727273,5,3.61157559257,0.519163991432,0.282065217391,4.9714600491,1.42929476412,0.685869565217,3.05806779783,0.879194491876,0.470652173913,0.64406139004,0.410038018997,2,1.57073578595,0.64406139004,2,0.211513486513,0.183870967742,38,0.0214568040655,0.337999778,23,23,23,1,0,0.521739130435,0.173913043478,0.304347826087,23,83,0.164031620553,1,7.21739130435,6.38461538462,5.1875,3.59237224406,0.497738322973,0.26925091671,5.00671485866,1.38740291264,0.671555788371,3.17288412582,0.879232950529,0.465165007858,0,0,0,NaN,NaN,NaN,0.206935921222,0.19040247678,41,0.0231507622812,0.301928555775,23,23,0,1,2,0.434782608696,0.260869565217,0.304347826087,-5,-0.0098814229249,-0.685075793771,-0.434782608696,-0.948717948718,-0.3125,-0.0459177595226,0.0222799702313,0.0197449878566,-0.316067854387,-0.00377893281491,-0.0013691128149,-0.0975366688032,0.0244638792065,0.0224772608219,-0.749191304359,-0.444603920564,-2.5,NaN,NaN,NaN,-0.0525106927704,0.0016199870401,-5,-0.00282326369283,-0.0312160773699,-0.0434782608696,0.0434782608696,0,82,1,6,417,0.931818181818,0.997607655502,0.00239234449761,0.0681818181818,0.987951807229,0.931818181818,0.959064327485,0.951338315457,0.929425837321,0.921348314607,3,8,0,10,9,10
1470,WLNM_dir_neg_kfold,0.72265625,0.414212213225,00:00:02,10,90,4,21349,threshold_sweep,0.3,0.666666666667,0.25,0.363636363636,2,1,6,15,0.25,0.9375,0.0625,0.75,0.666666666667,0.25,0.363636363636,0.708333333333,0.625,0.222222222222,0.267261241912,0.1875,94,86,8,0,94,0,86,0,8,23,88,0.173913043478,1.68507579377,7.65217391304,7.33333333333,5.5,3.63829000359,0.475458352741,0.249505928854,5.32278271304,1.39118184545,0.672924901186,3.27042079462,0.854769071322,0.442687747036,0.749191304359,0.444603920564,2.5,1.68507579377,0.749191304359,2.5,0.259446613992,0.18878248974,46,0.025974025974,0.333144633145,23,23,23,1,0,0.478260869565,0.217391304348,0.304347826087,23,0.158102766798,1.57073578595,6.95652173913,7.27272727273,5,3.61157559257,0.519163991432,0.282065217391,4.9714600491,1.42929476412,0.685869565217,3.05806779783,0.879194491876,0.470652173913,0.64406139004,0.410038018997,2,1.57073578595,0.64406139004,2,0.211513486513,0.183870967742,38,0.0214568040655,0.337999778,23,23,23,1,0,0.521739130435,0.173913043478,0.304347826087,23,83,0.164031620553,1,7.21739130435,6.38461538462,5.1875,3.59237224406,0.497738322973,0.26925091671,5.00671485866,1.38740291264,0.671555788371,3.17288412582,0.879232950529,0.465165007858,0,0,0,NaN,NaN,NaN,0.206935921222,0.19040247678,41,0.0231507622812,0.301928555775,23,23,0,1,2,0.434782608696,0.260869565217,0.304347826087,-5,-0.0098814229249,-0.685075793771,-0.434782608696,-0.948717948718,-0.3125,-0.0459177595226,0.0222799702313,0.0197449878566,-0.316067854387,-0.00377893281491,-0.0013691128149,-0.0975366688032,0.0244638792065,0.0224772608219,-0.749191304359,-0.444603920564,-2.5,NaN,NaN,NaN,-0.0525106927704,0.0016199870401,-5,-0.00282326369283,-0.0312160773699,-0.0434782608696,0.0434782608696,0,82,1,6,417,0.931818181818,0.997607655502,0.00239234449761,0.0681818181818,0.987951807229,0.931818181818,0.959064327485,0.951338315457,0.929425837321,0.921348314607,3,8,0,10,9,10
1471,WLNM_dir_neg_kfold,0.72265625,0.414212213225,00:00:02,10,90,4,21349,threshold_sweep,0.4,0.666666666667,0.25,0.363636363636,2,1,6,15,0.25,0.9375,0.0625,0.75,0.666666666667,0.25,0.363636363636,0.708333333333,0.625,0.222222222222,0.267261241912,0.1875,94,86,8,0,94,0,86,0,8,23,88,0.173913043478,1.68507579377,7.65217391304,7.33333333333,5.5,3.63829000359,0.475458352741,0.249505928854,5.32278271304,1.39118184545,0.672924901186,3.27042079462,0.854769071322,0.442687747036,0.749191304359,0.444603920564,2.5,1.68507579377,0.749191304359,2.5,0.259446613992,0.18878248974,46,0.025974025974,0.333144633145,23,23,23,1,0,0.478260869565,0.217391304348,0.304347826087,23,0.158102766798,1.57073578595,6.95652173913,7.27272727273,5,3.61157559257,0.519163991432,0.282065217391,4.9714600491,1.42929476412,0.685869565217,3.05806779783,0.879194491876,0.470652173913,0.64406139004,0.410038018997,2,1.57073578595,0.64406139004,2,0.211513486513,0.183870967742,38,0.0214568040655,0.337999778,23,23,23,1,0,0.521739130435,0.173913043478,0.304347826087,23,83,0.164031620553,1,7.21739130435,6.38461538462,5.1875,3.59237224406,0.497738322973,0.26925091671,5.00671485866,1.38740291264,0.671555788371,3.17288412582,0.879232950529,0.465165007858,0,0,0,NaN,NaN,NaN,0.206935921222,0.19040247678,41,0.0231507622812,0.301928555775,23,23,0,1,2,0.434782608696,0.260869565217,0.304347826087,-5,-0.0098814229249,-0.685075793771,-0.434782608696,-0.948717948718,-0.3125,-0.0459177595226,0.0222799702313,0.0197449878566,-0.316067854387,-0.00377893281491,-0.0013691128149,-0.0975366688032,0.0244638792065,0.0224772608219,-0.749191304359,-0.444603920564,-2.5,NaN,NaN,NaN,-0.0525106927704,0.0016199870401,-5,-0.00282326369283,-0.0312160773699,-0.0434782608696,0.0434782608696,0,82,1,6,417,0.931818181818,0.997607655502,0.00239234449761,0.0681818181818,0.987951807229,0.931818181818,0.959064327485,0.951338315457,0.929425837321,0.921348314607,3,8,0,10,9,10
1472,WLNM_dir_neg_kfold,0.72265625,0.414212213225,00:00:02,10,90,4,21349,threshold_sweep,0.5,0.666666666667,0.25,0.363636363636,2,1,6,15,0.25,0.9375,0.0625,0.75,0.666666666667,0.25,0.363636363636,0.708333333333,0.625,0.222222222222,0.267261241912,0.1875,94,86,8,0,94,0,86,0,8,23,88,0.173913043478,1.68507579377,7.65217391304,7.33333333333,5.5,3.63829000359,0.475458352741,0.249505928854,5.32278271304,1.39118184545,0.672924901186,3.27042079462,0.854769071322,0.442687747036,0.749191304359,0.444603920564,2.5,1.68507579377,0.749191304359,2.5,0.259446613992,0.18878248974,46,0.025974025974,0.333144633145,23,23,23,1,0,0.478260869565,0.217391304348,0.304347826087,23,0.158102766798,1.57073578595,6.95652173913,7.27272727273,5,3.61157559257,0.519163991432,0.282065217391,4.9714600491,1.42929476412,0.685869565217,3.05806779783,0.879194491876,0.470652173913,0.64406139004,0.410038018997,2,1.57073578595,0.64406139004,2,0.211513486513,0.183870967742,38,0.0214568040655,0.337999778,23,23,23,1,0,0.521739130435,0.173913043478,0.304347826087,23,83,0.164031620553,1,7.21739130435,6.38461538462,5.1875,3.59237224406,0.497738322973,0.26925091671,5.00671485866,1.38740291264,0.671555788371,3.17288412582,0.879232950529,0.465165007858,0,0,0,NaN,NaN,NaN,0.206935921222,0.19040247678,41,0.0231507622812,0.301928555775,23,23,0,1,2,0.434782608696,0.260869565217,0.304347826087,-5,-0.0098814229249,-0.685075793771,-0.434782608696,-0.948717948718,-0.3125,-0.0459177595226,0.0222799702313,0.0197449878566,-0.316067854387,-0.00377893281491,-0.0013691128149,-0.0975366688032,0.0244638792065,0.0224772608219,-0.749191304359,-0.444603920564,-2.5,NaN,NaN,NaN,-0.0525106927704,0.0016199870401,-5,-0.00282326369283,-0.0312160773699,-0.0434782608696,0.0434782608696,0,82,1,6,417,0.931818181818,0.997607655502,0.00239234449761,0.0681818181818,0.987951807229,0.931818181818,0.959064327485,0.951338315457,0.929425837321,0.921348314607,3,8,0,10,9,10
1473,WLNM_dir_neg_kfold,0.72265625,0.414212213225,00:00:02,10,90,4,21349,threshold_sweep,0.6,0.666666666667,0.25,0.363636363636,2,1,6,15,0.25,0.9375,0.0625,0.75,0.666666666667,0.25,0.363636363636,0.708333333333,0.625,0.222222222222,0.267261241912,0.1875,94,86,8,0,94,0,86,0,8,23,88,0.173913043478,1.68507579377,7.65217391304,7.33333333333,5.5,3.63829000359,0.475458352741,0.249505928854,5.32278271304,1.39118184545,0.672924901186,3.27042079462,0.854769071322,0.442687747036,0.749191304359,0.444603920564,2.5,1.68507579377,0.749191304359,2.5,0.259446613992,0.18878248974,46,0.025974025974,0.333144633145,23,23,23,1,0,0.478260869565,0.217391304348,0.304347826087,23,0.158102766798,1.57073578595,6.95652173913,7.27272727273,5,3.61157559257,0.519163991432,0.282065217391,4.9714600491,1.42929476412,0.685869565217,3.05806779783,0.879194491876,0.470652173913,0.64406139004,0.410038018997,2,1.57073578595,0.64406139004,2,0.211513486513,0.183870967742,38,0.0214568040655,0.337999778,23,23,23,1,0,0.521739130435,0.173913043478,0.304347826087,23,83,0.164031620553,1,7.21739130435,6.38461538462,5.1875,3.59237224406,0.497738322973,0.26925091671,5.00671485866,1.38740291264,0.671555788371,3.17288412582,0.879232950529,0.465165007858,0,0,0,NaN,NaN,NaN,0.206935921222,0.19040247678,41,0.0231507622812,0.301928555775,23,23,0,1,2,0.434782608696,0.260869565217,0.304347826087,-5,-0.0098814229249,-0.685075793771,-0.434782608696,-0.948717948718,-0.3125,-0.0459177595226,0.0222799702313,0.0197449878566,-0.316067854387,-0.00377893281491,-0.0013691128149,-0.0975366688032,0.0244638792065,0.0224772608219,-0.749191304359,-0.444603920564,-2.5,NaN,NaN,NaN,-0.0525106927704,0.0016199870401,-5,-0.00282326369283,-0.0312160773699,-0.0434782608696,0.0434782608696,0,82,1,6,417,0.931818181818,0.997607655502,0.00239234449761,0.0681818181818,0.987951807229,0.931818181818,0.959064327485,0.951338315457,0.929425837321,0.921348314607,3,8,0,10,9,10
1474,WLNM_dir_neg_kfold,0.72265625,0.414212213225,00:00:02,10,90,4,21349,threshold_sweep,0.7,0.5,0.125,0.2,1,1,7,15,0.125,0.9375,0.0625,0.875,0.5,0.125,0.2,0.666666666667,0.638888888889,0.0769230769231,0.106600358178,0.0625,94,86,8,0,94,0,86,0,8,23,88,0.173913043478,1.68507579377,7.65217391304,7.33333333333,5.5,3.63829000359,0.475458352741,0.249505928854,5.32278271304,1.39118184545,0.672924901186,3.27042079462,0.854769071322,0.442687747036,0.749191304359,0.444603920564,2.5,1.68507579377,0.749191304359,2.5,0.259446613992,0.18878248974,46,0.025974025974,0.333144633145,23,23,23,1,0,0.478260869565,0.217391304348,0.304347826087,23,0.158102766798,1.57073578595,6.95652173913,7.27272727273,5,3.61157559257,0.519163991432,0.282065217391,4.9714600491,1.42929476412,0.685869565217,3.05806779783,0.879194491876,0.470652173913,0.64406139004,0.410038018997,2,1.57073578595,0.64406139004,2,0.211513486513,0.183870967742,38,0.0214568040655,0.337999778,23,23,23,1,0,0.521739130435,0.173913043478,0.304347826087,23,82,0.162055335968,1,7.13043478261,6.83333333333,5.125,3.65941311522,0.513210375915,0.275185577943,5.03466246008,1.41216142173,0.680805938494,3.13087392616,0.878171954898,0.466595970308,0,0,0,NaN,NaN,NaN,0.219187479187,0.192488262911,41,0.0231507622812,0.314652939653,23,23,0,1,2,0.478260869565,0.217391304348,0.304347826087,-6,-0.0118577075099,-0.685075793771,-0.521739130435,-0.5,-0.375,0.021123111631,0.0377520231732,0.025679649089,-0.288120252962,0.0209795762757,0.0078810373084,-0.139546868466,0.0234028835759,0.023908223272,-0.749191304359,-0.444603920564,-2.5,NaN,NaN,NaN,-0.0402591348046,0.00370577317072,-5,-0.00282326369283,-0.0184916934917,0,0,0,81,1,7,417,0.920454545455,0.997607655502,0.00239234449761,0.0795454545455,0.987804878049,0.920454545455,0.952941176471,0.944303782253,0.918062200957,0.910112359551,2,8,0,10,9,10
1475,WLNM_dir_neg_kfold,0.72265625,0.414212213225,00:00:02,10,90,4,21349,threshold_sweep,0.8,0.5,0.125,0.2,1,1,7,15,0.125,0.9375,0.0625,0.875,0.5,0.125,0.2,0.666666666667,0.638888888889,0.0769230769231,0.106600358178,0.0625,94,86,8,0,94,0,86,0,8,23,88,0.173913043478,1.68507579377,7.65217391304,7.33333333333,5.5,3.63829000359,0.475458352741,0.249505928854,5.32278271304,1.39118184545,0.672924901186,3.27042079462,0.854769071322,0.442687747036,0.749191304359,0.444603920564,2.5,1.68507579377,0.749191304359,2.5,0.259446613992,0.18878248974,46,0.025974025974,0.333144633145,23,23,23,1,0,0.478260869565,0.217391304348,0.304347826087,23,0.158102766798,1.57073578595,6.95652173913,7.27272727273,5,3.61157559257,0.519163991432,0.282065217391,4.9714600491,1.42929476412,0.685869565217,3.05806779783,0.879194491876,0.470652173913,0.64406139004,0.410038018997,2,1.57073578595,0.64406139004,2,0.211513486513,0.183870967742,38,0.0214568040655,0.337999778,23,23,23,1,0,0.521739130435,0.173913043478,0.304347826087,23,82,0.162055335968,1,7.13043478261,6.83333333333,5.125,3.65941311522,0.513210375915,0.275185577943,5.03466246008,1.41216142173,0.680805938494,3.13087392616,0.878171954898,0.466595970308,0,0,0,NaN,NaN,NaN,0.219187479187,0.192488262911,41,0.0231507622812,0.314652939653,23,23,0,1,2,0.478260869565,0.217391304348,0.304347826087,-6,-0.0118577075099,-0.685075793771,-0.521739130435,-0.5,-0.375,0.021123111631,0.0377520231732,0.025679649089,-0.288120252962,0.0209795762757,0.0078810373084,-0.139546868466,0.0234028835759,0.023908223272,-0.749191304359,-0.444603920564,-2.5,NaN,NaN,NaN,-0.0402591348046,0.00370577317072,-5,-0.00282326369283,-0.0184916934917,0,0,0,81,1,7,417,0.920454545455,0.997607655502,0.00239234449761,0.0795454545455,0.987804878049,0.920454545455,0.952941176471,0.944303782253,0.918062200957,0.910112359551,2,8,0,10,9,10
1476,WLNM_dir_neg_kfold,0.72265625,0.414212213225,00:00:02,10,90,4,21349,threshold_sweep,0.9,0.5,0.125,0.2,1,1,7,15,0.125,0.9375,0.0625,0.875,0.5,0.125,0.2,0.666666666667,0.638888888889,0.0769230769231,0.106600358178,0.0625,94,86,8,0,94,0,86,0,8,23,88,0.173913043478,1.68507579377,7.65217391304,7.33333333333,5.5,3.63829000359,0.475458352741,0.249505928854,5.32278271304,1.39118184545,0.672924901186,3.27042079462,0.854769071322,0.442687747036,0.749191304359,0.444603920564,2.5,1.68507579377,0.749191304359,2.5,0.259446613992,0.18878248974,46,0.025974025974,0.333144633145,23,23,23,1,0,0.478260869565,0.217391304348,0.304347826087,23,0.158102766798,1.57073578595,6.95652173913,7.27272727273,5,3.61157559257,0.519163991432,0.282065217391,4.9714600491,1.42929476412,0.685869565217,3.05806779783,0.879194491876,0.470652173913,0.64406139004,0.410038018997,2,1.57073578595,0.64406139004,2,0.211513486513,0.183870967742,38,0.0214568040655,0.337999778,23,23,23,1,0,0.521739130435,0.173913043478,0.304347826087,23,82,0.162055335968,1,7.13043478261,6.83333333333,5.125,3.65941311522,0.513210375915,0.275185577943,5.03466246008,1.41216142173,0.680805938494,3.13087392616,0.878171954898,0.466595970308,0,0,0,NaN,NaN,NaN,0.219187479187,0.192488262911,41,0.0231507622812,0.314652939653,23,23,0,1,2,0.478260869565,0.217391304348,0.304347826087,-6,-0.0118577075099,-0.685075793771,-0.521739130435,-0.5,-0.375,0.021123111631,0.0377520231732,0.025679649089,-0.288120252962,0.0209795762757,0.0078810373084,-0.139546868466,0.0234028835759,0.023908223272,-0.749191304359,-0.444603920564,-2.5,NaN,NaN,NaN,-0.0402591348046,0.00370577317072,-5,-0.00282326369283,-0.0184916934917,0,0,0,81,1,7,417,0.920454545455,0.997607655502,0.00239234449761,0.0795454545455,0.987804878049,0.920454545455,0.952941176471,0.944303782253,0.918062200957,0.910112359551,2,8,0,10,9,10
1477,WLNM_dir_neg_kfold,0.734375,0.410564888011,00:00:02,10,90,5,21350,threshold_sweep,0.1,1,0.125,0.222222222222,1,0,7,16,0.125,1,0,0.875,1,0.125,0.222222222222,0.708333333333,0.652777777778,0.16,0.29488391231,0.125,94,86,8,0,94,0,86,0,8,23,88,0.173913043478,1.68507579377,7.65217391304,7.33333333333,5.5,3.63829000359,0.475458352741,0.249505928854,5.32278271304,1.39118184545,0.672924901186,3.27042079462,0.854769071322,0.442687747036,0.749191304359,0.444603920564,2.5,1.68507579377,0.749191304359,2.5,0.259446613992,0.18878248974,46,0.025974025974,0.333144633145,23,23,23,1,0,0.478260869565,0.217391304348,0.304347826087,23,0.158102766798,1.57073578595,6.95652173913,7.27272727273,5,3.61157559257,0.519163991432,0.282065217391,4.9714600491,1.42929476412,0.685869565217,3.05806779783,0.879194491876,0.470652173913,0.64406139004,0.410038018997,2,1.57073578595,0.64406139004,2,0.211513486513,0.183870967742,38,0.0214568040655,0.337999778,23,23,23,1,0,0.521739130435,0.173913043478,0.304347826087,23,81,0.160079051383,1.56995341615,7.04347826087,7.36363636364,5.0625,3.68631697041,0.523365989626,0.283413848631,5.06206538172,1.43737658987,0.689210950081,3.1023387837,0.880911012656,0.470209339775,0.643206671793,0.409697934459,2,1.56995341615,0.643206671793,2,0.219187479187,0.192488262911,41,0.0231507622812,0.345159285159,23,23,23,1,0,0.521739130435,0.173913043478,0.304347826087,-7,-0.0138339920949,-0.115122377622,-0.608695652174,0.030303030303,-0.4375,0.0480269668223,0.0479076368845,0.0339079197775,-0.260717331319,0.0461947444178,0.0162860488947,-0.168082010924,0.0261419413334,0.027521592739,-0.105984632566,-0.0349059861057,-0.5,-0.115122377622,-0.105984632566,-0.5,-0.0402591348046,0.00370577317072,-5,-0.00282326369283,0.0120146520147,0.0434782608696,-0.0434782608696,0,81,0,7,418,0.920454545455,1,0,0.0795454545455,1,0.920454545455,0.958579881657,0.951469451768,0.920454545455,0.920454545455,1,8,0,10,9,10
1478,WLNM_dir_neg_kfold,0.734375,0.410564888011,00:00:02,10,90,5,21350,threshold_sweep,0.2,1,0.125,0.222222222222,1,0,7,16,0.125,1,0,0.875,1,0.125,0.222222222222,0.708333333333,0.652777777778,0.16,0.29488391231,0.125,94,86,8,0,94,0,86,0,8,23,88,0.173913043478,1.68507579377,7.65217391304,7.33333333333,5.5,3.63829000359,0.475458352741,0.249505928854,5.32278271304,1.39118184545,0.672924901186,3.27042079462,0.854769071322,0.442687747036,0.749191304359,0.444603920564,2.5,1.68507579377,0.749191304359,2.5,0.259446613992,0.18878248974,46,0.025974025974,0.333144633145,23,23,23,1,0,0.478260869565,0.217391304348,0.304347826087,23,0.158102766798,1.57073578595,6.95652173913,7.27272727273,5,3.61157559257,0.519163991432,0.282065217391,4.9714600491,1.42929476412,0.685869565217,3.05806779783,0.879194491876,0.470652173913,0.64406139004,0.410038018997,2,1.57073578595,0.64406139004,2,0.211513486513,0.183870967742,38,0.0214568040655,0.337999778,23,23,23,1,0,0.521739130435,0.173913043478,0.304347826087,23,81,0.160079051383,1.56995341615,7.04347826087,7.36363636364,5.0625,3.68631697041,0.523365989626,0.283413848631,5.06206538172,1.43737658987,0.689210950081,3.1023387837,0.880911012656,0.470209339775,0.643206671793,0.409697934459,2,1.56995341615,0.643206671793,2,0.219187479187,0.192488262911,41,0.0231507622812,0.345159285159,23,23,23,1,0,0.521739130435,0.173913043478,0.304347826087,-7,-0.0138339920949,-0.115122377622,-0.608695652174,0.030303030303,-0.4375,0.0480269668223,0.0479076368845,0.0339079197775,-0.260717331319,0.0461947444178,0.0162860488947,-0.168082010924,0.0261419413334,0.027521592739,-0.105984632566,-0.0349059861057,-0.5,-0.115122377622,-0.105984632566,-0.5,-0.0402591348046,0.00370577317072,-5,-0.00282326369283,0.0120146520147,0.0434782608696,-0.0434782608696,0,81,0,7,418,0.920454545455,1,0,0.0795454545455,1,0.920454545455,0.958579881657,0.951469451768,0.920454545455,0.920454545455,1,8,0,10,9,10
1479,WLNM_dir_neg_kfold,0.734375,0.410564888011,00:00:02,10,90,5,21350,threshold_sweep,0.3,1,0.125,0.222222222222,1,0,7,16,0.125,1,0,0.875,1,0.125,0.222222222222,0.708333333333,0.652777777778,0.16,0.29488391231,0.125,94,86,8,0,94,0,86,0,8,23,88,0.173913043478,1.68507579377,7.65217391304,7.33333333333,5.5,3.63829000359,0.475458352741,0.249505928854,5.32278271304,1.39118184545,0.672924901186,3.27042079462,0.854769071322,0.442687747036,0.749191304359,0.444603920564,2.5,1.68507579377,0.749191304359,2.5,0.259446613992,0.18878248974,46,0.025974025974,0.333144633145,23,23,23,1,0,0.478260869565,0.217391304348,0.304347826087,23,0.158102766798,1.57073578595,6.95652173913,7.27272727273,5,3.61157559257,0.519163991432,0.282065217391,4.9714600491,1.42929476412,0.685869565217,3.05806779783,0.879194491876,0.470652173913,0.64406139004,0.410038018997,2,1.57073578595,0.64406139004,2,0.211513486513,0.183870967742,38,0.0214568040655,0.337999778,23,23,23,1,0,0.521739130435,0.173913043478,0.304347826087,23,81,0.160079051383,1.56995341615,7.04347826087,7.36363636364,5.0625,3.68631697041,0.523365989626,0.283413848631,5.06206538172,1.43737658987,0.689210950081,3.1023387837,0.880911012656,0.470209339775,0.643206671793,0.409697934459,2,1.56995341615,0.643206671793,2,0.219187479187,0.192488262911,41,0.0231507622812,0.345159285159,23,23,23,1,0,0.521739130435,0.173913043478,0.304347826087,-7,-0.0138339920949,-0.115122377622,-0.608695652174,0.030303030303,-0.4375,0.0480269668223,0.0479076368845,0.0339079197775,-0.260717331319,0.0461947444178,0.0162860488947,-0.168082010924,0.0261419413334,0.027521592739,-0.105984632566,-0.0349059861057,-0.5,-0.115122377622,-0.105984632566,-0.5,-0.0402591348046,0.00370577317072,-5,-0.00282326369283,0.0120146520147,0.0434782608696,-0.0434782608696,0,81,0,7,418,0.920454545455,1,0,0.0795454545455,1,0.920454545455,0.958579881657,0.951469451768,0.920454545455,0.920454545455,1,8,0,10,9,10
1480,WLNM_dir_neg_kfold,0.734375,0.410564888011,00:00:02,10,90,5,21350,threshold_sweep,0.4,1,0.125,0.222222222222,1,0,7,16,0.125,1,0,0.875,1,0.125,0.222222222222,0.708333333333,0.652777777778,0.16,0.29488391231,0.125,94,86,8,0,94,0,86,0,8,23,88,0.173913043478,1.68507579377,7.65217391304,7.33333333333,5.5,3.63829000359,0.475458352741,0.249505928854,5.32278271304,1.39118184545,0.672924901186,3.27042079462,0.854769071322,0.442687747036,0.749191304359,0.444603920564,2.5,1.68507579377,0.749191304359,2.5,0.259446613992,0.18878248974,46,0.025974025974,0.333144633145,23,23,23,1,0,0.478260869565,0.217391304348,0.304347826087,23,0.158102766798,1.57073578595,6.95652173913,7.27272727273,5,3.61157559257,0.519163991432,0.282065217391,4.9714600491,1.42929476412,0.685869565217,3.05806779783,0.879194491876,0.470652173913,0.64406139004,0.410038018997,2,1.57073578595,0.64406139004,2,0.211513486513,0.183870967742,38,0.0214568040655,0.337999778,23,23,23,1,0,0.521739130435,0.173913043478,0.304347826087,23,81,0.160079051383,1.56995341615,7.04347826087,7.36363636364,5.0625,3.68631697041,0.523365989626,0.283413848631,5.06206538172,1.43737658987,0.689210950081,3.1023387837,0.880911012656,0.470209339775,0.643206671793,0.409697934459,2,1.56995341615,0.643206671793,2,0.219187479187,0.192488262911,41,0.0231507622812,0.345159285159,23,23,23,1,0,0.521739130435,0.173913043478,0.304347826087,-7,-0.0138339920949,-0.115122377622,-0.608695652174,0.030303030303,-0.4375,0.0480269668223,0.0479076368845,0.0339079197775,-0.260717331319,0.0461947444178,0.0162860488947,-0.168082010924,0.0261419413334,0.027521592739,-0.105984632566,-0.0349059861057,-0.5,-0.115122377622,-0.105984632566,-0.5,-0.0402591348046,0.00370577317072,-5,-0.00282326369283,0.0120146520147,0.0434782608696,-0.0434782608696,0,81,0,7,418,0.920454545455,1,0,0.0795454545455,1,0.920454545455,0.958579881657,0.951469451768,0.920454545455,0.920454545455,1,8,0,10,9,10
1481,WLNM_dir_neg_kfold,0.734375,0.410564888011,00:00:02,10,90,5,21350,threshold_sweep,0.5,1,0.125,0.222222222222,1,0,7,16,0.125,1,0,0.875,1,0.125,0.222222222222,0.708333333333,0.652777777778,0.16,0.29488391231,0.125,94,86,8,0,94,0,86,0,8,23,88,0.173913043478,1.68507579377,7.65217391304,7.33333333333,5.5,3.63829000359,0.475458352741,0.249505928854,5.32278271304,1.39118184545,0.672924901186,3.27042079462,0.854769071322,0.442687747036,0.749191304359,0.444603920564,2.5,1.68507579377,0.749191304359,2.5,0.259446613992,0.18878248974,46,0.025974025974,0.333144633145,23,23,23,1,0,0.478260869565,0.217391304348,0.304347826087,23,0.158102766798,1.57073578595,6.95652173913,7.27272727273,5,3.61157559257,0.519163991432,0.282065217391,4.9714600491,1.42929476412,0.685869565217,3.05806779783,0.879194491876,0.470652173913,0.64406139004,0.410038018997,2,1.57073578595,0.64406139004,2,0.211513486513,0.183870967742,38,0.0214568040655,0.337999778,23,23,23,1,0,0.521739130435,0.173913043478,0.304347826087,23,81,0.160079051383,1.56995341615,7.04347826087,7.36363636364,5.0625,3.68631697041,0.523365989626,0.283413848631,5.06206538172,1.43737658987,0.689210950081,3.1023387837,0.880911012656,0.470209339775,0.643206671793,0.409697934459,2,1.56995341615,0.643206671793,2,0.219187479187,0.192488262911,41,0.0231507622812,0.345159285159,23,23,23,1,0,0.521739130435,0.173913043478,0.304347826087,-7,-0.0138339920949,-0.115122377622,-0.608695652174,0.030303030303,-0.4375,0.0480269668223,0.0479076368845,0.0339079197775,-0.260717331319,0.0461947444178,0.0162860488947,-0.168082010924,0.0261419413334,0.027521592739,-0.105984632566,-0.0349059861057,-0.5,-0.115122377622,-0.105984632566,-0.5,-0.0402591348046,0.00370577317072,-5,-0.00282326369283,0.0120146520147,0.0434782608696,-0.0434782608696,0,81,0,7,418,0.920454545455,1,0,0.0795454545455,1,0.920454545455,0.958579881657,0.951469451768,0.920454545455,0.920454545455,1,8,0,10,9,10
1482,WLNM_dir_neg_kfold,0.734375,0.410564888011,00:00:02,10,90,5,21350,threshold_sweep,0.6,1,0.125,0.222222222222,1,0,7,16,0.125,1,0,0.875,1,0.125,0.222222222222,0.708333333333,0.652777777778,0.16,0.29488391231,0.125,94,86,8,0,94,0,86,0,8,23,88,0.173913043478,1.68507579377,7.65217391304,7.33333333333,5.5,3.63829000359,0.475458352741,0.249505928854,5.32278271304,1.39118184545,0.672924901186,3.27042079462,0.854769071322,0.442687747036,0.749191304359,0.444603920564,2.5,1.68507579377,0.749191304359,2.5,0.259446613992,0.18878248974,46,0.025974025974,0.333144633145,23,23,23,1,0,0.478260869565,0.217391304348,0.304347826087,23,0.158102766798,1.57073578595,6.95652173913,7.27272727273,5,3.61157559257,0.519163991432,0.282065217391,4.9714600491,1.42929476412,0.685869565217,3.05806779783,0.879194491876,0.470652173913,0.64406139004,0.410038018997,2,1.57073578595,0.64406139004,2,0.211513486513,0.183870967742,38,0.0214568040655,0.337999778,23,23,23,1,0,0.521739130435,0.173913043478,0.304347826087,23,81,0.160079051383,1.56995341615,7.04347826087,7.36363636364,5.0625,3.68631697041,0.523365989626,0.283413848631,5.06206538172,1.43737658987,0.689210950081,3.1023387837,0.880911012656,0.470209339775,0.643206671793,0.409697934459,2,1.56995341615,0.643206671793,2,0.219187479187,0.192488262911,41,0.0231507622812,0.345159285159,23,23,23,1,0,0.521739130435,0.173913043478,0.304347826087,-7,-0.0138339920949,-0.115122377622,-0.608695652174,0.030303030303,-0.4375,0.0480269668223,0.0479076368845,0.0339079197775,-0.260717331319,0.0461947444178,0.0162860488947,-0.168082010924,0.0261419413334,0.027521592739,-0.105984632566,-0.0349059861057,-0.5,-0.115122377622,-0.105984632566,-0.5,-0.0402591348046,0.00370577317072,-5,-0.00282326369283,0.0120146520147,0.0434782608696,-0.0434782608696,0,81,0,7,418,0.920454545455,1,0,0.0795454545455,1,0.920454545455,0.958579881657,0.951469451768,0.920454545455,0.920454545455,1,8,0,10,9,10
1483,WLNM_dir_neg_kfold,0.734375,0.410564888011,00:00:02,10,90,5,21350,threshold_sweep,0.7,1,0.125,0.222222222222,1,0,7,16,0.125,1,0,0.875,1,0.125,0.222222222222,0.708333333333,0.652777777778,0.16,0.29488391231,0.125,94,86,8,0,94,0,86,0,8,23,88,0.173913043478,1.68507579377,7.65217391304,7.33333333333,5.5,3.63829000359,0.475458352741,0.249505928854,5.32278271304,1.39118184545,0.672924901186,3.27042079462,0.854769071322,0.442687747036,0.749191304359,0.444603920564,2.5,1.68507579377,0.749191304359,2.5,0.259446613992,0.18878248974,46,0.025974025974,0.333144633145,23,23,23,1,0,0.478260869565,0.217391304348,0.304347826087,23,0.158102766798,1.57073578595,6.95652173913,7.27272727273,5,3.61157559257,0.519163991432,0.282065217391,4.9714600491,1.42929476412,0.685869565217,3.05806779783,0.879194491876,0.470652173913,0.64406139004,0.410038018997,2,1.57073578595,0.64406139004,2,0.211513486513,0.183870967742,38,0.0214568040655,0.337999778,23,23,23,1,0,0.521739130435,0.173913043478,0.304347826087,23,81,0.160079051383,1.56995341615,7.04347826087,7.36363636364,5.0625,3.68631697041,0.523365989626,0.283413848631,5.06206538172,1.43737658987,0.689210950081,3.1023387837,0.880911012656,0.470209339775,0.643206671793,0.409697934459,2,1.56995341615,0.643206671793,2,0.219187479187,0.192488262911,41,0.0231507622812,0.345159285159,23,23,23,1,0,0.521739130435,0.173913043478,0.304347826087,-7,-0.0138339920949,-0.115122377622,-0.608695652174,0.030303030303,-0.4375,0.0480269668223,0.0479076368845,0.0339079197775,-0.260717331319,0.0461947444178,0.0162860488947,-0.168082010924,0.0261419413334,0.027521592739,-0.105984632566,-0.0349059861057,-0.5,-0.115122377622,-0.105984632566,-0.5,-0.0402591348046,0.00370577317072,-5,-0.00282326369283,0.0120146520147,0.0434782608696,-0.0434782608696,0,81,0,7,418,0.920454545455,1,0,0.0795454545455,1,0.920454545455,0.958579881657,0.951469451768,0.920454545455,0.920454545455,1,8,0,10,9,10
1484,WLNM_dir_neg_kfold,0.734375,0.410564888011,00:00:02,10,90,5,21350,threshold_sweep,0.8,1,0.125,0.222222222222,1,0,7,16,0.125,1,0,0.875,1,0.125,0.222222222222,0.708333333333,0.652777777778,0.16,0.29488391231,0.125,94,86,8,0,94,0,86,0,8,23,88,0.173913043478,1.68507579377,7.65217391304,7.33333333333,5.5,3.63829000359,0.475458352741,0.249505928854,5.32278271304,1.39118184545,0.672924901186,3.27042079462,0.854769071322,0.442687747036,0.749191304359,0.444603920564,2.5,1.68507579377,0.749191304359,2.5,0.259446613992,0.18878248974,46,0.025974025974,0.333144633145,23,23,23,1,0,0.478260869565,0.217391304348,0.304347826087,23,0.158102766798,1.57073578595,6.95652173913,7.27272727273,5,3.61157559257,0.519163991432,0.282065217391,4.9714600491,1.42929476412,0.685869565217,3.05806779783,0.879194491876,0.470652173913,0.64406139004,0.410038018997,2,1.57073578595,0.64406139004,2,0.211513486513,0.183870967742,38,0.0214568040655,0.337999778,23,23,23,1,0,0.521739130435,0.173913043478,0.304347826087,23,81,0.160079051383,1.56995341615,7.04347826087,7.36363636364,5.0625,3.68631697041,0.523365989626,0.283413848631,5.06206538172,1.43737658987,0.689210950081,3.1023387837,0.880911012656,0.470209339775,0.643206671793,0.409697934459,2,1.56995341615,0.643206671793,2,0.219187479187,0.192488262911,41,0.0231507622812,0.345159285159,23,23,23,1,0,0.521739130435,0.173913043478,0.304347826087,-7,-0.0138339920949,-0.115122377622,-0.608695652174,0.030303030303,-0.4375,0.0480269668223,0.0479076368845,0.0339079197775,-0.260717331319,0.0461947444178,0.0162860488947,-0.168082010924,0.0261419413334,0.027521592739,-0.105984632566,-0.0349059861057,-0.5,-0.115122377622,-0.105984632566,-0.5,-0.0402591348046,0.00370577317072,-5,-0.00282326369283,0.0120146520147,0.0434782608696,-0.0434782608696,0,81,0,7,418,0.920454545455,1,0,0.0795454545455,1,0.920454545455,0.958579881657,0.951469451768,0.920454545455,0.920454545455,1,8,0,10,9,10
1485,WLNM_dir_neg_kfold,0.734375,0.410564888011,00:00:02,10,90,5,21350,threshold_sweep,0.9,1,0.125,0.222222222222,1,0,7,16,0.125,1,0,0.875,1,0.125,0.222222222222,0.708333333333,0.652777777778,0.16,0.29488391231,0.125,94,86,8,0,94,0,86,0,8,23,88,0.173913043478,1.68507579377,7.65217391304,7.33333333333,5.5,3.63829000359,0.475458352741,0.249505928854,5.32278271304,1.39118184545,0.672924901186,3.27042079462,0.854769071322,0.442687747036,0.749191304359,0.444603920564,2.5,1.68507579377,0.749191304359,2.5,0.259446613992,0.18878248974,46,0.025974025974,0.333144633145,23,23,23,1,0,0.478260869565,0.217391304348,0.304347826087,23,0.158102766798,1.57073578595,6.95652173913,7.27272727273,5,3.61157559257,0.519163991432,0.282065217391,4.9714600491,1.42929476412,0.685869565217,3.05806779783,0.879194491876,0.470652173913,0.64406139004,0.410038018997,2,1.57073578595,0.64406139004,2,0.211513486513,0.183870967742,38,0.0214568040655,0.337999778,23,23,23,1,0,0.521739130435,0.173913043478,0.304347826087,23,81,0.160079051383,1.56995341615,7.04347826087,7.36363636364,5.0625,3.68631697041,0.523365989626,0.283413848631,5.06206538172,1.43737658987,0.689210950081,3.1023387837,0.880911012656,0.470209339775,0.643206671793,0.409697934459,2,1.56995341615,0.643206671793,2,0.219187479187,0.192488262911,41,0.0231507622812,0.345159285159,23,23,23,1,0,0.521739130435,0.173913043478,0.304347826087,-7,-0.0138339920949,-0.115122377622,-0.608695652174,0.030303030303,-0.4375,0.0480269668223,0.0479076368845,0.0339079197775,-0.260717331319,0.0461947444178,0.0162860488947,-0.168082010924,0.0261419413334,0.027521592739,-0.105984632566,-0.0349059861057,-0.5,-0.115122377622,-0.105984632566,-0.5,-0.0402591348046,0.00370577317072,-5,-0.00282326369283,0.0120146520147,0.0434782608696,-0.0434782608696,0,81,0,7,418,0.920454545455,1,0,0.0795454545455,1,0.920454545455,0.958579881657,0.951469451768,0.920454545455,0.920454545455,1,8,0,10,9,10
1486,WLNM_dir_neg_kfold,0.84375,0.577818627451,00:00:02,10,90,6,21351,threshold_sweep,0.1,1,0.25,0.4,2,0,6,16,0.25,1,0,0.75,1,0.25,0.4,0.75,0.638888888889,0.307692307692,0.426401432711,0.25,94,86,8,0,94,0,86,0,8,23,88,0.173913043478,1.68507579377,7.65217391304,7.33333333333,5.5,3.63829000359,0.475458352741,0.249505928854,5.32278271304,1.39118184545,0.672924901186,3.27042079462,0.854769071322,0.442687747036,0.749191304359,0.444603920564,2.5,1.68507579377,0.749191304359,2.5,0.259446613992,0.18878248974,46,0.025974025974,0.333144633145,23,23,23,1,0,0.478260869565,0.217391304348,0.304347826087,23,0.158102766798,1.57073578595,6.95652173913,7.27272727273,5,3.61157559257,0.519163991432,0.282065217391,4.9714600491,1.42929476412,0.685869565217,3.05806779783,0.879194491876,0.470652173913,0.64406139004,0.410038018997,2,1.57073578595,0.64406139004,2,0.211513486513,0.183870967742,38,0.0214568040655,0.337999778,23,23,23,1,0,0.521739130435,0.173913043478,0.304347826087,23,82,0.162055335968,1.66481507623,7.13043478261,6.83333333333,5.125,3.6093860952,0.506194391399,0.273594909862,5.03466246008,1.41216142173,0.680805938494,3.13087392616,0.878171954898,0.466595970308,0.700791110295,0.420942313835,2,1.66481507623,0.700791110295,2,0.206935921222,0.19040247678,41,0.0231507622812,0.314652939653,23,23,23,1,0,0.478260869565,0.217391304348,0.304347826087,-6,-0.0118577075099,-0.0202607175433,-0.521739130435,-0.5,-0.375,-0.0289039083911,0.0307360386579,0.0240889810084,-0.288120252962,0.0209795762757,0.0078810373084,-0.139546868466,0.0234028835759,0.023908223272,-0.0484001940635,-0.023661606729,-0.5,-0.0202607175433,-0.0484001940635,-0.5,-0.0525106927704,0.0016199870401,-5,-0.00282326369283,-0.0184916934917,0,0,0,82,0,6,418,0.931818181818,1,0,0.0681818181818,1,0.931818181818,0.964705882353,0.958452959446,0.931818181818,0.931818181818,2,8,0,10,9,10
1487,WLNM_dir_neg_kfold,0.84375,0.577818627451,00:00:02,10,90,6,21351,threshold_sweep,0.2,1,0.25,0.4,2,0,6,16,0.25,1,0,0.75,1,0.25,0.4,0.75,0.638888888889,0.307692307692,0.426401432711,0.25,94,86,8,0,94,0,86,0,8,23,88,0.173913043478,1.68507579377,7.65217391304,7.33333333333,5.5,3.63829000359,0.475458352741,0.249505928854,5.32278271304,1.39118184545,0.672924901186,3.27042079462,0.854769071322,0.442687747036,0.749191304359,0.444603920564,2.5,1.68507579377,0.749191304359,2.5,0.259446613992,0.18878248974,46,0.025974025974,0.333144633145,23,23,23,1,0,0.478260869565,0.217391304348,0.304347826087,23,0.158102766798,1.57073578595,6.95652173913,7.27272727273,5,3.61157559257,0.519163991432,0.282065217391,4.9714600491,1.42929476412,0.685869565217,3.05806779783,0.879194491876,0.470652173913,0.64406139004,0.410038018997,2,1.57073578595,0.64406139004,2,0.211513486513,0.183870967742,38,0.0214568040655,0.337999778,23,23,23,1,0,0.521739130435,0.173913043478,0.304347826087,23,82,0.162055335968,1.66481507623,7.13043478261,6.83333333333,5.125,3.6093860952,0.506194391399,0.273594909862,5.03466246008,1.41216142173,0.680805938494,3.13087392616,0.878171954898,0.466595970308,0.700791110295,0.420942313835,2,1.66481507623,0.700791110295,2,0.206935921222,0.19040247678,41,0.0231507622812,0.314652939653,23,23,23,1,0,0.478260869565,0.217391304348,0.304347826087,-6,-0.0118577075099,-0.0202607175433,-0.521739130435,-0.5,-0.375,-0.0289039083911,0.0307360386579,0.0240889810084,-0.288120252962,0.0209795762757,0.0078810373084,-0.139546868466,0.0234028835759,0.023908223272,-0.0484001940635,-0.023661606729,-0.5,-0.0202607175433,-0.0484001940635,-0.5,-0.0525106927704,0.0016199870401,-5,-0.00282326369283,-0.0184916934917,0,0,0,82,0,6,418,0.931818181818,1,0,0.0681818181818,1,0.931818181818,0.964705882353,0.958452959446,0.931818181818,0.931818181818,2,8,0,10,9,10
1488,WLNM_dir_neg_kfold,0.84375,0.577818627451,00:00:02,10,90,6,21351,threshold_sweep,0.3,1,0.25,0.4,2,0,6,16,0.25,1,0,0.75,1,0.25,0.4,0.75,0.638888888889,0.307692307692,0.426401432711,0.25,94,86,8,0,94,0,86,0,8,23,88,0.173913043478,1.68507579377,7.65217391304,7.33333333333,5.5,3.63829000359,0.475458352741,0.249505928854,5.32278271304,1.39118184545,0.672924901186,3.27042079462,0.854769071322,0.442687747036,0.749191304359,0.444603920564,2.5,1.68507579377,0.749191304359,2.5,0.259446613992,0.18878248974,46,0.025974025974,0.333144633145,23,23,23,1,0,0.478260869565,0.217391304348,0.304347826087,23,0.158102766798,1.57073578595,6.95652173913,7.27272727273,5,3.61157559257,0.519163991432,0.282065217391,4.9714600491,1.42929476412,0.685869565217,3.05806779783,0.879194491876,0.470652173913,0.64406139004,0.410038018997,2,1.57073578595,0.64406139004,2,0.211513486513,0.183870967742,38,0.0214568040655,0.337999778,23,23,23,1,0,0.521739130435,0.173913043478,0.304347826087,23,82,0.162055335968,1.66481507623,7.13043478261,6.83333333333,5.125,3.6093860952,0.506194391399,0.273594909862,5.03466246008,1.41216142173,0.680805938494,3.13087392616,0.878171954898,0.466595970308,0.700791110295,0.420942313835,2,1.66481507623,0.700791110295,2,0.206935921222,0.19040247678,41,0.0231507622812,0.314652939653,23,23,23,1,0,0.478260869565,0.217391304348,0.304347826087,-6,-0.0118577075099,-0.0202607175433,-0.521739130435,-0.5,-0.375,-0.0289039083911,0.0307360386579,0.0240889810084,-0.288120252962,0.0209795762757,0.0078810373084,-0.139546868466,0.0234028835759,0.023908223272,-0.0484001940635,-0.023661606729,-0.5,-0.0202607175433,-0.0484001940635,-0.5,-0.0525106927704,0.0016199870401,-5,-0.00282326369283,-0.0184916934917,0,0,0,82,0,6,418,0.931818181818,1,0,0.0681818181818,1,0.931818181818,0.964705882353,0.958452959446,0.931818181818,0.931818181818,2,8,0,10,9,10
1489,WLNM_dir_neg_kfold,0.84375,0.577818627451,00:00:02,10,90,6,21351,threshold_sweep,0.4,1,0.25,0.4,2,0,6,16,0.25,1,0,0.75,1,0.25,0.4,0.75,0.638888888889,0.307692307692,0.426401432711,0.25,94,86,8,0,94,0,86,0,8,23,88,0.173913043478,1.68507579377,7.65217391304,7.33333333333,5.5,3.63829000359,0.475458352741,0.249505928854,5.32278271304,1.39118184545,0.672924901186,3.27042079462,0.854769071322,0.442687747036,0.749191304359,0.444603920564,2.5,1.68507579377,0.749191304359,2.5,0.259446613992,0.18878248974,46,0.025974025974,0.333144633145,23,23,23,1,0,0.478260869565,0.217391304348,0.304347826087,23,0.158102766798,1.57073578595,6.95652173913,7.27272727273,5,3.61157559257,0.519163991432,0.282065217391,4.9714600491,1.42929476412,0.685869565217,3.05806779783,0.879194491876,0.470652173913,0.64406139004,0.410038018997,2,1.57073578595,0.64406139004,2,0.211513486513,0.183870967742,38,0.0214568040655,0.337999778,23,23,23,1,0,0.521739130435,0.173913043478,0.304347826087,23,82,0.162055335968,1.66481507623,7.13043478261,6.83333333333,5.125,3.6093860952,0.506194391399,0.273594909862,5.03466246008,1.41216142173,0.680805938494,3.13087392616,0.878171954898,0.466595970308,0.700791110295,0.420942313835,2,1.66481507623,0.700791110295,2,0.206935921222,0.19040247678,41,0.0231507622812,0.314652939653,23,23,23,1,0,0.478260869565,0.217391304348,0.304347826087,-6,-0.0118577075099,-0.0202607175433,-0.521739130435,-0.5,-0.375,-0.0289039083911,0.0307360386579,0.0240889810084,-0.288120252962,0.0209795762757,0.0078810373084,-0.139546868466,0.0234028835759,0.023908223272,-0.0484001940635,-0.023661606729,-0.5,-0.0202607175433,-0.0484001940635,-0.5,-0.0525106927704,0.0016199870401,-5,-0.00282326369283,-0.0184916934917,0,0,0,82,0,6,418,0.931818181818,1,0,0.0681818181818,1,0.931818181818,0.964705882353,0.958452959446,0.931818181818,0.931818181818,2,8,0,10,9,10
1490,WLNM_dir_neg_kfold,0.84375,0.577818627451,00:00:02,10,90,6,21351,threshold_sweep,0.5,1,0.25,0.4,2,0,6,16,0.25,1,0,0.75,1,0.25,0.4,0.75,0.638888888889,0.307692307692,0.426401432711,0.25,94,86,8,0,94,0,86,0,8,23,88,0.173913043478,1.68507579377,7.65217391304,7.33333333333,5.5,3.63829000359,0.475458352741,0.249505928854,5.32278271304,1.39118184545,0.672924901186,3.27042079462,0.854769071322,0.442687747036,0.749191304359,0.444603920564,2.5,1.68507579377,0.749191304359,2.5,0.259446613992,0.18878248974,46,0.025974025974,0.333144633145,23,23,23,1,0,0.478260869565,0.217391304348,0.304347826087,23,0.158102766798,1.57073578595,6.95652173913,7.27272727273,5,3.61157559257,0.519163991432,0.282065217391,4.9714600491,1.42929476412,0.685869565217,3.05806779783,0.879194491876,0.470652173913,0.64406139004,0.410038018997,2,1.57073578595,0.64406139004,2,0.211513486513,0.183870967742,38,0.0214568040655,0.337999778,23,23,23,1,0,0.521739130435,0.173913043478,0.304347826087,23,82,0.162055335968,1.66481507623,7.13043478261,6.83333333333,5.125,3.6093860952,0.506194391399,0.273594909862,5.03466246008,1.41216142173,0.680805938494,3.13087392616,0.878171954898,0.466595970308,0.700791110295,0.420942313835,2,1.66481507623,0.700791110295,2,0.206935921222,0.19040247678,41,0.0231507622812,0.314652939653,23,23,23,1,0,0.478260869565,0.217391304348,0.304347826087,-6,-0.0118577075099,-0.0202607175433,-0.521739130435,-0.5,-0.375,-0.0289039083911,0.0307360386579,0.0240889810084,-0.288120252962,0.0209795762757,0.0078810373084,-0.139546868466,0.0234028835759,0.023908223272,-0.0484001940635,-0.023661606729,-0.5,-0.0202607175433,-0.0484001940635,-0.5,-0.0525106927704,0.0016199870401,-5,-0.00282326369283,-0.0184916934917,0,0,0,82,0,6,418,0.931818181818,1,0,0.0681818181818,1,0.931818181818,0.964705882353,0.958452959446,0.931818181818,0.931818181818,2,8,0,10,9,10
1491,WLNM_dir_neg_kfold,0.84375,0.577818627451,00:00:02,10,90,6,21351,threshold_sweep,0.6,1,0.125,0.222222222222,1,0,7,16,0.125,1,0,0.875,1,0.125,0.222222222222,0.708333333333,0.652777777778,0.16,0.29488391231,0.125,94,86,8,0,94,0,86,0,8,23,88,0.173913043478,1.68507579377,7.65217391304,7.33333333333,5.5,3.63829000359,0.475458352741,0.249505928854,5.32278271304,1.39118184545,0.672924901186,3.27042079462,0.854769071322,0.442687747036,0.749191304359,0.444603920564,2.5,1.68507579377,0.749191304359,2.5,0.259446613992,0.18878248974,46,0.025974025974,0.333144633145,23,23,23,1,0,0.478260869565,0.217391304348,0.304347826087,23,0.158102766798,1.57073578595,6.95652173913,7.27272727273,5,3.61157559257,0.519163991432,0.282065217391,4.9714600491,1.42929476412,0.685869565217,3.05806779783,0.879194491876,0.470652173913,0.64406139004,0.410038018997,2,1.57073578595,0.64406139004,2,0.211513486513,0.183870967742,38,0.0214568040655,0.337999778,23,23,23,1,0,0.521739130435,0.173913043478,0.304347826087,23,81,0.160079051383,1.56995341615,7.04347826087,7.36363636364,5.0625,3.68631697041,0.523365989626,0.283413848631,5.06206538172,1.43737658987,0.689210950081,3.1023387837,0.880911012656,0.470209339775,0.643206671793,0.409697934459,2,1.56995341615,0.643206671793,2,0.219187479187,0.192488262911,41,0.0231507622812,0.345159285159,23,23,23,1,0,0.521739130435,0.173913043478,0.304347826087,-7,-0.0138339920949,-0.115122377622,-0.608695652174,0.030303030303,-0.4375,0.0480269668223,0.0479076368845,0.0339079197775,-0.260717331319,0.0461947444178,0.0162860488947,-0.168082010924,0.0261419413334,0.027521592739,-0.105984632566,-0.0349059861057,-0.5,-0.115122377622,-0.105984632566,-0.5,-0.0402591348046,0.00370577317072,-5,-0.00282326369283,0.0120146520147,0.0434782608696,-0.0434782608696,0,81,0,7,418,0.920454545455,1,0,0.0795454545455,1,0.920454545455,0.958579881657,0.951469451768,0.920454545455,0.920454545455,1,8,0,10,9,10
1492,WLNM_dir_neg_kfold,0.84375,0.577818627451,00:00:02,10,90,6,21351,threshold_sweep,0.7,1,0.125,0.222222222222,1,0,7,16,0.125,1,0,0.875,1,0.125,0.222222222222,0.708333333333,0.652777777778,0.16,0.29488391231,0.125,94,86,8,0,94,0,86,0,8,23,88,0.173913043478,1.68507579377,7.65217391304,7.33333333333,5.5,3.63829000359,0.475458352741,0.249505928854,5.32278271304,1.39118184545,0.672924901186,3.27042079462,0.854769071322,0.442687747036,0.749191304359,0.444603920564,2.5,1.68507579377,0.749191304359,2.5,0.259446613992,0.18878248974,46,0.025974025974,0.333144633145,23,23,23,1,0,0.478260869565,0.217391304348,0.304347826087,23,0.158102766798,1.57073578595,6.95652173913,7.27272727273,5,3.61157559257,0.519163991432,0.282065217391,4.9714600491,1.42929476412,0.685869565217,3.05806779783,0.879194491876,0.470652173913,0.64406139004,0.410038018997,2,1.57073578595,0.64406139004,2,0.211513486513,0.183870967742,38,0.0214568040655,0.337999778,23,23,23,1,0,0.521739130435,0.173913043478,0.304347826087,23,81,0.160079051383,1.56995341615,7.04347826087,7.36363636364,5.0625,3.68631697041,0.523365989626,0.283413848631,5.06206538172,1.43737658987,0.689210950081,3.1023387837,0.880911012656,0.470209339775,0.643206671793,0.409697934459,2,1.56995341615,0.643206671793,2,0.219187479187,0.192488262911,41,0.0231507622812,0.345159285159,23,23,23,1,0,0.521739130435,0.173913043478,0.304347826087,-7,-0.0138339920949,-0.115122377622,-0.608695652174,0.030303030303,-0.4375,0.0480269668223,0.0479076368845,0.0339079197775,-0.260717331319,0.0461947444178,0.0162860488947,-0.168082010924,0.0261419413334,0.027521592739,-0.105984632566,-0.0349059861057,-0.5,-0.115122377622,-0.105984632566,-0.5,-0.0402591348046,0.00370577317072,-5,-0.00282326369283,0.0120146520147,0.0434782608696,-0.0434782608696,0,81,0,7,418,0.920454545455,1,0,0.0795454545455,1,0.920454545455,0.958579881657,0.951469451768,0.920454545455,0.920454545455,1,8,0,10,9,10
1493,WLNM_dir_neg_kfold,0.84375,0.577818627451,00:00:02,10,90,6,21351,threshold_sweep,0.8,1,0.125,0.222222222222,1,0,7,16,0.125,1,0,0.875,1,0.125,0.222222222222,0.708333333333,0.652777777778,0.16,0.29488391231,0.125,94,86,8,0,94,0,86,0,8,23,88,0.173913043478,1.68507579377,7.65217391304,7.33333333333,5.5,3.63829000359,0.475458352741,0.249505928854,5.32278271304,1.39118184545,0.672924901186,3.27042079462,0.854769071322,0.442687747036,0.749191304359,0.444603920564,2.5,1.68507579377,0.749191304359,2.5,0.259446613992,0.18878248974,46,0.025974025974,0.333144633145,23,23,23,1,0,0.478260869565,0.217391304348,0.304347826087,23,0.158102766798,1.57073578595,6.95652173913,7.27272727273,5,3.61157559257,0.519163991432,0.282065217391,4.9714600491,1.42929476412,0.685869565217,3.05806779783,0.879194491876,0.470652173913,0.64406139004,0.410038018997,2,1.57073578595,0.64406139004,2,0.211513486513,0.183870967742,38,0.0214568040655,0.337999778,23,23,23,1,0,0.521739130435,0.173913043478,0.304347826087,23,81,0.160079051383,1.56995341615,7.04347826087,7.36363636364,5.0625,3.68631697041,0.523365989626,0.283413848631,5.06206538172,1.43737658987,0.689210950081,3.1023387837,0.880911012656,0.470209339775,0.643206671793,0.409697934459,2,1.56995341615,0.643206671793,2,0.219187479187,0.192488262911,41,0.0231507622812,0.345159285159,23,23,23,1,0,0.521739130435,0.173913043478,0.304347826087,-7,-0.0138339920949,-0.115122377622,-0.608695652174,0.030303030303,-0.4375,0.0480269668223,0.0479076368845,0.0339079197775,-0.260717331319,0.0461947444178,0.0162860488947,-0.168082010924,0.0261419413334,0.027521592739,-0.105984632566,-0.0349059861057,-0.5,-0.115122377622,-0.105984632566,-0.5,-0.0402591348046,0.00370577317072,-5,-0.00282326369283,0.0120146520147,0.0434782608696,-0.0434782608696,0,81,0,7,418,0.920454545455,1,0,0.0795454545455,1,0.920454545455,0.958579881657,0.951469451768,0.920454545455,0.920454545455,1,8,0,10,9,10
1494,WLNM_dir_neg_kfold,0.84375,0.577818627451,00:00:02,10,90,6,21351,threshold_sweep,0.9,1,0.125,0.222222222222,1,0,7,16,0.125,1,0,0.875,1,0.125,0.222222222222,0.708333333333,0.652777777778,0.16,0.29488391231,0.125,94,86,8,0,94,0,86,0,8,23,88,0.173913043478,1.68507579377,7.65217391304,7.33333333333,5.5,3.63829000359,0.475458352741,0.249505928854,5.32278271304,1.39118184545,0.672924901186,3.27042079462,0.854769071322,0.442687747036,0.749191304359,0.444603920564,2.5,1.68507579377,0.749191304359,2.5,0.259446613992,0.18878248974,46,0.025974025974,0.333144633145,23,23,23,1,0,0.478260869565,0.217391304348,0.304347826087,23,0.158102766798,1.57073578595,6.95652173913,7.27272727273,5,3.61157559257,0.519163991432,0.282065217391,4.9714600491,1.42929476412,0.685869565217,3.05806779783,0.879194491876,0.470652173913,0.64406139004,0.410038018997,2,1.57073578595,0.64406139004,2,0.211513486513,0.183870967742,38,0.0214568040655,0.337999778,23,23,23,1,0,0.521739130435,0.173913043478,0.304347826087,23,81,0.160079051383,1.56995341615,7.04347826087,7.36363636364,5.0625,3.68631697041,0.523365989626,0.283413848631,5.06206538172,1.43737658987,0.689210950081,3.1023387837,0.880911012656,0.470209339775,0.643206671793,0.409697934459,2,1.56995341615,0.643206671793,2,0.219187479187,0.192488262911,41,0.0231507622812,0.345159285159,23,23,23,1,0,0.521739130435,0.173913043478,0.304347826087,-7,-0.0138339920949,-0.115122377622,-0.608695652174,0.030303030303,-0.4375,0.0480269668223,0.0479076368845,0.0339079197775,-0.260717331319,0.0461947444178,0.0162860488947,-0.168082010924,0.0261419413334,0.027521592739,-0.105984632566,-0.0349059861057,-0.5,-0.115122377622,-0.105984632566,-0.5,-0.0402591348046,0.00370577317072,-5,-0.00282326369283,0.0120146520147,0.0434782608696,-0.0434782608696,0,81,0,7,418,0.920454545455,1,0,0.0795454545455,1,0.920454545455,0.958579881657,0.951469451768,0.920454545455,0.920454545455,1,8,0,10,9,10
1495,WLNM_dir_neg_kfold,0.76171875,0.441246345029,00:00:02,10,90,7,21352,threshold_sweep,0.1,1,0.125,0.222222222222,1,0,7,16,0.125,1,0,0.875,1,0.125,0.222222222222,0.708333333333,0.652777777778,0.16,0.29488391231,0.125,94,86,8,0,94,0,86,0,8,23,88,0.173913043478,1.68507579377,7.65217391304,7.33333333333,5.5,3.63829000359,0.475458352741,0.249505928854,5.32278271304,1.39118184545,0.672924901186,3.27042079462,0.854769071322,0.442687747036,0.749191304359,0.444603920564,2.5,1.68507579377,0.749191304359,2.5,0.259446613992,0.18878248974,46,0.025974025974,0.333144633145,23,23,23,1,0,0.478260869565,0.217391304348,0.304347826087,23,0.158102766798,1.57073578595,6.95652173913,7.27272727273,5,3.61157559257,0.519163991432,0.282065217391,4.9714600491,1.42929476412,0.685869565217,3.05806779783,0.879194491876,0.470652173913,0.64406139004,0.410038018997,2,1.57073578595,0.64406139004,2,0.211513486513,0.183870967742,38,0.0214568040655,0.337999778,23,23,23,1,0,0.521739130435,0.173913043478,0.304347826087,23,81,0.160079051383,1.56995341615,7.04347826087,7.36363636364,5.0625,3.68631697041,0.523365989626,0.283413848631,5.06206538172,1.43737658987,0.689210950081,3.1023387837,0.880911012656,0.470209339775,0.643206671793,0.409697934459,2,1.56995341615,0.643206671793,2,0.219187479187,0.192488262911,41,0.0231507622812,0.345159285159,23,23,23,1,0,0.521739130435,0.173913043478,0.304347826087,-7,-0.0138339920949,-0.115122377622,-0.608695652174,0.030303030303,-0.4375,0.0480269668223,0.0479076368845,0.0339079197775,-0.260717331319,0.0461947444178,0.0162860488947,-0.168082010924,0.0261419413334,0.027521592739,-0.105984632566,-0.0349059861057,-0.5,-0.115122377622,-0.105984632566,-0.5,-0.0402591348046,0.00370577317072,-5,-0.00282326369283,0.0120146520147,0.0434782608696,-0.0434782608696,0,81,0,7,418,0.920454545455,1,0,0.0795454545455,1,0.920454545455,0.958579881657,0.951469451768,0.920454545455,0.920454545455,1,8,0,10,9,10
1496,WLNM_dir_neg_kfold,0.76171875,0.441246345029,00:00:02,10,90,7,21352,threshold_sweep,0.2,1,0.125,0.222222222222,1,0,7,16,0.125,1,0,0.875,1,0.125,0.222222222222,0.708333333333,0.652777777778,0.16,0.29488391231,0.125,94,86,8,0,94,0,86,0,8,23,88,0.173913043478,1.68507579377,7.65217391304,7.33333333333,5.5,3.63829000359,0.475458352741,0.249505928854,5.32278271304,1.39118184545,0.672924901186,3.27042079462,0.854769071322,0.442687747036,0.749191304359,0.444603920564,2.5,1.68507579377,0.749191304359,2.5,0.259446613992,0.18878248974,46,0.025974025974,0.333144633145,23,23,23,1,0,0.478260869565,0.217391304348,0.304347826087,23,0.158102766798,1.57073578595,6.95652173913,7.27272727273,5,3.61157559257,0.519163991432,0.282065217391,4.9714600491,1.42929476412,0.685869565217,3.05806779783,0.879194491876,0.470652173913,0.64406139004,0.410038018997,2,1.57073578595,0.64406139004,2,0.211513486513,0.183870967742,38,0.0214568040655,0.337999778,23,23,23,1,0,0.521739130435,0.173913043478,0.304347826087,23,81,0.160079051383,1.56995341615,7.04347826087,7.36363636364,5.0625,3.68631697041,0.523365989626,0.283413848631,5.06206538172,1.43737658987,0.689210950081,3.1023387837,0.880911012656,0.470209339775,0.643206671793,0.409697934459,2,1.56995341615,0.643206671793,2,0.219187479187,0.192488262911,41,0.0231507622812,0.345159285159,23,23,23,1,0,0.521739130435,0.173913043478,0.304347826087,-7,-0.0138339920949,-0.115122377622,-0.608695652174,0.030303030303,-0.4375,0.0480269668223,0.0479076368845,0.0339079197775,-0.260717331319,0.0461947444178,0.0162860488947,-0.168082010924,0.0261419413334,0.027521592739,-0.105984632566,-0.0349059861057,-0.5,-0.115122377622,-0.105984632566,-0.5,-0.0402591348046,0.00370577317072,-5,-0.00282326369283,0.0120146520147,0.0434782608696,-0.0434782608696,0,81,0,7,418,0.920454545455,1,0,0.0795454545455,1,0.920454545455,0.958579881657,0.951469451768,0.920454545455,0.920454545455,1,8,0,10,9,10
1497,WLNM_dir_neg_kfold,0.76171875,0.441246345029,00:00:02,10,90,7,21352,threshold_sweep,0.3,1,0.125,0.222222222222,1,0,7,16,0.125,1,0,0.875,1,0.125,0.222222222222,0.708333333333,0.652777777778,0.16,0.29488391231,0.125,94,86,8,0,94,0,86,0,8,23,88,0.173913043478,1.68507579377,7.65217391304,7.33333333333,5.5,3.63829000359,0.475458352741,0.249505928854,5.32278271304,1.39118184545,0.672924901186,3.27042079462,0.854769071322,0.442687747036,0.749191304359,0.444603920564,2.5,1.68507579377,0.749191304359,2.5,0.259446613992,0.18878248974,46,0.025974025974,0.333144633145,23,23,23,1,0,0.478260869565,0.217391304348,0.304347826087,23,0.158102766798,1.57073578595,6.95652173913,7.27272727273,5,3.61157559257,0.519163991432,0.282065217391,4.9714600491,1.42929476412,0.685869565217,3.05806779783,0.879194491876,0.470652173913,0.64406139004,0.410038018997,2,1.57073578595,0.64406139004,2,0.211513486513,0.183870967742,38,0.0214568040655,0.337999778,23,23,23,1,0,0.521739130435,0.173913043478,0.304347826087,23,81,0.160079051383,1.56995341615,7.04347826087,7.36363636364,5.0625,3.68631697041,0.523365989626,0.283413848631,5.06206538172,1.43737658987,0.689210950081,3.1023387837,0.880911012656,0.470209339775,0.643206671793,0.409697934459,2,1.56995341615,0.643206671793,2,0.219187479187,0.192488262911,41,0.0231507622812,0.345159285159,23,23,23,1,0,0.521739130435,0.173913043478,0.304347826087,-7,-0.0138339920949,-0.115122377622,-0.608695652174,0.030303030303,-0.4375,0.0480269668223,0.0479076368845,0.0339079197775,-0.260717331319,0.0461947444178,0.0162860488947,-0.168082010924,0.0261419413334,0.027521592739,-0.105984632566,-0.0349059861057,-0.5,-0.115122377622,-0.105984632566,-0.5,-0.0402591348046,0.00370577317072,-5,-0.00282326369283,0.0120146520147,0.0434782608696,-0.0434782608696,0,81,0,7,418,0.920454545455,1,0,0.0795454545455,1,0.920454545455,0.958579881657,0.951469451768,0.920454545455,0.920454545455,1,8,0,10,9,10
1498,WLNM_dir_neg_kfold,0.76171875,0.441246345029,00:00:02,10,90,7,21352,threshold_sweep,0.4,1,0.125,0.222222222222,1,0,7,16,0.125,1,0,0.875,1,0.125,0.222222222222,0.708333333333,0.652777777778,0.16,0.29488391231,0.125,94,86,8,0,94,0,86,0,8,23,88,0.173913043478,1.68507579377,7.65217391304,7.33333333333,5.5,3.63829000359,0.475458352741,0.249505928854,5.32278271304,1.39118184545,0.672924901186,3.27042079462,0.854769071322,0.442687747036,0.749191304359,0.444603920564,2.5,1.68507579377,0.749191304359,2.5,0.259446613992,0.18878248974,46,0.025974025974,0.333144633145,23,23,23,1,0,0.478260869565,0.217391304348,0.304347826087,23,0.158102766798,1.57073578595,6.95652173913,7.27272727273,5,3.61157559257,0.519163991432,0.282065217391,4.9714600491,1.42929476412,0.685869565217,3.05806779783,0.879194491876,0.470652173913,0.64406139004,0.410038018997,2,1.57073578595,0.64406139004,2,0.211513486513,0.183870967742,38,0.0214568040655,0.337999778,23,23,23,1,0,0.521739130435,0.173913043478,0.304347826087,23,81,0.160079051383,1.56995341615,7.04347826087,7.36363636364,5.0625,3.68631697041,0.523365989626,0.283413848631,5.06206538172,1.43737658987,0.689210950081,3.1023387837,0.880911012656,0.470209339775,0.643206671793,0.409697934459,2,1.56995341615,0.643206671793,2,0.219187479187,0.192488262911,41,0.0231507622812,0.345159285159,23,23,23,1,0,0.521739130435,0.173913043478,0.304347826087,-7,-0.0138339920949,-0.115122377622,-0.608695652174,0.030303030303,-0.4375,0.0480269668223,0.0479076368845,0.0339079197775,-0.260717331319,0.0461947444178,0.0162860488947,-0.168082010924,0.0261419413334,0.027521592739,-0.105984632566,-0.0349059861057,-0.5,-0.115122377622,-0.105984632566,-0.5,-0.0402591348046,0.00370577317072,-5,-0.00282326369283,0.0120146520147,0.0434782608696,-0.0434782608696,0,81,0,7,418,0.920454545455,1,0,0.0795454545455,1,0.920454545455,0.958579881657,0.951469451768,0.920454545455,0.920454545455,1,8,0,10,9,10
1499,WLNM_dir_neg_kfold,0.76171875,0.441246345029,00:00:02,10,90,7,21352,threshold_sweep,0.5,1,0.125,0.222222222222,1,0,7,16,0.125,1,0,0.875,1,0.125,0.222222222222,0.708333333333,0.652777777778,0.16,0.29488391231,0.125,94,86,8,0,94,0,86,0,8,23,88,0.173913043478,1.68507579377,7.65217391304,7.33333333333,5.5,3.63829000359,0.475458352741,0.249505928854,5.32278271304,1.39118184545,0.672924901186,3.27042079462,0.854769071322,0.442687747036,0.749191304359,0.444603920564,2.5,1.68507579377,0.749191304359,2.5,0.259446613992,0.18878248974,46,0.025974025974,0.333144633145,23,23,23,1,0,0.478260869565,0.217391304348,0.304347826087,23,0.158102766798,1.57073578595,6.95652173913,7.27272727273,5,3.61157559257,0.519163991432,0.282065217391,4.9714600491,1.42929476412,0.685869565217,3.05806779783,0.879194491876,0.470652173913,0.64406139004,0.410038018997,2,1.57073578595,0.64406139004,2,0.211513486513,0.183870967742,38,0.0214568040655,0.337999778,23,23,23,1,0,0.521739130435,0.173913043478,0.304347826087,23,81,0.160079051383,1.56995341615,7.04347826087,7.36363636364,5.0625,3.68631697041,0.523365989626,0.283413848631,5.06206538172,1.43737658987,0.689210950081,3.1023387837,0.880911012656,0.470209339775,0.643206671793,0.409697934459,2,1.56995341615,0.643206671793,2,0.219187479187,0.192488262911,41,0.0231507622812,0.345159285159,23,23,23,1,0,0.521739130435,0.173913043478,0.304347826087,-7,-0.0138339920949,-0.115122377622,-0.608695652174,0.030303030303,-0.4375,0.0480269668223,0.0479076368845,0.0339079197775,-0.260717331319,0.0461947444178,0.0162860488947,-0.168082010924,0.0261419413334,0.027521592739,-0.105984632566,-0.0349059861057,-0.5,-0.115122377622,-0.105984632566,-0.5,-0.0402591348046,0.00370577317072,-5,-0.00282326369283,0.0120146520147,0.0434782608696,-0.0434782608696,0,81,0,7,418,0.920454545455,1,0,0.0795454545455,1,0.920454545455,0.958579881657,0.951469451768,0.920454545455,0.920454545455,1,8,0,10,9,10
1500,WLNM_dir_neg_kfold,0.76171875,0.441246345029,00:00:02,10,90,7,21352,threshold_sweep,0.6,1,0.125,0.222222222222,1,0,7,16,0.125,1,0,0.875,1,0.125,0.222222222222,0.708333333333,0.652777777778,0.16,0.29488391231,0.125,94,86,8,0,94,0,86,0,8,23,88,0.173913043478,1.68507579377,7.65217391304,7.33333333333,5.5,3.63829000359,0.475458352741,0.249505928854,5.32278271304,1.39118184545,0.672924901186,3.27042079462,0.854769071322,0.442687747036,0.749191304359,0.444603920564,2.5,1.68507579377,0.749191304359,2.5,0.259446613992,0.18878248974,46,0.025974025974,0.333144633145,23,23,23,1,0,0.478260869565,0.217391304348,0.304347826087,23,0.158102766798,1.57073578595,6.95652173913,7.27272727273,5,3.61157559257,0.519163991432,0.282065217391,4.9714600491,1.42929476412,0.685869565217,3.05806779783,0.879194491876,0.470652173913,0.64406139004,0.410038018997,2,1.57073578595,0.64406139004,2,0.211513486513,0.183870967742,38,0.0214568040655,0.337999778,23,23,23,1,0,0.521739130435,0.173913043478,0.304347826087,23,81,0.160079051383,1.56995341615,7.04347826087,7.36363636364,5.0625,3.68631697041,0.523365989626,0.283413848631,5.06206538172,1.43737658987,0.689210950081,3.1023387837,0.880911012656,0.470209339775,0.643206671793,0.409697934459,2,1.56995341615,0.643206671793,2,0.219187479187,0.192488262911,41,0.0231507622812,0.345159285159,23,23,23,1,0,0.521739130435,0.173913043478,0.304347826087,-7,-0.0138339920949,-0.115122377622,-0.608695652174,0.030303030303,-0.4375,0.0480269668223,0.0479076368845,0.0339079197775,-0.260717331319,0.0461947444178,0.0162860488947,-0.168082010924,0.0261419413334,0.027521592739,-0.105984632566,-0.0349059861057,-0.5,-0.115122377622,-0.105984632566,-0.5,-0.0402591348046,0.00370577317072,-5,-0.00282326369283,0.0120146520147,0.0434782608696,-0.0434782608696,0,81,0,7,418,0.920454545455,1,0,0.0795454545455,1,0.920454545455,0.958579881657,0.951469451768,0.920454545455,0.920454545455,1,8,0,10,9,10
1501,WLNM_dir_neg_kfold,0.76171875,0.441246345029,00:00:02,10,90,7,21352,threshold_sweep,0.7,1,0.125,0.222222222222,1,0,7,16,0.125,1,0,0.875,1,0.125,0.222222222222,0.708333333333,0.652777777778,0.16,0.29488391231,0.125,94,86,8,0,94,0,86,0,8,23,88,0.173913043478,1.68507579377,7.65217391304,7.33333333333,5.5,3.63829000359,0.475458352741,0.249505928854,5.32278271304,1.39118184545,0.672924901186,3.27042079462,0.854769071322,0.442687747036,0.749191304359,0.444603920564,2.5,1.68507579377,0.749191304359,2.5,0.259446613992,0.18878248974,46,0.025974025974,0.333144633145,23,23,23,1,0,0.478260869565,0.217391304348,0.304347826087,23,0.158102766798,1.57073578595,6.95652173913,7.27272727273,5,3.61157559257,0.519163991432,0.282065217391,4.9714600491,1.42929476412,0.685869565217,3.05806779783,0.879194491876,0.470652173913,0.64406139004,0.410038018997,2,1.57073578595,0.64406139004,2,0.211513486513,0.183870967742,38,0.0214568040655,0.337999778,23,23,23,1,0,0.521739130435,0.173913043478,0.304347826087,23,81,0.160079051383,1.56995341615,7.04347826087,7.36363636364,5.0625,3.68631697041,0.523365989626,0.283413848631,5.06206538172,1.43737658987,0.689210950081,3.1023387837,0.880911012656,0.470209339775,0.643206671793,0.409697934459,2,1.56995341615,0.643206671793,2,0.219187479187,0.192488262911,41,0.0231507622812,0.345159285159,23,23,23,1,0,0.521739130435,0.173913043478,0.304347826087,-7,-0.0138339920949,-0.115122377622,-0.608695652174,0.030303030303,-0.4375,0.0480269668223,0.0479076368845,0.0339079197775,-0.260717331319,0.0461947444178,0.0162860488947,-0.168082010924,0.0261419413334,0.027521592739,-0.105984632566,-0.0349059861057,-0.5,-0.115122377622,-0.105984632566,-0.5,-0.0402591348046,0.00370577317072,-5,-0.00282326369283,0.0120146520147,0.0434782608696,-0.0434782608696,0,81,0,7,418,0.920454545455,1,0,0.0795454545455,1,0.920454545455,0.958579881657,0.951469451768,0.920454545455,0.920454545455,1,8,0,10,9,10
1502,WLNM_dir_neg_kfold,0.76171875,0.441246345029,00:00:02,10,90,7,21352,threshold_sweep,0.8,1,0.125,0.222222222222,1,0,7,16,0.125,1,0,0.875,1,0.125,0.222222222222,0.708333333333,0.652777777778,0.16,0.29488391231,0.125,94,86,8,0,94,0,86,0,8,23,88,0.173913043478,1.68507579377,7.65217391304,7.33333333333,5.5,3.63829000359,0.475458352741,0.249505928854,5.32278271304,1.39118184545,0.672924901186,3.27042079462,0.854769071322,0.442687747036,0.749191304359,0.444603920564,2.5,1.68507579377,0.749191304359,2.5,0.259446613992,0.18878248974,46,0.025974025974,0.333144633145,23,23,23,1,0,0.478260869565,0.217391304348,0.304347826087,23,0.158102766798,1.57073578595,6.95652173913,7.27272727273,5,3.61157559257,0.519163991432,0.282065217391,4.9714600491,1.42929476412,0.685869565217,3.05806779783,0.879194491876,0.470652173913,0.64406139004,0.410038018997,2,1.57073578595,0.64406139004,2,0.211513486513,0.183870967742,38,0.0214568040655,0.337999778,23,23,23,1,0,0.521739130435,0.173913043478,0.304347826087,23,81,0.160079051383,1.56995341615,7.04347826087,7.36363636364,5.0625,3.68631697041,0.523365989626,0.283413848631,5.06206538172,1.43737658987,0.689210950081,3.1023387837,0.880911012656,0.470209339775,0.643206671793,0.409697934459,2,1.56995341615,0.643206671793,2,0.219187479187,0.192488262911,41,0.0231507622812,0.345159285159,23,23,23,1,0,0.521739130435,0.173913043478,0.304347826087,-7,-0.0138339920949,-0.115122377622,-0.608695652174,0.030303030303,-0.4375,0.0480269668223,0.0479076368845,0.0339079197775,-0.260717331319,0.0461947444178,0.0162860488947,-0.168082010924,0.0261419413334,0.027521592739,-0.105984632566,-0.0349059861057,-0.5,-0.115122377622,-0.105984632566,-0.5,-0.0402591348046,0.00370577317072,-5,-0.00282326369283,0.0120146520147,0.0434782608696,-0.0434782608696,0,81,0,7,418,0.920454545455,1,0,0.0795454545455,1,0.920454545455,0.958579881657,0.951469451768,0.920454545455,0.920454545455,1,8,0,10,9,10
1503,WLNM_dir_neg_kfold,0.76171875,0.441246345029,00:00:02,10,90,7,21352,threshold_sweep,0.9,1,0.125,0.222222222222,1,0,7,16,0.125,1,0,0.875,1,0.125,0.222222222222,0.708333333333,0.652777777778,0.16,0.29488391231,0.125,94,86,8,0,94,0,86,0,8,23,88,0.173913043478,1.68507579377,7.65217391304,7.33333333333,5.5,3.63829000359,0.475458352741,0.249505928854,5.32278271304,1.39118184545,0.672924901186,3.27042079462,0.854769071322,0.442687747036,0.749191304359,0.444603920564,2.5,1.68507579377,0.749191304359,2.5,0.259446613992,0.18878248974,46,0.025974025974,0.333144633145,23,23,23,1,0,0.478260869565,0.217391304348,0.304347826087,23,0.158102766798,1.57073578595,6.95652173913,7.27272727273,5,3.61157559257,0.519163991432,0.282065217391,4.9714600491,1.42929476412,0.685869565217,3.05806779783,0.879194491876,0.470652173913,0.64406139004,0.410038018997,2,1.57073578595,0.64406139004,2,0.211513486513,0.183870967742,38,0.0214568040655,0.337999778,23,23,23,1,0,0.521739130435,0.173913043478,0.304347826087,23,81,0.160079051383,1.56995341615,7.04347826087,7.36363636364,5.0625,3.68631697041,0.523365989626,0.283413848631,5.06206538172,1.43737658987,0.689210950081,3.1023387837,0.880911012656,0.470209339775,0.643206671793,0.409697934459,2,1.56995341615,0.643206671793,2,0.219187479187,0.192488262911,41,0.0231507622812,0.345159285159,23,23,23,1,0,0.521739130435,0.173913043478,0.304347826087,-7,-0.0138339920949,-0.115122377622,-0.608695652174,0.030303030303,-0.4375,0.0480269668223,0.0479076368845,0.0339079197775,-0.260717331319,0.0461947444178,0.0162860488947,-0.168082010924,0.0261419413334,0.027521592739,-0.105984632566,-0.0349059861057,-0.5,-0.115122377622,-0.105984632566,-0.5,-0.0402591348046,0.00370577317072,-5,-0.00282326369283,0.0120146520147,0.0434782608696,-0.0434782608696,0,81,0,7,418,0.920454545455,1,0,0.0795454545455,1,0.920454545455,0.958579881657,0.951469451768,0.920454545455,0.920454545455,1,8,0,10,9,10
1504,WLNM_dir_neg_kfold,0.82421875,0.567866161616,00:00:02,10,90,8,21353,threshold_sweep,0.1,1,0.125,0.222222222222,1,0,7,16,0.125,1,0,0.875,1,0.125,0.222222222222,0.708333333333,0.652777777778,0.16,0.29488391231,0.125,94,86,8,0,94,0,86,0,8,23,88,0.173913043478,1.68507579377,7.65217391304,7.33333333333,5.5,3.63829000359,0.475458352741,0.249505928854,5.32278271304,1.39118184545,0.672924901186,3.27042079462,0.854769071322,0.442687747036,0.749191304359,0.444603920564,2.5,1.68507579377,0.749191304359,2.5,0.259446613992,0.18878248974,46,0.025974025974,0.333144633145,23,23,23,1,0,0.478260869565,0.217391304348,0.304347826087,23,0.158102766798,1.57073578595,6.95652173913,7.27272727273,5,3.61157559257,0.519163991432,0.282065217391,4.9714600491,1.42929476412,0.685869565217,3.05806779783,0.879194491876,0.470652173913,0.64406139004,0.410038018997,2,1.57073578595,0.64406139004,2,0.211513486513,0.183870967742,38,0.0214568040655,0.337999778,23,23,23,1,0,0.521739130435,0.173913043478,0.304347826087,23,81,0.160079051383,1.56995341615,7.04347826087,7.36363636364,5.0625,3.68631697041,0.523365989626,0.283413848631,5.06206538172,1.43737658987,0.689210950081,3.1023387837,0.880911012656,0.470209339775,0.643206671793,0.409697934459,2,1.56995341615,0.643206671793,2,0.219187479187,0.192488262911,41,0.0231507622812,0.345159285159,23,23,23,1,0,0.521739130435,0.173913043478,0.304347826087,-7,-0.0138339920949,-0.115122377622,-0.608695652174,0.030303030303,-0.4375,0.0480269668223,0.0479076368845,0.0339079197775,-0.260717331319,0.0461947444178,0.0162860488947,-0.168082010924,0.0261419413334,0.027521592739,-0.105984632566,-0.0349059861057,-0.5,-0.115122377622,-0.105984632566,-0.5,-0.0402591348046,0.00370577317072,-5,-0.00282326369283,0.0120146520147,0.0434782608696,-0.0434782608696,0,81,0,7,418,0.920454545455,1,0,0.0795454545455,1,0.920454545455,0.958579881657,0.951469451768,0.920454545455,0.920454545455,1,8,0,10,9,10
1505,WLNM_dir_neg_kfold,0.82421875,0.567866161616,00:00:02,10,90,8,21353,threshold_sweep,0.2,1,0.125,0.222222222222,1,0,7,16,0.125,1,0,0.875,1,0.125,0.222222222222,0.708333333333,0.652777777778,0.16,0.29488391231,0.125,94,86,8,0,94,0,86,0,8,23,88,0.173913043478,1.68507579377,7.65217391304,7.33333333333,5.5,3.63829000359,0.475458352741,0.249505928854,5.32278271304,1.39118184545,0.672924901186,3.27042079462,0.854769071322,0.442687747036,0.749191304359,0.444603920564,2.5,1.68507579377,0.749191304359,2.5,0.259446613992,0.18878248974,46,0.025974025974,0.333144633145,23,23,23,1,0,0.478260869565,0.217391304348,0.304347826087,23,0.158102766798,1.57073578595,6.95652173913,7.27272727273,5,3.61157559257,0.519163991432,0.282065217391,4.9714600491,1.42929476412,0.685869565217,3.05806779783,0.879194491876,0.470652173913,0.64406139004,0.410038018997,2,1.57073578595,0.64406139004,2,0.211513486513,0.183870967742,38,0.0214568040655,0.337999778,23,23,23,1,0,0.521739130435,0.173913043478,0.304347826087,23,81,0.160079051383,1.56995341615,7.04347826087,7.36363636364,5.0625,3.68631697041,0.523365989626,0.283413848631,5.06206538172,1.43737658987,0.689210950081,3.1023387837,0.880911012656,0.470209339775,0.643206671793,0.409697934459,2,1.56995341615,0.643206671793,2,0.219187479187,0.192488262911,41,0.0231507622812,0.345159285159,23,23,23,1,0,0.521739130435,0.173913043478,0.304347826087,-7,-0.0138339920949,-0.115122377622,-0.608695652174,0.030303030303,-0.4375,0.0480269668223,0.0479076368845,0.0339079197775,-0.260717331319,0.0461947444178,0.0162860488947,-0.168082010924,0.0261419413334,0.027521592739,-0.105984632566,-0.0349059861057,-0.5,-0.115122377622,-0.105984632566,-0.5,-0.0402591348046,0.00370577317072,-5,-0.00282326369283,0.0120146520147,0.0434782608696,-0.0434782608696,0,81,0,7,418,0.920454545455,1,0,0.0795454545455,1,0.920454545455,0.958579881657,0.951469451768,0.920454545455,0.920454545455,1,8,0,10,9,10
1506,WLNM_dir_neg_kfold,0.82421875,0.567866161616,00:00:02,10,90,8,21353,threshold_sweep,0.3,1,0.125,0.222222222222,1,0,7,16,0.125,1,0,0.875,1,0.125,0.222222222222,0.708333333333,0.652777777778,0.16,0.29488391231,0.125,94,86,8,0,94,0,86,0,8,23,88,0.173913043478,1.68507579377,7.65217391304,7.33333333333,5.5,3.63829000359,0.475458352741,0.249505928854,5.32278271304,1.39118184545,0.672924901186,3.27042079462,0.854769071322,0.442687747036,0.749191304359,0.444603920564,2.5,1.68507579377,0.749191304359,2.5,0.259446613992,0.18878248974,46,0.025974025974,0.333144633145,23,23,23,1,0,0.478260869565,0.217391304348,0.304347826087,23,0.158102766798,1.57073578595,6.95652173913,7.27272727273,5,3.61157559257,0.519163991432,0.282065217391,4.9714600491,1.42929476412,0.685869565217,3.05806779783,0.879194491876,0.470652173913,0.64406139004,0.410038018997,2,1.57073578595,0.64406139004,2,0.211513486513,0.183870967742,38,0.0214568040655,0.337999778,23,23,23,1,0,0.521739130435,0.173913043478,0.304347826087,23,81,0.160079051383,1.56995341615,7.04347826087,7.36363636364,5.0625,3.68631697041,0.523365989626,0.283413848631,5.06206538172,1.43737658987,0.689210950081,3.1023387837,0.880911012656,0.470209339775,0.643206671793,0.409697934459,2,1.56995341615,0.643206671793,2,0.219187479187,0.192488262911,41,0.0231507622812,0.345159285159,23,23,23,1,0,0.521739130435,0.173913043478,0.304347826087,-7,-0.0138339920949,-0.115122377622,-0.608695652174,0.030303030303,-0.4375,0.0480269668223,0.0479076368845,0.0339079197775,-0.260717331319,0.0461947444178,0.0162860488947,-0.168082010924,0.0261419413334,0.027521592739,-0.105984632566,-0.0349059861057,-0.5,-0.115122377622,-0.105984632566,-0.5,-0.0402591348046,0.00370577317072,-5,-0.00282326369283,0.0120146520147,0.0434782608696,-0.0434782608696,0,81,0,7,418,0.920454545455,1,0,0.0795454545455,1,0.920454545455,0.958579881657,0.951469451768,0.920454545455,0.920454545455,1,8,0,10,9,10
1507,WLNM_dir_neg_kfold,0.82421875,0.567866161616,00:00:02,10,90,8,21353,threshold_sweep,0.4,1,0.125,0.222222222222,1,0,7,16,0.125,1,0,0.875,1,0.125,0.222222222222,0.708333333333,0.652777777778,0.16,0.29488391231,0.125,94,86,8,0,94,0,86,0,8,23,88,0.173913043478,1.68507579377,7.65217391304,7.33333333333,5.5,3.63829000359,0.475458352741,0.249505928854,5.32278271304,1.39118184545,0.672924901186,3.27042079462,0.854769071322,0.442687747036,0.749191304359,0.444603920564,2.5,1.68507579377,0.749191304359,2.5,0.259446613992,0.18878248974,46,0.025974025974,0.333144633145,23,23,23,1,0,0.478260869565,0.217391304348,0.304347826087,23,0.158102766798,1.57073578595,6.95652173913,7.27272727273,5,3.61157559257,0.519163991432,0.282065217391,4.9714600491,1.42929476412,0.685869565217,3.05806779783,0.879194491876,0.470652173913,0.64406139004,0.410038018997,2,1.57073578595,0.64406139004,2,0.211513486513,0.183870967742,38,0.0214568040655,0.337999778,23,23,23,1,0,0.521739130435,0.173913043478,0.304347826087,23,81,0.160079051383,1.56995341615,7.04347826087,7.36363636364,5.0625,3.68631697041,0.523365989626,0.283413848631,5.06206538172,1.43737658987,0.689210950081,3.1023387837,0.880911012656,0.470209339775,0.643206671793,0.409697934459,2,1.56995341615,0.643206671793,2,0.219187479187,0.192488262911,41,0.0231507622812,0.345159285159,23,23,23,1,0,0.521739130435,0.173913043478,0.304347826087,-7,-0.0138339920949,-0.115122377622,-0.608695652174,0.030303030303,-0.4375,0.0480269668223,0.0479076368845,0.0339079197775,-0.260717331319,0.0461947444178,0.0162860488947,-0.168082010924,0.0261419413334,0.027521592739,-0.105984632566,-0.0349059861057,-0.5,-0.115122377622,-0.105984632566,-0.5,-0.0402591348046,0.00370577317072,-5,-0.00282326369283,0.0120146520147,0.0434782608696,-0.0434782608696,0,81,0,7,418,0.920454545455,1,0,0.0795454545455,1,0.920454545455,0.958579881657,0.951469451768,0.920454545455,0.920454545455,1,8,0,10,9,10
1508,WLNM_dir_neg_kfold,0.82421875,0.567866161616,00:00:02,10,90,8,21353,threshold_sweep,0.5,1,0.125,0.222222222222,1,0,7,16,0.125,1,0,0.875,1,0.125,0.222222222222,0.708333333333,0.652777777778,0.16,0.29488391231,0.125,94,86,8,0,94,0,86,0,8,23,88,0.173913043478,1.68507579377,7.65217391304,7.33333333333,5.5,3.63829000359,0.475458352741,0.249505928854,5.32278271304,1.39118184545,0.672924901186,3.27042079462,0.854769071322,0.442687747036,0.749191304359,0.444603920564,2.5,1.68507579377,0.749191304359,2.5,0.259446613992,0.18878248974,46,0.025974025974,0.333144633145,23,23,23,1,0,0.478260869565,0.217391304348,0.304347826087,23,0.158102766798,1.57073578595,6.95652173913,7.27272727273,5,3.61157559257,0.519163991432,0.282065217391,4.9714600491,1.42929476412,0.685869565217,3.05806779783,0.879194491876,0.470652173913,0.64406139004,0.410038018997,2,1.57073578595,0.64406139004,2,0.211513486513,0.183870967742,38,0.0214568040655,0.337999778,23,23,23,1,0,0.521739130435,0.173913043478,0.304347826087,23,81,0.160079051383,1.56995341615,7.04347826087,7.36363636364,5.0625,3.68631697041,0.523365989626,0.283413848631,5.06206538172,1.43737658987,0.689210950081,3.1023387837,0.880911012656,0.470209339775,0.643206671793,0.409697934459,2,1.56995341615,0.643206671793,2,0.219187479187,0.192488262911,41,0.0231507622812,0.345159285159,23,23,23,1,0,0.521739130435,0.173913043478,0.304347826087,-7,-0.0138339920949,-0.115122377622,-0.608695652174,0.030303030303,-0.4375,0.0480269668223,0.0479076368845,0.0339079197775,-0.260717331319,0.0461947444178,0.0162860488947,-0.168082010924,0.0261419413334,0.027521592739,-0.105984632566,-0.0349059861057,-0.5,-0.115122377622,-0.105984632566,-0.5,-0.0402591348046,0.00370577317072,-5,-0.00282326369283,0.0120146520147,0.0434782608696,-0.0434782608696,0,81,0,7,418,0.920454545455,1,0,0.0795454545455,1,0.920454545455,0.958579881657,0.951469451768,0.920454545455,0.920454545455,1,8,0,10,9,10
1509,WLNM_dir_neg_kfold,0.82421875,0.567866161616,00:00:02,10,90,8,21353,threshold_sweep,0.6,1,0.125,0.222222222222,1,0,7,16,0.125,1,0,0.875,1,0.125,0.222222222222,0.708333333333,0.652777777778,0.16,0.29488391231,0.125,94,86,8,0,94,0,86,0,8,23,88,0.173913043478,1.68507579377,7.65217391304,7.33333333333,5.5,3.63829000359,0.475458352741,0.249505928854,5.32278271304,1.39118184545,0.672924901186,3.27042079462,0.854769071322,0.442687747036,0.749191304359,0.444603920564,2.5,1.68507579377,0.749191304359,2.5,0.259446613992,0.18878248974,46,0.025974025974,0.333144633145,23,23,23,1,0,0.478260869565,0.217391304348,0.304347826087,23,0.158102766798,1.57073578595,6.95652173913,7.27272727273,5,3.61157559257,0.519163991432,0.282065217391,4.9714600491,1.42929476412,0.685869565217,3.05806779783,0.879194491876,0.470652173913,0.64406139004,0.410038018997,2,1.57073578595,0.64406139004,2,0.211513486513,0.183870967742,38,0.0214568040655,0.337999778,23,23,23,1,0,0.521739130435,0.173913043478,0.304347826087,23,81,0.160079051383,1.56995341615,7.04347826087,7.36363636364,5.0625,3.68631697041,0.523365989626,0.283413848631,5.06206538172,1.43737658987,0.689210950081,3.1023387837,0.880911012656,0.470209339775,0.643206671793,0.409697934459,2,1.56995341615,0.643206671793,2,0.219187479187,0.192488262911,41,0.0231507622812,0.345159285159,23,23,23,1,0,0.521739130435,0.173913043478,0.304347826087,-7,-0.0138339920949,-0.115122377622,-0.608695652174,0.030303030303,-0.4375,0.0480269668223,0.0479076368845,0.0339079197775,-0.260717331319,0.0461947444178,0.0162860488947,-0.168082010924,0.0261419413334,0.027521592739,-0.105984632566,-0.0349059861057,-0.5,-0.115122377622,-0.105984632566,-0.5,-0.0402591348046,0.00370577317072,-5,-0.00282326369283,0.0120146520147,0.0434782608696,-0.0434782608696,0,81,0,7,418,0.920454545455,1,0,0.0795454545455,1,0.920454545455,0.958579881657,0.951469451768,0.920454545455,0.920454545455,1,8,0,10,9,10
1510,WLNM_dir_neg_kfold,0.82421875,0.567866161616,00:00:02,10,90,8,21353,threshold_sweep,0.7,1,0.125,0.222222222222,1,0,7,16,0.125,1,0,0.875,1,0.125,0.222222222222,0.708333333333,0.652777777778,0.16,0.29488391231,0.125,94,86,8,0,94,0,86,0,8,23,88,0.173913043478,1.68507579377,7.65217391304,7.33333333333,5.5,3.63829000359,0.475458352741,0.249505928854,5.32278271304,1.39118184545,0.672924901186,3.27042079462,0.854769071322,0.442687747036,0.749191304359,0.444603920564,2.5,1.68507579377,0.749191304359,2.5,0.259446613992,0.18878248974,46,0.025974025974,0.333144633145,23,23,23,1,0,0.478260869565,0.217391304348,0.304347826087,23,0.158102766798,1.57073578595,6.95652173913,7.27272727273,5,3.61157559257,0.519163991432,0.282065217391,4.9714600491,1.42929476412,0.685869565217,3.05806779783,0.879194491876,0.470652173913,0.64406139004,0.410038018997,2,1.57073578595,0.64406139004,2,0.211513486513,0.183870967742,38,0.0214568040655,0.337999778,23,23,23,1,0,0.521739130435,0.173913043478,0.304347826087,23,81,0.160079051383,1.56995341615,7.04347826087,7.36363636364,5.0625,3.68631697041,0.523365989626,0.283413848631,5.06206538172,1.43737658987,0.689210950081,3.1023387837,0.880911012656,0.470209339775,0.643206671793,0.409697934459,2,1.56995341615,0.643206671793,2,0.219187479187,0.192488262911,41,0.0231507622812,0.345159285159,23,23,23,1,0,0.521739130435,0.173913043478,0.304347826087,-7,-0.0138339920949,-0.115122377622,-0.608695652174,0.030303030303,-0.4375,0.0480269668223,0.0479076368845,0.0339079197775,-0.260717331319,0.0461947444178,0.0162860488947,-0.168082010924,0.0261419413334,0.027521592739,-0.105984632566,-0.0349059861057,-0.5,-0.115122377622,-0.105984632566,-0.5,-0.0402591348046,0.00370577317072,-5,-0.00282326369283,0.0120146520147,0.0434782608696,-0.0434782608696,0,81,0,7,418,0.920454545455,1,0,0.0795454545455,1,0.920454545455,0.958579881657,0.951469451768,0.920454545455,0.920454545455,1,8,0,10,9,10
1511,WLNM_dir_neg_kfold,0.82421875,0.567866161616,00:00:02,10,90,8,21353,threshold_sweep,0.8,1,0.125,0.222222222222,1,0,7,16,0.125,1,0,0.875,1,0.125,0.222222222222,0.708333333333,0.652777777778,0.16,0.29488391231,0.125,94,86,8,0,94,0,86,0,8,23,88,0.173913043478,1.68507579377,7.65217391304,7.33333333333,5.5,3.63829000359,0.475458352741,0.249505928854,5.32278271304,1.39118184545,0.672924901186,3.27042079462,0.854769071322,0.442687747036,0.749191304359,0.444603920564,2.5,1.68507579377,0.749191304359,2.5,0.259446613992,0.18878248974,46,0.025974025974,0.333144633145,23,23,23,1,0,0.478260869565,0.217391304348,0.304347826087,23,0.158102766798,1.57073578595,6.95652173913,7.27272727273,5,3.61157559257,0.519163991432,0.282065217391,4.9714600491,1.42929476412,0.685869565217,3.05806779783,0.879194491876,0.470652173913,0.64406139004,0.410038018997,2,1.57073578595,0.64406139004,2,0.211513486513,0.183870967742,38,0.0214568040655,0.337999778,23,23,23,1,0,0.521739130435,0.173913043478,0.304347826087,23,81,0.160079051383,1.56995341615,7.04347826087,7.36363636364,5.0625,3.68631697041,0.523365989626,0.283413848631,5.06206538172,1.43737658987,0.689210950081,3.1023387837,0.880911012656,0.470209339775,0.643206671793,0.409697934459,2,1.56995341615,0.643206671793,2,0.219187479187,0.192488262911,41,0.0231507622812,0.345159285159,23,23,23,1,0,0.521739130435,0.173913043478,0.304347826087,-7,-0.0138339920949,-0.115122377622,-0.608695652174,0.030303030303,-0.4375,0.0480269668223,0.0479076368845,0.0339079197775,-0.260717331319,0.0461947444178,0.0162860488947,-0.168082010924,0.0261419413334,0.027521592739,-0.105984632566,-0.0349059861057,-0.5,-0.115122377622,-0.105984632566,-0.5,-0.0402591348046,0.00370577317072,-5,-0.00282326369283,0.0120146520147,0.0434782608696,-0.0434782608696,0,81,0,7,418,0.920454545455,1,0,0.0795454545455,1,0.920454545455,0.958579881657,0.951469451768,0.920454545455,0.920454545455,1,8,0,10,9,10
1512,WLNM_dir_neg_kfold,0.82421875,0.567866161616,00:00:02,10,90,8,21353,threshold_sweep,0.9,1,0.125,0.222222222222,1,0,7,16,0.125,1,0,0.875,1,0.125,0.222222222222,0.708333333333,0.652777777778,0.16,0.29488391231,0.125,94,86,8,0,94,0,86,0,8,23,88,0.173913043478,1.68507579377,7.65217391304,7.33333333333,5.5,3.63829000359,0.475458352741,0.249505928854,5.32278271304,1.39118184545,0.672924901186,3.27042079462,0.854769071322,0.442687747036,0.749191304359,0.444603920564,2.5,1.68507579377,0.749191304359,2.5,0.259446613992,0.18878248974,46,0.025974025974,0.333144633145,23,23,23,1,0,0.478260869565,0.217391304348,0.304347826087,23,0.158102766798,1.57073578595,6.95652173913,7.27272727273,5,3.61157559257,0.519163991432,0.282065217391,4.9714600491,1.42929476412,0.685869565217,3.05806779783,0.879194491876,0.470652173913,0.64406139004,0.410038018997,2,1.57073578595,0.64406139004,2,0.211513486513,0.183870967742,38,0.0214568040655,0.337999778,23,23,23,1,0,0.521739130435,0.173913043478,0.304347826087,23,81,0.160079051383,1.56995341615,7.04347826087,7.36363636364,5.0625,3.68631697041,0.523365989626,0.283413848631,5.06206538172,1.43737658987,0.689210950081,3.1023387837,0.880911012656,0.470209339775,0.643206671793,0.409697934459,2,1.56995341615,0.643206671793,2,0.219187479187,0.192488262911,41,0.0231507622812,0.345159285159,23,23,23,1,0,0.521739130435,0.173913043478,0.304347826087,-7,-0.0138339920949,-0.115122377622,-0.608695652174,0.030303030303,-0.4375,0.0480269668223,0.0479076368845,0.0339079197775,-0.260717331319,0.0461947444178,0.0162860488947,-0.168082010924,0.0261419413334,0.027521592739,-0.105984632566,-0.0349059861057,-0.5,-0.115122377622,-0.105984632566,-0.5,-0.0402591348046,0.00370577317072,-5,-0.00282326369283,0.0120146520147,0.0434782608696,-0.0434782608696,0,81,0,7,418,0.920454545455,1,0,0.0795454545455,1,0.920454545455,0.958579881657,0.951469451768,0.920454545455,0.920454545455,1,8,0,10,9,10
1513,WLNM_dir_neg_kfold,0.77734375,0.572052042161,00:00:02,10,90,9,21354,threshold_sweep,0.1,1,0.25,0.4,2,0,6,16,0.25,1,0,0.75,1,0.25,0.4,0.75,0.638888888889,0.307692307692,0.426401432711,0.25,94,86,8,0,94,0,86,0,8,23,88,0.173913043478,1.68507579377,7.65217391304,7.33333333333,5.5,3.63829000359,0.475458352741,0.249505928854,5.32278271304,1.39118184545,0.672924901186,3.27042079462,0.854769071322,0.442687747036,0.749191304359,0.444603920564,2.5,1.68507579377,0.749191304359,2.5,0.259446613992,0.18878248974,46,0.025974025974,0.333144633145,23,23,23,1,0,0.478260869565,0.217391304348,0.304347826087,23,0.158102766798,1.57073578595,6.95652173913,7.27272727273,5,3.61157559257,0.519163991432,0.282065217391,4.9714600491,1.42929476412,0.685869565217,3.05806779783,0.879194491876,0.470652173913,0.64406139004,0.410038018997,2,1.57073578595,0.64406139004,2,0.211513486513,0.183870967742,38,0.0214568040655,0.337999778,23,23,23,1,0,0.521739130435,0.173913043478,0.304347826087,23,82,0.162055335968,1.66481507623,7.13043478261,6.83333333333,5.125,3.6093860952,0.506194391399,0.273594909862,5.03466246008,1.41216142173,0.680805938494,3.13087392616,0.878171954898,0.466595970308,0.700791110295,0.420942313835,2,1.66481507623,0.700791110295,2,0.206935921222,0.19040247678,41,0.0231507622812,0.314652939653,23,23,23,1,0,0.478260869565,0.217391304348,0.304347826087,-6,-0.0118577075099,-0.0202607175433,-0.521739130435,-0.5,-0.375,-0.0289039083911,0.0307360386579,0.0240889810084,-0.288120252962,0.0209795762757,0.0078810373084,-0.139546868466,0.0234028835759,0.023908223272,-0.0484001940635,-0.023661606729,-0.5,-0.0202607175433,-0.0484001940635,-0.5,-0.0525106927704,0.0016199870401,-5,-0.00282326369283,-0.0184916934917,0,0,0,82,0,6,418,0.931818181818,1,0,0.0681818181818,1,0.931818181818,0.964705882353,0.958452959446,0.931818181818,0.931818181818,2,8,0,10,9,10
1514,WLNM_dir_neg_kfold,0.77734375,0.572052042161,00:00:02,10,90,9,21354,threshold_sweep,0.2,1,0.25,0.4,2,0,6,16,0.25,1,0,0.75,1,0.25,0.4,0.75,0.638888888889,0.307692307692,0.426401432711,0.25,94,86,8,0,94,0,86,0,8,23,88,0.173913043478,1.68507579377,7.65217391304,7.33333333333,5.5,3.63829000359,0.475458352741,0.249505928854,5.32278271304,1.39118184545,0.672924901186,3.27042079462,0.854769071322,0.442687747036,0.749191304359,0.444603920564,2.5,1.68507579377,0.749191304359,2.5,0.259446613992,0.18878248974,46,0.025974025974,0.333144633145,23,23,23,1,0,0.478260869565,0.217391304348,0.304347826087,23,0.158102766798,1.57073578595,6.95652173913,7.27272727273,5,3.61157559257,0.519163991432,0.282065217391,4.9714600491,1.42929476412,0.685869565217,3.05806779783,0.879194491876,0.470652173913,0.64406139004,0.410038018997,2,1.57073578595,0.64406139004,2,0.211513486513,0.183870967742,38,0.0214568040655,0.337999778,23,23,23,1,0,0.521739130435,0.173913043478,0.304347826087,23,82,0.162055335968,1.66481507623,7.13043478261,6.83333333333,5.125,3.6093860952,0.506194391399,0.273594909862,5.03466246008,1.41216142173,0.680805938494,3.13087392616,0.878171954898,0.466595970308,0.700791110295,0.420942313835,2,1.66481507623,0.700791110295,2,0.206935921222,0.19040247678,41,0.0231507622812,0.314652939653,23,23,23,1,0,0.478260869565,0.217391304348,0.304347826087,-6,-0.0118577075099,-0.0202607175433,-0.521739130435,-0.5,-0.375,-0.0289039083911,0.0307360386579,0.0240889810084,-0.288120252962,0.0209795762757,0.0078810373084,-0.139546868466,0.0234028835759,0.023908223272,-0.0484001940635,-0.023661606729,-0.5,-0.0202607175433,-0.0484001940635,-0.5,-0.0525106927704,0.0016199870401,-5,-0.00282326369283,-0.0184916934917,0,0,0,82,0,6,418,0.931818181818,1,0,0.0681818181818,1,0.931818181818,0.964705882353,0.958452959446,0.931818181818,0.931818181818,2,8,0,10,9,10
1515,WLNM_dir_neg_kfold,0.77734375,0.572052042161,00:00:02,10,90,9,21354,threshold_sweep,0.3,1,0.25,0.4,2,0,6,16,0.25,1,0,0.75,1,0.25,0.4,0.75,0.638888888889,0.307692307692,0.426401432711,0.25,94,86,8,0,94,0,86,0,8,23,88,0.173913043478,1.68507579377,7.65217391304,7.33333333333,5.5,3.63829000359,0.475458352741,0.249505928854,5.32278271304,1.39118184545,0.672924901186,3.27042079462,0.854769071322,0.442687747036,0.749191304359,0.444603920564,2.5,1.68507579377,0.749191304359,2.5,0.259446613992,0.18878248974,46,0.025974025974,0.333144633145,23,23,23,1,0,0.478260869565,0.217391304348,0.304347826087,23,0.158102766798,1.57073578595,6.95652173913,7.27272727273,5,3.61157559257,0.519163991432,0.282065217391,4.9714600491,1.42929476412,0.685869565217,3.05806779783,0.879194491876,0.470652173913,0.64406139004,0.410038018997,2,1.57073578595,0.64406139004,2,0.211513486513,0.183870967742,38,0.0214568040655,0.337999778,23,23,23,1,0,0.521739130435,0.173913043478,0.304347826087,23,82,0.162055335968,1.66481507623,7.13043478261,6.83333333333,5.125,3.6093860952,0.506194391399,0.273594909862,5.03466246008,1.41216142173,0.680805938494,3.13087392616,0.878171954898,0.466595970308,0.700791110295,0.420942313835,2,1.66481507623,0.700791110295,2,0.206935921222,0.19040247678,41,0.0231507622812,0.314652939653,23,23,23,1,0,0.478260869565,0.217391304348,0.304347826087,-6,-0.0118577075099,-0.0202607175433,-0.521739130435,-0.5,-0.375,-0.0289039083911,0.0307360386579,0.0240889810084,-0.288120252962,0.0209795762757,0.0078810373084,-0.139546868466,0.0234028835759,0.023908223272,-0.0484001940635,-0.023661606729,-0.5,-0.0202607175433,-0.0484001940635,-0.5,-0.0525106927704,0.0016199870401,-5,-0.00282326369283,-0.0184916934917,0,0,0,82,0,6,418,0.931818181818,1,0,0.0681818181818,1,0.931818181818,0.964705882353,0.958452959446,0.931818181818,0.931818181818,2,8,0,10,9,10
1516,WLNM_dir_neg_kfold,0.77734375,0.572052042161,00:00:02,10,90,9,21354,threshold_sweep,0.4,1,0.25,0.4,2,0,6,16,0.25,1,0,0.75,1,0.25,0.4,0.75,0.638888888889,0.307692307692,0.426401432711,0.25,94,86,8,0,94,0,86,0,8,23,88,0.173913043478,1.68507579377,7.65217391304,7.33333333333,5.5,3.63829000359,0.475458352741,0.249505928854,5.32278271304,1.39118184545,0.672924901186,3.27042079462,0.854769071322,0.442687747036,0.749191304359,0.444603920564,2.5,1.68507579377,0.749191304359,2.5,0.259446613992,0.18878248974,46,0.025974025974,0.333144633145,23,23,23,1,0,0.478260869565,0.217391304348,0.304347826087,23,0.158102766798,1.57073578595,6.95652173913,7.27272727273,5,3.61157559257,0.519163991432,0.282065217391,4.9714600491,1.42929476412,0.685869565217,3.05806779783,0.879194491876,0.470652173913,0.64406139004,0.410038018997,2,1.57073578595,0.64406139004,2,0.211513486513,0.183870967742,38,0.0214568040655,0.337999778,23,23,23,1,0,0.521739130435,0.173913043478,0.304347826087,23,82,0.162055335968,1.66481507623,7.13043478261,6.83333333333,5.125,3.6093860952,0.506194391399,0.273594909862,5.03466246008,1.41216142173,0.680805938494,3.13087392616,0.878171954898,0.466595970308,0.700791110295,0.420942313835,2,1.66481507623,0.700791110295,2,0.206935921222,0.19040247678,41,0.0231507622812,0.314652939653,23,23,23,1,0,0.478260869565,0.217391304348,0.304347826087,-6,-0.0118577075099,-0.0202607175433,-0.521739130435,-0.5,-0.375,-0.0289039083911,0.0307360386579,0.0240889810084,-0.288120252962,0.0209795762757,0.0078810373084,-0.139546868466,0.0234028835759,0.023908223272,-0.0484001940635,-0.023661606729,-0.5,-0.0202607175433,-0.0484001940635,-0.5,-0.0525106927704,0.0016199870401,-5,-0.00282326369283,-0.0184916934917,0,0,0,82,0,6,418,0.931818181818,1,0,0.0681818181818,1,0.931818181818,0.964705882353,0.958452959446,0.931818181818,0.931818181818,2,8,0,10,9,10
1517,WLNM_dir_neg_kfold,0.77734375,0.572052042161,00:00:02,10,90,9,21354,threshold_sweep,0.5,1,0.125,0.222222222222,1,0,7,16,0.125,1,0,0.875,1,0.125,0.222222222222,0.708333333333,0.652777777778,0.16,0.29488391231,0.125,94,86,8,0,94,0,86,0,8,23,88,0.173913043478,1.68507579377,7.65217391304,7.33333333333,5.5,3.63829000359,0.475458352741,0.249505928854,5.32278271304,1.39118184545,0.672924901186,3.27042079462,0.854769071322,0.442687747036,0.749191304359,0.444603920564,2.5,1.68507579377,0.749191304359,2.5,0.259446613992,0.18878248974,46,0.025974025974,0.333144633145,23,23,23,1,0,0.478260869565,0.217391304348,0.304347826087,23,0.158102766798,1.57073578595,6.95652173913,7.27272727273,5,3.61157559257,0.519163991432,0.282065217391,4.9714600491,1.42929476412,0.685869565217,3.05806779783,0.879194491876,0.470652173913,0.64406139004,0.410038018997,2,1.57073578595,0.64406139004,2,0.211513486513,0.183870967742,38,0.0214568040655,0.337999778,23,23,23,1,0,0.521739130435,0.173913043478,0.304347826087,23,81,0.160079051383,1.56995341615,7.04347826087,7.36363636364,5.0625,3.68631697041,0.523365989626,0.283413848631,5.06206538172,1.43737658987,0.689210950081,3.1023387837,0.880911012656,0.470209339775,0.643206671793,0.409697934459,2,1.56995341615,0.643206671793,2,0.219187479187,0.192488262911,41,0.0231507622812,0.345159285159,23,23,23,1,0,0.521739130435,0.173913043478,0.304347826087,-7,-0.0138339920949,-0.115122377622,-0.608695652174,0.030303030303,-0.4375,0.0480269668223,0.0479076368845,0.0339079197775,-0.260717331319,0.0461947444178,0.0162860488947,-0.168082010924,0.0261419413334,0.027521592739,-0.105984632566,-0.0349059861057,-0.5,-0.115122377622,-0.105984632566,-0.5,-0.0402591348046,0.00370577317072,-5,-0.00282326369283,0.0120146520147,0.0434782608696,-0.0434782608696,0,81,0,7,418,0.920454545455,1,0,0.0795454545455,1,0.920454545455,0.958579881657,0.951469451768,0.920454545455,0.920454545455,1,8,0,10,9,10
1518,WLNM_dir_neg_kfold,0.77734375,0.572052042161,00:00:02,10,90,9,21354,threshold_sweep,0.6,1,0.125,0.222222222222,1,0,7,16,0.125,1,0,0.875,1,0.125,0.222222222222,0.708333333333,0.652777777778,0.16,0.29488391231,0.125,94,86,8,0,94,0,86,0,8,23,88,0.173913043478,1.68507579377,7.65217391304,7.33333333333,5.5,3.63829000359,0.475458352741,0.249505928854,5.32278271304,1.39118184545,0.672924901186,3.27042079462,0.854769071322,0.442687747036,0.749191304359,0.444603920564,2.5,1.68507579377,0.749191304359,2.5,0.259446613992,0.18878248974,46,0.025974025974,0.333144633145,23,23,23,1,0,0.478260869565,0.217391304348,0.304347826087,23,0.158102766798,1.57073578595,6.95652173913,7.27272727273,5,3.61157559257,0.519163991432,0.282065217391,4.9714600491,1.42929476412,0.685869565217,3.05806779783,0.879194491876,0.470652173913,0.64406139004,0.410038018997,2,1.57073578595,0.64406139004,2,0.211513486513,0.183870967742,38,0.0214568040655,0.337999778,23,23,23,1,0,0.521739130435,0.173913043478,0.304347826087,23,81,0.160079051383,1.56995341615,7.04347826087,7.36363636364,5.0625,3.68631697041,0.523365989626,0.283413848631,5.06206538172,1.43737658987,0.689210950081,3.1023387837,0.880911012656,0.470209339775,0.643206671793,0.409697934459,2,1.56995341615,0.643206671793,2,0.219187479187,0.192488262911,41,0.0231507622812,0.345159285159,23,23,23,1,0,0.521739130435,0.173913043478,0.304347826087,-7,-0.0138339920949,-0.115122377622,-0.608695652174,0.030303030303,-0.4375,0.0480269668223,0.0479076368845,0.0339079197775,-0.260717331319,0.0461947444178,0.0162860488947,-0.168082010924,0.0261419413334,0.027521592739,-0.105984632566,-0.0349059861057,-0.5,-0.115122377622,-0.105984632566,-0.5,-0.0402591348046,0.00370577317072,-5,-0.00282326369283,0.0120146520147,0.0434782608696,-0.0434782608696,0,81,0,7,418,0.920454545455,1,0,0.0795454545455,1,0.920454545455,0.958579881657,0.951469451768,0.920454545455,0.920454545455,1,8,0,10,9,10
1519,WLNM_dir_neg_kfold,0.77734375,0.572052042161,00:00:02,10,90,9,21354,threshold_sweep,0.7,1,0.125,0.222222222222,1,0,7,16,0.125,1,0,0.875,1,0.125,0.222222222222,0.708333333333,0.652777777778,0.16,0.29488391231,0.125,94,86,8,0,94,0,86,0,8,23,88,0.173913043478,1.68507579377,7.65217391304,7.33333333333,5.5,3.63829000359,0.475458352741,0.249505928854,5.32278271304,1.39118184545,0.672924901186,3.27042079462,0.854769071322,0.442687747036,0.749191304359,0.444603920564,2.5,1.68507579377,0.749191304359,2.5,0.259446613992,0.18878248974,46,0.025974025974,0.333144633145,23,23,23,1,0,0.478260869565,0.217391304348,0.304347826087,23,0.158102766798,1.57073578595,6.95652173913,7.27272727273,5,3.61157559257,0.519163991432,0.282065217391,4.9714600491,1.42929476412,0.685869565217,3.05806779783,0.879194491876,0.470652173913,0.64406139004,0.410038018997,2,1.57073578595,0.64406139004,2,0.211513486513,0.183870967742,38,0.0214568040655,0.337999778,23,23,23,1,0,0.521739130435,0.173913043478,0.304347826087,23,81,0.160079051383,1.56995341615,7.04347826087,7.36363636364,5.0625,3.68631697041,0.523365989626,0.283413848631,5.06206538172,1.43737658987,0.689210950081,3.1023387837,0.880911012656,0.470209339775,0.643206671793,0.409697934459,2,1.56995341615,0.643206671793,2,0.219187479187,0.192488262911,41,0.0231507622812,0.345159285159,23,23,23,1,0,0.521739130435,0.173913043478,0.304347826087,-7,-0.0138339920949,-0.115122377622,-0.608695652174,0.030303030303,-0.4375,0.0480269668223,0.0479076368845,0.0339079197775,-0.260717331319,0.0461947444178,0.0162860488947,-0.168082010924,0.0261419413334,0.027521592739,-0.105984632566,-0.0349059861057,-0.5,-0.115122377622,-0.105984632566,-0.5,-0.0402591348046,0.00370577317072,-5,-0.00282326369283,0.0120146520147,0.0434782608696,-0.0434782608696,0,81,0,7,418,0.920454545455,1,0,0.0795454545455,1,0.920454545455,0.958579881657,0.951469451768,0.920454545455,0.920454545455,1,8,0,10,9,10
1520,WLNM_dir_neg_kfold,0.77734375,0.572052042161,00:00:02,10,90,9,21354,threshold_sweep,0.8,1,0.125,0.222222222222,1,0,7,16,0.125,1,0,0.875,1,0.125,0.222222222222,0.708333333333,0.652777777778,0.16,0.29488391231,0.125,94,86,8,0,94,0,86,0,8,23,88,0.173913043478,1.68507579377,7.65217391304,7.33333333333,5.5,3.63829000359,0.475458352741,0.249505928854,5.32278271304,1.39118184545,0.672924901186,3.27042079462,0.854769071322,0.442687747036,0.749191304359,0.444603920564,2.5,1.68507579377,0.749191304359,2.5,0.259446613992,0.18878248974,46,0.025974025974,0.333144633145,23,23,23,1,0,0.478260869565,0.217391304348,0.304347826087,23,0.158102766798,1.57073578595,6.95652173913,7.27272727273,5,3.61157559257,0.519163991432,0.282065217391,4.9714600491,1.42929476412,0.685869565217,3.05806779783,0.879194491876,0.470652173913,0.64406139004,0.410038018997,2,1.57073578595,0.64406139004,2,0.211513486513,0.183870967742,38,0.0214568040655,0.337999778,23,23,23,1,0,0.521739130435,0.173913043478,0.304347826087,23,81,0.160079051383,1.56995341615,7.04347826087,7.36363636364,5.0625,3.68631697041,0.523365989626,0.283413848631,5.06206538172,1.43737658987,0.689210950081,3.1023387837,0.880911012656,0.470209339775,0.643206671793,0.409697934459,2,1.56995341615,0.643206671793,2,0.219187479187,0.192488262911,41,0.0231507622812,0.345159285159,23,23,23,1,0,0.521739130435,0.173913043478,0.304347826087,-7,-0.0138339920949,-0.115122377622,-0.608695652174,0.030303030303,-0.4375,0.0480269668223,0.0479076368845,0.0339079197775,-0.260717331319,0.0461947444178,0.0162860488947,-0.168082010924,0.0261419413334,0.027521592739,-0.105984632566,-0.0349059861057,-0.5,-0.115122377622,-0.105984632566,-0.5,-0.0402591348046,0.00370577317072,-5,-0.00282326369283,0.0120146520147,0.0434782608696,-0.0434782608696,0,81,0,7,418,0.920454545455,1,0,0.0795454545455,1,0.920454545455,0.958579881657,0.951469451768,0.920454545455,0.920454545455,1,8,0,10,9,10
1521,WLNM_dir_neg_kfold,0.77734375,0.572052042161,00:00:02,10,90,9,21354,threshold_sweep,0.9,1,0.125,0.222222222222,1,0,7,16,0.125,1,0,0.875,1,0.125,0.222222222222,0.708333333333,0.652777777778,0.16,0.29488391231,0.125,94,86,8,0,94,0,86,0,8,23,88,0.173913043478,1.68507579377,7.65217391304,7.33333333333,5.5,3.63829000359,0.475458352741,0.249505928854,5.32278271304,1.39118184545,0.672924901186,3.27042079462,0.854769071322,0.442687747036,0.749191304359,0.444603920564,2.5,1.68507579377,0.749191304359,2.5,0.259446613992,0.18878248974,46,0.025974025974,0.333144633145,23,23,23,1,0,0.478260869565,0.217391304348,0.304347826087,23,0.158102766798,1.57073578595,6.95652173913,7.27272727273,5,3.61157559257,0.519163991432,0.282065217391,4.9714600491,1.42929476412,0.685869565217,3.05806779783,0.879194491876,0.470652173913,0.64406139004,0.410038018997,2,1.57073578595,0.64406139004,2,0.211513486513,0.183870967742,38,0.0214568040655,0.337999778,23,23,23,1,0,0.521739130435,0.173913043478,0.304347826087,23,81,0.160079051383,1.56995341615,7.04347826087,7.36363636364,5.0625,3.68631697041,0.523365989626,0.283413848631,5.06206538172,1.43737658987,0.689210950081,3.1023387837,0.880911012656,0.470209339775,0.643206671793,0.409697934459,2,1.56995341615,0.643206671793,2,0.219187479187,0.192488262911,41,0.0231507622812,0.345159285159,23,23,23,1,0,0.521739130435,0.173913043478,0.304347826087,-7,-0.0138339920949,-0.115122377622,-0.608695652174,0.030303030303,-0.4375,0.0480269668223,0.0479076368845,0.0339079197775,-0.260717331319,0.0461947444178,0.0162860488947,-0.168082010924,0.0261419413334,0.027521592739,-0.105984632566,-0.0349059861057,-0.5,-0.115122377622,-0.105984632566,-0.5,-0.0402591348046,0.00370577317072,-5,-0.00282326369283,0.0120146520147,0.0434782608696,-0.0434782608696,0,81,0,7,418,0.920454545455,1,0,0.0795454545455,1,0.920454545455,0.958579881657,0.951469451768,0.920454545455,0.920454545455,1,8,0,10,9,10
1522,WLNM_dir_neg_kfold,0.8359375,0.596312994071,00:00:02,10,90,10,21355,threshold_sweep,0.1,0.666666666667,0.25,0.363636363636,2,1,6,15,0.25,0.9375,0.0625,0.75,0.666666666667,0.25,0.363636363636,0.708333333333,0.625,0.222222222222,0.267261241912,0.1875,94,86,8,0,94,0,86,0,8,23,88,0.173913043478,1.68507579377,7.65217391304,7.33333333333,5.5,3.63829000359,0.475458352741,0.249505928854,5.32278271304,1.39118184545,0.672924901186,3.27042079462,0.854769071322,0.442687747036,0.749191304359,0.444603920564,2.5,1.68507579377,0.749191304359,2.5,0.259446613992,0.18878248974,46,0.025974025974,0.333144633145,23,23,23,1,0,0.478260869565,0.217391304348,0.304347826087,23,0.158102766798,1.57073578595,6.95652173913,7.27272727273,5,3.61157559257,0.519163991432,0.282065217391,4.9714600491,1.42929476412,0.685869565217,3.05806779783,0.879194491876,0.470652173913,0.64406139004,0.410038018997,2,1.57073578595,0.64406139004,2,0.211513486513,0.183870967742,38,0.0214568040655,0.337999778,23,23,23,1,0,0.521739130435,0.173913043478,0.304347826087,23,83,0.164031620553,1,7.21739130435,6.38461538462,5.1875,3.59237224406,0.497738322973,0.26925091671,5.00671485866,1.38740291264,0.671555788371,3.17288412582,0.879232950529,0.465165007858,0,0,0,NaN,NaN,NaN,0.206935921222,0.19040247678,41,0.0231507622812,0.301928555775,23,23,0,1,2,0.434782608696,0.260869565217,0.304347826087,-5,-0.0098814229249,-0.685075793771,-0.434782608696,-0.948717948718,-0.3125,-0.0459177595226,0.0222799702313,0.0197449878566,-0.316067854387,-0.00377893281491,-0.0013691128149,-0.0975366688032,0.0244638792065,0.0224772608219,-0.749191304359,-0.444603920564,-2.5,NaN,NaN,NaN,-0.0525106927704,0.0016199870401,-5,-0.00282326369283,-0.0312160773699,-0.0434782608696,0.0434782608696,0,82,1,6,417,0.931818181818,0.997607655502,0.00239234449761,0.0681818181818,0.987951807229,0.931818181818,0.959064327485,0.951338315457,0.929425837321,0.921348314607,3,8,0,10,9,10
1523,WLNM_dir_neg_kfold,0.8359375,0.596312994071,00:00:02,10,90,10,21355,threshold_sweep,0.2,0.666666666667,0.25,0.363636363636,2,1,6,15,0.25,0.9375,0.0625,0.75,0.666666666667,0.25,0.363636363636,0.708333333333,0.625,0.222222222222,0.267261241912,0.1875,94,86,8,0,94,0,86,0,8,23,88,0.173913043478,1.68507579377,7.65217391304,7.33333333333,5.5,3.63829000359,0.475458352741,0.249505928854,5.32278271304,1.39118184545,0.672924901186,3.27042079462,0.854769071322,0.442687747036,0.749191304359,0.444603920564,2.5,1.68507579377,0.749191304359,2.5,0.259446613992,0.18878248974,46,0.025974025974,0.333144633145,23,23,23,1,0,0.478260869565,0.217391304348,0.304347826087,23,0.158102766798,1.57073578595,6.95652173913,7.27272727273,5,3.61157559257,0.519163991432,0.282065217391,4.9714600491,1.42929476412,0.685869565217,3.05806779783,0.879194491876,0.470652173913,0.64406139004,0.410038018997,2,1.57073578595,0.64406139004,2,0.211513486513,0.183870967742,38,0.0214568040655,0.337999778,23,23,23,1,0,0.521739130435,0.173913043478,0.304347826087,23,83,0.164031620553,1,7.21739130435,6.38461538462,5.1875,3.59237224406,0.497738322973,0.26925091671,5.00671485866,1.38740291264,0.671555788371,3.17288412582,0.879232950529,0.465165007858,0,0,0,NaN,NaN,NaN,0.206935921222,0.19040247678,41,0.0231507622812,0.301928555775,23,23,0,1,2,0.434782608696,0.260869565217,0.304347826087,-5,-0.0098814229249,-0.685075793771,-0.434782608696,-0.948717948718,-0.3125,-0.0459177595226,0.0222799702313,0.0197449878566,-0.316067854387,-0.00377893281491,-0.0013691128149,-0.0975366688032,0.0244638792065,0.0224772608219,-0.749191304359,-0.444603920564,-2.5,NaN,NaN,NaN,-0.0525106927704,0.0016199870401,-5,-0.00282326369283,-0.0312160773699,-0.0434782608696,0.0434782608696,0,82,1,6,417,0.931818181818,0.997607655502,0.00239234449761,0.0681818181818,0.987951807229,0.931818181818,0.959064327485,0.951338315457,0.929425837321,0.921348314607,3,8,0,10,9,10
1524,WLNM_dir_neg_kfold,0.8359375,0.596312994071,00:00:02,10,90,10,21355,threshold_sweep,0.3,0.666666666667,0.25,0.363636363636,2,1,6,15,0.25,0.9375,0.0625,0.75,0.666666666667,0.25,0.363636363636,0.708333333333,0.625,0.222222222222,0.267261241912,0.1875,94,86,8,0,94,0,86,0,8,23,88,0.173913043478,1.68507579377,7.65217391304,7.33333333333,5.5,3.63829000359,0.475458352741,0.249505928854,5.32278271304,1.39118184545,0.672924901186,3.27042079462,0.854769071322,0.442687747036,0.749191304359,0.444603920564,2.5,1.68507579377,0.749191304359,2.5,0.259446613992,0.18878248974,46,0.025974025974,0.333144633145,23,23,23,1,0,0.478260869565,0.217391304348,0.304347826087,23,0.158102766798,1.57073578595,6.95652173913,7.27272727273,5,3.61157559257,0.519163991432,0.282065217391,4.9714600491,1.42929476412,0.685869565217,3.05806779783,0.879194491876,0.470652173913,0.64406139004,0.410038018997,2,1.57073578595,0.64406139004,2,0.211513486513,0.183870967742,38,0.0214568040655,0.337999778,23,23,23,1,0,0.521739130435,0.173913043478,0.304347826087,23,83,0.164031620553,1,7.21739130435,6.38461538462,5.1875,3.59237224406,0.497738322973,0.26925091671,5.00671485866,1.38740291264,0.671555788371,3.17288412582,0.879232950529,0.465165007858,0,0,0,NaN,NaN,NaN,0.206935921222,0.19040247678,41,0.0231507622812,0.301928555775,23,23,0,1,2,0.434782608696,0.260869565217,0.304347826087,-5,-0.0098814229249,-0.685075793771,-0.434782608696,-0.948717948718,-0.3125,-0.0459177595226,0.0222799702313,0.0197449878566,-0.316067854387,-0.00377893281491,-0.0013691128149,-0.0975366688032,0.0244638792065,0.0224772608219,-0.749191304359,-0.444603920564,-2.5,NaN,NaN,NaN,-0.0525106927704,0.0016199870401,-5,-0.00282326369283,-0.0312160773699,-0.0434782608696,0.0434782608696,0,82,1,6,417,0.931818181818,0.997607655502,0.00239234449761,0.0681818181818,0.987951807229,0.931818181818,0.959064327485,0.951338315457,0.929425837321,0.921348314607,3,8,0,10,9,10
1525,WLNM_dir_neg_kfold,0.8359375,0.596312994071,00:00:02,10,90,10,21355,threshold_sweep,0.4,0.666666666667,0.25,0.363636363636,2,1,6,15,0.25,0.9375,0.0625,0.75,0.666666666667,0.25,0.363636363636,0.708333333333,0.625,0.222222222222,0.267261241912,0.1875,94,86,8,0,94,0,86,0,8,23,88,0.173913043478,1.68507579377,7.65217391304,7.33333333333,5.5,3.63829000359,0.475458352741,0.249505928854,5.32278271304,1.39118184545,0.672924901186,3.27042079462,0.854769071322,0.442687747036,0.749191304359,0.444603920564,2.5,1.68507579377,0.749191304359,2.5,0.259446613992,0.18878248974,46,0.025974025974,0.333144633145,23,23,23,1,0,0.478260869565,0.217391304348,0.304347826087,23,0.158102766798,1.57073578595,6.95652173913,7.27272727273,5,3.61157559257,0.519163991432,0.282065217391,4.9714600491,1.42929476412,0.685869565217,3.05806779783,0.879194491876,0.470652173913,0.64406139004,0.410038018997,2,1.57073578595,0.64406139004,2,0.211513486513,0.183870967742,38,0.0214568040655,0.337999778,23,23,23,1,0,0.521739130435,0.173913043478,0.304347826087,23,83,0.164031620553,1,7.21739130435,6.38461538462,5.1875,3.59237224406,0.497738322973,0.26925091671,5.00671485866,1.38740291264,0.671555788371,3.17288412582,0.879232950529,0.465165007858,0,0,0,NaN,NaN,NaN,0.206935921222,0.19040247678,41,0.0231507622812,0.301928555775,23,23,0,1,2,0.434782608696,0.260869565217,0.304347826087,-5,-0.0098814229249,-0.685075793771,-0.434782608696,-0.948717948718,-0.3125,-0.0459177595226,0.0222799702313,0.0197449878566,-0.316067854387,-0.00377893281491,-0.0013691128149,-0.0975366688032,0.0244638792065,0.0224772608219,-0.749191304359,-0.444603920564,-2.5,NaN,NaN,NaN,-0.0525106927704,0.0016199870401,-5,-0.00282326369283,-0.0312160773699,-0.0434782608696,0.0434782608696,0,82,1,6,417,0.931818181818,0.997607655502,0.00239234449761,0.0681818181818,0.987951807229,0.931818181818,0.959064327485,0.951338315457,0.929425837321,0.921348314607,3,8,0,10,9,10
1526,WLNM_dir_neg_kfold,0.8359375,0.596312994071,00:00:02,10,90,10,21355,threshold_sweep,0.5,0.666666666667,0.25,0.363636363636,2,1,6,15,0.25,0.9375,0.0625,0.75,0.666666666667,0.25,0.363636363636,0.708333333333,0.625,0.222222222222,0.267261241912,0.1875,94,86,8,0,94,0,86,0,8,23,88,0.173913043478,1.68507579377,7.65217391304,7.33333333333,5.5,3.63829000359,0.475458352741,0.249505928854,5.32278271304,1.39118184545,0.672924901186,3.27042079462,0.854769071322,0.442687747036,0.749191304359,0.444603920564,2.5,1.68507579377,0.749191304359,2.5,0.259446613992,0.18878248974,46,0.025974025974,0.333144633145,23,23,23,1,0,0.478260869565,0.217391304348,0.304347826087,23,0.158102766798,1.57073578595,6.95652173913,7.27272727273,5,3.61157559257,0.519163991432,0.282065217391,4.9714600491,1.42929476412,0.685869565217,3.05806779783,0.879194491876,0.470652173913,0.64406139004,0.410038018997,2,1.57073578595,0.64406139004,2,0.211513486513,0.183870967742,38,0.0214568040655,0.337999778,23,23,23,1,0,0.521739130435,0.173913043478,0.304347826087,23,83,0.164031620553,1,7.21739130435,6.38461538462,5.1875,3.59237224406,0.497738322973,0.26925091671,5.00671485866,1.38740291264,0.671555788371,3.17288412582,0.879232950529,0.465165007858,0,0,0,NaN,NaN,NaN,0.206935921222,0.19040247678,41,0.0231507622812,0.301928555775,23,23,0,1,2,0.434782608696,0.260869565217,0.304347826087,-5,-0.0098814229249,-0.685075793771,-0.434782608696,-0.948717948718,-0.3125,-0.0459177595226,0.0222799702313,0.0197449878566,-0.316067854387,-0.00377893281491,-0.0013691128149,-0.0975366688032,0.0244638792065,0.0224772608219,-0.749191304359,-0.444603920564,-2.5,NaN,NaN,NaN,-0.0525106927704,0.0016199870401,-5,-0.00282326369283,-0.0312160773699,-0.0434782608696,0.0434782608696,0,82,1,6,417,0.931818181818,0.997607655502,0.00239234449761,0.0681818181818,0.987951807229,0.931818181818,0.959064327485,0.951338315457,0.929425837321,0.921348314607,3,8,0,10,9,10
1527,WLNM_dir_neg_kfold,0.8359375,0.596312994071,00:00:02,10,90,10,21355,threshold_sweep,0.6,0.666666666667,0.25,0.363636363636,2,1,6,15,0.25,0.9375,0.0625,0.75,0.666666666667,0.25,0.363636363636,0.708333333333,0.625,0.222222222222,0.267261241912,0.1875,94,86,8,0,94,0,86,0,8,23,88,0.173913043478,1.68507579377,7.65217391304,7.33333333333,5.5,3.63829000359,0.475458352741,0.249505928854,5.32278271304,1.39118184545,0.672924901186,3.27042079462,0.854769071322,0.442687747036,0.749191304359,0.444603920564,2.5,1.68507579377,0.749191304359,2.5,0.259446613992,0.18878248974,46,0.025974025974,0.333144633145,23,23,23,1,0,0.478260869565,0.217391304348,0.304347826087,23,0.158102766798,1.57073578595,6.95652173913,7.27272727273,5,3.61157559257,0.519163991432,0.282065217391,4.9714600491,1.42929476412,0.685869565217,3.05806779783,0.879194491876,0.470652173913,0.64406139004,0.410038018997,2,1.57073578595,0.64406139004,2,0.211513486513,0.183870967742,38,0.0214568040655,0.337999778,23,23,23,1,0,0.521739130435,0.173913043478,0.304347826087,23,83,0.164031620553,1,7.21739130435,6.38461538462,5.1875,3.59237224406,0.497738322973,0.26925091671,5.00671485866,1.38740291264,0.671555788371,3.17288412582,0.879232950529,0.465165007858,0,0,0,NaN,NaN,NaN,0.206935921222,0.19040247678,41,0.0231507622812,0.301928555775,23,23,0,1,2,0.434782608696,0.260869565217,0.304347826087,-5,-0.0098814229249,-0.685075793771,-0.434782608696,-0.948717948718,-0.3125,-0.0459177595226,0.0222799702313,0.0197449878566,-0.316067854387,-0.00377893281491,-0.0013691128149,-0.0975366688032,0.0244638792065,0.0224772608219,-0.749191304359,-0.444603920564,-2.5,NaN,NaN,NaN,-0.0525106927704,0.0016199870401,-5,-0.00282326369283,-0.0312160773699,-0.0434782608696,0.0434782608696,0,82,1,6,417,0.931818181818,0.997607655502,0.00239234449761,0.0681818181818,0.987951807229,0.931818181818,0.959064327485,0.951338315457,0.929425837321,0.921348314607,3,8,0,10,9,10
1528,WLNM_dir_neg_kfold,0.8359375,0.596312994071,00:00:02,10,90,10,21355,threshold_sweep,0.7,0.666666666667,0.25,0.363636363636,2,1,6,15,0.25,0.9375,0.0625,0.75,0.666666666667,0.25,0.363636363636,0.708333333333,0.625,0.222222222222,0.267261241912,0.1875,94,86,8,0,94,0,86,0,8,23,88,0.173913043478,1.68507579377,7.65217391304,7.33333333333,5.5,3.63829000359,0.475458352741,0.249505928854,5.32278271304,1.39118184545,0.672924901186,3.27042079462,0.854769071322,0.442687747036,0.749191304359,0.444603920564,2.5,1.68507579377,0.749191304359,2.5,0.259446613992,0.18878248974,46,0.025974025974,0.333144633145,23,23,23,1,0,0.478260869565,0.217391304348,0.304347826087,23,0.158102766798,1.57073578595,6.95652173913,7.27272727273,5,3.61157559257,0.519163991432,0.282065217391,4.9714600491,1.42929476412,0.685869565217,3.05806779783,0.879194491876,0.470652173913,0.64406139004,0.410038018997,2,1.57073578595,0.64406139004,2,0.211513486513,0.183870967742,38,0.0214568040655,0.337999778,23,23,23,1,0,0.521739130435,0.173913043478,0.304347826087,23,83,0.164031620553,1,7.21739130435,6.38461538462,5.1875,3.59237224406,0.497738322973,0.26925091671,5.00671485866,1.38740291264,0.671555788371,3.17288412582,0.879232950529,0.465165007858,0,0,0,NaN,NaN,NaN,0.206935921222,0.19040247678,41,0.0231507622812,0.301928555775,23,23,0,1,2,0.434782608696,0.260869565217,0.304347826087,-5,-0.0098814229249,-0.685075793771,-0.434782608696,-0.948717948718,-0.3125,-0.0459177595226,0.0222799702313,0.0197449878566,-0.316067854387,-0.00377893281491,-0.0013691128149,-0.0975366688032,0.0244638792065,0.0224772608219,-0.749191304359,-0.444603920564,-2.5,NaN,NaN,NaN,-0.0525106927704,0.0016199870401,-5,-0.00282326369283,-0.0312160773699,-0.0434782608696,0.0434782608696,0,82,1,6,417,0.931818181818,0.997607655502,0.00239234449761,0.0681818181818,0.987951807229,0.931818181818,0.959064327485,0.951338315457,0.929425837321,0.921348314607,3,8,0,10,9,10
1529,WLNM_dir_neg_kfold,0.8359375,0.596312994071,00:00:02,10,90,10,21355,threshold_sweep,0.8,0.666666666667,0.25,0.363636363636,2,1,6,15,0.25,0.9375,0.0625,0.75,0.666666666667,0.25,0.363636363636,0.708333333333,0.625,0.222222222222,0.267261241912,0.1875,94,86,8,0,94,0,86,0,8,23,88,0.173913043478,1.68507579377,7.65217391304,7.33333333333,5.5,3.63829000359,0.475458352741,0.249505928854,5.32278271304,1.39118184545,0.672924901186,3.27042079462,0.854769071322,0.442687747036,0.749191304359,0.444603920564,2.5,1.68507579377,0.749191304359,2.5,0.259446613992,0.18878248974,46,0.025974025974,0.333144633145,23,23,23,1,0,0.478260869565,0.217391304348,0.304347826087,23,0.158102766798,1.57073578595,6.95652173913,7.27272727273,5,3.61157559257,0.519163991432,0.282065217391,4.9714600491,1.42929476412,0.685869565217,3.05806779783,0.879194491876,0.470652173913,0.64406139004,0.410038018997,2,1.57073578595,0.64406139004,2,0.211513486513,0.183870967742,38,0.0214568040655,0.337999778,23,23,23,1,0,0.521739130435,0.173913043478,0.304347826087,23,83,0.164031620553,1,7.21739130435,6.38461538462,5.1875,3.59237224406,0.497738322973,0.26925091671,5.00671485866,1.38740291264,0.671555788371,3.17288412582,0.879232950529,0.465165007858,0,0,0,NaN,NaN,NaN,0.206935921222,0.19040247678,41,0.0231507622812,0.301928555775,23,23,0,1,2,0.434782608696,0.260869565217,0.304347826087,-5,-0.0098814229249,-0.685075793771,-0.434782608696,-0.948717948718,-0.3125,-0.0459177595226,0.0222799702313,0.0197449878566,-0.316067854387,-0.00377893281491,-0.0013691128149,-0.0975366688032,0.0244638792065,0.0224772608219,-0.749191304359,-0.444603920564,-2.5,NaN,NaN,NaN,-0.0525106927704,0.0016199870401,-5,-0.00282326369283,-0.0312160773699,-0.0434782608696,0.0434782608696,0,82,1,6,417,0.931818181818,0.997607655502,0.00239234449761,0.0681818181818,0.987951807229,0.931818181818,0.959064327485,0.951338315457,0.929425837321,0.921348314607,3,8,0,10,9,10
1530,WLNM_dir_neg_kfold,0.8359375,0.596312994071,00:00:02,10,90,10,21355,threshold_sweep,0.9,0.666666666667,0.25,0.363636363636,2,1,6,15,0.25,0.9375,0.0625,0.75,0.666666666667,0.25,0.363636363636,0.708333333333,0.625,0.222222222222,0.267261241912,0.1875,94,86,8,0,94,0,86,0,8,23,88,0.173913043478,1.68507579377,7.65217391304,7.33333333333,5.5,3.63829000359,0.475458352741,0.249505928854,5.32278271304,1.39118184545,0.672924901186,3.27042079462,0.854769071322,0.442687747036,0.749191304359,0.444603920564,2.5,1.68507579377,0.749191304359,2.5,0.259446613992,0.18878248974,46,0.025974025974,0.333144633145,23,23,23,1,0,0.478260869565,0.217391304348,0.304347826087,23,0.158102766798,1.57073578595,6.95652173913,7.27272727273,5,3.61157559257,0.519163991432,0.282065217391,4.9714600491,1.42929476412,0.685869565217,3.05806779783,0.879194491876,0.470652173913,0.64406139004,0.410038018997,2,1.57073578595,0.64406139004,2,0.211513486513,0.183870967742,38,0.0214568040655,0.337999778,23,23,23,1,0,0.521739130435,0.173913043478,0.304347826087,23,83,0.164031620553,1,7.21739130435,6.38461538462,5.1875,3.59237224406,0.497738322973,0.26925091671,5.00671485866,1.38740291264,0.671555788371,3.17288412582,0.879232950529,0.465165007858,0,0,0,NaN,NaN,NaN,0.206935921222,0.19040247678,41,0.0231507622812,0.301928555775,23,23,0,1,2,0.434782608696,0.260869565217,0.304347826087,-5,-0.0098814229249,-0.685075793771,-0.434782608696,-0.948717948718,-0.3125,-0.0459177595226,0.0222799702313,0.0197449878566,-0.316067854387,-0.00377893281491,-0.0013691128149,-0.0975366688032,0.0244638792065,0.0224772608219,-0.749191304359,-0.444603920564,-2.5,NaN,NaN,NaN,-0.0525106927704,0.0016199870401,-5,-0.00282326369283,-0.0312160773699,-0.0434782608696,0.0434782608696,0,82,1,6,417,0.931818181818,0.997607655502,0.00239234449761,0.0681818181818,0.987951807229,0.931818181818,0.959064327485,0.951338315457,0.929425837321,0.921348314607,3,8,0,10,9,10
1531,WLNM_dir_neg_kfold,0.79296875,0.493601190476,00:00:02,10,90,11,21356,threshold_sweep,0.1,1,0.125,0.222222222222,1,0,7,16,0.125,1,0,0.875,1,0.125,0.222222222222,0.708333333333,0.652777777778,0.16,0.29488391231,0.125,94,86,8,0,94,0,86,0,8,23,88,0.173913043478,1.68507579377,7.65217391304,7.33333333333,5.5,3.63829000359,0.475458352741,0.249505928854,5.32278271304,1.39118184545,0.672924901186,3.27042079462,0.854769071322,0.442687747036,0.749191304359,0.444603920564,2.5,1.68507579377,0.749191304359,2.5,0.259446613992,0.18878248974,46,0.025974025974,0.333144633145,23,23,23,1,0,0.478260869565,0.217391304348,0.304347826087,23,0.158102766798,1.57073578595,6.95652173913,7.27272727273,5,3.61157559257,0.519163991432,0.282065217391,4.9714600491,1.42929476412,0.685869565217,3.05806779783,0.879194491876,0.470652173913,0.64406139004,0.410038018997,2,1.57073578595,0.64406139004,2,0.211513486513,0.183870967742,38,0.0214568040655,0.337999778,23,23,23,1,0,0.521739130435,0.173913043478,0.304347826087,23,81,0.160079051383,1.56995341615,7.04347826087,7.36363636364,5.0625,3.68631697041,0.523365989626,0.283413848631,5.06206538172,1.43737658987,0.689210950081,3.1023387837,0.880911012656,0.470209339775,0.643206671793,0.409697934459,2,1.56995341615,0.643206671793,2,0.219187479187,0.192488262911,41,0.0231507622812,0.345159285159,23,23,23,1,0,0.521739130435,0.173913043478,0.304347826087,-7,-0.0138339920949,-0.115122377622,-0.608695652174,0.030303030303,-0.4375,0.0480269668223,0.0479076368845,0.0339079197775,-0.260717331319,0.0461947444178,0.0162860488947,-0.168082010924,0.0261419413334,0.027521592739,-0.105984632566,-0.0349059861057,-0.5,-0.115122377622,-0.105984632566,-0.5,-0.0402591348046,0.00370577317072,-5,-0.00282326369283,0.0120146520147,0.0434782608696,-0.0434782608696,0,81,0,7,418,0.920454545455,1,0,0.0795454545455,1,0.920454545455,0.958579881657,0.951469451768,0.920454545455,0.920454545455,1,8,0,10,9,10
1532,WLNM_dir_neg_kfold,0.79296875,0.493601190476,00:00:02,10,90,11,21356,threshold_sweep,0.2,1,0.125,0.222222222222,1,0,7,16,0.125,1,0,0.875,1,0.125,0.222222222222,0.708333333333,0.652777777778,0.16,0.29488391231,0.125,94,86,8,0,94,0,86,0,8,23,88,0.173913043478,1.68507579377,7.65217391304,7.33333333333,5.5,3.63829000359,0.475458352741,0.249505928854,5.32278271304,1.39118184545,0.672924901186,3.27042079462,0.854769071322,0.442687747036,0.749191304359,0.444603920564,2.5,1.68507579377,0.749191304359,2.5,0.259446613992,0.18878248974,46,0.025974025974,0.333144633145,23,23,23,1,0,0.478260869565,0.217391304348,0.304347826087,23,0.158102766798,1.57073578595,6.95652173913,7.27272727273,5,3.61157559257,0.519163991432,0.282065217391,4.9714600491,1.42929476412,0.685869565217,3.05806779783,0.879194491876,0.470652173913,0.64406139004,0.410038018997,2,1.57073578595,0.64406139004,2,0.211513486513,0.183870967742,38,0.0214568040655,0.337999778,23,23,23,1,0,0.521739130435,0.173913043478,0.304347826087,23,81,0.160079051383,1.56995341615,7.04347826087,7.36363636364,5.0625,3.68631697041,0.523365989626,0.283413848631,5.06206538172,1.43737658987,0.689210950081,3.1023387837,0.880911012656,0.470209339775,0.643206671793,0.409697934459,2,1.56995341615,0.643206671793,2,0.219187479187,0.192488262911,41,0.0231507622812,0.345159285159,23,23,23,1,0,0.521739130435,0.173913043478,0.304347826087,-7,-0.0138339920949,-0.115122377622,-0.608695652174,0.030303030303,-0.4375,0.0480269668223,0.0479076368845,0.0339079197775,-0.260717331319,0.0461947444178,0.0162860488947,-0.168082010924,0.0261419413334,0.027521592739,-0.105984632566,-0.0349059861057,-0.5,-0.115122377622,-0.105984632566,-0.5,-0.0402591348046,0.00370577317072,-5,-0.00282326369283,0.0120146520147,0.0434782608696,-0.0434782608696,0,81,0,7,418,0.920454545455,1,0,0.0795454545455,1,0.920454545455,0.958579881657,0.951469451768,0.920454545455,0.920454545455,1,8,0,10,9,10
1533,WLNM_dir_neg_kfold,0.79296875,0.493601190476,00:00:02,10,90,11,21356,threshold_sweep,0.3,1,0.125,0.222222222222,1,0,7,16,0.125,1,0,0.875,1,0.125,0.222222222222,0.708333333333,0.652777777778,0.16,0.29488391231,0.125,94,86,8,0,94,0,86,0,8,23,88,0.173913043478,1.68507579377,7.65217391304,7.33333333333,5.5,3.63829000359,0.475458352741,0.249505928854,5.32278271304,1.39118184545,0.672924901186,3.27042079462,0.854769071322,0.442687747036,0.749191304359,0.444603920564,2.5,1.68507579377,0.749191304359,2.5,0.259446613992,0.18878248974,46,0.025974025974,0.333144633145,23,23,23,1,0,0.478260869565,0.217391304348,0.304347826087,23,0.158102766798,1.57073578595,6.95652173913,7.27272727273,5,3.61157559257,0.519163991432,0.282065217391,4.9714600491,1.42929476412,0.685869565217,3.05806779783,0.879194491876,0.470652173913,0.64406139004,0.410038018997,2,1.57073578595,0.64406139004,2,0.211513486513,0.183870967742,38,0.0214568040655,0.337999778,23,23,23,1,0,0.521739130435,0.173913043478,0.304347826087,23,81,0.160079051383,1.56995341615,7.04347826087,7.36363636364,5.0625,3.68631697041,0.523365989626,0.283413848631,5.06206538172,1.43737658987,0.689210950081,3.1023387837,0.880911012656,0.470209339775,0.643206671793,0.409697934459,2,1.56995341615,0.643206671793,2,0.219187479187,0.192488262911,41,0.0231507622812,0.345159285159,23,23,23,1,0,0.521739130435,0.173913043478,0.304347826087,-7,-0.0138339920949,-0.115122377622,-0.608695652174,0.030303030303,-0.4375,0.0480269668223,0.0479076368845,0.0339079197775,-0.260717331319,0.0461947444178,0.0162860488947,-0.168082010924,0.0261419413334,0.027521592739,-0.105984632566,-0.0349059861057,-0.5,-0.115122377622,-0.105984632566,-0.5,-0.0402591348046,0.00370577317072,-5,-0.00282326369283,0.0120146520147,0.0434782608696,-0.0434782608696,0,81,0,7,418,0.920454545455,1,0,0.0795454545455,1,0.920454545455,0.958579881657,0.951469451768,0.920454545455,0.920454545455,1,8,0,10,9,10
1534,WLNM_dir_neg_kfold,0.79296875,0.493601190476,00:00:02,10,90,11,21356,threshold_sweep,0.4,1,0.125,0.222222222222,1,0,7,16,0.125,1,0,0.875,1,0.125,0.222222222222,0.708333333333,0.652777777778,0.16,0.29488391231,0.125,94,86,8,0,94,0,86,0,8,23,88,0.173913043478,1.68507579377,7.65217391304,7.33333333333,5.5,3.63829000359,0.475458352741,0.249505928854,5.32278271304,1.39118184545,0.672924901186,3.27042079462,0.854769071322,0.442687747036,0.749191304359,0.444603920564,2.5,1.68507579377,0.749191304359,2.5,0.259446613992,0.18878248974,46,0.025974025974,0.333144633145,23,23,23,1,0,0.478260869565,0.217391304348,0.304347826087,23,0.158102766798,1.57073578595,6.95652173913,7.27272727273,5,3.61157559257,0.519163991432,0.282065217391,4.9714600491,1.42929476412,0.685869565217,3.05806779783,0.879194491876,0.470652173913,0.64406139004,0.410038018997,2,1.57073578595,0.64406139004,2,0.211513486513,0.183870967742,38,0.0214568040655,0.337999778,23,23,23,1,0,0.521739130435,0.173913043478,0.304347826087,23,81,0.160079051383,1.56995341615,7.04347826087,7.36363636364,5.0625,3.68631697041,0.523365989626,0.283413848631,5.06206538172,1.43737658987,0.689210950081,3.1023387837,0.880911012656,0.470209339775,0.643206671793,0.409697934459,2,1.56995341615,0.643206671793,2,0.219187479187,0.192488262911,41,0.0231507622812,0.345159285159,23,23,23,1,0,0.521739130435,0.173913043478,0.304347826087,-7,-0.0138339920949,-0.115122377622,-0.608695652174,0.030303030303,-0.4375,0.0480269668223,0.0479076368845,0.0339079197775,-0.260717331319,0.0461947444178,0.0162860488947,-0.168082010924,0.0261419413334,0.027521592739,-0.105984632566,-0.0349059861057,-0.5,-0.115122377622,-0.105984632566,-0.5,-0.0402591348046,0.00370577317072,-5,-0.00282326369283,0.0120146520147,0.0434782608696,-0.0434782608696,0,81,0,7,418,0.920454545455,1,0,0.0795454545455,1,0.920454545455,0.958579881657,0.951469451768,0.920454545455,0.920454545455,1,8,0,10,9,10
1535,WLNM_dir_neg_kfold,0.79296875,0.493601190476,00:00:02,10,90,11,21356,threshold_sweep,0.5,1,0.125,0.222222222222,1,0,7,16,0.125,1,0,0.875,1,0.125,0.222222222222,0.708333333333,0.652777777778,0.16,0.29488391231,0.125,94,86,8,0,94,0,86,0,8,23,88,0.173913043478,1.68507579377,7.65217391304,7.33333333333,5.5,3.63829000359,0.475458352741,0.249505928854,5.32278271304,1.39118184545,0.672924901186,3.27042079462,0.854769071322,0.442687747036,0.749191304359,0.444603920564,2.5,1.68507579377,0.749191304359,2.5,0.259446613992,0.18878248974,46,0.025974025974,0.333144633145,23,23,23,1,0,0.478260869565,0.217391304348,0.304347826087,23,0.158102766798,1.57073578595,6.95652173913,7.27272727273,5,3.61157559257,0.519163991432,0.282065217391,4.9714600491,1.42929476412,0.685869565217,3.05806779783,0.879194491876,0.470652173913,0.64406139004,0.410038018997,2,1.57073578595,0.64406139004,2,0.211513486513,0.183870967742,38,0.0214568040655,0.337999778,23,23,23,1,0,0.521739130435,0.173913043478,0.304347826087,23,81,0.160079051383,1.56995341615,7.04347826087,7.36363636364,5.0625,3.68631697041,0.523365989626,0.283413848631,5.06206538172,1.43737658987,0.689210950081,3.1023387837,0.880911012656,0.470209339775,0.643206671793,0.409697934459,2,1.56995341615,0.643206671793,2,0.219187479187,0.192488262911,41,0.0231507622812,0.345159285159,23,23,23,1,0,0.521739130435,0.173913043478,0.304347826087,-7,-0.0138339920949,-0.115122377622,-0.608695652174,0.030303030303,-0.4375,0.0480269668223,0.0479076368845,0.0339079197775,-0.260717331319,0.0461947444178,0.0162860488947,-0.168082010924,0.0261419413334,0.027521592739,-0.105984632566,-0.0349059861057,-0.5,-0.115122377622,-0.105984632566,-0.5,-0.0402591348046,0.00370577317072,-5,-0.00282326369283,0.0120146520147,0.0434782608696,-0.0434782608696,0,81,0,7,418,0.920454545455,1,0,0.0795454545455,1,0.920454545455,0.958579881657,0.951469451768,0.920454545455,0.920454545455,1,8,0,10,9,10
1536,WLNM_dir_neg_kfold,0.79296875,0.493601190476,00:00:02,10,90,11,21356,threshold_sweep,0.6,1,0.125,0.222222222222,1,0,7,16,0.125,1,0,0.875,1,0.125,0.222222222222,0.708333333333,0.652777777778,0.16,0.29488391231,0.125,94,86,8,0,94,0,86,0,8,23,88,0.173913043478,1.68507579377,7.65217391304,7.33333333333,5.5,3.63829000359,0.475458352741,0.249505928854,5.32278271304,1.39118184545,0.672924901186,3.27042079462,0.854769071322,0.442687747036,0.749191304359,0.444603920564,2.5,1.68507579377,0.749191304359,2.5,0.259446613992,0.18878248974,46,0.025974025974,0.333144633145,23,23,23,1,0,0.478260869565,0.217391304348,0.304347826087,23,0.158102766798,1.57073578595,6.95652173913,7.27272727273,5,3.61157559257,0.519163991432,0.282065217391,4.9714600491,1.42929476412,0.685869565217,3.05806779783,0.879194491876,0.470652173913,0.64406139004,0.410038018997,2,1.57073578595,0.64406139004,2,0.211513486513,0.183870967742,38,0.0214568040655,0.337999778,23,23,23,1,0,0.521739130435,0.173913043478,0.304347826087,23,81,0.160079051383,1.56995341615,7.04347826087,7.36363636364,5.0625,3.68631697041,0.523365989626,0.283413848631,5.06206538172,1.43737658987,0.689210950081,3.1023387837,0.880911012656,0.470209339775,0.643206671793,0.409697934459,2,1.56995341615,0.643206671793,2,0.219187479187,0.192488262911,41,0.0231507622812,0.345159285159,23,23,23,1,0,0.521739130435,0.173913043478,0.304347826087,-7,-0.0138339920949,-0.115122377622,-0.608695652174,0.030303030303,-0.4375,0.0480269668223,0.0479076368845,0.0339079197775,-0.260717331319,0.0461947444178,0.0162860488947,-0.168082010924,0.0261419413334,0.027521592739,-0.105984632566,-0.0349059861057,-0.5,-0.115122377622,-0.105984632566,-0.5,-0.0402591348046,0.00370577317072,-5,-0.00282326369283,0.0120146520147,0.0434782608696,-0.0434782608696,0,81,0,7,418,0.920454545455,1,0,0.0795454545455,1,0.920454545455,0.958579881657,0.951469451768,0.920454545455,0.920454545455,1,8,0,10,9,10
1537,WLNM_dir_neg_kfold,0.79296875,0.493601190476,00:00:02,10,90,11,21356,threshold_sweep,0.7,1,0.125,0.222222222222,1,0,7,16,0.125,1,0,0.875,1,0.125,0.222222222222,0.708333333333,0.652777777778,0.16,0.29488391231,0.125,94,86,8,0,94,0,86,0,8,23,88,0.173913043478,1.68507579377,7.65217391304,7.33333333333,5.5,3.63829000359,0.475458352741,0.249505928854,5.32278271304,1.39118184545,0.672924901186,3.27042079462,0.854769071322,0.442687747036,0.749191304359,0.444603920564,2.5,1.68507579377,0.749191304359,2.5,0.259446613992,0.18878248974,46,0.025974025974,0.333144633145,23,23,23,1,0,0.478260869565,0.217391304348,0.304347826087,23,0.158102766798,1.57073578595,6.95652173913,7.27272727273,5,3.61157559257,0.519163991432,0.282065217391,4.9714600491,1.42929476412,0.685869565217,3.05806779783,0.879194491876,0.470652173913,0.64406139004,0.410038018997,2,1.57073578595,0.64406139004,2,0.211513486513,0.183870967742,38,0.0214568040655,0.337999778,23,23,23,1,0,0.521739130435,0.173913043478,0.304347826087,23,81,0.160079051383,1.56995341615,7.04347826087,7.36363636364,5.0625,3.68631697041,0.523365989626,0.283413848631,5.06206538172,1.43737658987,0.689210950081,3.1023387837,0.880911012656,0.470209339775,0.643206671793,0.409697934459,2,1.56995341615,0.643206671793,2,0.219187479187,0.192488262911,41,0.0231507622812,0.345159285159,23,23,23,1,0,0.521739130435,0.173913043478,0.304347826087,-7,-0.0138339920949,-0.115122377622,-0.608695652174,0.030303030303,-0.4375,0.0480269668223,0.0479076368845,0.0339079197775,-0.260717331319,0.0461947444178,0.0162860488947,-0.168082010924,0.0261419413334,0.027521592739,-0.105984632566,-0.0349059861057,-0.5,-0.115122377622,-0.105984632566,-0.5,-0.0402591348046,0.00370577317072,-5,-0.00282326369283,0.0120146520147,0.0434782608696,-0.0434782608696,0,81,0,7,418,0.920454545455,1,0,0.0795454545455,1,0.920454545455,0.958579881657,0.951469451768,0.920454545455,0.920454545455,1,8,0,10,9,10
1538,WLNM_dir_neg_kfold,0.79296875,0.493601190476,00:00:02,10,90,11,21356,threshold_sweep,0.8,1,0.125,0.222222222222,1,0,7,16,0.125,1,0,0.875,1,0.125,0.222222222222,0.708333333333,0.652777777778,0.16,0.29488391231,0.125,94,86,8,0,94,0,86,0,8,23,88,0.173913043478,1.68507579377,7.65217391304,7.33333333333,5.5,3.63829000359,0.475458352741,0.249505928854,5.32278271304,1.39118184545,0.672924901186,3.27042079462,0.854769071322,0.442687747036,0.749191304359,0.444603920564,2.5,1.68507579377,0.749191304359,2.5,0.259446613992,0.18878248974,46,0.025974025974,0.333144633145,23,23,23,1,0,0.478260869565,0.217391304348,0.304347826087,23,0.158102766798,1.57073578595,6.95652173913,7.27272727273,5,3.61157559257,0.519163991432,0.282065217391,4.9714600491,1.42929476412,0.685869565217,3.05806779783,0.879194491876,0.470652173913,0.64406139004,0.410038018997,2,1.57073578595,0.64406139004,2,0.211513486513,0.183870967742,38,0.0214568040655,0.337999778,23,23,23,1,0,0.521739130435,0.173913043478,0.304347826087,23,81,0.160079051383,1.56995341615,7.04347826087,7.36363636364,5.0625,3.68631697041,0.523365989626,0.283413848631,5.06206538172,1.43737658987,0.689210950081,3.1023387837,0.880911012656,0.470209339775,0.643206671793,0.409697934459,2,1.56995341615,0.643206671793,2,0.219187479187,0.192488262911,41,0.0231507622812,0.345159285159,23,23,23,1,0,0.521739130435,0.173913043478,0.304347826087,-7,-0.0138339920949,-0.115122377622,-0.608695652174,0.030303030303,-0.4375,0.0480269668223,0.0479076368845,0.0339079197775,-0.260717331319,0.0461947444178,0.0162860488947,-0.168082010924,0.0261419413334,0.027521592739,-0.105984632566,-0.0349059861057,-0.5,-0.115122377622,-0.105984632566,-0.5,-0.0402591348046,0.00370577317072,-5,-0.00282326369283,0.0120146520147,0.0434782608696,-0.0434782608696,0,81,0,7,418,0.920454545455,1,0,0.0795454545455,1,0.920454545455,0.958579881657,0.951469451768,0.920454545455,0.920454545455,1,8,0,10,9,10
1539,WLNM_dir_neg_kfold,0.79296875,0.493601190476,00:00:02,10,90,11,21356,threshold_sweep,0.9,1,0.125,0.222222222222,1,0,7,16,0.125,1,0,0.875,1,0.125,0.222222222222,0.708333333333,0.652777777778,0.16,0.29488391231,0.125,94,86,8,0,94,0,86,0,8,23,88,0.173913043478,1.68507579377,7.65217391304,7.33333333333,5.5,3.63829000359,0.475458352741,0.249505928854,5.32278271304,1.39118184545,0.672924901186,3.27042079462,0.854769071322,0.442687747036,0.749191304359,0.444603920564,2.5,1.68507579377,0.749191304359,2.5,0.259446613992,0.18878248974,46,0.025974025974,0.333144633145,23,23,23,1,0,0.478260869565,0.217391304348,0.304347826087,23,0.158102766798,1.57073578595,6.95652173913,7.27272727273,5,3.61157559257,0.519163991432,0.282065217391,4.9714600491,1.42929476412,0.685869565217,3.05806779783,0.879194491876,0.470652173913,0.64406139004,0.410038018997,2,1.57073578595,0.64406139004,2,0.211513486513,0.183870967742,38,0.0214568040655,0.337999778,23,23,23,1,0,0.521739130435,0.173913043478,0.304347826087,23,81,0.160079051383,1.56995341615,7.04347826087,7.36363636364,5.0625,3.68631697041,0.523365989626,0.283413848631,5.06206538172,1.43737658987,0.689210950081,3.1023387837,0.880911012656,0.470209339775,0.643206671793,0.409697934459,2,1.56995341615,0.643206671793,2,0.219187479187,0.192488262911,41,0.0231507622812,0.345159285159,23,23,23,1,0,0.521739130435,0.173913043478,0.304347826087,-7,-0.0138339920949,-0.115122377622,-0.608695652174,0.030303030303,-0.4375,0.0480269668223,0.0479076368845,0.0339079197775,-0.260717331319,0.0461947444178,0.0162860488947,-0.168082010924,0.0261419413334,0.027521592739,-0.105984632566,-0.0349059861057,-0.5,-0.115122377622,-0.105984632566,-0.5,-0.0402591348046,0.00370577317072,-5,-0.00282326369283,0.0120146520147,0.0434782608696,-0.0434782608696,0,81,0,7,418,0.920454545455,1,0,0.0795454545455,1,0.920454545455,0.958579881657,0.951469451768,0.920454545455,0.920454545455,1,8,0,10,9,10
1540,WLNM_dir_neg_kfold,0.72265625,0.463953754579,00:00:02,10,90,12,21357,threshold_sweep,0.1,1,0.25,0.4,2,0,6,16,0.25,1,0,0.75,1,0.25,0.4,0.75,0.638888888889,0.307692307692,0.426401432711,0.25,94,86,8,0,94,0,86,0,8,23,88,0.173913043478,1.68507579377,7.65217391304,7.33333333333,5.5,3.63829000359,0.475458352741,0.249505928854,5.32278271304,1.39118184545,0.672924901186,3.27042079462,0.854769071322,0.442687747036,0.749191304359,0.444603920564,2.5,1.68507579377,0.749191304359,2.5,0.259446613992,0.18878248974,46,0.025974025974,0.333144633145,23,23,23,1,0,0.478260869565,0.217391304348,0.304347826087,23,0.158102766798,1.57073578595,6.95652173913,7.27272727273,5,3.61157559257,0.519163991432,0.282065217391,4.9714600491,1.42929476412,0.685869565217,3.05806779783,0.879194491876,0.470652173913,0.64406139004,0.410038018997,2,1.57073578595,0.64406139004,2,0.211513486513,0.183870967742,38,0.0214568040655,0.337999778,23,23,23,1,0,0.521739130435,0.173913043478,0.304347826087,23,82,0.162055335968,1.66481507623,7.13043478261,6.83333333333,5.125,3.6093860952,0.506194391399,0.273594909862,5.03466246008,1.41216142173,0.680805938494,3.13087392616,0.878171954898,0.466595970308,0.700791110295,0.420942313835,2,1.66481507623,0.700791110295,2,0.206935921222,0.19040247678,41,0.0231507622812,0.314652939653,23,23,23,1,0,0.478260869565,0.217391304348,0.304347826087,-6,-0.0118577075099,-0.0202607175433,-0.521739130435,-0.5,-0.375,-0.0289039083911,0.0307360386579,0.0240889810084,-0.288120252962,0.0209795762757,0.0078810373084,-0.139546868466,0.0234028835759,0.023908223272,-0.0484001940635,-0.023661606729,-0.5,-0.0202607175433,-0.0484001940635,-0.5,-0.0525106927704,0.0016199870401,-5,-0.00282326369283,-0.0184916934917,0,0,0,82,0,6,418,0.931818181818,1,0,0.0681818181818,1,0.931818181818,0.964705882353,0.958452959446,0.931818181818,0.931818181818,2,8,0,10,9,10
1541,WLNM_dir_neg_kfold,0.72265625,0.463953754579,00:00:02,10,90,12,21357,threshold_sweep,0.2,1,0.25,0.4,2,0,6,16,0.25,1,0,0.75,1,0.25,0.4,0.75,0.638888888889,0.307692307692,0.426401432711,0.25,94,86,8,0,94,0,86,0,8,23,88,0.173913043478,1.68507579377,7.65217391304,7.33333333333,5.5,3.63829000359,0.475458352741,0.249505928854,5.32278271304,1.39118184545,0.672924901186,3.27042079462,0.854769071322,0.442687747036,0.749191304359,0.444603920564,2.5,1.68507579377,0.749191304359,2.5,0.259446613992,0.18878248974,46,0.025974025974,0.333144633145,23,23,23,1,0,0.478260869565,0.217391304348,0.304347826087,23,0.158102766798,1.57073578595,6.95652173913,7.27272727273,5,3.61157559257,0.519163991432,0.282065217391,4.9714600491,1.42929476412,0.685869565217,3.05806779783,0.879194491876,0.470652173913,0.64406139004,0.410038018997,2,1.57073578595,0.64406139004,2,0.211513486513,0.183870967742,38,0.0214568040655,0.337999778,23,23,23,1,0,0.521739130435,0.173913043478,0.304347826087,23,82,0.162055335968,1.66481507623,7.13043478261,6.83333333333,5.125,3.6093860952,0.506194391399,0.273594909862,5.03466246008,1.41216142173,0.680805938494,3.13087392616,0.878171954898,0.466595970308,0.700791110295,0.420942313835,2,1.66481507623,0.700791110295,2,0.206935921222,0.19040247678,41,0.0231507622812,0.314652939653,23,23,23,1,0,0.478260869565,0.217391304348,0.304347826087,-6,-0.0118577075099,-0.0202607175433,-0.521739130435,-0.5,-0.375,-0.0289039083911,0.0307360386579,0.0240889810084,-0.288120252962,0.0209795762757,0.0078810373084,-0.139546868466,0.0234028835759,0.023908223272,-0.0484001940635,-0.023661606729,-0.5,-0.0202607175433,-0.0484001940635,-0.5,-0.0525106927704,0.0016199870401,-5,-0.00282326369283,-0.0184916934917,0,0,0,82,0,6,418,0.931818181818,1,0,0.0681818181818,1,0.931818181818,0.964705882353,0.958452959446,0.931818181818,0.931818181818,2,8,0,10,9,10
1542,WLNM_dir_neg_kfold,0.72265625,0.463953754579,00:00:02,10,90,12,21357,threshold_sweep,0.3,1,0.125,0.222222222222,1,0,7,16,0.125,1,0,0.875,1,0.125,0.222222222222,0.708333333333,0.652777777778,0.16,0.29488391231,0.125,94,86,8,0,94,0,86,0,8,23,88,0.173913043478,1.68507579377,7.65217391304,7.33333333333,5.5,3.63829000359,0.475458352741,0.249505928854,5.32278271304,1.39118184545,0.672924901186,3.27042079462,0.854769071322,0.442687747036,0.749191304359,0.444603920564,2.5,1.68507579377,0.749191304359,2.5,0.259446613992,0.18878248974,46,0.025974025974,0.333144633145,23,23,23,1,0,0.478260869565,0.217391304348,0.304347826087,23,0.158102766798,1.57073578595,6.95652173913,7.27272727273,5,3.61157559257,0.519163991432,0.282065217391,4.9714600491,1.42929476412,0.685869565217,3.05806779783,0.879194491876,0.470652173913,0.64406139004,0.410038018997,2,1.57073578595,0.64406139004,2,0.211513486513,0.183870967742,38,0.0214568040655,0.337999778,23,23,23,1,0,0.521739130435,0.173913043478,0.304347826087,23,81,0.160079051383,1.56995341615,7.04347826087,7.36363636364,5.0625,3.68631697041,0.523365989626,0.283413848631,5.06206538172,1.43737658987,0.689210950081,3.1023387837,0.880911012656,0.470209339775,0.643206671793,0.409697934459,2,1.56995341615,0.643206671793,2,0.219187479187,0.192488262911,41,0.0231507622812,0.345159285159,23,23,23,1,0,0.521739130435,0.173913043478,0.304347826087,-7,-0.0138339920949,-0.115122377622,-0.608695652174,0.030303030303,-0.4375,0.0480269668223,0.0479076368845,0.0339079197775,-0.260717331319,0.0461947444178,0.0162860488947,-0.168082010924,0.0261419413334,0.027521592739,-0.105984632566,-0.0349059861057,-0.5,-0.115122377622,-0.105984632566,-0.5,-0.0402591348046,0.00370577317072,-5,-0.00282326369283,0.0120146520147,0.0434782608696,-0.0434782608696,0,81,0,7,418,0.920454545455,1,0,0.0795454545455,1,0.920454545455,0.958579881657,0.951469451768,0.920454545455,0.920454545455,1,8,0,10,9,10
1543,WLNM_dir_neg_kfold,0.72265625,0.463953754579,00:00:02,10,90,12,21357,threshold_sweep,0.4,1,0.125,0.222222222222,1,0,7,16,0.125,1,0,0.875,1,0.125,0.222222222222,0.708333333333,0.652777777778,0.16,0.29488391231,0.125,94,86,8,0,94,0,86,0,8,23,88,0.173913043478,1.68507579377,7.65217391304,7.33333333333,5.5,3.63829000359,0.475458352741,0.249505928854,5.32278271304,1.39118184545,0.672924901186,3.27042079462,0.854769071322,0.442687747036,0.749191304359,0.444603920564,2.5,1.68507579377,0.749191304359,2.5,0.259446613992,0.18878248974,46,0.025974025974,0.333144633145,23,23,23,1,0,0.478260869565,0.217391304348,0.304347826087,23,0.158102766798,1.57073578595,6.95652173913,7.27272727273,5,3.61157559257,0.519163991432,0.282065217391,4.9714600491,1.42929476412,0.685869565217,3.05806779783,0.879194491876,0.470652173913,0.64406139004,0.410038018997,2,1.57073578595,0.64406139004,2,0.211513486513,0.183870967742,38,0.0214568040655,0.337999778,23,23,23,1,0,0.521739130435,0.173913043478,0.304347826087,23,81,0.160079051383,1.56995341615,7.04347826087,7.36363636364,5.0625,3.68631697041,0.523365989626,0.283413848631,5.06206538172,1.43737658987,0.689210950081,3.1023387837,0.880911012656,0.470209339775,0.643206671793,0.409697934459,2,1.56995341615,0.643206671793,2,0.219187479187,0.192488262911,41,0.0231507622812,0.345159285159,23,23,23,1,0,0.521739130435,0.173913043478,0.304347826087,-7,-0.0138339920949,-0.115122377622,-0.608695652174,0.030303030303,-0.4375,0.0480269668223,0.0479076368845,0.0339079197775,-0.260717331319,0.0461947444178,0.0162860488947,-0.168082010924,0.0261419413334,0.027521592739,-0.105984632566,-0.0349059861057,-0.5,-0.115122377622,-0.105984632566,-0.5,-0.0402591348046,0.00370577317072,-5,-0.00282326369283,0.0120146520147,0.0434782608696,-0.0434782608696,0,81,0,7,418,0.920454545455,1,0,0.0795454545455,1,0.920454545455,0.958579881657,0.951469451768,0.920454545455,0.920454545455,1,8,0,10,9,10
1544,WLNM_dir_neg_kfold,0.72265625,0.463953754579,00:00:02,10,90,12,21357,threshold_sweep,0.5,1,0.125,0.222222222222,1,0,7,16,0.125,1,0,0.875,1,0.125,0.222222222222,0.708333333333,0.652777777778,0.16,0.29488391231,0.125,94,86,8,0,94,0,86,0,8,23,88,0.173913043478,1.68507579377,7.65217391304,7.33333333333,5.5,3.63829000359,0.475458352741,0.249505928854,5.32278271304,1.39118184545,0.672924901186,3.27042079462,0.854769071322,0.442687747036,0.749191304359,0.444603920564,2.5,1.68507579377,0.749191304359,2.5,0.259446613992,0.18878248974,46,0.025974025974,0.333144633145,23,23,23,1,0,0.478260869565,0.217391304348,0.304347826087,23,0.158102766798,1.57073578595,6.95652173913,7.27272727273,5,3.61157559257,0.519163991432,0.282065217391,4.9714600491,1.42929476412,0.685869565217,3.05806779783,0.879194491876,0.470652173913,0.64406139004,0.410038018997,2,1.57073578595,0.64406139004,2,0.211513486513,0.183870967742,38,0.0214568040655,0.337999778,23,23,23,1,0,0.521739130435,0.173913043478,0.304347826087,23,81,0.160079051383,1.56995341615,7.04347826087,7.36363636364,5.0625,3.68631697041,0.523365989626,0.283413848631,5.06206538172,1.43737658987,0.689210950081,3.1023387837,0.880911012656,0.470209339775,0.643206671793,0.409697934459,2,1.56995341615,0.643206671793,2,0.219187479187,0.192488262911,41,0.0231507622812,0.345159285159,23,23,23,1,0,0.521739130435,0.173913043478,0.304347826087,-7,-0.0138339920949,-0.115122377622,-0.608695652174,0.030303030303,-0.4375,0.0480269668223,0.0479076368845,0.0339079197775,-0.260717331319,0.0461947444178,0.0162860488947,-0.168082010924,0.0261419413334,0.027521592739,-0.105984632566,-0.0349059861057,-0.5,-0.115122377622,-0.105984632566,-0.5,-0.0402591348046,0.00370577317072,-5,-0.00282326369283,0.0120146520147,0.0434782608696,-0.0434782608696,0,81,0,7,418,0.920454545455,1,0,0.0795454545455,1,0.920454545455,0.958579881657,0.951469451768,0.920454545455,0.920454545455,1,8,0,10,9,10
1545,WLNM_dir_neg_kfold,0.72265625,0.463953754579,00:00:02,10,90,12,21357,threshold_sweep,0.6,1,0.125,0.222222222222,1,0,7,16,0.125,1,0,0.875,1,0.125,0.222222222222,0.708333333333,0.652777777778,0.16,0.29488391231,0.125,94,86,8,0,94,0,86,0,8,23,88,0.173913043478,1.68507579377,7.65217391304,7.33333333333,5.5,3.63829000359,0.475458352741,0.249505928854,5.32278271304,1.39118184545,0.672924901186,3.27042079462,0.854769071322,0.442687747036,0.749191304359,0.444603920564,2.5,1.68507579377,0.749191304359,2.5,0.259446613992,0.18878248974,46,0.025974025974,0.333144633145,23,23,23,1,0,0.478260869565,0.217391304348,0.304347826087,23,0.158102766798,1.57073578595,6.95652173913,7.27272727273,5,3.61157559257,0.519163991432,0.282065217391,4.9714600491,1.42929476412,0.685869565217,3.05806779783,0.879194491876,0.470652173913,0.64406139004,0.410038018997,2,1.57073578595,0.64406139004,2,0.211513486513,0.183870967742,38,0.0214568040655,0.337999778,23,23,23,1,0,0.521739130435,0.173913043478,0.304347826087,23,81,0.160079051383,1.56995341615,7.04347826087,7.36363636364,5.0625,3.68631697041,0.523365989626,0.283413848631,5.06206538172,1.43737658987,0.689210950081,3.1023387837,0.880911012656,0.470209339775,0.643206671793,0.409697934459,2,1.56995341615,0.643206671793,2,0.219187479187,0.192488262911,41,0.0231507622812,0.345159285159,23,23,23,1,0,0.521739130435,0.173913043478,0.304347826087,-7,-0.0138339920949,-0.115122377622,-0.608695652174,0.030303030303,-0.4375,0.0480269668223,0.0479076368845,0.0339079197775,-0.260717331319,0.0461947444178,0.0162860488947,-0.168082010924,0.0261419413334,0.027521592739,-0.105984632566,-0.0349059861057,-0.5,-0.115122377622,-0.105984632566,-0.5,-0.0402591348046,0.00370577317072,-5,-0.00282326369283,0.0120146520147,0.0434782608696,-0.0434782608696,0,81,0,7,418,0.920454545455,1,0,0.0795454545455,1,0.920454545455,0.958579881657,0.951469451768,0.920454545455,0.920454545455,1,8,0,10,9,10
1546,WLNM_dir_neg_kfold,0.72265625,0.463953754579,00:00:02,10,90,12,21357,threshold_sweep,0.7,1,0.125,0.222222222222,1,0,7,16,0.125,1,0,0.875,1,0.125,0.222222222222,0.708333333333,0.652777777778,0.16,0.29488391231,0.125,94,86,8,0,94,0,86,0,8,23,88,0.173913043478,1.68507579377,7.65217391304,7.33333333333,5.5,3.63829000359,0.475458352741,0.249505928854,5.32278271304,1.39118184545,0.672924901186,3.27042079462,0.854769071322,0.442687747036,0.749191304359,0.444603920564,2.5,1.68507579377,0.749191304359,2.5,0.259446613992,0.18878248974,46,0.025974025974,0.333144633145,23,23,23,1,0,0.478260869565,0.217391304348,0.304347826087,23,0.158102766798,1.57073578595,6.95652173913,7.27272727273,5,3.61157559257,0.519163991432,0.282065217391,4.9714600491,1.42929476412,0.685869565217,3.05806779783,0.879194491876,0.470652173913,0.64406139004,0.410038018997,2,1.57073578595,0.64406139004,2,0.211513486513,0.183870967742,38,0.0214568040655,0.337999778,23,23,23,1,0,0.521739130435,0.173913043478,0.304347826087,23,81,0.160079051383,1.56995341615,7.04347826087,7.36363636364,5.0625,3.68631697041,0.523365989626,0.283413848631,5.06206538172,1.43737658987,0.689210950081,3.1023387837,0.880911012656,0.470209339775,0.643206671793,0.409697934459,2,1.56995341615,0.643206671793,2,0.219187479187,0.192488262911,41,0.0231507622812,0.345159285159,23,23,23,1,0,0.521739130435,0.173913043478,0.304347826087,-7,-0.0138339920949,-0.115122377622,-0.608695652174,0.030303030303,-0.4375,0.0480269668223,0.0479076368845,0.0339079197775,-0.260717331319,0.0461947444178,0.0162860488947,-0.168082010924,0.0261419413334,0.027521592739,-0.105984632566,-0.0349059861057,-0.5,-0.115122377622,-0.105984632566,-0.5,-0.0402591348046,0.00370577317072,-5,-0.00282326369283,0.0120146520147,0.0434782608696,-0.0434782608696,0,81,0,7,418,0.920454545455,1,0,0.0795454545455,1,0.920454545455,0.958579881657,0.951469451768,0.920454545455,0.920454545455,1,8,0,10,9,10
1547,WLNM_dir_neg_kfold,0.72265625,0.463953754579,00:00:02,10,90,12,21357,threshold_sweep,0.8,1,0.125,0.222222222222,1,0,7,16,0.125,1,0,0.875,1,0.125,0.222222222222,0.708333333333,0.652777777778,0.16,0.29488391231,0.125,94,86,8,0,94,0,86,0,8,23,88,0.173913043478,1.68507579377,7.65217391304,7.33333333333,5.5,3.63829000359,0.475458352741,0.249505928854,5.32278271304,1.39118184545,0.672924901186,3.27042079462,0.854769071322,0.442687747036,0.749191304359,0.444603920564,2.5,1.68507579377,0.749191304359,2.5,0.259446613992,0.18878248974,46,0.025974025974,0.333144633145,23,23,23,1,0,0.478260869565,0.217391304348,0.304347826087,23,0.158102766798,1.57073578595,6.95652173913,7.27272727273,5,3.61157559257,0.519163991432,0.282065217391,4.9714600491,1.42929476412,0.685869565217,3.05806779783,0.879194491876,0.470652173913,0.64406139004,0.410038018997,2,1.57073578595,0.64406139004,2,0.211513486513,0.183870967742,38,0.0214568040655,0.337999778,23,23,23,1,0,0.521739130435,0.173913043478,0.304347826087,23,81,0.160079051383,1.56995341615,7.04347826087,7.36363636364,5.0625,3.68631697041,0.523365989626,0.283413848631,5.06206538172,1.43737658987,0.689210950081,3.1023387837,0.880911012656,0.470209339775,0.643206671793,0.409697934459,2,1.56995341615,0.643206671793,2,0.219187479187,0.192488262911,41,0.0231507622812,0.345159285159,23,23,23,1,0,0.521739130435,0.173913043478,0.304347826087,-7,-0.0138339920949,-0.115122377622,-0.608695652174,0.030303030303,-0.4375,0.0480269668223,0.0479076368845,0.0339079197775,-0.260717331319,0.0461947444178,0.0162860488947,-0.168082010924,0.0261419413334,0.027521592739,-0.105984632566,-0.0349059861057,-0.5,-0.115122377622,-0.105984632566,-0.5,-0.0402591348046,0.00370577317072,-5,-0.00282326369283,0.0120146520147,0.0434782608696,-0.0434782608696,0,81,0,7,418,0.920454545455,1,0,0.0795454545455,1,0.920454545455,0.958579881657,0.951469451768,0.920454545455,0.920454545455,1,8,0,10,9,10
1548,WLNM_dir_neg_kfold,0.72265625,0.463953754579,00:00:02,10,90,12,21357,threshold_sweep,0.9,1,0.125,0.222222222222,1,0,7,16,0.125,1,0,0.875,1,0.125,0.222222222222,0.708333333333,0.652777777778,0.16,0.29488391231,0.125,94,86,8,0,94,0,86,0,8,23,88,0.173913043478,1.68507579377,7.65217391304,7.33333333333,5.5,3.63829000359,0.475458352741,0.249505928854,5.32278271304,1.39118184545,0.672924901186,3.27042079462,0.854769071322,0.442687747036,0.749191304359,0.444603920564,2.5,1.68507579377,0.749191304359,2.5,0.259446613992,0.18878248974,46,0.025974025974,0.333144633145,23,23,23,1,0,0.478260869565,0.217391304348,0.304347826087,23,0.158102766798,1.57073578595,6.95652173913,7.27272727273,5,3.61157559257,0.519163991432,0.282065217391,4.9714600491,1.42929476412,0.685869565217,3.05806779783,0.879194491876,0.470652173913,0.64406139004,0.410038018997,2,1.57073578595,0.64406139004,2,0.211513486513,0.183870967742,38,0.0214568040655,0.337999778,23,23,23,1,0,0.521739130435,0.173913043478,0.304347826087,23,81,0.160079051383,1.56995341615,7.04347826087,7.36363636364,5.0625,3.68631697041,0.523365989626,0.283413848631,5.06206538172,1.43737658987,0.689210950081,3.1023387837,0.880911012656,0.470209339775,0.643206671793,0.409697934459,2,1.56995341615,0.643206671793,2,0.219187479187,0.192488262911,41,0.0231507622812,0.345159285159,23,23,23,1,0,0.521739130435,0.173913043478,0.304347826087,-7,-0.0138339920949,-0.115122377622,-0.608695652174,0.030303030303,-0.4375,0.0480269668223,0.0479076368845,0.0339079197775,-0.260717331319,0.0461947444178,0.0162860488947,-0.168082010924,0.0261419413334,0.027521592739,-0.105984632566,-0.0349059861057,-0.5,-0.115122377622,-0.105984632566,-0.5,-0.0402591348046,0.00370577317072,-5,-0.00282326369283,0.0120146520147,0.0434782608696,-0.0434782608696,0,81,0,7,418,0.920454545455,1,0,0.0795454545455,1,0.920454545455,0.958579881657,0.951469451768,0.920454545455,0.920454545455,1,8,0,10,9,10
1549,WLNM_dir_neg_kfold,0.63671875,0.402935606061,00:00:02,10,90,13,21358,threshold_sweep,0.1,1,0.25,0.4,2,0,6,16,0.25,1,0,0.75,1,0.25,0.4,0.75,0.638888888889,0.307692307692,0.426401432711,0.25,94,86,8,0,94,0,86,0,8,23,88,0.173913043478,1.68507579377,7.65217391304,7.33333333333,5.5,3.63829000359,0.475458352741,0.249505928854,5.32278271304,1.39118184545,0.672924901186,3.27042079462,0.854769071322,0.442687747036,0.749191304359,0.444603920564,2.5,1.68507579377,0.749191304359,2.5,0.259446613992,0.18878248974,46,0.025974025974,0.333144633145,23,23,23,1,0,0.478260869565,0.217391304348,0.304347826087,23,0.158102766798,1.57073578595,6.95652173913,7.27272727273,5,3.61157559257,0.519163991432,0.282065217391,4.9714600491,1.42929476412,0.685869565217,3.05806779783,0.879194491876,0.470652173913,0.64406139004,0.410038018997,2,1.57073578595,0.64406139004,2,0.211513486513,0.183870967742,38,0.0214568040655,0.337999778,23,23,23,1,0,0.521739130435,0.173913043478,0.304347826087,23,82,0.162055335968,1.66481507623,7.13043478261,6.83333333333,5.125,3.6093860952,0.506194391399,0.273594909862,5.03466246008,1.41216142173,0.680805938494,3.13087392616,0.878171954898,0.466595970308,0.700791110295,0.420942313835,2,1.66481507623,0.700791110295,2,0.206935921222,0.19040247678,41,0.0231507622812,0.314652939653,23,23,23,1,0,0.478260869565,0.217391304348,0.304347826087,-6,-0.0118577075099,-0.0202607175433,-0.521739130435,-0.5,-0.375,-0.0289039083911,0.0307360386579,0.0240889810084,-0.288120252962,0.0209795762757,0.0078810373084,-0.139546868466,0.0234028835759,0.023908223272,-0.0484001940635,-0.023661606729,-0.5,-0.0202607175433,-0.0484001940635,-0.5,-0.0525106927704,0.0016199870401,-5,-0.00282326369283,-0.0184916934917,0,0,0,82,0,6,418,0.931818181818,1,0,0.0681818181818,1,0.931818181818,0.964705882353,0.958452959446,0.931818181818,0.931818181818,2,8,0,10,9,10
1550,WLNM_dir_neg_kfold,0.63671875,0.402935606061,00:00:02,10,90,13,21358,threshold_sweep,0.2,1,0.125,0.222222222222,1,0,7,16,0.125,1,0,0.875,1,0.125,0.222222222222,0.708333333333,0.652777777778,0.16,0.29488391231,0.125,94,86,8,0,94,0,86,0,8,23,88,0.173913043478,1.68507579377,7.65217391304,7.33333333333,5.5,3.63829000359,0.475458352741,0.249505928854,5.32278271304,1.39118184545,0.672924901186,3.27042079462,0.854769071322,0.442687747036,0.749191304359,0.444603920564,2.5,1.68507579377,0.749191304359,2.5,0.259446613992,0.18878248974,46,0.025974025974,0.333144633145,23,23,23,1,0,0.478260869565,0.217391304348,0.304347826087,23,0.158102766798,1.57073578595,6.95652173913,7.27272727273,5,3.61157559257,0.519163991432,0.282065217391,4.9714600491,1.42929476412,0.685869565217,3.05806779783,0.879194491876,0.470652173913,0.64406139004,0.410038018997,2,1.57073578595,0.64406139004,2,0.211513486513,0.183870967742,38,0.0214568040655,0.337999778,23,23,23,1,0,0.521739130435,0.173913043478,0.304347826087,23,81,0.160079051383,1.56995341615,7.04347826087,7.36363636364,5.0625,3.68631697041,0.523365989626,0.283413848631,5.06206538172,1.43737658987,0.689210950081,3.1023387837,0.880911012656,0.470209339775,0.643206671793,0.409697934459,2,1.56995341615,0.643206671793,2,0.219187479187,0.192488262911,41,0.0231507622812,0.345159285159,23,23,23,1,0,0.521739130435,0.173913043478,0.304347826087,-7,-0.0138339920949,-0.115122377622,-0.608695652174,0.030303030303,-0.4375,0.0480269668223,0.0479076368845,0.0339079197775,-0.260717331319,0.0461947444178,0.0162860488947,-0.168082010924,0.0261419413334,0.027521592739,-0.105984632566,-0.0349059861057,-0.5,-0.115122377622,-0.105984632566,-0.5,-0.0402591348046,0.00370577317072,-5,-0.00282326369283,0.0120146520147,0.0434782608696,-0.0434782608696,0,81,0,7,418,0.920454545455,1,0,0.0795454545455,1,0.920454545455,0.958579881657,0.951469451768,0.920454545455,0.920454545455,1,8,0,10,9,10
1551,WLNM_dir_neg_kfold,0.63671875,0.402935606061,00:00:02,10,90,13,21358,threshold_sweep,0.3,1,0.125,0.222222222222,1,0,7,16,0.125,1,0,0.875,1,0.125,0.222222222222,0.708333333333,0.652777777778,0.16,0.29488391231,0.125,94,86,8,0,94,0,86,0,8,23,88,0.173913043478,1.68507579377,7.65217391304,7.33333333333,5.5,3.63829000359,0.475458352741,0.249505928854,5.32278271304,1.39118184545,0.672924901186,3.27042079462,0.854769071322,0.442687747036,0.749191304359,0.444603920564,2.5,1.68507579377,0.749191304359,2.5,0.259446613992,0.18878248974,46,0.025974025974,0.333144633145,23,23,23,1,0,0.478260869565,0.217391304348,0.304347826087,23,0.158102766798,1.57073578595,6.95652173913,7.27272727273,5,3.61157559257,0.519163991432,0.282065217391,4.9714600491,1.42929476412,0.685869565217,3.05806779783,0.879194491876,0.470652173913,0.64406139004,0.410038018997,2,1.57073578595,0.64406139004,2,0.211513486513,0.183870967742,38,0.0214568040655,0.337999778,23,23,23,1,0,0.521739130435,0.173913043478,0.304347826087,23,81,0.160079051383,1.56995341615,7.04347826087,7.36363636364,5.0625,3.68631697041,0.523365989626,0.283413848631,5.06206538172,1.43737658987,0.689210950081,3.1023387837,0.880911012656,0.470209339775,0.643206671793,0.409697934459,2,1.56995341615,0.643206671793,2,0.219187479187,0.192488262911,41,0.0231507622812,0.345159285159,23,23,23,1,0,0.521739130435,0.173913043478,0.304347826087,-7,-0.0138339920949,-0.115122377622,-0.608695652174,0.030303030303,-0.4375,0.0480269668223,0.0479076368845,0.0339079197775,-0.260717331319,0.0461947444178,0.0162860488947,-0.168082010924,0.0261419413334,0.027521592739,-0.105984632566,-0.0349059861057,-0.5,-0.115122377622,-0.105984632566,-0.5,-0.0402591348046,0.00370577317072,-5,-0.00282326369283,0.0120146520147,0.0434782608696,-0.0434782608696,0,81,0,7,418,0.920454545455,1,0,0.0795454545455,1,0.920454545455,0.958579881657,0.951469451768,0.920454545455,0.920454545455,1,8,0,10,9,10
1552,WLNM_dir_neg_kfold,0.63671875,0.402935606061,00:00:02,10,90,13,21358,threshold_sweep,0.4,1,0.125,0.222222222222,1,0,7,16,0.125,1,0,0.875,1,0.125,0.222222222222,0.708333333333,0.652777777778,0.16,0.29488391231,0.125,94,86,8,0,94,0,86,0,8,23,88,0.173913043478,1.68507579377,7.65217391304,7.33333333333,5.5,3.63829000359,0.475458352741,0.249505928854,5.32278271304,1.39118184545,0.672924901186,3.27042079462,0.854769071322,0.442687747036,0.749191304359,0.444603920564,2.5,1.68507579377,0.749191304359,2.5,0.259446613992,0.18878248974,46,0.025974025974,0.333144633145,23,23,23,1,0,0.478260869565,0.217391304348,0.304347826087,23,0.158102766798,1.57073578595,6.95652173913,7.27272727273,5,3.61157559257,0.519163991432,0.282065217391,4.9714600491,1.42929476412,0.685869565217,3.05806779783,0.879194491876,0.470652173913,0.64406139004,0.410038018997,2,1.57073578595,0.64406139004,2,0.211513486513,0.183870967742,38,0.0214568040655,0.337999778,23,23,23,1,0,0.521739130435,0.173913043478,0.304347826087,23,81,0.160079051383,1.56995341615,7.04347826087,7.36363636364,5.0625,3.68631697041,0.523365989626,0.283413848631,5.06206538172,1.43737658987,0.689210950081,3.1023387837,0.880911012656,0.470209339775,0.643206671793,0.409697934459,2,1.56995341615,0.643206671793,2,0.219187479187,0.192488262911,41,0.0231507622812,0.345159285159,23,23,23,1,0,0.521739130435,0.173913043478,0.304347826087,-7,-0.0138339920949,-0.115122377622,-0.608695652174,0.030303030303,-0.4375,0.0480269668223,0.0479076368845,0.0339079197775,-0.260717331319,0.0461947444178,0.0162860488947,-0.168082010924,0.0261419413334,0.027521592739,-0.105984632566,-0.0349059861057,-0.5,-0.115122377622,-0.105984632566,-0.5,-0.0402591348046,0.00370577317072,-5,-0.00282326369283,0.0120146520147,0.0434782608696,-0.0434782608696,0,81,0,7,418,0.920454545455,1,0,0.0795454545455,1,0.920454545455,0.958579881657,0.951469451768,0.920454545455,0.920454545455,1,8,0,10,9,10
1553,WLNM_dir_neg_kfold,0.63671875,0.402935606061,00:00:02,10,90,13,21358,threshold_sweep,0.5,1,0.125,0.222222222222,1,0,7,16,0.125,1,0,0.875,1,0.125,0.222222222222,0.708333333333,0.652777777778,0.16,0.29488391231,0.125,94,86,8,0,94,0,86,0,8,23,88,0.173913043478,1.68507579377,7.65217391304,7.33333333333,5.5,3.63829000359,0.475458352741,0.249505928854,5.32278271304,1.39118184545,0.672924901186,3.27042079462,0.854769071322,0.442687747036,0.749191304359,0.444603920564,2.5,1.68507579377,0.749191304359,2.5,0.259446613992,0.18878248974,46,0.025974025974,0.333144633145,23,23,23,1,0,0.478260869565,0.217391304348,0.304347826087,23,0.158102766798,1.57073578595,6.95652173913,7.27272727273,5,3.61157559257,0.519163991432,0.282065217391,4.9714600491,1.42929476412,0.685869565217,3.05806779783,0.879194491876,0.470652173913,0.64406139004,0.410038018997,2,1.57073578595,0.64406139004,2,0.211513486513,0.183870967742,38,0.0214568040655,0.337999778,23,23,23,1,0,0.521739130435,0.173913043478,0.304347826087,23,81,0.160079051383,1.56995341615,7.04347826087,7.36363636364,5.0625,3.68631697041,0.523365989626,0.283413848631,5.06206538172,1.43737658987,0.689210950081,3.1023387837,0.880911012656,0.470209339775,0.643206671793,0.409697934459,2,1.56995341615,0.643206671793,2,0.219187479187,0.192488262911,41,0.0231507622812,0.345159285159,23,23,23,1,0,0.521739130435,0.173913043478,0.304347826087,-7,-0.0138339920949,-0.115122377622,-0.608695652174,0.030303030303,-0.4375,0.0480269668223,0.0479076368845,0.0339079197775,-0.260717331319,0.0461947444178,0.0162860488947,-0.168082010924,0.0261419413334,0.027521592739,-0.105984632566,-0.0349059861057,-0.5,-0.115122377622,-0.105984632566,-0.5,-0.0402591348046,0.00370577317072,-5,-0.00282326369283,0.0120146520147,0.0434782608696,-0.0434782608696,0,81,0,7,418,0.920454545455,1,0,0.0795454545455,1,0.920454545455,0.958579881657,0.951469451768,0.920454545455,0.920454545455,1,8,0,10,9,10
1554,WLNM_dir_neg_kfold,0.63671875,0.402935606061,00:00:02,10,90,13,21358,threshold_sweep,0.6,1,0.125,0.222222222222,1,0,7,16,0.125,1,0,0.875,1,0.125,0.222222222222,0.708333333333,0.652777777778,0.16,0.29488391231,0.125,94,86,8,0,94,0,86,0,8,23,88,0.173913043478,1.68507579377,7.65217391304,7.33333333333,5.5,3.63829000359,0.475458352741,0.249505928854,5.32278271304,1.39118184545,0.672924901186,3.27042079462,0.854769071322,0.442687747036,0.749191304359,0.444603920564,2.5,1.68507579377,0.749191304359,2.5,0.259446613992,0.18878248974,46,0.025974025974,0.333144633145,23,23,23,1,0,0.478260869565,0.217391304348,0.304347826087,23,0.158102766798,1.57073578595,6.95652173913,7.27272727273,5,3.61157559257,0.519163991432,0.282065217391,4.9714600491,1.42929476412,0.685869565217,3.05806779783,0.879194491876,0.470652173913,0.64406139004,0.410038018997,2,1.57073578595,0.64406139004,2,0.211513486513,0.183870967742,38,0.0214568040655,0.337999778,23,23,23,1,0,0.521739130435,0.173913043478,0.304347826087,23,81,0.160079051383,1.56995341615,7.04347826087,7.36363636364,5.0625,3.68631697041,0.523365989626,0.283413848631,5.06206538172,1.43737658987,0.689210950081,3.1023387837,0.880911012656,0.470209339775,0.643206671793,0.409697934459,2,1.56995341615,0.643206671793,2,0.219187479187,0.192488262911,41,0.0231507622812,0.345159285159,23,23,23,1,0,0.521739130435,0.173913043478,0.304347826087,-7,-0.0138339920949,-0.115122377622,-0.608695652174,0.030303030303,-0.4375,0.0480269668223,0.0479076368845,0.0339079197775,-0.260717331319,0.0461947444178,0.0162860488947,-0.168082010924,0.0261419413334,0.027521592739,-0.105984632566,-0.0349059861057,-0.5,-0.115122377622,-0.105984632566,-0.5,-0.0402591348046,0.00370577317072,-5,-0.00282326369283,0.0120146520147,0.0434782608696,-0.0434782608696,0,81,0,7,418,0.920454545455,1,0,0.0795454545455,1,0.920454545455,0.958579881657,0.951469451768,0.920454545455,0.920454545455,1,8,0,10,9,10
1555,WLNM_dir_neg_kfold,0.63671875,0.402935606061,00:00:02,10,90,13,21358,threshold_sweep,0.7,1,0.125,0.222222222222,1,0,7,16,0.125,1,0,0.875,1,0.125,0.222222222222,0.708333333333,0.652777777778,0.16,0.29488391231,0.125,94,86,8,0,94,0,86,0,8,23,88,0.173913043478,1.68507579377,7.65217391304,7.33333333333,5.5,3.63829000359,0.475458352741,0.249505928854,5.32278271304,1.39118184545,0.672924901186,3.27042079462,0.854769071322,0.442687747036,0.749191304359,0.444603920564,2.5,1.68507579377,0.749191304359,2.5,0.259446613992,0.18878248974,46,0.025974025974,0.333144633145,23,23,23,1,0,0.478260869565,0.217391304348,0.304347826087,23,0.158102766798,1.57073578595,6.95652173913,7.27272727273,5,3.61157559257,0.519163991432,0.282065217391,4.9714600491,1.42929476412,0.685869565217,3.05806779783,0.879194491876,0.470652173913,0.64406139004,0.410038018997,2,1.57073578595,0.64406139004,2,0.211513486513,0.183870967742,38,0.0214568040655,0.337999778,23,23,23,1,0,0.521739130435,0.173913043478,0.304347826087,23,81,0.160079051383,1.56995341615,7.04347826087,7.36363636364,5.0625,3.68631697041,0.523365989626,0.283413848631,5.06206538172,1.43737658987,0.689210950081,3.1023387837,0.880911012656,0.470209339775,0.643206671793,0.409697934459,2,1.56995341615,0.643206671793,2,0.219187479187,0.192488262911,41,0.0231507622812,0.345159285159,23,23,23,1,0,0.521739130435,0.173913043478,0.304347826087,-7,-0.0138339920949,-0.115122377622,-0.608695652174,0.030303030303,-0.4375,0.0480269668223,0.0479076368845,0.0339079197775,-0.260717331319,0.0461947444178,0.0162860488947,-0.168082010924,0.0261419413334,0.027521592739,-0.105984632566,-0.0349059861057,-0.5,-0.115122377622,-0.105984632566,-0.5,-0.0402591348046,0.00370577317072,-5,-0.00282326369283,0.0120146520147,0.0434782608696,-0.0434782608696,0,81,0,7,418,0.920454545455,1,0,0.0795454545455,1,0.920454545455,0.958579881657,0.951469451768,0.920454545455,0.920454545455,1,8,0,10,9,10
1556,WLNM_dir_neg_kfold,0.63671875,0.402935606061,00:00:02,10,90,13,21358,threshold_sweep,0.8,1,0.125,0.222222222222,1,0,7,16,0.125,1,0,0.875,1,0.125,0.222222222222,0.708333333333,0.652777777778,0.16,0.29488391231,0.125,94,86,8,0,94,0,86,0,8,23,88,0.173913043478,1.68507579377,7.65217391304,7.33333333333,5.5,3.63829000359,0.475458352741,0.249505928854,5.32278271304,1.39118184545,0.672924901186,3.27042079462,0.854769071322,0.442687747036,0.749191304359,0.444603920564,2.5,1.68507579377,0.749191304359,2.5,0.259446613992,0.18878248974,46,0.025974025974,0.333144633145,23,23,23,1,0,0.478260869565,0.217391304348,0.304347826087,23,0.158102766798,1.57073578595,6.95652173913,7.27272727273,5,3.61157559257,0.519163991432,0.282065217391,4.9714600491,1.42929476412,0.685869565217,3.05806779783,0.879194491876,0.470652173913,0.64406139004,0.410038018997,2,1.57073578595,0.64406139004,2,0.211513486513,0.183870967742,38,0.0214568040655,0.337999778,23,23,23,1,0,0.521739130435,0.173913043478,0.304347826087,23,81,0.160079051383,1.56995341615,7.04347826087,7.36363636364,5.0625,3.68631697041,0.523365989626,0.283413848631,5.06206538172,1.43737658987,0.689210950081,3.1023387837,0.880911012656,0.470209339775,0.643206671793,0.409697934459,2,1.56995341615,0.643206671793,2,0.219187479187,0.192488262911,41,0.0231507622812,0.345159285159,23,23,23,1,0,0.521739130435,0.173913043478,0.304347826087,-7,-0.0138339920949,-0.115122377622,-0.608695652174,0.030303030303,-0.4375,0.0480269668223,0.0479076368845,0.0339079197775,-0.260717331319,0.0461947444178,0.0162860488947,-0.168082010924,0.0261419413334,0.027521592739,-0.105984632566,-0.0349059861057,-0.5,-0.115122377622,-0.105984632566,-0.5,-0.0402591348046,0.00370577317072,-5,-0.00282326369283,0.0120146520147,0.0434782608696,-0.0434782608696,0,81,0,7,418,0.920454545455,1,0,0.0795454545455,1,0.920454545455,0.958579881657,0.951469451768,0.920454545455,0.920454545455,1,8,0,10,9,10
1557,WLNM_dir_neg_kfold,0.63671875,0.402935606061,00:00:02,10,90,13,21358,threshold_sweep,0.9,1,0.125,0.222222222222,1,0,7,16,0.125,1,0,0.875,1,0.125,0.222222222222,0.708333333333,0.652777777778,0.16,0.29488391231,0.125,94,86,8,0,94,0,86,0,8,23,88,0.173913043478,1.68507579377,7.65217391304,7.33333333333,5.5,3.63829000359,0.475458352741,0.249505928854,5.32278271304,1.39118184545,0.672924901186,3.27042079462,0.854769071322,0.442687747036,0.749191304359,0.444603920564,2.5,1.68507579377,0.749191304359,2.5,0.259446613992,0.18878248974,46,0.025974025974,0.333144633145,23,23,23,1,0,0.478260869565,0.217391304348,0.304347826087,23,0.158102766798,1.57073578595,6.95652173913,7.27272727273,5,3.61157559257,0.519163991432,0.282065217391,4.9714600491,1.42929476412,0.685869565217,3.05806779783,0.879194491876,0.470652173913,0.64406139004,0.410038018997,2,1.57073578595,0.64406139004,2,0.211513486513,0.183870967742,38,0.0214568040655,0.337999778,23,23,23,1,0,0.521739130435,0.173913043478,0.304347826087,23,81,0.160079051383,1.56995341615,7.04347826087,7.36363636364,5.0625,3.68631697041,0.523365989626,0.283413848631,5.06206538172,1.43737658987,0.689210950081,3.1023387837,0.880911012656,0.470209339775,0.643206671793,0.409697934459,2,1.56995341615,0.643206671793,2,0.219187479187,0.192488262911,41,0.0231507622812,0.345159285159,23,23,23,1,0,0.521739130435,0.173913043478,0.304347826087,-7,-0.0138339920949,-0.115122377622,-0.608695652174,0.030303030303,-0.4375,0.0480269668223,0.0479076368845,0.0339079197775,-0.260717331319,0.0461947444178,0.0162860488947,-0.168082010924,0.0261419413334,0.027521592739,-0.105984632566,-0.0349059861057,-0.5,-0.115122377622,-0.105984632566,-0.5,-0.0402591348046,0.00370577317072,-5,-0.00282326369283,0.0120146520147,0.0434782608696,-0.0434782608696,0,81,0,7,418,0.920454545455,1,0,0.0795454545455,1,0.920454545455,0.958579881657,0.951469451768,0.920454545455,0.920454545455,1,8,0,10,9,10
1558,WLNM_dir_neg_kfold,0.765625,0.521739130435,00:00:02,10,90,14,21359,threshold_sweep,0.1,1,0.25,0.4,2,0,6,16,0.25,1,0,0.75,1,0.25,0.4,0.75,0.638888888889,0.307692307692,0.426401432711,0.25,94,86,8,0,94,0,86,0,8,23,88,0.173913043478,1.68507579377,7.65217391304,7.33333333333,5.5,3.63829000359,0.475458352741,0.249505928854,5.32278271304,1.39118184545,0.672924901186,3.27042079462,0.854769071322,0.442687747036,0.749191304359,0.444603920564,2.5,1.68507579377,0.749191304359,2.5,0.259446613992,0.18878248974,46,0.025974025974,0.333144633145,23,23,23,1,0,0.478260869565,0.217391304348,0.304347826087,23,0.158102766798,1.57073578595,6.95652173913,7.27272727273,5,3.61157559257,0.519163991432,0.282065217391,4.9714600491,1.42929476412,0.685869565217,3.05806779783,0.879194491876,0.470652173913,0.64406139004,0.410038018997,2,1.57073578595,0.64406139004,2,0.211513486513,0.183870967742,38,0.0214568040655,0.337999778,23,23,23,1,0,0.521739130435,0.173913043478,0.304347826087,23,82,0.162055335968,1.66481507623,7.13043478261,6.83333333333,5.125,3.6093860952,0.506194391399,0.273594909862,5.03466246008,1.41216142173,0.680805938494,3.13087392616,0.878171954898,0.466595970308,0.700791110295,0.420942313835,2,1.66481507623,0.700791110295,2,0.206935921222,0.19040247678,41,0.0231507622812,0.314652939653,23,23,23,1,0,0.478260869565,0.217391304348,0.304347826087,-6,-0.0118577075099,-0.0202607175433,-0.521739130435,-0.5,-0.375,-0.0289039083911,0.0307360386579,0.0240889810084,-0.288120252962,0.0209795762757,0.0078810373084,-0.139546868466,0.0234028835759,0.023908223272,-0.0484001940635,-0.023661606729,-0.5,-0.0202607175433,-0.0484001940635,-0.5,-0.0525106927704,0.0016199870401,-5,-0.00282326369283,-0.0184916934917,0,0,0,82,0,6,418,0.931818181818,1,0,0.0681818181818,1,0.931818181818,0.964705882353,0.958452959446,0.931818181818,0.931818181818,2,8,0,10,9,10
1559,WLNM_dir_neg_kfold,0.765625,0.521739130435,00:00:02,10,90,14,21359,threshold_sweep,0.2,1,0.125,0.222222222222,1,0,7,16,0.125,1,0,0.875,1,0.125,0.222222222222,0.708333333333,0.652777777778,0.16,0.29488391231,0.125,94,86,8,0,94,0,86,0,8,23,88,0.173913043478,1.68507579377,7.65217391304,7.33333333333,5.5,3.63829000359,0.475458352741,0.249505928854,5.32278271304,1.39118184545,0.672924901186,3.27042079462,0.854769071322,0.442687747036,0.749191304359,0.444603920564,2.5,1.68507579377,0.749191304359,2.5,0.259446613992,0.18878248974,46,0.025974025974,0.333144633145,23,23,23,1,0,0.478260869565,0.217391304348,0.304347826087,23,0.158102766798,1.57073578595,6.95652173913,7.27272727273,5,3.61157559257,0.519163991432,0.282065217391,4.9714600491,1.42929476412,0.685869565217,3.05806779783,0.879194491876,0.470652173913,0.64406139004,0.410038018997,2,1.57073578595,0.64406139004,2,0.211513486513,0.183870967742,38,0.0214568040655,0.337999778,23,23,23,1,0,0.521739130435,0.173913043478,0.304347826087,23,81,0.160079051383,1.56995341615,7.04347826087,7.36363636364,5.0625,3.68631697041,0.523365989626,0.283413848631,5.06206538172,1.43737658987,0.689210950081,3.1023387837,0.880911012656,0.470209339775,0.643206671793,0.409697934459,2,1.56995341615,0.643206671793,2,0.219187479187,0.192488262911,41,0.0231507622812,0.345159285159,23,23,23,1,0,0.521739130435,0.173913043478,0.304347826087,-7,-0.0138339920949,-0.115122377622,-0.608695652174,0.030303030303,-0.4375,0.0480269668223,0.0479076368845,0.0339079197775,-0.260717331319,0.0461947444178,0.0162860488947,-0.168082010924,0.0261419413334,0.027521592739,-0.105984632566,-0.0349059861057,-0.5,-0.115122377622,-0.105984632566,-0.5,-0.0402591348046,0.00370577317072,-5,-0.00282326369283,0.0120146520147,0.0434782608696,-0.0434782608696,0,81,0,7,418,0.920454545455,1,0,0.0795454545455,1,0.920454545455,0.958579881657,0.951469451768,0.920454545455,0.920454545455,1,8,0,10,9,10
1560,WLNM_dir_neg_kfold,0.765625,0.521739130435,00:00:02,10,90,14,21359,threshold_sweep,0.3,1,0.125,0.222222222222,1,0,7,16,0.125,1,0,0.875,1,0.125,0.222222222222,0.708333333333,0.652777777778,0.16,0.29488391231,0.125,94,86,8,0,94,0,86,0,8,23,88,0.173913043478,1.68507579377,7.65217391304,7.33333333333,5.5,3.63829000359,0.475458352741,0.249505928854,5.32278271304,1.39118184545,0.672924901186,3.27042079462,0.854769071322,0.442687747036,0.749191304359,0.444603920564,2.5,1.68507579377,0.749191304359,2.5,0.259446613992,0.18878248974,46,0.025974025974,0.333144633145,23,23,23,1,0,0.478260869565,0.217391304348,0.304347826087,23,0.158102766798,1.57073578595,6.95652173913,7.27272727273,5,3.61157559257,0.519163991432,0.282065217391,4.9714600491,1.42929476412,0.685869565217,3.05806779783,0.879194491876,0.470652173913,0.64406139004,0.410038018997,2,1.57073578595,0.64406139004,2,0.211513486513,0.183870967742,38,0.0214568040655,0.337999778,23,23,23,1,0,0.521739130435,0.173913043478,0.304347826087,23,81,0.160079051383,1.56995341615,7.04347826087,7.36363636364,5.0625,3.68631697041,0.523365989626,0.283413848631,5.06206538172,1.43737658987,0.689210950081,3.1023387837,0.880911012656,0.470209339775,0.643206671793,0.409697934459,2,1.56995341615,0.643206671793,2,0.219187479187,0.192488262911,41,0.0231507622812,0.345159285159,23,23,23,1,0,0.521739130435,0.173913043478,0.304347826087,-7,-0.0138339920949,-0.115122377622,-0.608695652174,0.030303030303,-0.4375,0.0480269668223,0.0479076368845,0.0339079197775,-0.260717331319,0.0461947444178,0.0162860488947,-0.168082010924,0.0261419413334,0.027521592739,-0.105984632566,-0.0349059861057,-0.5,-0.115122377622,-0.105984632566,-0.5,-0.0402591348046,0.00370577317072,-5,-0.00282326369283,0.0120146520147,0.0434782608696,-0.0434782608696,0,81,0,7,418,0.920454545455,1,0,0.0795454545455,1,0.920454545455,0.958579881657,0.951469451768,0.920454545455,0.920454545455,1,8,0,10,9,10
1561,WLNM_dir_neg_kfold,0.765625,0.521739130435,00:00:02,10,90,14,21359,threshold_sweep,0.4,1,0.125,0.222222222222,1,0,7,16,0.125,1,0,0.875,1,0.125,0.222222222222,0.708333333333,0.652777777778,0.16,0.29488391231,0.125,94,86,8,0,94,0,86,0,8,23,88,0.173913043478,1.68507579377,7.65217391304,7.33333333333,5.5,3.63829000359,0.475458352741,0.249505928854,5.32278271304,1.39118184545,0.672924901186,3.27042079462,0.854769071322,0.442687747036,0.749191304359,0.444603920564,2.5,1.68507579377,0.749191304359,2.5,0.259446613992,0.18878248974,46,0.025974025974,0.333144633145,23,23,23,1,0,0.478260869565,0.217391304348,0.304347826087,23,0.158102766798,1.57073578595,6.95652173913,7.27272727273,5,3.61157559257,0.519163991432,0.282065217391,4.9714600491,1.42929476412,0.685869565217,3.05806779783,0.879194491876,0.470652173913,0.64406139004,0.410038018997,2,1.57073578595,0.64406139004,2,0.211513486513,0.183870967742,38,0.0214568040655,0.337999778,23,23,23,1,0,0.521739130435,0.173913043478,0.304347826087,23,81,0.160079051383,1.56995341615,7.04347826087,7.36363636364,5.0625,3.68631697041,0.523365989626,0.283413848631,5.06206538172,1.43737658987,0.689210950081,3.1023387837,0.880911012656,0.470209339775,0.643206671793,0.409697934459,2,1.56995341615,0.643206671793,2,0.219187479187,0.192488262911,41,0.0231507622812,0.345159285159,23,23,23,1,0,0.521739130435,0.173913043478,0.304347826087,-7,-0.0138339920949,-0.115122377622,-0.608695652174,0.030303030303,-0.4375,0.0480269668223,0.0479076368845,0.0339079197775,-0.260717331319,0.0461947444178,0.0162860488947,-0.168082010924,0.0261419413334,0.027521592739,-0.105984632566,-0.0349059861057,-0.5,-0.115122377622,-0.105984632566,-0.5,-0.0402591348046,0.00370577317072,-5,-0.00282326369283,0.0120146520147,0.0434782608696,-0.0434782608696,0,81,0,7,418,0.920454545455,1,0,0.0795454545455,1,0.920454545455,0.958579881657,0.951469451768,0.920454545455,0.920454545455,1,8,0,10,9,10
1562,WLNM_dir_neg_kfold,0.765625,0.521739130435,00:00:02,10,90,14,21359,threshold_sweep,0.5,1,0.125,0.222222222222,1,0,7,16,0.125,1,0,0.875,1,0.125,0.222222222222,0.708333333333,0.652777777778,0.16,0.29488391231,0.125,94,86,8,0,94,0,86,0,8,23,88,0.173913043478,1.68507579377,7.65217391304,7.33333333333,5.5,3.63829000359,0.475458352741,0.249505928854,5.32278271304,1.39118184545,0.672924901186,3.27042079462,0.854769071322,0.442687747036,0.749191304359,0.444603920564,2.5,1.68507579377,0.749191304359,2.5,0.259446613992,0.18878248974,46,0.025974025974,0.333144633145,23,23,23,1,0,0.478260869565,0.217391304348,0.304347826087,23,0.158102766798,1.57073578595,6.95652173913,7.27272727273,5,3.61157559257,0.519163991432,0.282065217391,4.9714600491,1.42929476412,0.685869565217,3.05806779783,0.879194491876,0.470652173913,0.64406139004,0.410038018997,2,1.57073578595,0.64406139004,2,0.211513486513,0.183870967742,38,0.0214568040655,0.337999778,23,23,23,1,0,0.521739130435,0.173913043478,0.304347826087,23,81,0.160079051383,1.56995341615,7.04347826087,7.36363636364,5.0625,3.68631697041,0.523365989626,0.283413848631,5.06206538172,1.43737658987,0.689210950081,3.1023387837,0.880911012656,0.470209339775,0.643206671793,0.409697934459,2,1.56995341615,0.643206671793,2,0.219187479187,0.192488262911,41,0.0231507622812,0.345159285159,23,23,23,1,0,0.521739130435,0.173913043478,0.304347826087,-7,-0.0138339920949,-0.115122377622,-0.608695652174,0.030303030303,-0.4375,0.0480269668223,0.0479076368845,0.0339079197775,-0.260717331319,0.0461947444178,0.0162860488947,-0.168082010924,0.0261419413334,0.027521592739,-0.105984632566,-0.0349059861057,-0.5,-0.115122377622,-0.105984632566,-0.5,-0.0402591348046,0.00370577317072,-5,-0.00282326369283,0.0120146520147,0.0434782608696,-0.0434782608696,0,81,0,7,418,0.920454545455,1,0,0.0795454545455,1,0.920454545455,0.958579881657,0.951469451768,0.920454545455,0.920454545455,1,8,0,10,9,10
1563,WLNM_dir_neg_kfold,0.765625,0.521739130435,00:00:02,10,90,14,21359,threshold_sweep,0.6,1,0.125,0.222222222222,1,0,7,16,0.125,1,0,0.875,1,0.125,0.222222222222,0.708333333333,0.652777777778,0.16,0.29488391231,0.125,94,86,8,0,94,0,86,0,8,23,88,0.173913043478,1.68507579377,7.65217391304,7.33333333333,5.5,3.63829000359,0.475458352741,0.249505928854,5.32278271304,1.39118184545,0.672924901186,3.27042079462,0.854769071322,0.442687747036,0.749191304359,0.444603920564,2.5,1.68507579377,0.749191304359,2.5,0.259446613992,0.18878248974,46,0.025974025974,0.333144633145,23,23,23,1,0,0.478260869565,0.217391304348,0.304347826087,23,0.158102766798,1.57073578595,6.95652173913,7.27272727273,5,3.61157559257,0.519163991432,0.282065217391,4.9714600491,1.42929476412,0.685869565217,3.05806779783,0.879194491876,0.470652173913,0.64406139004,0.410038018997,2,1.57073578595,0.64406139004,2,0.211513486513,0.183870967742,38,0.0214568040655,0.337999778,23,23,23,1,0,0.521739130435,0.173913043478,0.304347826087,23,81,0.160079051383,1.56995341615,7.04347826087,7.36363636364,5.0625,3.68631697041,0.523365989626,0.283413848631,5.06206538172,1.43737658987,0.689210950081,3.1023387837,0.880911012656,0.470209339775,0.643206671793,0.409697934459,2,1.56995341615,0.643206671793,2,0.219187479187,0.192488262911,41,0.0231507622812,0.345159285159,23,23,23,1,0,0.521739130435,0.173913043478,0.304347826087,-7,-0.0138339920949,-0.115122377622,-0.608695652174,0.030303030303,-0.4375,0.0480269668223,0.0479076368845,0.0339079197775,-0.260717331319,0.0461947444178,0.0162860488947,-0.168082010924,0.0261419413334,0.027521592739,-0.105984632566,-0.0349059861057,-0.5,-0.115122377622,-0.105984632566,-0.5,-0.0402591348046,0.00370577317072,-5,-0.00282326369283,0.0120146520147,0.0434782608696,-0.0434782608696,0,81,0,7,418,0.920454545455,1,0,0.0795454545455,1,0.920454545455,0.958579881657,0.951469451768,0.920454545455,0.920454545455,1,8,0,10,9,10
1564,WLNM_dir_neg_kfold,0.765625,0.521739130435,00:00:02,10,90,14,21359,threshold_sweep,0.7,1,0.125,0.222222222222,1,0,7,16,0.125,1,0,0.875,1,0.125,0.222222222222,0.708333333333,0.652777777778,0.16,0.29488391231,0.125,94,86,8,0,94,0,86,0,8,23,88,0.173913043478,1.68507579377,7.65217391304,7.33333333333,5.5,3.63829000359,0.475458352741,0.249505928854,5.32278271304,1.39118184545,0.672924901186,3.27042079462,0.854769071322,0.442687747036,0.749191304359,0.444603920564,2.5,1.68507579377,0.749191304359,2.5,0.259446613992,0.18878248974,46,0.025974025974,0.333144633145,23,23,23,1,0,0.478260869565,0.217391304348,0.304347826087,23,0.158102766798,1.57073578595,6.95652173913,7.27272727273,5,3.61157559257,0.519163991432,0.282065217391,4.9714600491,1.42929476412,0.685869565217,3.05806779783,0.879194491876,0.470652173913,0.64406139004,0.410038018997,2,1.57073578595,0.64406139004,2,0.211513486513,0.183870967742,38,0.0214568040655,0.337999778,23,23,23,1,0,0.521739130435,0.173913043478,0.304347826087,23,81,0.160079051383,1.56995341615,7.04347826087,7.36363636364,5.0625,3.68631697041,0.523365989626,0.283413848631,5.06206538172,1.43737658987,0.689210950081,3.1023387837,0.880911012656,0.470209339775,0.643206671793,0.409697934459,2,1.56995341615,0.643206671793,2,0.219187479187,0.192488262911,41,0.0231507622812,0.345159285159,23,23,23,1,0,0.521739130435,0.173913043478,0.304347826087,-7,-0.0138339920949,-0.115122377622,-0.608695652174,0.030303030303,-0.4375,0.0480269668223,0.0479076368845,0.0339079197775,-0.260717331319,0.0461947444178,0.0162860488947,-0.168082010924,0.0261419413334,0.027521592739,-0.105984632566,-0.0349059861057,-0.5,-0.115122377622,-0.105984632566,-0.5,-0.0402591348046,0.00370577317072,-5,-0.00282326369283,0.0120146520147,0.0434782608696,-0.0434782608696,0,81,0,7,418,0.920454545455,1,0,0.0795454545455,1,0.920454545455,0.958579881657,0.951469451768,0.920454545455,0.920454545455,1,8,0,10,9,10
1565,WLNM_dir_neg_kfold,0.765625,0.521739130435,00:00:02,10,90,14,21359,threshold_sweep,0.8,1,0.125,0.222222222222,1,0,7,16,0.125,1,0,0.875,1,0.125,0.222222222222,0.708333333333,0.652777777778,0.16,0.29488391231,0.125,94,86,8,0,94,0,86,0,8,23,88,0.173913043478,1.68507579377,7.65217391304,7.33333333333,5.5,3.63829000359,0.475458352741,0.249505928854,5.32278271304,1.39118184545,0.672924901186,3.27042079462,0.854769071322,0.442687747036,0.749191304359,0.444603920564,2.5,1.68507579377,0.749191304359,2.5,0.259446613992,0.18878248974,46,0.025974025974,0.333144633145,23,23,23,1,0,0.478260869565,0.217391304348,0.304347826087,23,0.158102766798,1.57073578595,6.95652173913,7.27272727273,5,3.61157559257,0.519163991432,0.282065217391,4.9714600491,1.42929476412,0.685869565217,3.05806779783,0.879194491876,0.470652173913,0.64406139004,0.410038018997,2,1.57073578595,0.64406139004,2,0.211513486513,0.183870967742,38,0.0214568040655,0.337999778,23,23,23,1,0,0.521739130435,0.173913043478,0.304347826087,23,81,0.160079051383,1.56995341615,7.04347826087,7.36363636364,5.0625,3.68631697041,0.523365989626,0.283413848631,5.06206538172,1.43737658987,0.689210950081,3.1023387837,0.880911012656,0.470209339775,0.643206671793,0.409697934459,2,1.56995341615,0.643206671793,2,0.219187479187,0.192488262911,41,0.0231507622812,0.345159285159,23,23,23,1,0,0.521739130435,0.173913043478,0.304347826087,-7,-0.0138339920949,-0.115122377622,-0.608695652174,0.030303030303,-0.4375,0.0480269668223,0.0479076368845,0.0339079197775,-0.260717331319,0.0461947444178,0.0162860488947,-0.168082010924,0.0261419413334,0.027521592739,-0.105984632566,-0.0349059861057,-0.5,-0.115122377622,-0.105984632566,-0.5,-0.0402591348046,0.00370577317072,-5,-0.00282326369283,0.0120146520147,0.0434782608696,-0.0434782608696,0,81,0,7,418,0.920454545455,1,0,0.0795454545455,1,0.920454545455,0.958579881657,0.951469451768,0.920454545455,0.920454545455,1,8,0,10,9,10
1566,WLNM_dir_neg_kfold,0.765625,0.521739130435,00:00:02,10,90,14,21359,threshold_sweep,0.9,1,0.125,0.222222222222,1,0,7,16,0.125,1,0,0.875,1,0.125,0.222222222222,0.708333333333,0.652777777778,0.16,0.29488391231,0.125,94,86,8,0,94,0,86,0,8,23,88,0.173913043478,1.68507579377,7.65217391304,7.33333333333,5.5,3.63829000359,0.475458352741,0.249505928854,5.32278271304,1.39118184545,0.672924901186,3.27042079462,0.854769071322,0.442687747036,0.749191304359,0.444603920564,2.5,1.68507579377,0.749191304359,2.5,0.259446613992,0.18878248974,46,0.025974025974,0.333144633145,23,23,23,1,0,0.478260869565,0.217391304348,0.304347826087,23,0.158102766798,1.57073578595,6.95652173913,7.27272727273,5,3.61157559257,0.519163991432,0.282065217391,4.9714600491,1.42929476412,0.685869565217,3.05806779783,0.879194491876,0.470652173913,0.64406139004,0.410038018997,2,1.57073578595,0.64406139004,2,0.211513486513,0.183870967742,38,0.0214568040655,0.337999778,23,23,23,1,0,0.521739130435,0.173913043478,0.304347826087,23,81,0.160079051383,1.56995341615,7.04347826087,7.36363636364,5.0625,3.68631697041,0.523365989626,0.283413848631,5.06206538172,1.43737658987,0.689210950081,3.1023387837,0.880911012656,0.470209339775,0.643206671793,0.409697934459,2,1.56995341615,0.643206671793,2,0.219187479187,0.192488262911,41,0.0231507622812,0.345159285159,23,23,23,1,0,0.521739130435,0.173913043478,0.304347826087,-7,-0.0138339920949,-0.115122377622,-0.608695652174,0.030303030303,-0.4375,0.0480269668223,0.0479076368845,0.0339079197775,-0.260717331319,0.0461947444178,0.0162860488947,-0.168082010924,0.0261419413334,0.027521592739,-0.105984632566,-0.0349059861057,-0.5,-0.115122377622,-0.105984632566,-0.5,-0.0402591348046,0.00370577317072,-5,-0.00282326369283,0.0120146520147,0.0434782608696,-0.0434782608696,0,81,0,7,418,0.920454545455,1,0,0.0795454545455,1,0.920454545455,0.958579881657,0.951469451768,0.920454545455,0.920454545455,1,8,0,10,9,10
1567,WLNM_dir_neg_kfold,0.75,0.448822463768,00:00:02,10,90,15,21360,threshold_sweep,0.1,1,0.125,0.222222222222,1,0,7,16,0.125,1,0,0.875,1,0.125,0.222222222222,0.708333333333,0.652777777778,0.16,0.29488391231,0.125,94,86,8,0,94,0,86,0,8,23,88,0.173913043478,1.68507579377,7.65217391304,7.33333333333,5.5,3.63829000359,0.475458352741,0.249505928854,5.32278271304,1.39118184545,0.672924901186,3.27042079462,0.854769071322,0.442687747036,0.749191304359,0.444603920564,2.5,1.68507579377,0.749191304359,2.5,0.259446613992,0.18878248974,46,0.025974025974,0.333144633145,23,23,23,1,0,0.478260869565,0.217391304348,0.304347826087,23,0.158102766798,1.57073578595,6.95652173913,7.27272727273,5,3.61157559257,0.519163991432,0.282065217391,4.9714600491,1.42929476412,0.685869565217,3.05806779783,0.879194491876,0.470652173913,0.64406139004,0.410038018997,2,1.57073578595,0.64406139004,2,0.211513486513,0.183870967742,38,0.0214568040655,0.337999778,23,23,23,1,0,0.521739130435,0.173913043478,0.304347826087,23,81,0.160079051383,1.56995341615,7.04347826087,7.36363636364,5.0625,3.68631697041,0.523365989626,0.283413848631,5.06206538172,1.43737658987,0.689210950081,3.1023387837,0.880911012656,0.470209339775,0.643206671793,0.409697934459,2,1.56995341615,0.643206671793,2,0.219187479187,0.192488262911,41,0.0231507622812,0.345159285159,23,23,23,1,0,0.521739130435,0.173913043478,0.304347826087,-7,-0.0138339920949,-0.115122377622,-0.608695652174,0.030303030303,-0.4375,0.0480269668223,0.0479076368845,0.0339079197775,-0.260717331319,0.0461947444178,0.0162860488947,-0.168082010924,0.0261419413334,0.027521592739,-0.105984632566,-0.0349059861057,-0.5,-0.115122377622,-0.105984632566,-0.5,-0.0402591348046,0.00370577317072,-5,-0.00282326369283,0.0120146520147,0.0434782608696,-0.0434782608696,0,81,0,7,418,0.920454545455,1,0,0.0795454545455,1,0.920454545455,0.958579881657,0.951469451768,0.920454545455,0.920454545455,1,8,0,10,9,10
1568,WLNM_dir_neg_kfold,0.75,0.448822463768,00:00:02,10,90,15,21360,threshold_sweep,0.2,1,0.125,0.222222222222,1,0,7,16,0.125,1,0,0.875,1,0.125,0.222222222222,0.708333333333,0.652777777778,0.16,0.29488391231,0.125,94,86,8,0,94,0,86,0,8,23,88,0.173913043478,1.68507579377,7.65217391304,7.33333333333,5.5,3.63829000359,0.475458352741,0.249505928854,5.32278271304,1.39118184545,0.672924901186,3.27042079462,0.854769071322,0.442687747036,0.749191304359,0.444603920564,2.5,1.68507579377,0.749191304359,2.5,0.259446613992,0.18878248974,46,0.025974025974,0.333144633145,23,23,23,1,0,0.478260869565,0.217391304348,0.304347826087,23,0.158102766798,1.57073578595,6.95652173913,7.27272727273,5,3.61157559257,0.519163991432,0.282065217391,4.9714600491,1.42929476412,0.685869565217,3.05806779783,0.879194491876,0.470652173913,0.64406139004,0.410038018997,2,1.57073578595,0.64406139004,2,0.211513486513,0.183870967742,38,0.0214568040655,0.337999778,23,23,23,1,0,0.521739130435,0.173913043478,0.304347826087,23,81,0.160079051383,1.56995341615,7.04347826087,7.36363636364,5.0625,3.68631697041,0.523365989626,0.283413848631,5.06206538172,1.43737658987,0.689210950081,3.1023387837,0.880911012656,0.470209339775,0.643206671793,0.409697934459,2,1.56995341615,0.643206671793,2,0.219187479187,0.192488262911,41,0.0231507622812,0.345159285159,23,23,23,1,0,0.521739130435,0.173913043478,0.304347826087,-7,-0.0138339920949,-0.115122377622,-0.608695652174,0.030303030303,-0.4375,0.0480269668223,0.0479076368845,0.0339079197775,-0.260717331319,0.0461947444178,0.0162860488947,-0.168082010924,0.0261419413334,0.027521592739,-0.105984632566,-0.0349059861057,-0.5,-0.115122377622,-0.105984632566,-0.5,-0.0402591348046,0.00370577317072,-5,-0.00282326369283,0.0120146520147,0.0434782608696,-0.0434782608696,0,81,0,7,418,0.920454545455,1,0,0.0795454545455,1,0.920454545455,0.958579881657,0.951469451768,0.920454545455,0.920454545455,1,8,0,10,9,10
1569,WLNM_dir_neg_kfold,0.75,0.448822463768,00:00:02,10,90,15,21360,threshold_sweep,0.3,1,0.125,0.222222222222,1,0,7,16,0.125,1,0,0.875,1,0.125,0.222222222222,0.708333333333,0.652777777778,0.16,0.29488391231,0.125,94,86,8,0,94,0,86,0,8,23,88,0.173913043478,1.68507579377,7.65217391304,7.33333333333,5.5,3.63829000359,0.475458352741,0.249505928854,5.32278271304,1.39118184545,0.672924901186,3.27042079462,0.854769071322,0.442687747036,0.749191304359,0.444603920564,2.5,1.68507579377,0.749191304359,2.5,0.259446613992,0.18878248974,46,0.025974025974,0.333144633145,23,23,23,1,0,0.478260869565,0.217391304348,0.304347826087,23,0.158102766798,1.57073578595,6.95652173913,7.27272727273,5,3.61157559257,0.519163991432,0.282065217391,4.9714600491,1.42929476412,0.685869565217,3.05806779783,0.879194491876,0.470652173913,0.64406139004,0.410038018997,2,1.57073578595,0.64406139004,2,0.211513486513,0.183870967742,38,0.0214568040655,0.337999778,23,23,23,1,0,0.521739130435,0.173913043478,0.304347826087,23,81,0.160079051383,1.56995341615,7.04347826087,7.36363636364,5.0625,3.68631697041,0.523365989626,0.283413848631,5.06206538172,1.43737658987,0.689210950081,3.1023387837,0.880911012656,0.470209339775,0.643206671793,0.409697934459,2,1.56995341615,0.643206671793,2,0.219187479187,0.192488262911,41,0.0231507622812,0.345159285159,23,23,23,1,0,0.521739130435,0.173913043478,0.304347826087,-7,-0.0138339920949,-0.115122377622,-0.608695652174,0.030303030303,-0.4375,0.0480269668223,0.0479076368845,0.0339079197775,-0.260717331319,0.0461947444178,0.0162860488947,-0.168082010924,0.0261419413334,0.027521592739,-0.105984632566,-0.0349059861057,-0.5,-0.115122377622,-0.105984632566,-0.5,-0.0402591348046,0.00370577317072,-5,-0.00282326369283,0.0120146520147,0.0434782608696,-0.0434782608696,0,81,0,7,418,0.920454545455,1,0,0.0795454545455,1,0.920454545455,0.958579881657,0.951469451768,0.920454545455,0.920454545455,1,8,0,10,9,10
1570,WLNM_dir_neg_kfold,0.75,0.448822463768,00:00:02,10,90,15,21360,threshold_sweep,0.4,1,0.125,0.222222222222,1,0,7,16,0.125,1,0,0.875,1,0.125,0.222222222222,0.708333333333,0.652777777778,0.16,0.29488391231,0.125,94,86,8,0,94,0,86,0,8,23,88,0.173913043478,1.68507579377,7.65217391304,7.33333333333,5.5,3.63829000359,0.475458352741,0.249505928854,5.32278271304,1.39118184545,0.672924901186,3.27042079462,0.854769071322,0.442687747036,0.749191304359,0.444603920564,2.5,1.68507579377,0.749191304359,2.5,0.259446613992,0.18878248974,46,0.025974025974,0.333144633145,23,23,23,1,0,0.478260869565,0.217391304348,0.304347826087,23,0.158102766798,1.57073578595,6.95652173913,7.27272727273,5,3.61157559257,0.519163991432,0.282065217391,4.9714600491,1.42929476412,0.685869565217,3.05806779783,0.879194491876,0.470652173913,0.64406139004,0.410038018997,2,1.57073578595,0.64406139004,2,0.211513486513,0.183870967742,38,0.0214568040655,0.337999778,23,23,23,1,0,0.521739130435,0.173913043478,0.304347826087,23,81,0.160079051383,1.56995341615,7.04347826087,7.36363636364,5.0625,3.68631697041,0.523365989626,0.283413848631,5.06206538172,1.43737658987,0.689210950081,3.1023387837,0.880911012656,0.470209339775,0.643206671793,0.409697934459,2,1.56995341615,0.643206671793,2,0.219187479187,0.192488262911,41,0.0231507622812,0.345159285159,23,23,23,1,0,0.521739130435,0.173913043478,0.304347826087,-7,-0.0138339920949,-0.115122377622,-0.608695652174,0.030303030303,-0.4375,0.0480269668223,0.0479076368845,0.0339079197775,-0.260717331319,0.0461947444178,0.0162860488947,-0.168082010924,0.0261419413334,0.027521592739,-0.105984632566,-0.0349059861057,-0.5,-0.115122377622,-0.105984632566,-0.5,-0.0402591348046,0.00370577317072,-5,-0.00282326369283,0.0120146520147,0.0434782608696,-0.0434782608696,0,81,0,7,418,0.920454545455,1,0,0.0795454545455,1,0.920454545455,0.958579881657,0.951469451768,0.920454545455,0.920454545455,1,8,0,10,9,10
1571,WLNM_dir_neg_kfold,0.75,0.448822463768,00:00:02,10,90,15,21360,threshold_sweep,0.5,1,0.125,0.222222222222,1,0,7,16,0.125,1,0,0.875,1,0.125,0.222222222222,0.708333333333,0.652777777778,0.16,0.29488391231,0.125,94,86,8,0,94,0,86,0,8,23,88,0.173913043478,1.68507579377,7.65217391304,7.33333333333,5.5,3.63829000359,0.475458352741,0.249505928854,5.32278271304,1.39118184545,0.672924901186,3.27042079462,0.854769071322,0.442687747036,0.749191304359,0.444603920564,2.5,1.68507579377,0.749191304359,2.5,0.259446613992,0.18878248974,46,0.025974025974,0.333144633145,23,23,23,1,0,0.478260869565,0.217391304348,0.304347826087,23,0.158102766798,1.57073578595,6.95652173913,7.27272727273,5,3.61157559257,0.519163991432,0.282065217391,4.9714600491,1.42929476412,0.685869565217,3.05806779783,0.879194491876,0.470652173913,0.64406139004,0.410038018997,2,1.57073578595,0.64406139004,2,0.211513486513,0.183870967742,38,0.0214568040655,0.337999778,23,23,23,1,0,0.521739130435,0.173913043478,0.304347826087,23,81,0.160079051383,1.56995341615,7.04347826087,7.36363636364,5.0625,3.68631697041,0.523365989626,0.283413848631,5.06206538172,1.43737658987,0.689210950081,3.1023387837,0.880911012656,0.470209339775,0.643206671793,0.409697934459,2,1.56995341615,0.643206671793,2,0.219187479187,0.192488262911,41,0.0231507622812,0.345159285159,23,23,23,1,0,0.521739130435,0.173913043478,0.304347826087,-7,-0.0138339920949,-0.115122377622,-0.608695652174,0.030303030303,-0.4375,0.0480269668223,0.0479076368845,0.0339079197775,-0.260717331319,0.0461947444178,0.0162860488947,-0.168082010924,0.0261419413334,0.027521592739,-0.105984632566,-0.0349059861057,-0.5,-0.115122377622,-0.105984632566,-0.5,-0.0402591348046,0.00370577317072,-5,-0.00282326369283,0.0120146520147,0.0434782608696,-0.0434782608696,0,81,0,7,418,0.920454545455,1,0,0.0795454545455,1,0.920454545455,0.958579881657,0.951469451768,0.920454545455,0.920454545455,1,8,0,10,9,10
1572,WLNM_dir_neg_kfold,0.75,0.448822463768,00:00:02,10,90,15,21360,threshold_sweep,0.6,1,0.125,0.222222222222,1,0,7,16,0.125,1,0,0.875,1,0.125,0.222222222222,0.708333333333,0.652777777778,0.16,0.29488391231,0.125,94,86,8,0,94,0,86,0,8,23,88,0.173913043478,1.68507579377,7.65217391304,7.33333333333,5.5,3.63829000359,0.475458352741,0.249505928854,5.32278271304,1.39118184545,0.672924901186,3.27042079462,0.854769071322,0.442687747036,0.749191304359,0.444603920564,2.5,1.68507579377,0.749191304359,2.5,0.259446613992,0.18878248974,46,0.025974025974,0.333144633145,23,23,23,1,0,0.478260869565,0.217391304348,0.304347826087,23,0.158102766798,1.57073578595,6.95652173913,7.27272727273,5,3.61157559257,0.519163991432,0.282065217391,4.9714600491,1.42929476412,0.685869565217,3.05806779783,0.879194491876,0.470652173913,0.64406139004,0.410038018997,2,1.57073578595,0.64406139004,2,0.211513486513,0.183870967742,38,0.0214568040655,0.337999778,23,23,23,1,0,0.521739130435,0.173913043478,0.304347826087,23,81,0.160079051383,1.56995341615,7.04347826087,7.36363636364,5.0625,3.68631697041,0.523365989626,0.283413848631,5.06206538172,1.43737658987,0.689210950081,3.1023387837,0.880911012656,0.470209339775,0.643206671793,0.409697934459,2,1.56995341615,0.643206671793,2,0.219187479187,0.192488262911,41,0.0231507622812,0.345159285159,23,23,23,1,0,0.521739130435,0.173913043478,0.304347826087,-7,-0.0138339920949,-0.115122377622,-0.608695652174,0.030303030303,-0.4375,0.0480269668223,0.0479076368845,0.0339079197775,-0.260717331319,0.0461947444178,0.0162860488947,-0.168082010924,0.0261419413334,0.027521592739,-0.105984632566,-0.0349059861057,-0.5,-0.115122377622,-0.105984632566,-0.5,-0.0402591348046,0.00370577317072,-5,-0.00282326369283,0.0120146520147,0.0434782608696,-0.0434782608696,0,81,0,7,418,0.920454545455,1,0,0.0795454545455,1,0.920454545455,0.958579881657,0.951469451768,0.920454545455,0.920454545455,1,8,0,10,9,10
1573,WLNM_dir_neg_kfold,0.75,0.448822463768,00:00:02,10,90,15,21360,threshold_sweep,0.7,1,0.125,0.222222222222,1,0,7,16,0.125,1,0,0.875,1,0.125,0.222222222222,0.708333333333,0.652777777778,0.16,0.29488391231,0.125,94,86,8,0,94,0,86,0,8,23,88,0.173913043478,1.68507579377,7.65217391304,7.33333333333,5.5,3.63829000359,0.475458352741,0.249505928854,5.32278271304,1.39118184545,0.672924901186,3.27042079462,0.854769071322,0.442687747036,0.749191304359,0.444603920564,2.5,1.68507579377,0.749191304359,2.5,0.259446613992,0.18878248974,46,0.025974025974,0.333144633145,23,23,23,1,0,0.478260869565,0.217391304348,0.304347826087,23,0.158102766798,1.57073578595,6.95652173913,7.27272727273,5,3.61157559257,0.519163991432,0.282065217391,4.9714600491,1.42929476412,0.685869565217,3.05806779783,0.879194491876,0.470652173913,0.64406139004,0.410038018997,2,1.57073578595,0.64406139004,2,0.211513486513,0.183870967742,38,0.0214568040655,0.337999778,23,23,23,1,0,0.521739130435,0.173913043478,0.304347826087,23,81,0.160079051383,1.56995341615,7.04347826087,7.36363636364,5.0625,3.68631697041,0.523365989626,0.283413848631,5.06206538172,1.43737658987,0.689210950081,3.1023387837,0.880911012656,0.470209339775,0.643206671793,0.409697934459,2,1.56995341615,0.643206671793,2,0.219187479187,0.192488262911,41,0.0231507622812,0.345159285159,23,23,23,1,0,0.521739130435,0.173913043478,0.304347826087,-7,-0.0138339920949,-0.115122377622,-0.608695652174,0.030303030303,-0.4375,0.0480269668223,0.0479076368845,0.0339079197775,-0.260717331319,0.0461947444178,0.0162860488947,-0.168082010924,0.0261419413334,0.027521592739,-0.105984632566,-0.0349059861057,-0.5,-0.115122377622,-0.105984632566,-0.5,-0.0402591348046,0.00370577317072,-5,-0.00282326369283,0.0120146520147,0.0434782608696,-0.0434782608696,0,81,0,7,418,0.920454545455,1,0,0.0795454545455,1,0.920454545455,0.958579881657,0.951469451768,0.920454545455,0.920454545455,1,8,0,10,9,10
1574,WLNM_dir_neg_kfold,0.75,0.448822463768,00:00:02,10,90,15,21360,threshold_sweep,0.8,1,0.125,0.222222222222,1,0,7,16,0.125,1,0,0.875,1,0.125,0.222222222222,0.708333333333,0.652777777778,0.16,0.29488391231,0.125,94,86,8,0,94,0,86,0,8,23,88,0.173913043478,1.68507579377,7.65217391304,7.33333333333,5.5,3.63829000359,0.475458352741,0.249505928854,5.32278271304,1.39118184545,0.672924901186,3.27042079462,0.854769071322,0.442687747036,0.749191304359,0.444603920564,2.5,1.68507579377,0.749191304359,2.5,0.259446613992,0.18878248974,46,0.025974025974,0.333144633145,23,23,23,1,0,0.478260869565,0.217391304348,0.304347826087,23,0.158102766798,1.57073578595,6.95652173913,7.27272727273,5,3.61157559257,0.519163991432,0.282065217391,4.9714600491,1.42929476412,0.685869565217,3.05806779783,0.879194491876,0.470652173913,0.64406139004,0.410038018997,2,1.57073578595,0.64406139004,2,0.211513486513,0.183870967742,38,0.0214568040655,0.337999778,23,23,23,1,0,0.521739130435,0.173913043478,0.304347826087,23,81,0.160079051383,1.56995341615,7.04347826087,7.36363636364,5.0625,3.68631697041,0.523365989626,0.283413848631,5.06206538172,1.43737658987,0.689210950081,3.1023387837,0.880911012656,0.470209339775,0.643206671793,0.409697934459,2,1.56995341615,0.643206671793,2,0.219187479187,0.192488262911,41,0.0231507622812,0.345159285159,23,23,23,1,0,0.521739130435,0.173913043478,0.304347826087,-7,-0.0138339920949,-0.115122377622,-0.608695652174,0.030303030303,-0.4375,0.0480269668223,0.0479076368845,0.0339079197775,-0.260717331319,0.0461947444178,0.0162860488947,-0.168082010924,0.0261419413334,0.027521592739,-0.105984632566,-0.0349059861057,-0.5,-0.115122377622,-0.105984632566,-0.5,-0.0402591348046,0.00370577317072,-5,-0.00282326369283,0.0120146520147,0.0434782608696,-0.0434782608696,0,81,0,7,418,0.920454545455,1,0,0.0795454545455,1,0.920454545455,0.958579881657,0.951469451768,0.920454545455,0.920454545455,1,8,0,10,9,10
1575,WLNM_dir_neg_kfold,0.75,0.448822463768,00:00:02,10,90,15,21360,threshold_sweep,0.9,1,0.125,0.222222222222,1,0,7,16,0.125,1,0,0.875,1,0.125,0.222222222222,0.708333333333,0.652777777778,0.16,0.29488391231,0.125,94,86,8,0,94,0,86,0,8,23,88,0.173913043478,1.68507579377,7.65217391304,7.33333333333,5.5,3.63829000359,0.475458352741,0.249505928854,5.32278271304,1.39118184545,0.672924901186,3.27042079462,0.854769071322,0.442687747036,0.749191304359,0.444603920564,2.5,1.68507579377,0.749191304359,2.5,0.259446613992,0.18878248974,46,0.025974025974,0.333144633145,23,23,23,1,0,0.478260869565,0.217391304348,0.304347826087,23,0.158102766798,1.57073578595,6.95652173913,7.27272727273,5,3.61157559257,0.519163991432,0.282065217391,4.9714600491,1.42929476412,0.685869565217,3.05806779783,0.879194491876,0.470652173913,0.64406139004,0.410038018997,2,1.57073578595,0.64406139004,2,0.211513486513,0.183870967742,38,0.0214568040655,0.337999778,23,23,23,1,0,0.521739130435,0.173913043478,0.304347826087,23,81,0.160079051383,1.56995341615,7.04347826087,7.36363636364,5.0625,3.68631697041,0.523365989626,0.283413848631,5.06206538172,1.43737658987,0.689210950081,3.1023387837,0.880911012656,0.470209339775,0.643206671793,0.409697934459,2,1.56995341615,0.643206671793,2,0.219187479187,0.192488262911,41,0.0231507622812,0.345159285159,23,23,23,1,0,0.521739130435,0.173913043478,0.304347826087,-7,-0.0138339920949,-0.115122377622,-0.608695652174,0.030303030303,-0.4375,0.0480269668223,0.0479076368845,0.0339079197775,-0.260717331319,0.0461947444178,0.0162860488947,-0.168082010924,0.0261419413334,0.027521592739,-0.105984632566,-0.0349059861057,-0.5,-0.115122377622,-0.105984632566,-0.5,-0.0402591348046,0.00370577317072,-5,-0.00282326369283,0.0120146520147,0.0434782608696,-0.0434782608696,0,81,0,7,418,0.920454545455,1,0,0.0795454545455,1,0.920454545455,0.958579881657,0.951469451768,0.920454545455,0.920454545455,1,8,0,10,9,10
1576,WLNM_dir_neg_kfold,0.69921875,0.372767857143,00:00:02,10,90,16,21361,threshold_sweep,0.1,1,0.125,0.222222222222,1,0,7,16,0.125,1,0,0.875,1,0.125,0.222222222222,0.708333333333,0.652777777778,0.16,0.29488391231,0.125,94,86,8,0,94,0,86,0,8,23,88,0.173913043478,1.68507579377,7.65217391304,7.33333333333,5.5,3.63829000359,0.475458352741,0.249505928854,5.32278271304,1.39118184545,0.672924901186,3.27042079462,0.854769071322,0.442687747036,0.749191304359,0.444603920564,2.5,1.68507579377,0.749191304359,2.5,0.259446613992,0.18878248974,46,0.025974025974,0.333144633145,23,23,23,1,0,0.478260869565,0.217391304348,0.304347826087,23,0.158102766798,1.57073578595,6.95652173913,7.27272727273,5,3.61157559257,0.519163991432,0.282065217391,4.9714600491,1.42929476412,0.685869565217,3.05806779783,0.879194491876,0.470652173913,0.64406139004,0.410038018997,2,1.57073578595,0.64406139004,2,0.211513486513,0.183870967742,38,0.0214568040655,0.337999778,23,23,23,1,0,0.521739130435,0.173913043478,0.304347826087,23,81,0.160079051383,1.56995341615,7.04347826087,7.36363636364,5.0625,3.68631697041,0.523365989626,0.283413848631,5.06206538172,1.43737658987,0.689210950081,3.1023387837,0.880911012656,0.470209339775,0.643206671793,0.409697934459,2,1.56995341615,0.643206671793,2,0.219187479187,0.192488262911,41,0.0231507622812,0.345159285159,23,23,23,1,0,0.521739130435,0.173913043478,0.304347826087,-7,-0.0138339920949,-0.115122377622,-0.608695652174,0.030303030303,-0.4375,0.0480269668223,0.0479076368845,0.0339079197775,-0.260717331319,0.0461947444178,0.0162860488947,-0.168082010924,0.0261419413334,0.027521592739,-0.105984632566,-0.0349059861057,-0.5,-0.115122377622,-0.105984632566,-0.5,-0.0402591348046,0.00370577317072,-5,-0.00282326369283,0.0120146520147,0.0434782608696,-0.0434782608696,0,81,0,7,418,0.920454545455,1,0,0.0795454545455,1,0.920454545455,0.958579881657,0.951469451768,0.920454545455,0.920454545455,1,8,0,10,9,10
1577,WLNM_dir_neg_kfold,0.69921875,0.372767857143,00:00:02,10,90,16,21361,threshold_sweep,0.2,1,0.125,0.222222222222,1,0,7,16,0.125,1,0,0.875,1,0.125,0.222222222222,0.708333333333,0.652777777778,0.16,0.29488391231,0.125,94,86,8,0,94,0,86,0,8,23,88,0.173913043478,1.68507579377,7.65217391304,7.33333333333,5.5,3.63829000359,0.475458352741,0.249505928854,5.32278271304,1.39118184545,0.672924901186,3.27042079462,0.854769071322,0.442687747036,0.749191304359,0.444603920564,2.5,1.68507579377,0.749191304359,2.5,0.259446613992,0.18878248974,46,0.025974025974,0.333144633145,23,23,23,1,0,0.478260869565,0.217391304348,0.304347826087,23,0.158102766798,1.57073578595,6.95652173913,7.27272727273,5,3.61157559257,0.519163991432,0.282065217391,4.9714600491,1.42929476412,0.685869565217,3.05806779783,0.879194491876,0.470652173913,0.64406139004,0.410038018997,2,1.57073578595,0.64406139004,2,0.211513486513,0.183870967742,38,0.0214568040655,0.337999778,23,23,23,1,0,0.521739130435,0.173913043478,0.304347826087,23,81,0.160079051383,1.56995341615,7.04347826087,7.36363636364,5.0625,3.68631697041,0.523365989626,0.283413848631,5.06206538172,1.43737658987,0.689210950081,3.1023387837,0.880911012656,0.470209339775,0.643206671793,0.409697934459,2,1.56995341615,0.643206671793,2,0.219187479187,0.192488262911,41,0.0231507622812,0.345159285159,23,23,23,1,0,0.521739130435,0.173913043478,0.304347826087,-7,-0.0138339920949,-0.115122377622,-0.608695652174,0.030303030303,-0.4375,0.0480269668223,0.0479076368845,0.0339079197775,-0.260717331319,0.0461947444178,0.0162860488947,-0.168082010924,0.0261419413334,0.027521592739,-0.105984632566,-0.0349059861057,-0.5,-0.115122377622,-0.105984632566,-0.5,-0.0402591348046,0.00370577317072,-5,-0.00282326369283,0.0120146520147,0.0434782608696,-0.0434782608696,0,81,0,7,418,0.920454545455,1,0,0.0795454545455,1,0.920454545455,0.958579881657,0.951469451768,0.920454545455,0.920454545455,1,8,0,10,9,10
1578,WLNM_dir_neg_kfold,0.69921875,0.372767857143,00:00:02,10,90,16,21361,threshold_sweep,0.3,1,0.125,0.222222222222,1,0,7,16,0.125,1,0,0.875,1,0.125,0.222222222222,0.708333333333,0.652777777778,0.16,0.29488391231,0.125,94,86,8,0,94,0,86,0,8,23,88,0.173913043478,1.68507579377,7.65217391304,7.33333333333,5.5,3.63829000359,0.475458352741,0.249505928854,5.32278271304,1.39118184545,0.672924901186,3.27042079462,0.854769071322,0.442687747036,0.749191304359,0.444603920564,2.5,1.68507579377,0.749191304359,2.5,0.259446613992,0.18878248974,46,0.025974025974,0.333144633145,23,23,23,1,0,0.478260869565,0.217391304348,0.304347826087,23,0.158102766798,1.57073578595,6.95652173913,7.27272727273,5,3.61157559257,0.519163991432,0.282065217391,4.9714600491,1.42929476412,0.685869565217,3.05806779783,0.879194491876,0.470652173913,0.64406139004,0.410038018997,2,1.57073578595,0.64406139004,2,0.211513486513,0.183870967742,38,0.0214568040655,0.337999778,23,23,23,1,0,0.521739130435,0.173913043478,0.304347826087,23,81,0.160079051383,1.56995341615,7.04347826087,7.36363636364,5.0625,3.68631697041,0.523365989626,0.283413848631,5.06206538172,1.43737658987,0.689210950081,3.1023387837,0.880911012656,0.470209339775,0.643206671793,0.409697934459,2,1.56995341615,0.643206671793,2,0.219187479187,0.192488262911,41,0.0231507622812,0.345159285159,23,23,23,1,0,0.521739130435,0.173913043478,0.304347826087,-7,-0.0138339920949,-0.115122377622,-0.608695652174,0.030303030303,-0.4375,0.0480269668223,0.0479076368845,0.0339079197775,-0.260717331319,0.0461947444178,0.0162860488947,-0.168082010924,0.0261419413334,0.027521592739,-0.105984632566,-0.0349059861057,-0.5,-0.115122377622,-0.105984632566,-0.5,-0.0402591348046,0.00370577317072,-5,-0.00282326369283,0.0120146520147,0.0434782608696,-0.0434782608696,0,81,0,7,418,0.920454545455,1,0,0.0795454545455,1,0.920454545455,0.958579881657,0.951469451768,0.920454545455,0.920454545455,1,8,0,10,9,10
1579,WLNM_dir_neg_kfold,0.69921875,0.372767857143,00:00:02,10,90,16,21361,threshold_sweep,0.4,1,0.125,0.222222222222,1,0,7,16,0.125,1,0,0.875,1,0.125,0.222222222222,0.708333333333,0.652777777778,0.16,0.29488391231,0.125,94,86,8,0,94,0,86,0,8,23,88,0.173913043478,1.68507579377,7.65217391304,7.33333333333,5.5,3.63829000359,0.475458352741,0.249505928854,5.32278271304,1.39118184545,0.672924901186,3.27042079462,0.854769071322,0.442687747036,0.749191304359,0.444603920564,2.5,1.68507579377,0.749191304359,2.5,0.259446613992,0.18878248974,46,0.025974025974,0.333144633145,23,23,23,1,0,0.478260869565,0.217391304348,0.304347826087,23,0.158102766798,1.57073578595,6.95652173913,7.27272727273,5,3.61157559257,0.519163991432,0.282065217391,4.9714600491,1.42929476412,0.685869565217,3.05806779783,0.879194491876,0.470652173913,0.64406139004,0.410038018997,2,1.57073578595,0.64406139004,2,0.211513486513,0.183870967742,38,0.0214568040655,0.337999778,23,23,23,1,0,0.521739130435,0.173913043478,0.304347826087,23,81,0.160079051383,1.56995341615,7.04347826087,7.36363636364,5.0625,3.68631697041,0.523365989626,0.283413848631,5.06206538172,1.43737658987,0.689210950081,3.1023387837,0.880911012656,0.470209339775,0.643206671793,0.409697934459,2,1.56995341615,0.643206671793,2,0.219187479187,0.192488262911,41,0.0231507622812,0.345159285159,23,23,23,1,0,0.521739130435,0.173913043478,0.304347826087,-7,-0.0138339920949,-0.115122377622,-0.608695652174,0.030303030303,-0.4375,0.0480269668223,0.0479076368845,0.0339079197775,-0.260717331319,0.0461947444178,0.0162860488947,-0.168082010924,0.0261419413334,0.027521592739,-0.105984632566,-0.0349059861057,-0.5,-0.115122377622,-0.105984632566,-0.5,-0.0402591348046,0.00370577317072,-5,-0.00282326369283,0.0120146520147,0.0434782608696,-0.0434782608696,0,81,0,7,418,0.920454545455,1,0,0.0795454545455,1,0.920454545455,0.958579881657,0.951469451768,0.920454545455,0.920454545455,1,8,0,10,9,10
1580,WLNM_dir_neg_kfold,0.69921875,0.372767857143,00:00:02,10,90,16,21361,threshold_sweep,0.5,1,0.125,0.222222222222,1,0,7,16,0.125,1,0,0.875,1,0.125,0.222222222222,0.708333333333,0.652777777778,0.16,0.29488391231,0.125,94,86,8,0,94,0,86,0,8,23,88,0.173913043478,1.68507579377,7.65217391304,7.33333333333,5.5,3.63829000359,0.475458352741,0.249505928854,5.32278271304,1.39118184545,0.672924901186,3.27042079462,0.854769071322,0.442687747036,0.749191304359,0.444603920564,2.5,1.68507579377,0.749191304359,2.5,0.259446613992,0.18878248974,46,0.025974025974,0.333144633145,23,23,23,1,0,0.478260869565,0.217391304348,0.304347826087,23,0.158102766798,1.57073578595,6.95652173913,7.27272727273,5,3.61157559257,0.519163991432,0.282065217391,4.9714600491,1.42929476412,0.685869565217,3.05806779783,0.879194491876,0.470652173913,0.64406139004,0.410038018997,2,1.57073578595,0.64406139004,2,0.211513486513,0.183870967742,38,0.0214568040655,0.337999778,23,23,23,1,0,0.521739130435,0.173913043478,0.304347826087,23,81,0.160079051383,1.56995341615,7.04347826087,7.36363636364,5.0625,3.68631697041,0.523365989626,0.283413848631,5.06206538172,1.43737658987,0.689210950081,3.1023387837,0.880911012656,0.470209339775,0.643206671793,0.409697934459,2,1.56995341615,0.643206671793,2,0.219187479187,0.192488262911,41,0.0231507622812,0.345159285159,23,23,23,1,0,0.521739130435,0.173913043478,0.304347826087,-7,-0.0138339920949,-0.115122377622,-0.608695652174,0.030303030303,-0.4375,0.0480269668223,0.0479076368845,0.0339079197775,-0.260717331319,0.0461947444178,0.0162860488947,-0.168082010924,0.0261419413334,0.027521592739,-0.105984632566,-0.0349059861057,-0.5,-0.115122377622,-0.105984632566,-0.5,-0.0402591348046,0.00370577317072,-5,-0.00282326369283,0.0120146520147,0.0434782608696,-0.0434782608696,0,81,0,7,418,0.920454545455,1,0,0.0795454545455,1,0.920454545455,0.958579881657,0.951469451768,0.920454545455,0.920454545455,1,8,0,10,9,10
1581,WLNM_dir_neg_kfold,0.69921875,0.372767857143,00:00:02,10,90,16,21361,threshold_sweep,0.6,1,0.125,0.222222222222,1,0,7,16,0.125,1,0,0.875,1,0.125,0.222222222222,0.708333333333,0.652777777778,0.16,0.29488391231,0.125,94,86,8,0,94,0,86,0,8,23,88,0.173913043478,1.68507579377,7.65217391304,7.33333333333,5.5,3.63829000359,0.475458352741,0.249505928854,5.32278271304,1.39118184545,0.672924901186,3.27042079462,0.854769071322,0.442687747036,0.749191304359,0.444603920564,2.5,1.68507579377,0.749191304359,2.5,0.259446613992,0.18878248974,46,0.025974025974,0.333144633145,23,23,23,1,0,0.478260869565,0.217391304348,0.304347826087,23,0.158102766798,1.57073578595,6.95652173913,7.27272727273,5,3.61157559257,0.519163991432,0.282065217391,4.9714600491,1.42929476412,0.685869565217,3.05806779783,0.879194491876,0.470652173913,0.64406139004,0.410038018997,2,1.57073578595,0.64406139004,2,0.211513486513,0.183870967742,38,0.0214568040655,0.337999778,23,23,23,1,0,0.521739130435,0.173913043478,0.304347826087,23,81,0.160079051383,1.56995341615,7.04347826087,7.36363636364,5.0625,3.68631697041,0.523365989626,0.283413848631,5.06206538172,1.43737658987,0.689210950081,3.1023387837,0.880911012656,0.470209339775,0.643206671793,0.409697934459,2,1.56995341615,0.643206671793,2,0.219187479187,0.192488262911,41,0.0231507622812,0.345159285159,23,23,23,1,0,0.521739130435,0.173913043478,0.304347826087,-7,-0.0138339920949,-0.115122377622,-0.608695652174,0.030303030303,-0.4375,0.0480269668223,0.0479076368845,0.0339079197775,-0.260717331319,0.0461947444178,0.0162860488947,-0.168082010924,0.0261419413334,0.027521592739,-0.105984632566,-0.0349059861057,-0.5,-0.115122377622,-0.105984632566,-0.5,-0.0402591348046,0.00370577317072,-5,-0.00282326369283,0.0120146520147,0.0434782608696,-0.0434782608696,0,81,0,7,418,0.920454545455,1,0,0.0795454545455,1,0.920454545455,0.958579881657,0.951469451768,0.920454545455,0.920454545455,1,8,0,10,9,10
1582,WLNM_dir_neg_kfold,0.69921875,0.372767857143,00:00:02,10,90,16,21361,threshold_sweep,0.7,1,0.125,0.222222222222,1,0,7,16,0.125,1,0,0.875,1,0.125,0.222222222222,0.708333333333,0.652777777778,0.16,0.29488391231,0.125,94,86,8,0,94,0,86,0,8,23,88,0.173913043478,1.68507579377,7.65217391304,7.33333333333,5.5,3.63829000359,0.475458352741,0.249505928854,5.32278271304,1.39118184545,0.672924901186,3.27042079462,0.854769071322,0.442687747036,0.749191304359,0.444603920564,2.5,1.68507579377,0.749191304359,2.5,0.259446613992,0.18878248974,46,0.025974025974,0.333144633145,23,23,23,1,0,0.478260869565,0.217391304348,0.304347826087,23,0.158102766798,1.57073578595,6.95652173913,7.27272727273,5,3.61157559257,0.519163991432,0.282065217391,4.9714600491,1.42929476412,0.685869565217,3.05806779783,0.879194491876,0.470652173913,0.64406139004,0.410038018997,2,1.57073578595,0.64406139004,2,0.211513486513,0.183870967742,38,0.0214568040655,0.337999778,23,23,23,1,0,0.521739130435,0.173913043478,0.304347826087,23,81,0.160079051383,1.56995341615,7.04347826087,7.36363636364,5.0625,3.68631697041,0.523365989626,0.283413848631,5.06206538172,1.43737658987,0.689210950081,3.1023387837,0.880911012656,0.470209339775,0.643206671793,0.409697934459,2,1.56995341615,0.643206671793,2,0.219187479187,0.192488262911,41,0.0231507622812,0.345159285159,23,23,23,1,0,0.521739130435,0.173913043478,0.304347826087,-7,-0.0138339920949,-0.115122377622,-0.608695652174,0.030303030303,-0.4375,0.0480269668223,0.0479076368845,0.0339079197775,-0.260717331319,0.0461947444178,0.0162860488947,-0.168082010924,0.0261419413334,0.027521592739,-0.105984632566,-0.0349059861057,-0.5,-0.115122377622,-0.105984632566,-0.5,-0.0402591348046,0.00370577317072,-5,-0.00282326369283,0.0120146520147,0.0434782608696,-0.0434782608696,0,81,0,7,418,0.920454545455,1,0,0.0795454545455,1,0.920454545455,0.958579881657,0.951469451768,0.920454545455,0.920454545455,1,8,0,10,9,10
1583,WLNM_dir_neg_kfold,0.69921875,0.372767857143,00:00:02,10,90,16,21361,threshold_sweep,0.8,1,0.125,0.222222222222,1,0,7,16,0.125,1,0,0.875,1,0.125,0.222222222222,0.708333333333,0.652777777778,0.16,0.29488391231,0.125,94,86,8,0,94,0,86,0,8,23,88,0.173913043478,1.68507579377,7.65217391304,7.33333333333,5.5,3.63829000359,0.475458352741,0.249505928854,5.32278271304,1.39118184545,0.672924901186,3.27042079462,0.854769071322,0.442687747036,0.749191304359,0.444603920564,2.5,1.68507579377,0.749191304359,2.5,0.259446613992,0.18878248974,46,0.025974025974,0.333144633145,23,23,23,1,0,0.478260869565,0.217391304348,0.304347826087,23,0.158102766798,1.57073578595,6.95652173913,7.27272727273,5,3.61157559257,0.519163991432,0.282065217391,4.9714600491,1.42929476412,0.685869565217,3.05806779783,0.879194491876,0.470652173913,0.64406139004,0.410038018997,2,1.57073578595,0.64406139004,2,0.211513486513,0.183870967742,38,0.0214568040655,0.337999778,23,23,23,1,0,0.521739130435,0.173913043478,0.304347826087,23,81,0.160079051383,1.56995341615,7.04347826087,7.36363636364,5.0625,3.68631697041,0.523365989626,0.283413848631,5.06206538172,1.43737658987,0.689210950081,3.1023387837,0.880911012656,0.470209339775,0.643206671793,0.409697934459,2,1.56995341615,0.643206671793,2,0.219187479187,0.192488262911,41,0.0231507622812,0.345159285159,23,23,23,1,0,0.521739130435,0.173913043478,0.304347826087,-7,-0.0138339920949,-0.115122377622,-0.608695652174,0.030303030303,-0.4375,0.0480269668223,0.0479076368845,0.0339079197775,-0.260717331319,0.0461947444178,0.0162860488947,-0.168082010924,0.0261419413334,0.027521592739,-0.105984632566,-0.0349059861057,-0.5,-0.115122377622,-0.105984632566,-0.5,-0.0402591348046,0.00370577317072,-5,-0.00282326369283,0.0120146520147,0.0434782608696,-0.0434782608696,0,81,0,7,418,0.920454545455,1,0,0.0795454545455,1,0.920454545455,0.958579881657,0.951469451768,0.920454545455,0.920454545455,1,8,0,10,9,10
1584,WLNM_dir_neg_kfold,0.69921875,0.372767857143,00:00:02,10,90,16,21361,threshold_sweep,0.9,1,0.125,0.222222222222,1,0,7,16,0.125,1,0,0.875,1,0.125,0.222222222222,0.708333333333,0.652777777778,0.16,0.29488391231,0.125,94,86,8,0,94,0,86,0,8,23,88,0.173913043478,1.68507579377,7.65217391304,7.33333333333,5.5,3.63829000359,0.475458352741,0.249505928854,5.32278271304,1.39118184545,0.672924901186,3.27042079462,0.854769071322,0.442687747036,0.749191304359,0.444603920564,2.5,1.68507579377,0.749191304359,2.5,0.259446613992,0.18878248974,46,0.025974025974,0.333144633145,23,23,23,1,0,0.478260869565,0.217391304348,0.304347826087,23,0.158102766798,1.57073578595,6.95652173913,7.27272727273,5,3.61157559257,0.519163991432,0.282065217391,4.9714600491,1.42929476412,0.685869565217,3.05806779783,0.879194491876,0.470652173913,0.64406139004,0.410038018997,2,1.57073578595,0.64406139004,2,0.211513486513,0.183870967742,38,0.0214568040655,0.337999778,23,23,23,1,0,0.521739130435,0.173913043478,0.304347826087,23,81,0.160079051383,1.56995341615,7.04347826087,7.36363636364,5.0625,3.68631697041,0.523365989626,0.283413848631,5.06206538172,1.43737658987,0.689210950081,3.1023387837,0.880911012656,0.470209339775,0.643206671793,0.409697934459,2,1.56995341615,0.643206671793,2,0.219187479187,0.192488262911,41,0.0231507622812,0.345159285159,23,23,23,1,0,0.521739130435,0.173913043478,0.304347826087,-7,-0.0138339920949,-0.115122377622,-0.608695652174,0.030303030303,-0.4375,0.0480269668223,0.0479076368845,0.0339079197775,-0.260717331319,0.0461947444178,0.0162860488947,-0.168082010924,0.0261419413334,0.027521592739,-0.105984632566,-0.0349059861057,-0.5,-0.115122377622,-0.105984632566,-0.5,-0.0402591348046,0.00370577317072,-5,-0.00282326369283,0.0120146520147,0.0434782608696,-0.0434782608696,0,81,0,7,418,0.920454545455,1,0,0.0795454545455,1,0.920454545455,0.958579881657,0.951469451768,0.920454545455,0.920454545455,1,8,0,10,9,10
1585,WLNM_dir_neg_kfold,0.8203125,0.484649122807,00:00:02,10,90,17,21362,threshold_sweep,0.1,1,0.125,0.222222222222,1,0,7,16,0.125,1,0,0.875,1,0.125,0.222222222222,0.708333333333,0.652777777778,0.16,0.29488391231,0.125,94,86,8,0,94,0,86,0,8,23,88,0.173913043478,1.68507579377,7.65217391304,7.33333333333,5.5,3.63829000359,0.475458352741,0.249505928854,5.32278271304,1.39118184545,0.672924901186,3.27042079462,0.854769071322,0.442687747036,0.749191304359,0.444603920564,2.5,1.68507579377,0.749191304359,2.5,0.259446613992,0.18878248974,46,0.025974025974,0.333144633145,23,23,23,1,0,0.478260869565,0.217391304348,0.304347826087,23,0.158102766798,1.57073578595,6.95652173913,7.27272727273,5,3.61157559257,0.519163991432,0.282065217391,4.9714600491,1.42929476412,0.685869565217,3.05806779783,0.879194491876,0.470652173913,0.64406139004,0.410038018997,2,1.57073578595,0.64406139004,2,0.211513486513,0.183870967742,38,0.0214568040655,0.337999778,23,23,23,1,0,0.521739130435,0.173913043478,0.304347826087,23,81,0.160079051383,1.56995341615,7.04347826087,7.36363636364,5.0625,3.68631697041,0.523365989626,0.283413848631,5.06206538172,1.43737658987,0.689210950081,3.1023387837,0.880911012656,0.470209339775,0.643206671793,0.409697934459,2,1.56995341615,0.643206671793,2,0.219187479187,0.192488262911,41,0.0231507622812,0.345159285159,23,23,23,1,0,0.521739130435,0.173913043478,0.304347826087,-7,-0.0138339920949,-0.115122377622,-0.608695652174,0.030303030303,-0.4375,0.0480269668223,0.0479076368845,0.0339079197775,-0.260717331319,0.0461947444178,0.0162860488947,-0.168082010924,0.0261419413334,0.027521592739,-0.105984632566,-0.0349059861057,-0.5,-0.115122377622,-0.105984632566,-0.5,-0.0402591348046,0.00370577317072,-5,-0.00282326369283,0.0120146520147,0.0434782608696,-0.0434782608696,0,81,0,7,418,0.920454545455,1,0,0.0795454545455,1,0.920454545455,0.958579881657,0.951469451768,0.920454545455,0.920454545455,1,8,0,10,9,10
1586,WLNM_dir_neg_kfold,0.8203125,0.484649122807,00:00:02,10,90,17,21362,threshold_sweep,0.2,1,0.125,0.222222222222,1,0,7,16,0.125,1,0,0.875,1,0.125,0.222222222222,0.708333333333,0.652777777778,0.16,0.29488391231,0.125,94,86,8,0,94,0,86,0,8,23,88,0.173913043478,1.68507579377,7.65217391304,7.33333333333,5.5,3.63829000359,0.475458352741,0.249505928854,5.32278271304,1.39118184545,0.672924901186,3.27042079462,0.854769071322,0.442687747036,0.749191304359,0.444603920564,2.5,1.68507579377,0.749191304359,2.5,0.259446613992,0.18878248974,46,0.025974025974,0.333144633145,23,23,23,1,0,0.478260869565,0.217391304348,0.304347826087,23,0.158102766798,1.57073578595,6.95652173913,7.27272727273,5,3.61157559257,0.519163991432,0.282065217391,4.9714600491,1.42929476412,0.685869565217,3.05806779783,0.879194491876,0.470652173913,0.64406139004,0.410038018997,2,1.57073578595,0.64406139004,2,0.211513486513,0.183870967742,38,0.0214568040655,0.337999778,23,23,23,1,0,0.521739130435,0.173913043478,0.304347826087,23,81,0.160079051383,1.56995341615,7.04347826087,7.36363636364,5.0625,3.68631697041,0.523365989626,0.283413848631,5.06206538172,1.43737658987,0.689210950081,3.1023387837,0.880911012656,0.470209339775,0.643206671793,0.409697934459,2,1.56995341615,0.643206671793,2,0.219187479187,0.192488262911,41,0.0231507622812,0.345159285159,23,23,23,1,0,0.521739130435,0.173913043478,0.304347826087,-7,-0.0138339920949,-0.115122377622,-0.608695652174,0.030303030303,-0.4375,0.0480269668223,0.0479076368845,0.0339079197775,-0.260717331319,0.0461947444178,0.0162860488947,-0.168082010924,0.0261419413334,0.027521592739,-0.105984632566,-0.0349059861057,-0.5,-0.115122377622,-0.105984632566,-0.5,-0.0402591348046,0.00370577317072,-5,-0.00282326369283,0.0120146520147,0.0434782608696,-0.0434782608696,0,81,0,7,418,0.920454545455,1,0,0.0795454545455,1,0.920454545455,0.958579881657,0.951469451768,0.920454545455,0.920454545455,1,8,0,10,9,10
1587,WLNM_dir_neg_kfold,0.8203125,0.484649122807,00:00:02,10,90,17,21362,threshold_sweep,0.3,1,0.125,0.222222222222,1,0,7,16,0.125,1,0,0.875,1,0.125,0.222222222222,0.708333333333,0.652777777778,0.16,0.29488391231,0.125,94,86,8,0,94,0,86,0,8,23,88,0.173913043478,1.68507579377,7.65217391304,7.33333333333,5.5,3.63829000359,0.475458352741,0.249505928854,5.32278271304,1.39118184545,0.672924901186,3.27042079462,0.854769071322,0.442687747036,0.749191304359,0.444603920564,2.5,1.68507579377,0.749191304359,2.5,0.259446613992,0.18878248974,46,0.025974025974,0.333144633145,23,23,23,1,0,0.478260869565,0.217391304348,0.304347826087,23,0.158102766798,1.57073578595,6.95652173913,7.27272727273,5,3.61157559257,0.519163991432,0.282065217391,4.9714600491,1.42929476412,0.685869565217,3.05806779783,0.879194491876,0.470652173913,0.64406139004,0.410038018997,2,1.57073578595,0.64406139004,2,0.211513486513,0.183870967742,38,0.0214568040655,0.337999778,23,23,23,1,0,0.521739130435,0.173913043478,0.304347826087,23,81,0.160079051383,1.56995341615,7.04347826087,7.36363636364,5.0625,3.68631697041,0.523365989626,0.283413848631,5.06206538172,1.43737658987,0.689210950081,3.1023387837,0.880911012656,0.470209339775,0.643206671793,0.409697934459,2,1.56995341615,0.643206671793,2,0.219187479187,0.192488262911,41,0.0231507622812,0.345159285159,23,23,23,1,0,0.521739130435,0.173913043478,0.304347826087,-7,-0.0138339920949,-0.115122377622,-0.608695652174,0.030303030303,-0.4375,0.0480269668223,0.0479076368845,0.0339079197775,-0.260717331319,0.0461947444178,0.0162860488947,-0.168082010924,0.0261419413334,0.027521592739,-0.105984632566,-0.0349059861057,-0.5,-0.115122377622,-0.105984632566,-0.5,-0.0402591348046,0.00370577317072,-5,-0.00282326369283,0.0120146520147,0.0434782608696,-0.0434782608696,0,81,0,7,418,0.920454545455,1,0,0.0795454545455,1,0.920454545455,0.958579881657,0.951469451768,0.920454545455,0.920454545455,1,8,0,10,9,10
1588,WLNM_dir_neg_kfold,0.8203125,0.484649122807,00:00:02,10,90,17,21362,threshold_sweep,0.4,1,0.125,0.222222222222,1,0,7,16,0.125,1,0,0.875,1,0.125,0.222222222222,0.708333333333,0.652777777778,0.16,0.29488391231,0.125,94,86,8,0,94,0,86,0,8,23,88,0.173913043478,1.68507579377,7.65217391304,7.33333333333,5.5,3.63829000359,0.475458352741,0.249505928854,5.32278271304,1.39118184545,0.672924901186,3.27042079462,0.854769071322,0.442687747036,0.749191304359,0.444603920564,2.5,1.68507579377,0.749191304359,2.5,0.259446613992,0.18878248974,46,0.025974025974,0.333144633145,23,23,23,1,0,0.478260869565,0.217391304348,0.304347826087,23,0.158102766798,1.57073578595,6.95652173913,7.27272727273,5,3.61157559257,0.519163991432,0.282065217391,4.9714600491,1.42929476412,0.685869565217,3.05806779783,0.879194491876,0.470652173913,0.64406139004,0.410038018997,2,1.57073578595,0.64406139004,2,0.211513486513,0.183870967742,38,0.0214568040655,0.337999778,23,23,23,1,0,0.521739130435,0.173913043478,0.304347826087,23,81,0.160079051383,1.56995341615,7.04347826087,7.36363636364,5.0625,3.68631697041,0.523365989626,0.283413848631,5.06206538172,1.43737658987,0.689210950081,3.1023387837,0.880911012656,0.470209339775,0.643206671793,0.409697934459,2,1.56995341615,0.643206671793,2,0.219187479187,0.192488262911,41,0.0231507622812,0.345159285159,23,23,23,1,0,0.521739130435,0.173913043478,0.304347826087,-7,-0.0138339920949,-0.115122377622,-0.608695652174,0.030303030303,-0.4375,0.0480269668223,0.0479076368845,0.0339079197775,-0.260717331319,0.0461947444178,0.0162860488947,-0.168082010924,0.0261419413334,0.027521592739,-0.105984632566,-0.0349059861057,-0.5,-0.115122377622,-0.105984632566,-0.5,-0.0402591348046,0.00370577317072,-5,-0.00282326369283,0.0120146520147,0.0434782608696,-0.0434782608696,0,81,0,7,418,0.920454545455,1,0,0.0795454545455,1,0.920454545455,0.958579881657,0.951469451768,0.920454545455,0.920454545455,1,8,0,10,9,10
1589,WLNM_dir_neg_kfold,0.8203125,0.484649122807,00:00:02,10,90,17,21362,threshold_sweep,0.5,1,0.125,0.222222222222,1,0,7,16,0.125,1,0,0.875,1,0.125,0.222222222222,0.708333333333,0.652777777778,0.16,0.29488391231,0.125,94,86,8,0,94,0,86,0,8,23,88,0.173913043478,1.68507579377,7.65217391304,7.33333333333,5.5,3.63829000359,0.475458352741,0.249505928854,5.32278271304,1.39118184545,0.672924901186,3.27042079462,0.854769071322,0.442687747036,0.749191304359,0.444603920564,2.5,1.68507579377,0.749191304359,2.5,0.259446613992,0.18878248974,46,0.025974025974,0.333144633145,23,23,23,1,0,0.478260869565,0.217391304348,0.304347826087,23,0.158102766798,1.57073578595,6.95652173913,7.27272727273,5,3.61157559257,0.519163991432,0.282065217391,4.9714600491,1.42929476412,0.685869565217,3.05806779783,0.879194491876,0.470652173913,0.64406139004,0.410038018997,2,1.57073578595,0.64406139004,2,0.211513486513,0.183870967742,38,0.0214568040655,0.337999778,23,23,23,1,0,0.521739130435,0.173913043478,0.304347826087,23,81,0.160079051383,1.56995341615,7.04347826087,7.36363636364,5.0625,3.68631697041,0.523365989626,0.283413848631,5.06206538172,1.43737658987,0.689210950081,3.1023387837,0.880911012656,0.470209339775,0.643206671793,0.409697934459,2,1.56995341615,0.643206671793,2,0.219187479187,0.192488262911,41,0.0231507622812,0.345159285159,23,23,23,1,0,0.521739130435,0.173913043478,0.304347826087,-7,-0.0138339920949,-0.115122377622,-0.608695652174,0.030303030303,-0.4375,0.0480269668223,0.0479076368845,0.0339079197775,-0.260717331319,0.0461947444178,0.0162860488947,-0.168082010924,0.0261419413334,0.027521592739,-0.105984632566,-0.0349059861057,-0.5,-0.115122377622,-0.105984632566,-0.5,-0.0402591348046,0.00370577317072,-5,-0.00282326369283,0.0120146520147,0.0434782608696,-0.0434782608696,0,81,0,7,418,0.920454545455,1,0,0.0795454545455,1,0.920454545455,0.958579881657,0.951469451768,0.920454545455,0.920454545455,1,8,0,10,9,10
1590,WLNM_dir_neg_kfold,0.8203125,0.484649122807,00:00:02,10,90,17,21362,threshold_sweep,0.6,1,0.125,0.222222222222,1,0,7,16,0.125,1,0,0.875,1,0.125,0.222222222222,0.708333333333,0.652777777778,0.16,0.29488391231,0.125,94,86,8,0,94,0,86,0,8,23,88,0.173913043478,1.68507579377,7.65217391304,7.33333333333,5.5,3.63829000359,0.475458352741,0.249505928854,5.32278271304,1.39118184545,0.672924901186,3.27042079462,0.854769071322,0.442687747036,0.749191304359,0.444603920564,2.5,1.68507579377,0.749191304359,2.5,0.259446613992,0.18878248974,46,0.025974025974,0.333144633145,23,23,23,1,0,0.478260869565,0.217391304348,0.304347826087,23,0.158102766798,1.57073578595,6.95652173913,7.27272727273,5,3.61157559257,0.519163991432,0.282065217391,4.9714600491,1.42929476412,0.685869565217,3.05806779783,0.879194491876,0.470652173913,0.64406139004,0.410038018997,2,1.57073578595,0.64406139004,2,0.211513486513,0.183870967742,38,0.0214568040655,0.337999778,23,23,23,1,0,0.521739130435,0.173913043478,0.304347826087,23,81,0.160079051383,1.56995341615,7.04347826087,7.36363636364,5.0625,3.68631697041,0.523365989626,0.283413848631,5.06206538172,1.43737658987,0.689210950081,3.1023387837,0.880911012656,0.470209339775,0.643206671793,0.409697934459,2,1.56995341615,0.643206671793,2,0.219187479187,0.192488262911,41,0.0231507622812,0.345159285159,23,23,23,1,0,0.521739130435,0.173913043478,0.304347826087,-7,-0.0138339920949,-0.115122377622,-0.608695652174,0.030303030303,-0.4375,0.0480269668223,0.0479076368845,0.0339079197775,-0.260717331319,0.0461947444178,0.0162860488947,-0.168082010924,0.0261419413334,0.027521592739,-0.105984632566,-0.0349059861057,-0.5,-0.115122377622,-0.105984632566,-0.5,-0.0402591348046,0.00370577317072,-5,-0.00282326369283,0.0120146520147,0.0434782608696,-0.0434782608696,0,81,0,7,418,0.920454545455,1,0,0.0795454545455,1,0.920454545455,0.958579881657,0.951469451768,0.920454545455,0.920454545455,1,8,0,10,9,10
1591,WLNM_dir_neg_kfold,0.8203125,0.484649122807,00:00:02,10,90,17,21362,threshold_sweep,0.7,1,0.125,0.222222222222,1,0,7,16,0.125,1,0,0.875,1,0.125,0.222222222222,0.708333333333,0.652777777778,0.16,0.29488391231,0.125,94,86,8,0,94,0,86,0,8,23,88,0.173913043478,1.68507579377,7.65217391304,7.33333333333,5.5,3.63829000359,0.475458352741,0.249505928854,5.32278271304,1.39118184545,0.672924901186,3.27042079462,0.854769071322,0.442687747036,0.749191304359,0.444603920564,2.5,1.68507579377,0.749191304359,2.5,0.259446613992,0.18878248974,46,0.025974025974,0.333144633145,23,23,23,1,0,0.478260869565,0.217391304348,0.304347826087,23,0.158102766798,1.57073578595,6.95652173913,7.27272727273,5,3.61157559257,0.519163991432,0.282065217391,4.9714600491,1.42929476412,0.685869565217,3.05806779783,0.879194491876,0.470652173913,0.64406139004,0.410038018997,2,1.57073578595,0.64406139004,2,0.211513486513,0.183870967742,38,0.0214568040655,0.337999778,23,23,23,1,0,0.521739130435,0.173913043478,0.304347826087,23,81,0.160079051383,1.56995341615,7.04347826087,7.36363636364,5.0625,3.68631697041,0.523365989626,0.283413848631,5.06206538172,1.43737658987,0.689210950081,3.1023387837,0.880911012656,0.470209339775,0.643206671793,0.409697934459,2,1.56995341615,0.643206671793,2,0.219187479187,0.192488262911,41,0.0231507622812,0.345159285159,23,23,23,1,0,0.521739130435,0.173913043478,0.304347826087,-7,-0.0138339920949,-0.115122377622,-0.608695652174,0.030303030303,-0.4375,0.0480269668223,0.0479076368845,0.0339079197775,-0.260717331319,0.0461947444178,0.0162860488947,-0.168082010924,0.0261419413334,0.027521592739,-0.105984632566,-0.0349059861057,-0.5,-0.115122377622,-0.105984632566,-0.5,-0.0402591348046,0.00370577317072,-5,-0.00282326369283,0.0120146520147,0.0434782608696,-0.0434782608696,0,81,0,7,418,0.920454545455,1,0,0.0795454545455,1,0.920454545455,0.958579881657,0.951469451768,0.920454545455,0.920454545455,1,8,0,10,9,10
1592,WLNM_dir_neg_kfold,0.8203125,0.484649122807,00:00:02,10,90,17,21362,threshold_sweep,0.8,1,0.125,0.222222222222,1,0,7,16,0.125,1,0,0.875,1,0.125,0.222222222222,0.708333333333,0.652777777778,0.16,0.29488391231,0.125,94,86,8,0,94,0,86,0,8,23,88,0.173913043478,1.68507579377,7.65217391304,7.33333333333,5.5,3.63829000359,0.475458352741,0.249505928854,5.32278271304,1.39118184545,0.672924901186,3.27042079462,0.854769071322,0.442687747036,0.749191304359,0.444603920564,2.5,1.68507579377,0.749191304359,2.5,0.259446613992,0.18878248974,46,0.025974025974,0.333144633145,23,23,23,1,0,0.478260869565,0.217391304348,0.304347826087,23,0.158102766798,1.57073578595,6.95652173913,7.27272727273,5,3.61157559257,0.519163991432,0.282065217391,4.9714600491,1.42929476412,0.685869565217,3.05806779783,0.879194491876,0.470652173913,0.64406139004,0.410038018997,2,1.57073578595,0.64406139004,2,0.211513486513,0.183870967742,38,0.0214568040655,0.337999778,23,23,23,1,0,0.521739130435,0.173913043478,0.304347826087,23,81,0.160079051383,1.56995341615,7.04347826087,7.36363636364,5.0625,3.68631697041,0.523365989626,0.283413848631,5.06206538172,1.43737658987,0.689210950081,3.1023387837,0.880911012656,0.470209339775,0.643206671793,0.409697934459,2,1.56995341615,0.643206671793,2,0.219187479187,0.192488262911,41,0.0231507622812,0.345159285159,23,23,23,1,0,0.521739130435,0.173913043478,0.304347826087,-7,-0.0138339920949,-0.115122377622,-0.608695652174,0.030303030303,-0.4375,0.0480269668223,0.0479076368845,0.0339079197775,-0.260717331319,0.0461947444178,0.0162860488947,-0.168082010924,0.0261419413334,0.027521592739,-0.105984632566,-0.0349059861057,-0.5,-0.115122377622,-0.105984632566,-0.5,-0.0402591348046,0.00370577317072,-5,-0.00282326369283,0.0120146520147,0.0434782608696,-0.0434782608696,0,81,0,7,418,0.920454545455,1,0,0.0795454545455,1,0.920454545455,0.958579881657,0.951469451768,0.920454545455,0.920454545455,1,8,0,10,9,10
1593,WLNM_dir_neg_kfold,0.8203125,0.484649122807,00:00:02,10,90,17,21362,threshold_sweep,0.9,1,0.125,0.222222222222,1,0,7,16,0.125,1,0,0.875,1,0.125,0.222222222222,0.708333333333,0.652777777778,0.16,0.29488391231,0.125,94,86,8,0,94,0,86,0,8,23,88,0.173913043478,1.68507579377,7.65217391304,7.33333333333,5.5,3.63829000359,0.475458352741,0.249505928854,5.32278271304,1.39118184545,0.672924901186,3.27042079462,0.854769071322,0.442687747036,0.749191304359,0.444603920564,2.5,1.68507579377,0.749191304359,2.5,0.259446613992,0.18878248974,46,0.025974025974,0.333144633145,23,23,23,1,0,0.478260869565,0.217391304348,0.304347826087,23,0.158102766798,1.57073578595,6.95652173913,7.27272727273,5,3.61157559257,0.519163991432,0.282065217391,4.9714600491,1.42929476412,0.685869565217,3.05806779783,0.879194491876,0.470652173913,0.64406139004,0.410038018997,2,1.57073578595,0.64406139004,2,0.211513486513,0.183870967742,38,0.0214568040655,0.337999778,23,23,23,1,0,0.521739130435,0.173913043478,0.304347826087,23,81,0.160079051383,1.56995341615,7.04347826087,7.36363636364,5.0625,3.68631697041,0.523365989626,0.283413848631,5.06206538172,1.43737658987,0.689210950081,3.1023387837,0.880911012656,0.470209339775,0.643206671793,0.409697934459,2,1.56995341615,0.643206671793,2,0.219187479187,0.192488262911,41,0.0231507622812,0.345159285159,23,23,23,1,0,0.521739130435,0.173913043478,0.304347826087,-7,-0.0138339920949,-0.115122377622,-0.608695652174,0.030303030303,-0.4375,0.0480269668223,0.0479076368845,0.0339079197775,-0.260717331319,0.0461947444178,0.0162860488947,-0.168082010924,0.0261419413334,0.027521592739,-0.105984632566,-0.0349059861057,-0.5,-0.115122377622,-0.105984632566,-0.5,-0.0402591348046,0.00370577317072,-5,-0.00282326369283,0.0120146520147,0.0434782608696,-0.0434782608696,0,81,0,7,418,0.920454545455,1,0,0.0795454545455,1,0.920454545455,0.958579881657,0.951469451768,0.920454545455,0.920454545455,1,8,0,10,9,10
1594,WLNM_dir_neg_kfold,0.8515625,0.724116161616,00:00:02,10,90,18,21363,threshold_sweep,0.1,1,0.125,0.222222222222,1,0,7,16,0.125,1,0,0.875,1,0.125,0.222222222222,0.708333333333,0.652777777778,0.16,0.29488391231,0.125,94,86,8,0,94,0,86,0,8,23,88,0.173913043478,1.68507579377,7.65217391304,7.33333333333,5.5,3.63829000359,0.475458352741,0.249505928854,5.32278271304,1.39118184545,0.672924901186,3.27042079462,0.854769071322,0.442687747036,0.749191304359,0.444603920564,2.5,1.68507579377,0.749191304359,2.5,0.259446613992,0.18878248974,46,0.025974025974,0.333144633145,23,23,23,1,0,0.478260869565,0.217391304348,0.304347826087,23,0.158102766798,1.57073578595,6.95652173913,7.27272727273,5,3.61157559257,0.519163991432,0.282065217391,4.9714600491,1.42929476412,0.685869565217,3.05806779783,0.879194491876,0.470652173913,0.64406139004,0.410038018997,2,1.57073578595,0.64406139004,2,0.211513486513,0.183870967742,38,0.0214568040655,0.337999778,23,23,23,1,0,0.521739130435,0.173913043478,0.304347826087,23,81,0.160079051383,1.56995341615,7.04347826087,7.36363636364,5.0625,3.68631697041,0.523365989626,0.283413848631,5.06206538172,1.43737658987,0.689210950081,3.1023387837,0.880911012656,0.470209339775,0.643206671793,0.409697934459,2,1.56995341615,0.643206671793,2,0.219187479187,0.192488262911,41,0.0231507622812,0.345159285159,23,23,23,1,0,0.521739130435,0.173913043478,0.304347826087,-7,-0.0138339920949,-0.115122377622,-0.608695652174,0.030303030303,-0.4375,0.0480269668223,0.0479076368845,0.0339079197775,-0.260717331319,0.0461947444178,0.0162860488947,-0.168082010924,0.0261419413334,0.027521592739,-0.105984632566,-0.0349059861057,-0.5,-0.115122377622,-0.105984632566,-0.5,-0.0402591348046,0.00370577317072,-5,-0.00282326369283,0.0120146520147,0.0434782608696,-0.0434782608696,0,81,0,7,418,0.920454545455,1,0,0.0795454545455,1,0.920454545455,0.958579881657,0.951469451768,0.920454545455,0.920454545455,1,8,0,10,9,10
1595,WLNM_dir_neg_kfold,0.8515625,0.724116161616,00:00:02,10,90,18,21363,threshold_sweep,0.2,1,0.125,0.222222222222,1,0,7,16,0.125,1,0,0.875,1,0.125,0.222222222222,0.708333333333,0.652777777778,0.16,0.29488391231,0.125,94,86,8,0,94,0,86,0,8,23,88,0.173913043478,1.68507579377,7.65217391304,7.33333333333,5.5,3.63829000359,0.475458352741,0.249505928854,5.32278271304,1.39118184545,0.672924901186,3.27042079462,0.854769071322,0.442687747036,0.749191304359,0.444603920564,2.5,1.68507579377,0.749191304359,2.5,0.259446613992,0.18878248974,46,0.025974025974,0.333144633145,23,23,23,1,0,0.478260869565,0.217391304348,0.304347826087,23,0.158102766798,1.57073578595,6.95652173913,7.27272727273,5,3.61157559257,0.519163991432,0.282065217391,4.9714600491,1.42929476412,0.685869565217,3.05806779783,0.879194491876,0.470652173913,0.64406139004,0.410038018997,2,1.57073578595,0.64406139004,2,0.211513486513,0.183870967742,38,0.0214568040655,0.337999778,23,23,23,1,0,0.521739130435,0.173913043478,0.304347826087,23,81,0.160079051383,1.56995341615,7.04347826087,7.36363636364,5.0625,3.68631697041,0.523365989626,0.283413848631,5.06206538172,1.43737658987,0.689210950081,3.1023387837,0.880911012656,0.470209339775,0.643206671793,0.409697934459,2,1.56995341615,0.643206671793,2,0.219187479187,0.192488262911,41,0.0231507622812,0.345159285159,23,23,23,1,0,0.521739130435,0.173913043478,0.304347826087,-7,-0.0138339920949,-0.115122377622,-0.608695652174,0.030303030303,-0.4375,0.0480269668223,0.0479076368845,0.0339079197775,-0.260717331319,0.0461947444178,0.0162860488947,-0.168082010924,0.0261419413334,0.027521592739,-0.105984632566,-0.0349059861057,-0.5,-0.115122377622,-0.105984632566,-0.5,-0.0402591348046,0.00370577317072,-5,-0.00282326369283,0.0120146520147,0.0434782608696,-0.0434782608696,0,81,0,7,418,0.920454545455,1,0,0.0795454545455,1,0.920454545455,0.958579881657,0.951469451768,0.920454545455,0.920454545455,1,8,0,10,9,10
1596,WLNM_dir_neg_kfold,0.8515625,0.724116161616,00:00:02,10,90,18,21363,threshold_sweep,0.3,1,0.125,0.222222222222,1,0,7,16,0.125,1,0,0.875,1,0.125,0.222222222222,0.708333333333,0.652777777778,0.16,0.29488391231,0.125,94,86,8,0,94,0,86,0,8,23,88,0.173913043478,1.68507579377,7.65217391304,7.33333333333,5.5,3.63829000359,0.475458352741,0.249505928854,5.32278271304,1.39118184545,0.672924901186,3.27042079462,0.854769071322,0.442687747036,0.749191304359,0.444603920564,2.5,1.68507579377,0.749191304359,2.5,0.259446613992,0.18878248974,46,0.025974025974,0.333144633145,23,23,23,1,0,0.478260869565,0.217391304348,0.304347826087,23,0.158102766798,1.57073578595,6.95652173913,7.27272727273,5,3.61157559257,0.519163991432,0.282065217391,4.9714600491,1.42929476412,0.685869565217,3.05806779783,0.879194491876,0.470652173913,0.64406139004,0.410038018997,2,1.57073578595,0.64406139004,2,0.211513486513,0.183870967742,38,0.0214568040655,0.337999778,23,23,23,1,0,0.521739130435,0.173913043478,0.304347826087,23,81,0.160079051383,1.56995341615,7.04347826087,7.36363636364,5.0625,3.68631697041,0.523365989626,0.283413848631,5.06206538172,1.43737658987,0.689210950081,3.1023387837,0.880911012656,0.470209339775,0.643206671793,0.409697934459,2,1.56995341615,0.643206671793,2,0.219187479187,0.192488262911,41,0.0231507622812,0.345159285159,23,23,23,1,0,0.521739130435,0.173913043478,0.304347826087,-7,-0.0138339920949,-0.115122377622,-0.608695652174,0.030303030303,-0.4375,0.0480269668223,0.0479076368845,0.0339079197775,-0.260717331319,0.0461947444178,0.0162860488947,-0.168082010924,0.0261419413334,0.027521592739,-0.105984632566,-0.0349059861057,-0.5,-0.115122377622,-0.105984632566,-0.5,-0.0402591348046,0.00370577317072,-5,-0.00282326369283,0.0120146520147,0.0434782608696,-0.0434782608696,0,81,0,7,418,0.920454545455,1,0,0.0795454545455,1,0.920454545455,0.958579881657,0.951469451768,0.920454545455,0.920454545455,1,8,0,10,9,10
1597,WLNM_dir_neg_kfold,0.8515625,0.724116161616,00:00:02,10,90,18,21363,threshold_sweep,0.4,1,0.125,0.222222222222,1,0,7,16,0.125,1,0,0.875,1,0.125,0.222222222222,0.708333333333,0.652777777778,0.16,0.29488391231,0.125,94,86,8,0,94,0,86,0,8,23,88,0.173913043478,1.68507579377,7.65217391304,7.33333333333,5.5,3.63829000359,0.475458352741,0.249505928854,5.32278271304,1.39118184545,0.672924901186,3.27042079462,0.854769071322,0.442687747036,0.749191304359,0.444603920564,2.5,1.68507579377,0.749191304359,2.5,0.259446613992,0.18878248974,46,0.025974025974,0.333144633145,23,23,23,1,0,0.478260869565,0.217391304348,0.304347826087,23,0.158102766798,1.57073578595,6.95652173913,7.27272727273,5,3.61157559257,0.519163991432,0.282065217391,4.9714600491,1.42929476412,0.685869565217,3.05806779783,0.879194491876,0.470652173913,0.64406139004,0.410038018997,2,1.57073578595,0.64406139004,2,0.211513486513,0.183870967742,38,0.0214568040655,0.337999778,23,23,23,1,0,0.521739130435,0.173913043478,0.304347826087,23,81,0.160079051383,1.56995341615,7.04347826087,7.36363636364,5.0625,3.68631697041,0.523365989626,0.283413848631,5.06206538172,1.43737658987,0.689210950081,3.1023387837,0.880911012656,0.470209339775,0.643206671793,0.409697934459,2,1.56995341615,0.643206671793,2,0.219187479187,0.192488262911,41,0.0231507622812,0.345159285159,23,23,23,1,0,0.521739130435,0.173913043478,0.304347826087,-7,-0.0138339920949,-0.115122377622,-0.608695652174,0.030303030303,-0.4375,0.0480269668223,0.0479076368845,0.0339079197775,-0.260717331319,0.0461947444178,0.0162860488947,-0.168082010924,0.0261419413334,0.027521592739,-0.105984632566,-0.0349059861057,-0.5,-0.115122377622,-0.105984632566,-0.5,-0.0402591348046,0.00370577317072,-5,-0.00282326369283,0.0120146520147,0.0434782608696,-0.0434782608696,0,81,0,7,418,0.920454545455,1,0,0.0795454545455,1,0.920454545455,0.958579881657,0.951469451768,0.920454545455,0.920454545455,1,8,0,10,9,10
1598,WLNM_dir_neg_kfold,0.8515625,0.724116161616,00:00:02,10,90,18,21363,threshold_sweep,0.5,1,0.125,0.222222222222,1,0,7,16,0.125,1,0,0.875,1,0.125,0.222222222222,0.708333333333,0.652777777778,0.16,0.29488391231,0.125,94,86,8,0,94,0,86,0,8,23,88,0.173913043478,1.68507579377,7.65217391304,7.33333333333,5.5,3.63829000359,0.475458352741,0.249505928854,5.32278271304,1.39118184545,0.672924901186,3.27042079462,0.854769071322,0.442687747036,0.749191304359,0.444603920564,2.5,1.68507579377,0.749191304359,2.5,0.259446613992,0.18878248974,46,0.025974025974,0.333144633145,23,23,23,1,0,0.478260869565,0.217391304348,0.304347826087,23,0.158102766798,1.57073578595,6.95652173913,7.27272727273,5,3.61157559257,0.519163991432,0.282065217391,4.9714600491,1.42929476412,0.685869565217,3.05806779783,0.879194491876,0.470652173913,0.64406139004,0.410038018997,2,1.57073578595,0.64406139004,2,0.211513486513,0.183870967742,38,0.0214568040655,0.337999778,23,23,23,1,0,0.521739130435,0.173913043478,0.304347826087,23,81,0.160079051383,1.56995341615,7.04347826087,7.36363636364,5.0625,3.68631697041,0.523365989626,0.283413848631,5.06206538172,1.43737658987,0.689210950081,3.1023387837,0.880911012656,0.470209339775,0.643206671793,0.409697934459,2,1.56995341615,0.643206671793,2,0.219187479187,0.192488262911,41,0.0231507622812,0.345159285159,23,23,23,1,0,0.521739130435,0.173913043478,0.304347826087,-7,-0.0138339920949,-0.115122377622,-0.608695652174,0.030303030303,-0.4375,0.0480269668223,0.0479076368845,0.0339079197775,-0.260717331319,0.0461947444178,0.0162860488947,-0.168082010924,0.0261419413334,0.027521592739,-0.105984632566,-0.0349059861057,-0.5,-0.115122377622,-0.105984632566,-0.5,-0.0402591348046,0.00370577317072,-5,-0.00282326369283,0.0120146520147,0.0434782608696,-0.0434782608696,0,81,0,7,418,0.920454545455,1,0,0.0795454545455,1,0.920454545455,0.958579881657,0.951469451768,0.920454545455,0.920454545455,1,8,0,10,9,10
1599,WLNM_dir_neg_kfold,0.8515625,0.724116161616,00:00:02,10,90,18,21363,threshold_sweep,0.6,1,0.125,0.222222222222,1,0,7,16,0.125,1,0,0.875,1,0.125,0.222222222222,0.708333333333,0.652777777778,0.16,0.29488391231,0.125,94,86,8,0,94,0,86,0,8,23,88,0.173913043478,1.68507579377,7.65217391304,7.33333333333,5.5,3.63829000359,0.475458352741,0.249505928854,5.32278271304,1.39118184545,0.672924901186,3.27042079462,0.854769071322,0.442687747036,0.749191304359,0.444603920564,2.5,1.68507579377,0.749191304359,2.5,0.259446613992,0.18878248974,46,0.025974025974,0.333144633145,23,23,23,1,0,0.478260869565,0.217391304348,0.304347826087,23,0.158102766798,1.57073578595,6.95652173913,7.27272727273,5,3.61157559257,0.519163991432,0.282065217391,4.9714600491,1.42929476412,0.685869565217,3.05806779783,0.879194491876,0.470652173913,0.64406139004,0.410038018997,2,1.57073578595,0.64406139004,2,0.211513486513,0.183870967742,38,0.0214568040655,0.337999778,23,23,23,1,0,0.521739130435,0.173913043478,0.304347826087,23,81,0.160079051383,1.56995341615,7.04347826087,7.36363636364,5.0625,3.68631697041,0.523365989626,0.283413848631,5.06206538172,1.43737658987,0.689210950081,3.1023387837,0.880911012656,0.470209339775,0.643206671793,0.409697934459,2,1.56995341615,0.643206671793,2,0.219187479187,0.192488262911,41,0.0231507622812,0.345159285159,23,23,23,1,0,0.521739130435,0.173913043478,0.304347826087,-7,-0.0138339920949,-0.115122377622,-0.608695652174,0.030303030303,-0.4375,0.0480269668223,0.0479076368845,0.0339079197775,-0.260717331319,0.0461947444178,0.0162860488947,-0.168082010924,0.0261419413334,0.027521592739,-0.105984632566,-0.0349059861057,-0.5,-0.115122377622,-0.105984632566,-0.5,-0.0402591348046,0.00370577317072,-5,-0.00282326369283,0.0120146520147,0.0434782608696,-0.0434782608696,0,81,0,7,418,0.920454545455,1,0,0.0795454545455,1,0.920454545455,0.958579881657,0.951469451768,0.920454545455,0.920454545455,1,8,0,10,9,10
1600,WLNM_dir_neg_kfold,0.8515625,0.724116161616,00:00:02,10,90,18,21363,threshold_sweep,0.7,1,0.125,0.222222222222,1,0,7,16,0.125,1,0,0.875,1,0.125,0.222222222222,0.708333333333,0.652777777778,0.16,0.29488391231,0.125,94,86,8,0,94,0,86,0,8,23,88,0.173913043478,1.68507579377,7.65217391304,7.33333333333,5.5,3.63829000359,0.475458352741,0.249505928854,5.32278271304,1.39118184545,0.672924901186,3.27042079462,0.854769071322,0.442687747036,0.749191304359,0.444603920564,2.5,1.68507579377,0.749191304359,2.5,0.259446613992,0.18878248974,46,0.025974025974,0.333144633145,23,23,23,1,0,0.478260869565,0.217391304348,0.304347826087,23,0.158102766798,1.57073578595,6.95652173913,7.27272727273,5,3.61157559257,0.519163991432,0.282065217391,4.9714600491,1.42929476412,0.685869565217,3.05806779783,0.879194491876,0.470652173913,0.64406139004,0.410038018997,2,1.57073578595,0.64406139004,2,0.211513486513,0.183870967742,38,0.0214568040655,0.337999778,23,23,23,1,0,0.521739130435,0.173913043478,0.304347826087,23,81,0.160079051383,1.56995341615,7.04347826087,7.36363636364,5.0625,3.68631697041,0.523365989626,0.283413848631,5.06206538172,1.43737658987,0.689210950081,3.1023387837,0.880911012656,0.470209339775,0.643206671793,0.409697934459,2,1.56995341615,0.643206671793,2,0.219187479187,0.192488262911,41,0.0231507622812,0.345159285159,23,23,23,1,0,0.521739130435,0.173913043478,0.304347826087,-7,-0.0138339920949,-0.115122377622,-0.608695652174,0.030303030303,-0.4375,0.0480269668223,0.0479076368845,0.0339079197775,-0.260717331319,0.0461947444178,0.0162860488947,-0.168082010924,0.0261419413334,0.027521592739,-0.105984632566,-0.0349059861057,-0.5,-0.115122377622,-0.105984632566,-0.5,-0.0402591348046,0.00370577317072,-5,-0.00282326369283,0.0120146520147,0.0434782608696,-0.0434782608696,0,81,0,7,418,0.920454545455,1,0,0.0795454545455,1,0.920454545455,0.958579881657,0.951469451768,0.920454545455,0.920454545455,1,8,0,10,9,10
1601,WLNM_dir_neg_kfold,0.8515625,0.724116161616,00:00:02,10,90,18,21363,threshold_sweep,0.8,1,0.125,0.222222222222,1,0,7,16,0.125,1,0,0.875,1,0.125,0.222222222222,0.708333333333,0.652777777778,0.16,0.29488391231,0.125,94,86,8,0,94,0,86,0,8,23,88,0.173913043478,1.68507579377,7.65217391304,7.33333333333,5.5,3.63829000359,0.475458352741,0.249505928854,5.32278271304,1.39118184545,0.672924901186,3.27042079462,0.854769071322,0.442687747036,0.749191304359,0.444603920564,2.5,1.68507579377,0.749191304359,2.5,0.259446613992,0.18878248974,46,0.025974025974,0.333144633145,23,23,23,1,0,0.478260869565,0.217391304348,0.304347826087,23,0.158102766798,1.57073578595,6.95652173913,7.27272727273,5,3.61157559257,0.519163991432,0.282065217391,4.9714600491,1.42929476412,0.685869565217,3.05806779783,0.879194491876,0.470652173913,0.64406139004,0.410038018997,2,1.57073578595,0.64406139004,2,0.211513486513,0.183870967742,38,0.0214568040655,0.337999778,23,23,23,1,0,0.521739130435,0.173913043478,0.304347826087,23,81,0.160079051383,1.56995341615,7.04347826087,7.36363636364,5.0625,3.68631697041,0.523365989626,0.283413848631,5.06206538172,1.43737658987,0.689210950081,3.1023387837,0.880911012656,0.470209339775,0.643206671793,0.409697934459,2,1.56995341615,0.643206671793,2,0.219187479187,0.192488262911,41,0.0231507622812,0.345159285159,23,23,23,1,0,0.521739130435,0.173913043478,0.304347826087,-7,-0.0138339920949,-0.115122377622,-0.608695652174,0.030303030303,-0.4375,0.0480269668223,0.0479076368845,0.0339079197775,-0.260717331319,0.0461947444178,0.0162860488947,-0.168082010924,0.0261419413334,0.027521592739,-0.105984632566,-0.0349059861057,-0.5,-0.115122377622,-0.105984632566,-0.5,-0.0402591348046,0.00370577317072,-5,-0.00282326369283,0.0120146520147,0.0434782608696,-0.0434782608696,0,81,0,7,418,0.920454545455,1,0,0.0795454545455,1,0.920454545455,0.958579881657,0.951469451768,0.920454545455,0.920454545455,1,8,0,10,9,10
1602,WLNM_dir_neg_kfold,0.8515625,0.724116161616,00:00:02,10,90,18,21363,threshold_sweep,0.9,1,0.125,0.222222222222,1,0,7,16,0.125,1,0,0.875,1,0.125,0.222222222222,0.708333333333,0.652777777778,0.16,0.29488391231,0.125,94,86,8,0,94,0,86,0,8,23,88,0.173913043478,1.68507579377,7.65217391304,7.33333333333,5.5,3.63829000359,0.475458352741,0.249505928854,5.32278271304,1.39118184545,0.672924901186,3.27042079462,0.854769071322,0.442687747036,0.749191304359,0.444603920564,2.5,1.68507579377,0.749191304359,2.5,0.259446613992,0.18878248974,46,0.025974025974,0.333144633145,23,23,23,1,0,0.478260869565,0.217391304348,0.304347826087,23,0.158102766798,1.57073578595,6.95652173913,7.27272727273,5,3.61157559257,0.519163991432,0.282065217391,4.9714600491,1.42929476412,0.685869565217,3.05806779783,0.879194491876,0.470652173913,0.64406139004,0.410038018997,2,1.57073578595,0.64406139004,2,0.211513486513,0.183870967742,38,0.0214568040655,0.337999778,23,23,23,1,0,0.521739130435,0.173913043478,0.304347826087,23,81,0.160079051383,1.56995341615,7.04347826087,7.36363636364,5.0625,3.68631697041,0.523365989626,0.283413848631,5.06206538172,1.43737658987,0.689210950081,3.1023387837,0.880911012656,0.470209339775,0.643206671793,0.409697934459,2,1.56995341615,0.643206671793,2,0.219187479187,0.192488262911,41,0.0231507622812,0.345159285159,23,23,23,1,0,0.521739130435,0.173913043478,0.304347826087,-7,-0.0138339920949,-0.115122377622,-0.608695652174,0.030303030303,-0.4375,0.0480269668223,0.0479076368845,0.0339079197775,-0.260717331319,0.0461947444178,0.0162860488947,-0.168082010924,0.0261419413334,0.027521592739,-0.105984632566,-0.0349059861057,-0.5,-0.115122377622,-0.105984632566,-0.5,-0.0402591348046,0.00370577317072,-5,-0.00282326369283,0.0120146520147,0.0434782608696,-0.0434782608696,0,81,0,7,418,0.920454545455,1,0,0.0795454545455,1,0.920454545455,0.958579881657,0.951469451768,0.920454545455,0.920454545455,1,8,0,10,9,10
1603,WLNM_dir_neg_kfold,0.890625,0.663526348039,00:00:02,10,90,19,21364,threshold_sweep,0.1,1,0.25,0.4,2,0,6,16,0.25,1,0,0.75,1,0.25,0.4,0.75,0.638888888889,0.307692307692,0.426401432711,0.25,94,86,8,0,94,0,86,0,8,23,88,0.173913043478,1.68507579377,7.65217391304,7.33333333333,5.5,3.63829000359,0.475458352741,0.249505928854,5.32278271304,1.39118184545,0.672924901186,3.27042079462,0.854769071322,0.442687747036,0.749191304359,0.444603920564,2.5,1.68507579377,0.749191304359,2.5,0.259446613992,0.18878248974,46,0.025974025974,0.333144633145,23,23,23,1,0,0.478260869565,0.217391304348,0.304347826087,23,0.158102766798,1.57073578595,6.95652173913,7.27272727273,5,3.61157559257,0.519163991432,0.282065217391,4.9714600491,1.42929476412,0.685869565217,3.05806779783,0.879194491876,0.470652173913,0.64406139004,0.410038018997,2,1.57073578595,0.64406139004,2,0.211513486513,0.183870967742,38,0.0214568040655,0.337999778,23,23,23,1,0,0.521739130435,0.173913043478,0.304347826087,23,82,0.162055335968,1.66481507623,7.13043478261,6.83333333333,5.125,3.6093860952,0.506194391399,0.273594909862,5.03466246008,1.41216142173,0.680805938494,3.13087392616,0.878171954898,0.466595970308,0.700791110295,0.420942313835,2,1.66481507623,0.700791110295,2,0.206935921222,0.19040247678,41,0.0231507622812,0.314652939653,23,23,23,1,0,0.478260869565,0.217391304348,0.304347826087,-6,-0.0118577075099,-0.0202607175433,-0.521739130435,-0.5,-0.375,-0.0289039083911,0.0307360386579,0.0240889810084,-0.288120252962,0.0209795762757,0.0078810373084,-0.139546868466,0.0234028835759,0.023908223272,-0.0484001940635,-0.023661606729,-0.5,-0.0202607175433,-0.0484001940635,-0.5,-0.0525106927704,0.0016199870401,-5,-0.00282326369283,-0.0184916934917,0,0,0,82,0,6,418,0.931818181818,1,0,0.0681818181818,1,0.931818181818,0.964705882353,0.958452959446,0.931818181818,0.931818181818,2,8,0,10,9,10
1604,WLNM_dir_neg_kfold,0.890625,0.663526348039,00:00:02,10,90,19,21364,threshold_sweep,0.2,1,0.25,0.4,2,0,6,16,0.25,1,0,0.75,1,0.25,0.4,0.75,0.638888888889,0.307692307692,0.426401432711,0.25,94,86,8,0,94,0,86,0,8,23,88,0.173913043478,1.68507579377,7.65217391304,7.33333333333,5.5,3.63829000359,0.475458352741,0.249505928854,5.32278271304,1.39118184545,0.672924901186,3.27042079462,0.854769071322,0.442687747036,0.749191304359,0.444603920564,2.5,1.68507579377,0.749191304359,2.5,0.259446613992,0.18878248974,46,0.025974025974,0.333144633145,23,23,23,1,0,0.478260869565,0.217391304348,0.304347826087,23,0.158102766798,1.57073578595,6.95652173913,7.27272727273,5,3.61157559257,0.519163991432,0.282065217391,4.9714600491,1.42929476412,0.685869565217,3.05806779783,0.879194491876,0.470652173913,0.64406139004,0.410038018997,2,1.57073578595,0.64406139004,2,0.211513486513,0.183870967742,38,0.0214568040655,0.337999778,23,23,23,1,0,0.521739130435,0.173913043478,0.304347826087,23,82,0.162055335968,1.66481507623,7.13043478261,6.83333333333,5.125,3.6093860952,0.506194391399,0.273594909862,5.03466246008,1.41216142173,0.680805938494,3.13087392616,0.878171954898,0.466595970308,0.700791110295,0.420942313835,2,1.66481507623,0.700791110295,2,0.206935921222,0.19040247678,41,0.0231507622812,0.314652939653,23,23,23,1,0,0.478260869565,0.217391304348,0.304347826087,-6,-0.0118577075099,-0.0202607175433,-0.521739130435,-0.5,-0.375,-0.0289039083911,0.0307360386579,0.0240889810084,-0.288120252962,0.0209795762757,0.0078810373084,-0.139546868466,0.0234028835759,0.023908223272,-0.0484001940635,-0.023661606729,-0.5,-0.0202607175433,-0.0484001940635,-0.5,-0.0525106927704,0.0016199870401,-5,-0.00282326369283,-0.0184916934917,0,0,0,82,0,6,418,0.931818181818,1,0,0.0681818181818,1,0.931818181818,0.964705882353,0.958452959446,0.931818181818,0.931818181818,2,8,0,10,9,10
1605,WLNM_dir_neg_kfold,0.890625,0.663526348039,00:00:02,10,90,19,21364,threshold_sweep,0.3,1,0.125,0.222222222222,1,0,7,16,0.125,1,0,0.875,1,0.125,0.222222222222,0.708333333333,0.652777777778,0.16,0.29488391231,0.125,94,86,8,0,94,0,86,0,8,23,88,0.173913043478,1.68507579377,7.65217391304,7.33333333333,5.5,3.63829000359,0.475458352741,0.249505928854,5.32278271304,1.39118184545,0.672924901186,3.27042079462,0.854769071322,0.442687747036,0.749191304359,0.444603920564,2.5,1.68507579377,0.749191304359,2.5,0.259446613992,0.18878248974,46,0.025974025974,0.333144633145,23,23,23,1,0,0.478260869565,0.217391304348,0.304347826087,23,0.158102766798,1.57073578595,6.95652173913,7.27272727273,5,3.61157559257,0.519163991432,0.282065217391,4.9714600491,1.42929476412,0.685869565217,3.05806779783,0.879194491876,0.470652173913,0.64406139004,0.410038018997,2,1.57073578595,0.64406139004,2,0.211513486513,0.183870967742,38,0.0214568040655,0.337999778,23,23,23,1,0,0.521739130435,0.173913043478,0.304347826087,23,81,0.160079051383,1.56995341615,7.04347826087,7.36363636364,5.0625,3.68631697041,0.523365989626,0.283413848631,5.06206538172,1.43737658987,0.689210950081,3.1023387837,0.880911012656,0.470209339775,0.643206671793,0.409697934459,2,1.56995341615,0.643206671793,2,0.219187479187,0.192488262911,41,0.0231507622812,0.345159285159,23,23,23,1,0,0.521739130435,0.173913043478,0.304347826087,-7,-0.0138339920949,-0.115122377622,-0.608695652174,0.030303030303,-0.4375,0.0480269668223,0.0479076368845,0.0339079197775,-0.260717331319,0.0461947444178,0.0162860488947,-0.168082010924,0.0261419413334,0.027521592739,-0.105984632566,-0.0349059861057,-0.5,-0.115122377622,-0.105984632566,-0.5,-0.0402591348046,0.00370577317072,-5,-0.00282326369283,0.0120146520147,0.0434782608696,-0.0434782608696,0,81,0,7,418,0.920454545455,1,0,0.0795454545455,1,0.920454545455,0.958579881657,0.951469451768,0.920454545455,0.920454545455,1,8,0,10,9,10
1606,WLNM_dir_neg_kfold,0.890625,0.663526348039,00:00:02,10,90,19,21364,threshold_sweep,0.4,1,0.125,0.222222222222,1,0,7,16,0.125,1,0,0.875,1,0.125,0.222222222222,0.708333333333,0.652777777778,0.16,0.29488391231,0.125,94,86,8,0,94,0,86,0,8,23,88,0.173913043478,1.68507579377,7.65217391304,7.33333333333,5.5,3.63829000359,0.475458352741,0.249505928854,5.32278271304,1.39118184545,0.672924901186,3.27042079462,0.854769071322,0.442687747036,0.749191304359,0.444603920564,2.5,1.68507579377,0.749191304359,2.5,0.259446613992,0.18878248974,46,0.025974025974,0.333144633145,23,23,23,1,0,0.478260869565,0.217391304348,0.304347826087,23,0.158102766798,1.57073578595,6.95652173913,7.27272727273,5,3.61157559257,0.519163991432,0.282065217391,4.9714600491,1.42929476412,0.685869565217,3.05806779783,0.879194491876,0.470652173913,0.64406139004,0.410038018997,2,1.57073578595,0.64406139004,2,0.211513486513,0.183870967742,38,0.0214568040655,0.337999778,23,23,23,1,0,0.521739130435,0.173913043478,0.304347826087,23,81,0.160079051383,1.56995341615,7.04347826087,7.36363636364,5.0625,3.68631697041,0.523365989626,0.283413848631,5.06206538172,1.43737658987,0.689210950081,3.1023387837,0.880911012656,0.470209339775,0.643206671793,0.409697934459,2,1.56995341615,0.643206671793,2,0.219187479187,0.192488262911,41,0.0231507622812,0.345159285159,23,23,23,1,0,0.521739130435,0.173913043478,0.304347826087,-7,-0.0138339920949,-0.115122377622,-0.608695652174,0.030303030303,-0.4375,0.0480269668223,0.0479076368845,0.0339079197775,-0.260717331319,0.0461947444178,0.0162860488947,-0.168082010924,0.0261419413334,0.027521592739,-0.105984632566,-0.0349059861057,-0.5,-0.115122377622,-0.105984632566,-0.5,-0.0402591348046,0.00370577317072,-5,-0.00282326369283,0.0120146520147,0.0434782608696,-0.0434782608696,0,81,0,7,418,0.920454545455,1,0,0.0795454545455,1,0.920454545455,0.958579881657,0.951469451768,0.920454545455,0.920454545455,1,8,0,10,9,10
1607,WLNM_dir_neg_kfold,0.890625,0.663526348039,00:00:02,10,90,19,21364,threshold_sweep,0.5,1,0.125,0.222222222222,1,0,7,16,0.125,1,0,0.875,1,0.125,0.222222222222,0.708333333333,0.652777777778,0.16,0.29488391231,0.125,94,86,8,0,94,0,86,0,8,23,88,0.173913043478,1.68507579377,7.65217391304,7.33333333333,5.5,3.63829000359,0.475458352741,0.249505928854,5.32278271304,1.39118184545,0.672924901186,3.27042079462,0.854769071322,0.442687747036,0.749191304359,0.444603920564,2.5,1.68507579377,0.749191304359,2.5,0.259446613992,0.18878248974,46,0.025974025974,0.333144633145,23,23,23,1,0,0.478260869565,0.217391304348,0.304347826087,23,0.158102766798,1.57073578595,6.95652173913,7.27272727273,5,3.61157559257,0.519163991432,0.282065217391,4.9714600491,1.42929476412,0.685869565217,3.05806779783,0.879194491876,0.470652173913,0.64406139004,0.410038018997,2,1.57073578595,0.64406139004,2,0.211513486513,0.183870967742,38,0.0214568040655,0.337999778,23,23,23,1,0,0.521739130435,0.173913043478,0.304347826087,23,81,0.160079051383,1.56995341615,7.04347826087,7.36363636364,5.0625,3.68631697041,0.523365989626,0.283413848631,5.06206538172,1.43737658987,0.689210950081,3.1023387837,0.880911012656,0.470209339775,0.643206671793,0.409697934459,2,1.56995341615,0.643206671793,2,0.219187479187,0.192488262911,41,0.0231507622812,0.345159285159,23,23,23,1,0,0.521739130435,0.173913043478,0.304347826087,-7,-0.0138339920949,-0.115122377622,-0.608695652174,0.030303030303,-0.4375,0.0480269668223,0.0479076368845,0.0339079197775,-0.260717331319,0.0461947444178,0.0162860488947,-0.168082010924,0.0261419413334,0.027521592739,-0.105984632566,-0.0349059861057,-0.5,-0.115122377622,-0.105984632566,-0.5,-0.0402591348046,0.00370577317072,-5,-0.00282326369283,0.0120146520147,0.0434782608696,-0.0434782608696,0,81,0,7,418,0.920454545455,1,0,0.0795454545455,1,0.920454545455,0.958579881657,0.951469451768,0.920454545455,0.920454545455,1,8,0,10,9,10
1608,WLNM_dir_neg_kfold,0.890625,0.663526348039,00:00:02,10,90,19,21364,threshold_sweep,0.6,1,0.125,0.222222222222,1,0,7,16,0.125,1,0,0.875,1,0.125,0.222222222222,0.708333333333,0.652777777778,0.16,0.29488391231,0.125,94,86,8,0,94,0,86,0,8,23,88,0.173913043478,1.68507579377,7.65217391304,7.33333333333,5.5,3.63829000359,0.475458352741,0.249505928854,5.32278271304,1.39118184545,0.672924901186,3.27042079462,0.854769071322,0.442687747036,0.749191304359,0.444603920564,2.5,1.68507579377,0.749191304359,2.5,0.259446613992,0.18878248974,46,0.025974025974,0.333144633145,23,23,23,1,0,0.478260869565,0.217391304348,0.304347826087,23,0.158102766798,1.57073578595,6.95652173913,7.27272727273,5,3.61157559257,0.519163991432,0.282065217391,4.9714600491,1.42929476412,0.685869565217,3.05806779783,0.879194491876,0.470652173913,0.64406139004,0.410038018997,2,1.57073578595,0.64406139004,2,0.211513486513,0.183870967742,38,0.0214568040655,0.337999778,23,23,23,1,0,0.521739130435,0.173913043478,0.304347826087,23,81,0.160079051383,1.56995341615,7.04347826087,7.36363636364,5.0625,3.68631697041,0.523365989626,0.283413848631,5.06206538172,1.43737658987,0.689210950081,3.1023387837,0.880911012656,0.470209339775,0.643206671793,0.409697934459,2,1.56995341615,0.643206671793,2,0.219187479187,0.192488262911,41,0.0231507622812,0.345159285159,23,23,23,1,0,0.521739130435,0.173913043478,0.304347826087,-7,-0.0138339920949,-0.115122377622,-0.608695652174,0.030303030303,-0.4375,0.0480269668223,0.0479076368845,0.0339079197775,-0.260717331319,0.0461947444178,0.0162860488947,-0.168082010924,0.0261419413334,0.027521592739,-0.105984632566,-0.0349059861057,-0.5,-0.115122377622,-0.105984632566,-0.5,-0.0402591348046,0.00370577317072,-5,-0.00282326369283,0.0120146520147,0.0434782608696,-0.0434782608696,0,81,0,7,418,0.920454545455,1,0,0.0795454545455,1,0.920454545455,0.958579881657,0.951469451768,0.920454545455,0.920454545455,1,8,0,10,9,10
1609,WLNM_dir_neg_kfold,0.890625,0.663526348039,00:00:02,10,90,19,21364,threshold_sweep,0.7,1,0.125,0.222222222222,1,0,7,16,0.125,1,0,0.875,1,0.125,0.222222222222,0.708333333333,0.652777777778,0.16,0.29488391231,0.125,94,86,8,0,94,0,86,0,8,23,88,0.173913043478,1.68507579377,7.65217391304,7.33333333333,5.5,3.63829000359,0.475458352741,0.249505928854,5.32278271304,1.39118184545,0.672924901186,3.27042079462,0.854769071322,0.442687747036,0.749191304359,0.444603920564,2.5,1.68507579377,0.749191304359,2.5,0.259446613992,0.18878248974,46,0.025974025974,0.333144633145,23,23,23,1,0,0.478260869565,0.217391304348,0.304347826087,23,0.158102766798,1.57073578595,6.95652173913,7.27272727273,5,3.61157559257,0.519163991432,0.282065217391,4.9714600491,1.42929476412,0.685869565217,3.05806779783,0.879194491876,0.470652173913,0.64406139004,0.410038018997,2,1.57073578595,0.64406139004,2,0.211513486513,0.183870967742,38,0.0214568040655,0.337999778,23,23,23,1,0,0.521739130435,0.173913043478,0.304347826087,23,81,0.160079051383,1.56995341615,7.04347826087,7.36363636364,5.0625,3.68631697041,0.523365989626,0.283413848631,5.06206538172,1.43737658987,0.689210950081,3.1023387837,0.880911012656,0.470209339775,0.643206671793,0.409697934459,2,1.56995341615,0.643206671793,2,0.219187479187,0.192488262911,41,0.0231507622812,0.345159285159,23,23,23,1,0,0.521739130435,0.173913043478,0.304347826087,-7,-0.0138339920949,-0.115122377622,-0.608695652174,0.030303030303,-0.4375,0.0480269668223,0.0479076368845,0.0339079197775,-0.260717331319,0.0461947444178,0.0162860488947,-0.168082010924,0.0261419413334,0.027521592739,-0.105984632566,-0.0349059861057,-0.5,-0.115122377622,-0.105984632566,-0.5,-0.0402591348046,0.00370577317072,-5,-0.00282326369283,0.0120146520147,0.0434782608696,-0.0434782608696,0,81,0,7,418,0.920454545455,1,0,0.0795454545455,1,0.920454545455,0.958579881657,0.951469451768,0.920454545455,0.920454545455,1,8,0,10,9,10
1610,WLNM_dir_neg_kfold,0.890625,0.663526348039,00:00:02,10,90,19,21364,threshold_sweep,0.8,1,0.125,0.222222222222,1,0,7,16,0.125,1,0,0.875,1,0.125,0.222222222222,0.708333333333,0.652777777778,0.16,0.29488391231,0.125,94,86,8,0,94,0,86,0,8,23,88,0.173913043478,1.68507579377,7.65217391304,7.33333333333,5.5,3.63829000359,0.475458352741,0.249505928854,5.32278271304,1.39118184545,0.672924901186,3.27042079462,0.854769071322,0.442687747036,0.749191304359,0.444603920564,2.5,1.68507579377,0.749191304359,2.5,0.259446613992,0.18878248974,46,0.025974025974,0.333144633145,23,23,23,1,0,0.478260869565,0.217391304348,0.304347826087,23,0.158102766798,1.57073578595,6.95652173913,7.27272727273,5,3.61157559257,0.519163991432,0.282065217391,4.9714600491,1.42929476412,0.685869565217,3.05806779783,0.879194491876,0.470652173913,0.64406139004,0.410038018997,2,1.57073578595,0.64406139004,2,0.211513486513,0.183870967742,38,0.0214568040655,0.337999778,23,23,23,1,0,0.521739130435,0.173913043478,0.304347826087,23,81,0.160079051383,1.56995341615,7.04347826087,7.36363636364,5.0625,3.68631697041,0.523365989626,0.283413848631,5.06206538172,1.43737658987,0.689210950081,3.1023387837,0.880911012656,0.470209339775,0.643206671793,0.409697934459,2,1.56995341615,0.643206671793,2,0.219187479187,0.192488262911,41,0.0231507622812,0.345159285159,23,23,23,1,0,0.521739130435,0.173913043478,0.304347826087,-7,-0.0138339920949,-0.115122377622,-0.608695652174,0.030303030303,-0.4375,0.0480269668223,0.0479076368845,0.0339079197775,-0.260717331319,0.0461947444178,0.0162860488947,-0.168082010924,0.0261419413334,0.027521592739,-0.105984632566,-0.0349059861057,-0.5,-0.115122377622,-0.105984632566,-0.5,-0.0402591348046,0.00370577317072,-5,-0.00282326369283,0.0120146520147,0.0434782608696,-0.0434782608696,0,81,0,7,418,0.920454545455,1,0,0.0795454545455,1,0.920454545455,0.958579881657,0.951469451768,0.920454545455,0.920454545455,1,8,0,10,9,10
1611,WLNM_dir_neg_kfold,0.890625,0.663526348039,00:00:02,10,90,19,21364,threshold_sweep,0.9,1,0.125,0.222222222222,1,0,7,16,0.125,1,0,0.875,1,0.125,0.222222222222,0.708333333333,0.652777777778,0.16,0.29488391231,0.125,94,86,8,0,94,0,86,0,8,23,88,0.173913043478,1.68507579377,7.65217391304,7.33333333333,5.5,3.63829000359,0.475458352741,0.249505928854,5.32278271304,1.39118184545,0.672924901186,3.27042079462,0.854769071322,0.442687747036,0.749191304359,0.444603920564,2.5,1.68507579377,0.749191304359,2.5,0.259446613992,0.18878248974,46,0.025974025974,0.333144633145,23,23,23,1,0,0.478260869565,0.217391304348,0.304347826087,23,0.158102766798,1.57073578595,6.95652173913,7.27272727273,5,3.61157559257,0.519163991432,0.282065217391,4.9714600491,1.42929476412,0.685869565217,3.05806779783,0.879194491876,0.470652173913,0.64406139004,0.410038018997,2,1.57073578595,0.64406139004,2,0.211513486513,0.183870967742,38,0.0214568040655,0.337999778,23,23,23,1,0,0.521739130435,0.173913043478,0.304347826087,23,81,0.160079051383,1.56995341615,7.04347826087,7.36363636364,5.0625,3.68631697041,0.523365989626,0.283413848631,5.06206538172,1.43737658987,0.689210950081,3.1023387837,0.880911012656,0.470209339775,0.643206671793,0.409697934459,2,1.56995341615,0.643206671793,2,0.219187479187,0.192488262911,41,0.0231507622812,0.345159285159,23,23,23,1,0,0.521739130435,0.173913043478,0.304347826087,-7,-0.0138339920949,-0.115122377622,-0.608695652174,0.030303030303,-0.4375,0.0480269668223,0.0479076368845,0.0339079197775,-0.260717331319,0.0461947444178,0.0162860488947,-0.168082010924,0.0261419413334,0.027521592739,-0.105984632566,-0.0349059861057,-0.5,-0.115122377622,-0.105984632566,-0.5,-0.0402591348046,0.00370577317072,-5,-0.00282326369283,0.0120146520147,0.0434782608696,-0.0434782608696,0,81,0,7,418,0.920454545455,1,0,0.0795454545455,1,0.920454545455,0.958579881657,0.951469451768,0.920454545455,0.920454545455,1,8,0,10,9,10
1612,WLNM_dir_neg_kfold,0.75390625,0.426609848485,00:00:02,10,90,20,21365,threshold_sweep,0.1,1,0.125,0.222222222222,1,0,7,16,0.125,1,0,0.875,1,0.125,0.222222222222,0.708333333333,0.652777777778,0.16,0.29488391231,0.125,94,86,8,0,94,0,86,0,8,23,88,0.173913043478,1.68507579377,7.65217391304,7.33333333333,5.5,3.63829000359,0.475458352741,0.249505928854,5.32278271304,1.39118184545,0.672924901186,3.27042079462,0.854769071322,0.442687747036,0.749191304359,0.444603920564,2.5,1.68507579377,0.749191304359,2.5,0.259446613992,0.18878248974,46,0.025974025974,0.333144633145,23,23,23,1,0,0.478260869565,0.217391304348,0.304347826087,23,0.158102766798,1.57073578595,6.95652173913,7.27272727273,5,3.61157559257,0.519163991432,0.282065217391,4.9714600491,1.42929476412,0.685869565217,3.05806779783,0.879194491876,0.470652173913,0.64406139004,0.410038018997,2,1.57073578595,0.64406139004,2,0.211513486513,0.183870967742,38,0.0214568040655,0.337999778,23,23,23,1,0,0.521739130435,0.173913043478,0.304347826087,23,81,0.160079051383,1.56995341615,7.04347826087,7.36363636364,5.0625,3.68631697041,0.523365989626,0.283413848631,5.06206538172,1.43737658987,0.689210950081,3.1023387837,0.880911012656,0.470209339775,0.643206671793,0.409697934459,2,1.56995341615,0.643206671793,2,0.219187479187,0.192488262911,41,0.0231507622812,0.345159285159,23,23,23,1,0,0.521739130435,0.173913043478,0.304347826087,-7,-0.0138339920949,-0.115122377622,-0.608695652174,0.030303030303,-0.4375,0.0480269668223,0.0479076368845,0.0339079197775,-0.260717331319,0.0461947444178,0.0162860488947,-0.168082010924,0.0261419413334,0.027521592739,-0.105984632566,-0.0349059861057,-0.5,-0.115122377622,-0.105984632566,-0.5,-0.0402591348046,0.00370577317072,-5,-0.00282326369283,0.0120146520147,0.0434782608696,-0.0434782608696,0,81,0,7,418,0.920454545455,1,0,0.0795454545455,1,0.920454545455,0.958579881657,0.951469451768,0.920454545455,0.920454545455,1,8,0,10,9,10
1613,WLNM_dir_neg_kfold,0.75390625,0.426609848485,00:00:02,10,90,20,21365,threshold_sweep,0.2,1,0.125,0.222222222222,1,0,7,16,0.125,1,0,0.875,1,0.125,0.222222222222,0.708333333333,0.652777777778,0.16,0.29488391231,0.125,94,86,8,0,94,0,86,0,8,23,88,0.173913043478,1.68507579377,7.65217391304,7.33333333333,5.5,3.63829000359,0.475458352741,0.249505928854,5.32278271304,1.39118184545,0.672924901186,3.27042079462,0.854769071322,0.442687747036,0.749191304359,0.444603920564,2.5,1.68507579377,0.749191304359,2.5,0.259446613992,0.18878248974,46,0.025974025974,0.333144633145,23,23,23,1,0,0.478260869565,0.217391304348,0.304347826087,23,0.158102766798,1.57073578595,6.95652173913,7.27272727273,5,3.61157559257,0.519163991432,0.282065217391,4.9714600491,1.42929476412,0.685869565217,3.05806779783,0.879194491876,0.470652173913,0.64406139004,0.410038018997,2,1.57073578595,0.64406139004,2,0.211513486513,0.183870967742,38,0.0214568040655,0.337999778,23,23,23,1,0,0.521739130435,0.173913043478,0.304347826087,23,81,0.160079051383,1.56995341615,7.04347826087,7.36363636364,5.0625,3.68631697041,0.523365989626,0.283413848631,5.06206538172,1.43737658987,0.689210950081,3.1023387837,0.880911012656,0.470209339775,0.643206671793,0.409697934459,2,1.56995341615,0.643206671793,2,0.219187479187,0.192488262911,41,0.0231507622812,0.345159285159,23,23,23,1,0,0.521739130435,0.173913043478,0.304347826087,-7,-0.0138339920949,-0.115122377622,-0.608695652174,0.030303030303,-0.4375,0.0480269668223,0.0479076368845,0.0339079197775,-0.260717331319,0.0461947444178,0.0162860488947,-0.168082010924,0.0261419413334,0.027521592739,-0.105984632566,-0.0349059861057,-0.5,-0.115122377622,-0.105984632566,-0.5,-0.0402591348046,0.00370577317072,-5,-0.00282326369283,0.0120146520147,0.0434782608696,-0.0434782608696,0,81,0,7,418,0.920454545455,1,0,0.0795454545455,1,0.920454545455,0.958579881657,0.951469451768,0.920454545455,0.920454545455,1,8,0,10,9,10
1614,WLNM_dir_neg_kfold,0.75390625,0.426609848485,00:00:02,10,90,20,21365,threshold_sweep,0.3,1,0.125,0.222222222222,1,0,7,16,0.125,1,0,0.875,1,0.125,0.222222222222,0.708333333333,0.652777777778,0.16,0.29488391231,0.125,94,86,8,0,94,0,86,0,8,23,88,0.173913043478,1.68507579377,7.65217391304,7.33333333333,5.5,3.63829000359,0.475458352741,0.249505928854,5.32278271304,1.39118184545,0.672924901186,3.27042079462,0.854769071322,0.442687747036,0.749191304359,0.444603920564,2.5,1.68507579377,0.749191304359,2.5,0.259446613992,0.18878248974,46,0.025974025974,0.333144633145,23,23,23,1,0,0.478260869565,0.217391304348,0.304347826087,23,0.158102766798,1.57073578595,6.95652173913,7.27272727273,5,3.61157559257,0.519163991432,0.282065217391,4.9714600491,1.42929476412,0.685869565217,3.05806779783,0.879194491876,0.470652173913,0.64406139004,0.410038018997,2,1.57073578595,0.64406139004,2,0.211513486513,0.183870967742,38,0.0214568040655,0.337999778,23,23,23,1,0,0.521739130435,0.173913043478,0.304347826087,23,81,0.160079051383,1.56995341615,7.04347826087,7.36363636364,5.0625,3.68631697041,0.523365989626,0.283413848631,5.06206538172,1.43737658987,0.689210950081,3.1023387837,0.880911012656,0.470209339775,0.643206671793,0.409697934459,2,1.56995341615,0.643206671793,2,0.219187479187,0.192488262911,41,0.0231507622812,0.345159285159,23,23,23,1,0,0.521739130435,0.173913043478,0.304347826087,-7,-0.0138339920949,-0.115122377622,-0.608695652174,0.030303030303,-0.4375,0.0480269668223,0.0479076368845,0.0339079197775,-0.260717331319,0.0461947444178,0.0162860488947,-0.168082010924,0.0261419413334,0.027521592739,-0.105984632566,-0.0349059861057,-0.5,-0.115122377622,-0.105984632566,-0.5,-0.0402591348046,0.00370577317072,-5,-0.00282326369283,0.0120146520147,0.0434782608696,-0.0434782608696,0,81,0,7,418,0.920454545455,1,0,0.0795454545455,1,0.920454545455,0.958579881657,0.951469451768,0.920454545455,0.920454545455,1,8,0,10,9,10
1615,WLNM_dir_neg_kfold,0.75390625,0.426609848485,00:00:02,10,90,20,21365,threshold_sweep,0.4,1,0.125,0.222222222222,1,0,7,16,0.125,1,0,0.875,1,0.125,0.222222222222,0.708333333333,0.652777777778,0.16,0.29488391231,0.125,94,86,8,0,94,0,86,0,8,23,88,0.173913043478,1.68507579377,7.65217391304,7.33333333333,5.5,3.63829000359,0.475458352741,0.249505928854,5.32278271304,1.39118184545,0.672924901186,3.27042079462,0.854769071322,0.442687747036,0.749191304359,0.444603920564,2.5,1.68507579377,0.749191304359,2.5,0.259446613992,0.18878248974,46,0.025974025974,0.333144633145,23,23,23,1,0,0.478260869565,0.217391304348,0.304347826087,23,0.158102766798,1.57073578595,6.95652173913,7.27272727273,5,3.61157559257,0.519163991432,0.282065217391,4.9714600491,1.42929476412,0.685869565217,3.05806779783,0.879194491876,0.470652173913,0.64406139004,0.410038018997,2,1.57073578595,0.64406139004,2,0.211513486513,0.183870967742,38,0.0214568040655,0.337999778,23,23,23,1,0,0.521739130435,0.173913043478,0.304347826087,23,81,0.160079051383,1.56995341615,7.04347826087,7.36363636364,5.0625,3.68631697041,0.523365989626,0.283413848631,5.06206538172,1.43737658987,0.689210950081,3.1023387837,0.880911012656,0.470209339775,0.643206671793,0.409697934459,2,1.56995341615,0.643206671793,2,0.219187479187,0.192488262911,41,0.0231507622812,0.345159285159,23,23,23,1,0,0.521739130435,0.173913043478,0.304347826087,-7,-0.0138339920949,-0.115122377622,-0.608695652174,0.030303030303,-0.4375,0.0480269668223,0.0479076368845,0.0339079197775,-0.260717331319,0.0461947444178,0.0162860488947,-0.168082010924,0.0261419413334,0.027521592739,-0.105984632566,-0.0349059861057,-0.5,-0.115122377622,-0.105984632566,-0.5,-0.0402591348046,0.00370577317072,-5,-0.00282326369283,0.0120146520147,0.0434782608696,-0.0434782608696,0,81,0,7,418,0.920454545455,1,0,0.0795454545455,1,0.920454545455,0.958579881657,0.951469451768,0.920454545455,0.920454545455,1,8,0,10,9,10
1616,WLNM_dir_neg_kfold,0.75390625,0.426609848485,00:00:02,10,90,20,21365,threshold_sweep,0.5,1,0.125,0.222222222222,1,0,7,16,0.125,1,0,0.875,1,0.125,0.222222222222,0.708333333333,0.652777777778,0.16,0.29488391231,0.125,94,86,8,0,94,0,86,0,8,23,88,0.173913043478,1.68507579377,7.65217391304,7.33333333333,5.5,3.63829000359,0.475458352741,0.249505928854,5.32278271304,1.39118184545,0.672924901186,3.27042079462,0.854769071322,0.442687747036,0.749191304359,0.444603920564,2.5,1.68507579377,0.749191304359,2.5,0.259446613992,0.18878248974,46,0.025974025974,0.333144633145,23,23,23,1,0,0.478260869565,0.217391304348,0.304347826087,23,0.158102766798,1.57073578595,6.95652173913,7.27272727273,5,3.61157559257,0.519163991432,0.282065217391,4.9714600491,1.42929476412,0.685869565217,3.05806779783,0.879194491876,0.470652173913,0.64406139004,0.410038018997,2,1.57073578595,0.64406139004,2,0.211513486513,0.183870967742,38,0.0214568040655,0.337999778,23,23,23,1,0,0.521739130435,0.173913043478,0.304347826087,23,81,0.160079051383,1.56995341615,7.04347826087,7.36363636364,5.0625,3.68631697041,0.523365989626,0.283413848631,5.06206538172,1.43737658987,0.689210950081,3.1023387837,0.880911012656,0.470209339775,0.643206671793,0.409697934459,2,1.56995341615,0.643206671793,2,0.219187479187,0.192488262911,41,0.0231507622812,0.345159285159,23,23,23,1,0,0.521739130435,0.173913043478,0.304347826087,-7,-0.0138339920949,-0.115122377622,-0.608695652174,0.030303030303,-0.4375,0.0480269668223,0.0479076368845,0.0339079197775,-0.260717331319,0.0461947444178,0.0162860488947,-0.168082010924,0.0261419413334,0.027521592739,-0.105984632566,-0.0349059861057,-0.5,-0.115122377622,-0.105984632566,-0.5,-0.0402591348046,0.00370577317072,-5,-0.00282326369283,0.0120146520147,0.0434782608696,-0.0434782608696,0,81,0,7,418,0.920454545455,1,0,0.0795454545455,1,0.920454545455,0.958579881657,0.951469451768,0.920454545455,0.920454545455,1,8,0,10,9,10
1617,WLNM_dir_neg_kfold,0.75390625,0.426609848485,00:00:02,10,90,20,21365,threshold_sweep,0.6,1,0.125,0.222222222222,1,0,7,16,0.125,1,0,0.875,1,0.125,0.222222222222,0.708333333333,0.652777777778,0.16,0.29488391231,0.125,94,86,8,0,94,0,86,0,8,23,88,0.173913043478,1.68507579377,7.65217391304,7.33333333333,5.5,3.63829000359,0.475458352741,0.249505928854,5.32278271304,1.39118184545,0.672924901186,3.27042079462,0.854769071322,0.442687747036,0.749191304359,0.444603920564,2.5,1.68507579377,0.749191304359,2.5,0.259446613992,0.18878248974,46,0.025974025974,0.333144633145,23,23,23,1,0,0.478260869565,0.217391304348,0.304347826087,23,0.158102766798,1.57073578595,6.95652173913,7.27272727273,5,3.61157559257,0.519163991432,0.282065217391,4.9714600491,1.42929476412,0.685869565217,3.05806779783,0.879194491876,0.470652173913,0.64406139004,0.410038018997,2,1.57073578595,0.64406139004,2,0.211513486513,0.183870967742,38,0.0214568040655,0.337999778,23,23,23,1,0,0.521739130435,0.173913043478,0.304347826087,23,81,0.160079051383,1.56995341615,7.04347826087,7.36363636364,5.0625,3.68631697041,0.523365989626,0.283413848631,5.06206538172,1.43737658987,0.689210950081,3.1023387837,0.880911012656,0.470209339775,0.643206671793,0.409697934459,2,1.56995341615,0.643206671793,2,0.219187479187,0.192488262911,41,0.0231507622812,0.345159285159,23,23,23,1,0,0.521739130435,0.173913043478,0.304347826087,-7,-0.0138339920949,-0.115122377622,-0.608695652174,0.030303030303,-0.4375,0.0480269668223,0.0479076368845,0.0339079197775,-0.260717331319,0.0461947444178,0.0162860488947,-0.168082010924,0.0261419413334,0.027521592739,-0.105984632566,-0.0349059861057,-0.5,-0.115122377622,-0.105984632566,-0.5,-0.0402591348046,0.00370577317072,-5,-0.00282326369283,0.0120146520147,0.0434782608696,-0.0434782608696,0,81,0,7,418,0.920454545455,1,0,0.0795454545455,1,0.920454545455,0.958579881657,0.951469451768,0.920454545455,0.920454545455,1,8,0,10,9,10
1618,WLNM_dir_neg_kfold,0.75390625,0.426609848485,00:00:02,10,90,20,21365,threshold_sweep,0.7,1,0.125,0.222222222222,1,0,7,16,0.125,1,0,0.875,1,0.125,0.222222222222,0.708333333333,0.652777777778,0.16,0.29488391231,0.125,94,86,8,0,94,0,86,0,8,23,88,0.173913043478,1.68507579377,7.65217391304,7.33333333333,5.5,3.63829000359,0.475458352741,0.249505928854,5.32278271304,1.39118184545,0.672924901186,3.27042079462,0.854769071322,0.442687747036,0.749191304359,0.444603920564,2.5,1.68507579377,0.749191304359,2.5,0.259446613992,0.18878248974,46,0.025974025974,0.333144633145,23,23,23,1,0,0.478260869565,0.217391304348,0.304347826087,23,0.158102766798,1.57073578595,6.95652173913,7.27272727273,5,3.61157559257,0.519163991432,0.282065217391,4.9714600491,1.42929476412,0.685869565217,3.05806779783,0.879194491876,0.470652173913,0.64406139004,0.410038018997,2,1.57073578595,0.64406139004,2,0.211513486513,0.183870967742,38,0.0214568040655,0.337999778,23,23,23,1,0,0.521739130435,0.173913043478,0.304347826087,23,81,0.160079051383,1.56995341615,7.04347826087,7.36363636364,5.0625,3.68631697041,0.523365989626,0.283413848631,5.06206538172,1.43737658987,0.689210950081,3.1023387837,0.880911012656,0.470209339775,0.643206671793,0.409697934459,2,1.56995341615,0.643206671793,2,0.219187479187,0.192488262911,41,0.0231507622812,0.345159285159,23,23,23,1,0,0.521739130435,0.173913043478,0.304347826087,-7,-0.0138339920949,-0.115122377622,-0.608695652174,0.030303030303,-0.4375,0.0480269668223,0.0479076368845,0.0339079197775,-0.260717331319,0.0461947444178,0.0162860488947,-0.168082010924,0.0261419413334,0.027521592739,-0.105984632566,-0.0349059861057,-0.5,-0.115122377622,-0.105984632566,-0.5,-0.0402591348046,0.00370577317072,-5,-0.00282326369283,0.0120146520147,0.0434782608696,-0.0434782608696,0,81,0,7,418,0.920454545455,1,0,0.0795454545455,1,0.920454545455,0.958579881657,0.951469451768,0.920454545455,0.920454545455,1,8,0,10,9,10
1619,WLNM_dir_neg_kfold,0.75390625,0.426609848485,00:00:02,10,90,20,21365,threshold_sweep,0.8,1,0.125,0.222222222222,1,0,7,16,0.125,1,0,0.875,1,0.125,0.222222222222,0.708333333333,0.652777777778,0.16,0.29488391231,0.125,94,86,8,0,94,0,86,0,8,23,88,0.173913043478,1.68507579377,7.65217391304,7.33333333333,5.5,3.63829000359,0.475458352741,0.249505928854,5.32278271304,1.39118184545,0.672924901186,3.27042079462,0.854769071322,0.442687747036,0.749191304359,0.444603920564,2.5,1.68507579377,0.749191304359,2.5,0.259446613992,0.18878248974,46,0.025974025974,0.333144633145,23,23,23,1,0,0.478260869565,0.217391304348,0.304347826087,23,0.158102766798,1.57073578595,6.95652173913,7.27272727273,5,3.61157559257,0.519163991432,0.282065217391,4.9714600491,1.42929476412,0.685869565217,3.05806779783,0.879194491876,0.470652173913,0.64406139004,0.410038018997,2,1.57073578595,0.64406139004,2,0.211513486513,0.183870967742,38,0.0214568040655,0.337999778,23,23,23,1,0,0.521739130435,0.173913043478,0.304347826087,23,81,0.160079051383,1.56995341615,7.04347826087,7.36363636364,5.0625,3.68631697041,0.523365989626,0.283413848631,5.06206538172,1.43737658987,0.689210950081,3.1023387837,0.880911012656,0.470209339775,0.643206671793,0.409697934459,2,1.56995341615,0.643206671793,2,0.219187479187,0.192488262911,41,0.0231507622812,0.345159285159,23,23,23,1,0,0.521739130435,0.173913043478,0.304347826087,-7,-0.0138339920949,-0.115122377622,-0.608695652174,0.030303030303,-0.4375,0.0480269668223,0.0479076368845,0.0339079197775,-0.260717331319,0.0461947444178,0.0162860488947,-0.168082010924,0.0261419413334,0.027521592739,-0.105984632566,-0.0349059861057,-0.5,-0.115122377622,-0.105984632566,-0.5,-0.0402591348046,0.00370577317072,-5,-0.00282326369283,0.0120146520147,0.0434782608696,-0.0434782608696,0,81,0,7,418,0.920454545455,1,0,0.0795454545455,1,0.920454545455,0.958579881657,0.951469451768,0.920454545455,0.920454545455,1,8,0,10,9,10
1620,WLNM_dir_neg_kfold,0.75390625,0.426609848485,00:00:02,10,90,20,21365,threshold_sweep,0.9,1,0.125,0.222222222222,1,0,7,16,0.125,1,0,0.875,1,0.125,0.222222222222,0.708333333333,0.652777777778,0.16,0.29488391231,0.125,94,86,8,0,94,0,86,0,8,23,88,0.173913043478,1.68507579377,7.65217391304,7.33333333333,5.5,3.63829000359,0.475458352741,0.249505928854,5.32278271304,1.39118184545,0.672924901186,3.27042079462,0.854769071322,0.442687747036,0.749191304359,0.444603920564,2.5,1.68507579377,0.749191304359,2.5,0.259446613992,0.18878248974,46,0.025974025974,0.333144633145,23,23,23,1,0,0.478260869565,0.217391304348,0.304347826087,23,0.158102766798,1.57073578595,6.95652173913,7.27272727273,5,3.61157559257,0.519163991432,0.282065217391,4.9714600491,1.42929476412,0.685869565217,3.05806779783,0.879194491876,0.470652173913,0.64406139004,0.410038018997,2,1.57073578595,0.64406139004,2,0.211513486513,0.183870967742,38,0.0214568040655,0.337999778,23,23,23,1,0,0.521739130435,0.173913043478,0.304347826087,23,81,0.160079051383,1.56995341615,7.04347826087,7.36363636364,5.0625,3.68631697041,0.523365989626,0.283413848631,5.06206538172,1.43737658987,0.689210950081,3.1023387837,0.880911012656,0.470209339775,0.643206671793,0.409697934459,2,1.56995341615,0.643206671793,2,0.219187479187,0.192488262911,41,0.0231507622812,0.345159285159,23,23,23,1,0,0.521739130435,0.173913043478,0.304347826087,-7,-0.0138339920949,-0.115122377622,-0.608695652174,0.030303030303,-0.4375,0.0480269668223,0.0479076368845,0.0339079197775,-0.260717331319,0.0461947444178,0.0162860488947,-0.168082010924,0.0261419413334,0.027521592739,-0.105984632566,-0.0349059861057,-0.5,-0.115122377622,-0.105984632566,-0.5,-0.0402591348046,0.00370577317072,-5,-0.00282326369283,0.0120146520147,0.0434782608696,-0.0434782608696,0,81,0,7,418,0.920454545455,1,0,0.0795454545455,1,0.920454545455,0.958579881657,0.951469451768,0.920454545455,0.920454545455,1,8,0,10,9,10
1621,WLNM_dir_neg_kfold,0.765625,0.462912087912,00:00:02,10,90,1,22346,threshold_sweep,0.1,1,0.25,0.4,2,0,6,16,0.25,1,0,0.75,1,0.25,0.4,0.75,0.638888888889,0.307692307692,0.426401432711,0.25,94,86,8,0,94,0,86,0,8,23,88,0.173913043478,1.68507579377,7.65217391304,7.33333333333,5.5,3.63829000359,0.475458352741,0.249505928854,5.32278271304,1.39118184545,0.672924901186,3.27042079462,0.854769071322,0.442687747036,0.749191304359,0.444603920564,2.5,1.68507579377,0.749191304359,2.5,0.259446613992,0.18878248974,46,0.025974025974,0.333144633145,23,23,23,1,0,0.478260869565,0.217391304348,0.304347826087,23,0.158102766798,1.70986622074,6.95652173913,6.66666666667,5,3.45724878624,0.496979513022,0.271739130435,4.89776911384,1.40810862023,0.680434782609,2.98282302552,0.857561619837,0.461956521739,0.782420638139,0.457591727733,2.5,1.70986622074,0.782420638139,2.5,0.220665313522,0.182565789474,37,0.0208921513269,0.279731127458,23,23,23,1,0,0.478260869565,0.217391304348,0.304347826087,23,82,0.162055335968,1.6873447205,7.13043478261,6.83333333333,5.125,3.42854790129,0.480832937376,0.25980911983,4.97106250721,1.39432241056,0.67868504772,3.04251819979,0.85338925116,0.453870625663,0.750667010341,0.444880646629,2.5,1.6873447205,0.750667010341,2.5,0.264994601358,0.189873417722,40,0.0225861095426,0.29242045833,23,23,23,1,0,0.478260869565,0.217391304348,0.304347826087,-6,-0.0118577075099,0.00226892672545,-0.521739130435,-0.5,-0.375,-0.209742102293,0.00537458463507,0.0103031909766,-0.351720205833,0.00314056510441,0.00576014653427,-0.227902594836,-0.001379820162,0.0111828786272,0.00147570598183,0.000276726064657,0,0.00226892672545,0.00147570598183,0,0.00554798736617,0.00109092798144,-6,-0.00338791643139,-0.0407241748151,0,0,0,82,0,6,418,0.931818181818,1,0,0.0681818181818,1,0.931818181818,0.964705882353,0.958452959446,0.931818181818,0.931818181818,2,8,0,10,10,10
1622,WLNM_dir_neg_kfold,0.765625,0.462912087912,00:00:02,10,90,1,22346,threshold_sweep,0.2,1,0.25,0.4,2,0,6,16,0.25,1,0,0.75,1,0.25,0.4,0.75,0.638888888889,0.307692307692,0.426401432711,0.25,94,86,8,0,94,0,86,0,8,23,88,0.173913043478,1.68507579377,7.65217391304,7.33333333333,5.5,3.63829000359,0.475458352741,0.249505928854,5.32278271304,1.39118184545,0.672924901186,3.27042079462,0.854769071322,0.442687747036,0.749191304359,0.444603920564,2.5,1.68507579377,0.749191304359,2.5,0.259446613992,0.18878248974,46,0.025974025974,0.333144633145,23,23,23,1,0,0.478260869565,0.217391304348,0.304347826087,23,0.158102766798,1.70986622074,6.95652173913,6.66666666667,5,3.45724878624,0.496979513022,0.271739130435,4.89776911384,1.40810862023,0.680434782609,2.98282302552,0.857561619837,0.461956521739,0.782420638139,0.457591727733,2.5,1.70986622074,0.782420638139,2.5,0.220665313522,0.182565789474,37,0.0208921513269,0.279731127458,23,23,23,1,0,0.478260869565,0.217391304348,0.304347826087,23,82,0.162055335968,1.6873447205,7.13043478261,6.83333333333,5.125,3.42854790129,0.480832937376,0.25980911983,4.97106250721,1.39432241056,0.67868504772,3.04251819979,0.85338925116,0.453870625663,0.750667010341,0.444880646629,2.5,1.6873447205,0.750667010341,2.5,0.264994601358,0.189873417722,40,0.0225861095426,0.29242045833,23,23,23,1,0,0.478260869565,0.217391304348,0.304347826087,-6,-0.0118577075099,0.00226892672545,-0.521739130435,-0.5,-0.375,-0.209742102293,0.00537458463507,0.0103031909766,-0.351720205833,0.00314056510441,0.00576014653427,-0.227902594836,-0.001379820162,0.0111828786272,0.00147570598183,0.000276726064657,0,0.00226892672545,0.00147570598183,0,0.00554798736617,0.00109092798144,-6,-0.00338791643139,-0.0407241748151,0,0,0,82,0,6,418,0.931818181818,1,0,0.0681818181818,1,0.931818181818,0.964705882353,0.958452959446,0.931818181818,0.931818181818,2,8,0,10,10,10
1623,WLNM_dir_neg_kfold,0.765625,0.462912087912,00:00:02,10,90,1,22346,threshold_sweep,0.3,1,0.25,0.4,2,0,6,16,0.25,1,0,0.75,1,0.25,0.4,0.75,0.638888888889,0.307692307692,0.426401432711,0.25,94,86,8,0,94,0,86,0,8,23,88,0.173913043478,1.68507579377,7.65217391304,7.33333333333,5.5,3.63829000359,0.475458352741,0.249505928854,5.32278271304,1.39118184545,0.672924901186,3.27042079462,0.854769071322,0.442687747036,0.749191304359,0.444603920564,2.5,1.68507579377,0.749191304359,2.5,0.259446613992,0.18878248974,46,0.025974025974,0.333144633145,23,23,23,1,0,0.478260869565,0.217391304348,0.304347826087,23,0.158102766798,1.70986622074,6.95652173913,6.66666666667,5,3.45724878624,0.496979513022,0.271739130435,4.89776911384,1.40810862023,0.680434782609,2.98282302552,0.857561619837,0.461956521739,0.782420638139,0.457591727733,2.5,1.70986622074,0.782420638139,2.5,0.220665313522,0.182565789474,37,0.0208921513269,0.279731127458,23,23,23,1,0,0.478260869565,0.217391304348,0.304347826087,23,82,0.162055335968,1.6873447205,7.13043478261,6.83333333333,5.125,3.42854790129,0.480832937376,0.25980911983,4.97106250721,1.39432241056,0.67868504772,3.04251819979,0.85338925116,0.453870625663,0.750667010341,0.444880646629,2.5,1.6873447205,0.750667010341,2.5,0.264994601358,0.189873417722,40,0.0225861095426,0.29242045833,23,23,23,1,0,0.478260869565,0.217391304348,0.304347826087,-6,-0.0118577075099,0.00226892672545,-0.521739130435,-0.5,-0.375,-0.209742102293,0.00537458463507,0.0103031909766,-0.351720205833,0.00314056510441,0.00576014653427,-0.227902594836,-0.001379820162,0.0111828786272,0.00147570598183,0.000276726064657,0,0.00226892672545,0.00147570598183,0,0.00554798736617,0.00109092798144,-6,-0.00338791643139,-0.0407241748151,0,0,0,82,0,6,418,0.931818181818,1,0,0.0681818181818,1,0.931818181818,0.964705882353,0.958452959446,0.931818181818,0.931818181818,2,8,0,10,10,10
1624,WLNM_dir_neg_kfold,0.765625,0.462912087912,00:00:02,10,90,1,22346,threshold_sweep,0.4,1,0.25,0.4,2,0,6,16,0.25,1,0,0.75,1,0.25,0.4,0.75,0.638888888889,0.307692307692,0.426401432711,0.25,94,86,8,0,94,0,86,0,8,23,88,0.173913043478,1.68507579377,7.65217391304,7.33333333333,5.5,3.63829000359,0.475458352741,0.249505928854,5.32278271304,1.39118184545,0.672924901186,3.27042079462,0.854769071322,0.442687747036,0.749191304359,0.444603920564,2.5,1.68507579377,0.749191304359,2.5,0.259446613992,0.18878248974,46,0.025974025974,0.333144633145,23,23,23,1,0,0.478260869565,0.217391304348,0.304347826087,23,0.158102766798,1.70986622074,6.95652173913,6.66666666667,5,3.45724878624,0.496979513022,0.271739130435,4.89776911384,1.40810862023,0.680434782609,2.98282302552,0.857561619837,0.461956521739,0.782420638139,0.457591727733,2.5,1.70986622074,0.782420638139,2.5,0.220665313522,0.182565789474,37,0.0208921513269,0.279731127458,23,23,23,1,0,0.478260869565,0.217391304348,0.304347826087,23,82,0.162055335968,1.6873447205,7.13043478261,6.83333333333,5.125,3.42854790129,0.480832937376,0.25980911983,4.97106250721,1.39432241056,0.67868504772,3.04251819979,0.85338925116,0.453870625663,0.750667010341,0.444880646629,2.5,1.6873447205,0.750667010341,2.5,0.264994601358,0.189873417722,40,0.0225861095426,0.29242045833,23,23,23,1,0,0.478260869565,0.217391304348,0.304347826087,-6,-0.0118577075099,0.00226892672545,-0.521739130435,-0.5,-0.375,-0.209742102293,0.00537458463507,0.0103031909766,-0.351720205833,0.00314056510441,0.00576014653427,-0.227902594836,-0.001379820162,0.0111828786272,0.00147570598183,0.000276726064657,0,0.00226892672545,0.00147570598183,0,0.00554798736617,0.00109092798144,-6,-0.00338791643139,-0.0407241748151,0,0,0,82,0,6,418,0.931818181818,1,0,0.0681818181818,1,0.931818181818,0.964705882353,0.958452959446,0.931818181818,0.931818181818,2,8,0,10,10,10
1625,WLNM_dir_neg_kfold,0.765625,0.462912087912,00:00:02,10,90,1,22346,threshold_sweep,0.5,1,0.25,0.4,2,0,6,16,0.25,1,0,0.75,1,0.25,0.4,0.75,0.638888888889,0.307692307692,0.426401432711,0.25,94,86,8,0,94,0,86,0,8,23,88,0.173913043478,1.68507579377,7.65217391304,7.33333333333,5.5,3.63829000359,0.475458352741,0.249505928854,5.32278271304,1.39118184545,0.672924901186,3.27042079462,0.854769071322,0.442687747036,0.749191304359,0.444603920564,2.5,1.68507579377,0.749191304359,2.5,0.259446613992,0.18878248974,46,0.025974025974,0.333144633145,23,23,23,1,0,0.478260869565,0.217391304348,0.304347826087,23,0.158102766798,1.70986622074,6.95652173913,6.66666666667,5,3.45724878624,0.496979513022,0.271739130435,4.89776911384,1.40810862023,0.680434782609,2.98282302552,0.857561619837,0.461956521739,0.782420638139,0.457591727733,2.5,1.70986622074,0.782420638139,2.5,0.220665313522,0.182565789474,37,0.0208921513269,0.279731127458,23,23,23,1,0,0.478260869565,0.217391304348,0.304347826087,23,82,0.162055335968,1.6873447205,7.13043478261,6.83333333333,5.125,3.42854790129,0.480832937376,0.25980911983,4.97106250721,1.39432241056,0.67868504772,3.04251819979,0.85338925116,0.453870625663,0.750667010341,0.444880646629,2.5,1.6873447205,0.750667010341,2.5,0.264994601358,0.189873417722,40,0.0225861095426,0.29242045833,23,23,23,1,0,0.478260869565,0.217391304348,0.304347826087,-6,-0.0118577075099,0.00226892672545,-0.521739130435,-0.5,-0.375,-0.209742102293,0.00537458463507,0.0103031909766,-0.351720205833,0.00314056510441,0.00576014653427,-0.227902594836,-0.001379820162,0.0111828786272,0.00147570598183,0.000276726064657,0,0.00226892672545,0.00147570598183,0,0.00554798736617,0.00109092798144,-6,-0.00338791643139,-0.0407241748151,0,0,0,82,0,6,418,0.931818181818,1,0,0.0681818181818,1,0.931818181818,0.964705882353,0.958452959446,0.931818181818,0.931818181818,2,8,0,10,10,10
1626,WLNM_dir_neg_kfold,0.765625,0.462912087912,00:00:02,10,90,1,22346,threshold_sweep,0.6,1,0.25,0.4,2,0,6,16,0.25,1,0,0.75,1,0.25,0.4,0.75,0.638888888889,0.307692307692,0.426401432711,0.25,94,86,8,0,94,0,86,0,8,23,88,0.173913043478,1.68507579377,7.65217391304,7.33333333333,5.5,3.63829000359,0.475458352741,0.249505928854,5.32278271304,1.39118184545,0.672924901186,3.27042079462,0.854769071322,0.442687747036,0.749191304359,0.444603920564,2.5,1.68507579377,0.749191304359,2.5,0.259446613992,0.18878248974,46,0.025974025974,0.333144633145,23,23,23,1,0,0.478260869565,0.217391304348,0.304347826087,23,0.158102766798,1.70986622074,6.95652173913,6.66666666667,5,3.45724878624,0.496979513022,0.271739130435,4.89776911384,1.40810862023,0.680434782609,2.98282302552,0.857561619837,0.461956521739,0.782420638139,0.457591727733,2.5,1.70986622074,0.782420638139,2.5,0.220665313522,0.182565789474,37,0.0208921513269,0.279731127458,23,23,23,1,0,0.478260869565,0.217391304348,0.304347826087,23,82,0.162055335968,1.6873447205,7.13043478261,6.83333333333,5.125,3.42854790129,0.480832937376,0.25980911983,4.97106250721,1.39432241056,0.67868504772,3.04251819979,0.85338925116,0.453870625663,0.750667010341,0.444880646629,2.5,1.6873447205,0.750667010341,2.5,0.264994601358,0.189873417722,40,0.0225861095426,0.29242045833,23,23,23,1,0,0.478260869565,0.217391304348,0.304347826087,-6,-0.0118577075099,0.00226892672545,-0.521739130435,-0.5,-0.375,-0.209742102293,0.00537458463507,0.0103031909766,-0.351720205833,0.00314056510441,0.00576014653427,-0.227902594836,-0.001379820162,0.0111828786272,0.00147570598183,0.000276726064657,0,0.00226892672545,0.00147570598183,0,0.00554798736617,0.00109092798144,-6,-0.00338791643139,-0.0407241748151,0,0,0,82,0,6,418,0.931818181818,1,0,0.0681818181818,1,0.931818181818,0.964705882353,0.958452959446,0.931818181818,0.931818181818,2,8,0,10,10,10
1627,WLNM_dir_neg_kfold,0.765625,0.462912087912,00:00:02,10,90,1,22346,threshold_sweep,0.7,1,0.25,0.4,2,0,6,16,0.25,1,0,0.75,1,0.25,0.4,0.75,0.638888888889,0.307692307692,0.426401432711,0.25,94,86,8,0,94,0,86,0,8,23,88,0.173913043478,1.68507579377,7.65217391304,7.33333333333,5.5,3.63829000359,0.475458352741,0.249505928854,5.32278271304,1.39118184545,0.672924901186,3.27042079462,0.854769071322,0.442687747036,0.749191304359,0.444603920564,2.5,1.68507579377,0.749191304359,2.5,0.259446613992,0.18878248974,46,0.025974025974,0.333144633145,23,23,23,1,0,0.478260869565,0.217391304348,0.304347826087,23,0.158102766798,1.70986622074,6.95652173913,6.66666666667,5,3.45724878624,0.496979513022,0.271739130435,4.89776911384,1.40810862023,0.680434782609,2.98282302552,0.857561619837,0.461956521739,0.782420638139,0.457591727733,2.5,1.70986622074,0.782420638139,2.5,0.220665313522,0.182565789474,37,0.0208921513269,0.279731127458,23,23,23,1,0,0.478260869565,0.217391304348,0.304347826087,23,82,0.162055335968,1.6873447205,7.13043478261,6.83333333333,5.125,3.42854790129,0.480832937376,0.25980911983,4.97106250721,1.39432241056,0.67868504772,3.04251819979,0.85338925116,0.453870625663,0.750667010341,0.444880646629,2.5,1.6873447205,0.750667010341,2.5,0.264994601358,0.189873417722,40,0.0225861095426,0.29242045833,23,23,23,1,0,0.478260869565,0.217391304348,0.304347826087,-6,-0.0118577075099,0.00226892672545,-0.521739130435,-0.5,-0.375,-0.209742102293,0.00537458463507,0.0103031909766,-0.351720205833,0.00314056510441,0.00576014653427,-0.227902594836,-0.001379820162,0.0111828786272,0.00147570598183,0.000276726064657,0,0.00226892672545,0.00147570598183,0,0.00554798736617,0.00109092798144,-6,-0.00338791643139,-0.0407241748151,0,0,0,82,0,6,418,0.931818181818,1,0,0.0681818181818,1,0.931818181818,0.964705882353,0.958452959446,0.931818181818,0.931818181818,2,8,0,10,10,10
1628,WLNM_dir_neg_kfold,0.765625,0.462912087912,00:00:02,10,90,1,22346,threshold_sweep,0.8,1,0.25,0.4,2,0,6,16,0.25,1,0,0.75,1,0.25,0.4,0.75,0.638888888889,0.307692307692,0.426401432711,0.25,94,86,8,0,94,0,86,0,8,23,88,0.173913043478,1.68507579377,7.65217391304,7.33333333333,5.5,3.63829000359,0.475458352741,0.249505928854,5.32278271304,1.39118184545,0.672924901186,3.27042079462,0.854769071322,0.442687747036,0.749191304359,0.444603920564,2.5,1.68507579377,0.749191304359,2.5,0.259446613992,0.18878248974,46,0.025974025974,0.333144633145,23,23,23,1,0,0.478260869565,0.217391304348,0.304347826087,23,0.158102766798,1.70986622074,6.95652173913,6.66666666667,5,3.45724878624,0.496979513022,0.271739130435,4.89776911384,1.40810862023,0.680434782609,2.98282302552,0.857561619837,0.461956521739,0.782420638139,0.457591727733,2.5,1.70986622074,0.782420638139,2.5,0.220665313522,0.182565789474,37,0.0208921513269,0.279731127458,23,23,23,1,0,0.478260869565,0.217391304348,0.304347826087,23,82,0.162055335968,1.6873447205,7.13043478261,6.83333333333,5.125,3.42854790129,0.480832937376,0.25980911983,4.97106250721,1.39432241056,0.67868504772,3.04251819979,0.85338925116,0.453870625663,0.750667010341,0.444880646629,2.5,1.6873447205,0.750667010341,2.5,0.264994601358,0.189873417722,40,0.0225861095426,0.29242045833,23,23,23,1,0,0.478260869565,0.217391304348,0.304347826087,-6,-0.0118577075099,0.00226892672545,-0.521739130435,-0.5,-0.375,-0.209742102293,0.00537458463507,0.0103031909766,-0.351720205833,0.00314056510441,0.00576014653427,-0.227902594836,-0.001379820162,0.0111828786272,0.00147570598183,0.000276726064657,0,0.00226892672545,0.00147570598183,0,0.00554798736617,0.00109092798144,-6,-0.00338791643139,-0.0407241748151,0,0,0,82,0,6,418,0.931818181818,1,0,0.0681818181818,1,0.931818181818,0.964705882353,0.958452959446,0.931818181818,0.931818181818,2,8,0,10,10,10
1629,WLNM_dir_neg_kfold,0.765625,0.462912087912,00:00:02,10,90,1,22346,threshold_sweep,0.9,1,0.25,0.4,2,0,6,16,0.25,1,0,0.75,1,0.25,0.4,0.75,0.638888888889,0.307692307692,0.426401432711,0.25,94,86,8,0,94,0,86,0,8,23,88,0.173913043478,1.68507579377,7.65217391304,7.33333333333,5.5,3.63829000359,0.475458352741,0.249505928854,5.32278271304,1.39118184545,0.672924901186,3.27042079462,0.854769071322,0.442687747036,0.749191304359,0.444603920564,2.5,1.68507579377,0.749191304359,2.5,0.259446613992,0.18878248974,46,0.025974025974,0.333144633145,23,23,23,1,0,0.478260869565,0.217391304348,0.304347826087,23,0.158102766798,1.70986622074,6.95652173913,6.66666666667,5,3.45724878624,0.496979513022,0.271739130435,4.89776911384,1.40810862023,0.680434782609,2.98282302552,0.857561619837,0.461956521739,0.782420638139,0.457591727733,2.5,1.70986622074,0.782420638139,2.5,0.220665313522,0.182565789474,37,0.0208921513269,0.279731127458,23,23,23,1,0,0.478260869565,0.217391304348,0.304347826087,23,82,0.162055335968,1.6873447205,7.13043478261,6.83333333333,5.125,3.42854790129,0.480832937376,0.25980911983,4.97106250721,1.39432241056,0.67868504772,3.04251819979,0.85338925116,0.453870625663,0.750667010341,0.444880646629,2.5,1.6873447205,0.750667010341,2.5,0.264994601358,0.189873417722,40,0.0225861095426,0.29242045833,23,23,23,1,0,0.478260869565,0.217391304348,0.304347826087,-6,-0.0118577075099,0.00226892672545,-0.521739130435,-0.5,-0.375,-0.209742102293,0.00537458463507,0.0103031909766,-0.351720205833,0.00314056510441,0.00576014653427,-0.227902594836,-0.001379820162,0.0111828786272,0.00147570598183,0.000276726064657,0,0.00226892672545,0.00147570598183,0,0.00554798736617,0.00109092798144,-6,-0.00338791643139,-0.0407241748151,0,0,0,82,0,6,418,0.931818181818,1,0,0.0681818181818,1,0.931818181818,0.964705882353,0.958452959446,0.931818181818,0.931818181818,2,8,0,10,10,10
1630,WLNM_dir_neg_kfold,0.90625,0.6125,00:00:02,10,90,2,22347,threshold_sweep,0.1,1,0.25,0.4,2,0,6,16,0.25,1,0,0.75,1,0.25,0.4,0.75,0.638888888889,0.307692307692,0.426401432711,0.25,94,86,8,0,94,0,86,0,8,23,88,0.173913043478,1.68507579377,7.65217391304,7.33333333333,5.5,3.63829000359,0.475458352741,0.249505928854,5.32278271304,1.39118184545,0.672924901186,3.27042079462,0.854769071322,0.442687747036,0.749191304359,0.444603920564,2.5,1.68507579377,0.749191304359,2.5,0.259446613992,0.18878248974,46,0.025974025974,0.333144633145,23,23,23,1,0,0.478260869565,0.217391304348,0.304347826087,23,0.158102766798,1.70986622074,6.95652173913,6.66666666667,5,3.45724878624,0.496979513022,0.271739130435,4.89776911384,1.40810862023,0.680434782609,2.98282302552,0.857561619837,0.461956521739,0.782420638139,0.457591727733,2.5,1.70986622074,0.782420638139,2.5,0.220665313522,0.182565789474,37,0.0208921513269,0.279731127458,23,23,23,1,0,0.478260869565,0.217391304348,0.304347826087,23,82,0.162055335968,1.6873447205,7.13043478261,6.83333333333,5.125,3.42854790129,0.480832937376,0.25980911983,4.97106250721,1.39432241056,0.67868504772,3.04251819979,0.85338925116,0.453870625663,0.750667010341,0.444880646629,2.5,1.6873447205,0.750667010341,2.5,0.264994601358,0.189873417722,40,0.0225861095426,0.29242045833,23,23,23,1,0,0.478260869565,0.217391304348,0.304347826087,-6,-0.0118577075099,0.00226892672545,-0.521739130435,-0.5,-0.375,-0.209742102293,0.00537458463507,0.0103031909766,-0.351720205833,0.00314056510441,0.00576014653427,-0.227902594836,-0.001379820162,0.0111828786272,0.00147570598183,0.000276726064657,0,0.00226892672545,0.00147570598183,0,0.00554798736617,0.00109092798144,-6,-0.00338791643139,-0.0407241748151,0,0,0,82,0,6,418,0.931818181818,1,0,0.0681818181818,1,0.931818181818,0.964705882353,0.958452959446,0.931818181818,0.931818181818,2,8,0,10,10,10
1631,WLNM_dir_neg_kfold,0.90625,0.6125,00:00:02,10,90,2,22347,threshold_sweep,0.2,1,0.25,0.4,2,0,6,16,0.25,1,0,0.75,1,0.25,0.4,0.75,0.638888888889,0.307692307692,0.426401432711,0.25,94,86,8,0,94,0,86,0,8,23,88,0.173913043478,1.68507579377,7.65217391304,7.33333333333,5.5,3.63829000359,0.475458352741,0.249505928854,5.32278271304,1.39118184545,0.672924901186,3.27042079462,0.854769071322,0.442687747036,0.749191304359,0.444603920564,2.5,1.68507579377,0.749191304359,2.5,0.259446613992,0.18878248974,46,0.025974025974,0.333144633145,23,23,23,1,0,0.478260869565,0.217391304348,0.304347826087,23,0.158102766798,1.70986622074,6.95652173913,6.66666666667,5,3.45724878624,0.496979513022,0.271739130435,4.89776911384,1.40810862023,0.680434782609,2.98282302552,0.857561619837,0.461956521739,0.782420638139,0.457591727733,2.5,1.70986622074,0.782420638139,2.5,0.220665313522,0.182565789474,37,0.0208921513269,0.279731127458,23,23,23,1,0,0.478260869565,0.217391304348,0.304347826087,23,82,0.162055335968,1.6873447205,7.13043478261,6.83333333333,5.125,3.42854790129,0.480832937376,0.25980911983,4.97106250721,1.39432241056,0.67868504772,3.04251819979,0.85338925116,0.453870625663,0.750667010341,0.444880646629,2.5,1.6873447205,0.750667010341,2.5,0.264994601358,0.189873417722,40,0.0225861095426,0.29242045833,23,23,23,1,0,0.478260869565,0.217391304348,0.304347826087,-6,-0.0118577075099,0.00226892672545,-0.521739130435,-0.5,-0.375,-0.209742102293,0.00537458463507,0.0103031909766,-0.351720205833,0.00314056510441,0.00576014653427,-0.227902594836,-0.001379820162,0.0111828786272,0.00147570598183,0.000276726064657,0,0.00226892672545,0.00147570598183,0,0.00554798736617,0.00109092798144,-6,-0.00338791643139,-0.0407241748151,0,0,0,82,0,6,418,0.931818181818,1,0,0.0681818181818,1,0.931818181818,0.964705882353,0.958452959446,0.931818181818,0.931818181818,2,8,0,10,10,10
1632,WLNM_dir_neg_kfold,0.90625,0.6125,00:00:02,10,90,2,22347,threshold_sweep,0.3,1,0.25,0.4,2,0,6,16,0.25,1,0,0.75,1,0.25,0.4,0.75,0.638888888889,0.307692307692,0.426401432711,0.25,94,86,8,0,94,0,86,0,8,23,88,0.173913043478,1.68507579377,7.65217391304,7.33333333333,5.5,3.63829000359,0.475458352741,0.249505928854,5.32278271304,1.39118184545,0.672924901186,3.27042079462,0.854769071322,0.442687747036,0.749191304359,0.444603920564,2.5,1.68507579377,0.749191304359,2.5,0.259446613992,0.18878248974,46,0.025974025974,0.333144633145,23,23,23,1,0,0.478260869565,0.217391304348,0.304347826087,23,0.158102766798,1.70986622074,6.95652173913,6.66666666667,5,3.45724878624,0.496979513022,0.271739130435,4.89776911384,1.40810862023,0.680434782609,2.98282302552,0.857561619837,0.461956521739,0.782420638139,0.457591727733,2.5,1.70986622074,0.782420638139,2.5,0.220665313522,0.182565789474,37,0.0208921513269,0.279731127458,23,23,23,1,0,0.478260869565,0.217391304348,0.304347826087,23,82,0.162055335968,1.6873447205,7.13043478261,6.83333333333,5.125,3.42854790129,0.480832937376,0.25980911983,4.97106250721,1.39432241056,0.67868504772,3.04251819979,0.85338925116,0.453870625663,0.750667010341,0.444880646629,2.5,1.6873447205,0.750667010341,2.5,0.264994601358,0.189873417722,40,0.0225861095426,0.29242045833,23,23,23,1,0,0.478260869565,0.217391304348,0.304347826087,-6,-0.0118577075099,0.00226892672545,-0.521739130435,-0.5,-0.375,-0.209742102293,0.00537458463507,0.0103031909766,-0.351720205833,0.00314056510441,0.00576014653427,-0.227902594836,-0.001379820162,0.0111828786272,0.00147570598183,0.000276726064657,0,0.00226892672545,0.00147570598183,0,0.00554798736617,0.00109092798144,-6,-0.00338791643139,-0.0407241748151,0,0,0,82,0,6,418,0.931818181818,1,0,0.0681818181818,1,0.931818181818,0.964705882353,0.958452959446,0.931818181818,0.931818181818,2,8,0,10,10,10
1633,WLNM_dir_neg_kfold,0.90625,0.6125,00:00:02,10,90,2,22347,threshold_sweep,0.4,1,0.25,0.4,2,0,6,16,0.25,1,0,0.75,1,0.25,0.4,0.75,0.638888888889,0.307692307692,0.426401432711,0.25,94,86,8,0,94,0,86,0,8,23,88,0.173913043478,1.68507579377,7.65217391304,7.33333333333,5.5,3.63829000359,0.475458352741,0.249505928854,5.32278271304,1.39118184545,0.672924901186,3.27042079462,0.854769071322,0.442687747036,0.749191304359,0.444603920564,2.5,1.68507579377,0.749191304359,2.5,0.259446613992,0.18878248974,46,0.025974025974,0.333144633145,23,23,23,1,0,0.478260869565,0.217391304348,0.304347826087,23,0.158102766798,1.70986622074,6.95652173913,6.66666666667,5,3.45724878624,0.496979513022,0.271739130435,4.89776911384,1.40810862023,0.680434782609,2.98282302552,0.857561619837,0.461956521739,0.782420638139,0.457591727733,2.5,1.70986622074,0.782420638139,2.5,0.220665313522,0.182565789474,37,0.0208921513269,0.279731127458,23,23,23,1,0,0.478260869565,0.217391304348,0.304347826087,23,82,0.162055335968,1.6873447205,7.13043478261,6.83333333333,5.125,3.42854790129,0.480832937376,0.25980911983,4.97106250721,1.39432241056,0.67868504772,3.04251819979,0.85338925116,0.453870625663,0.750667010341,0.444880646629,2.5,1.6873447205,0.750667010341,2.5,0.264994601358,0.189873417722,40,0.0225861095426,0.29242045833,23,23,23,1,0,0.478260869565,0.217391304348,0.304347826087,-6,-0.0118577075099,0.00226892672545,-0.521739130435,-0.5,-0.375,-0.209742102293,0.00537458463507,0.0103031909766,-0.351720205833,0.00314056510441,0.00576014653427,-0.227902594836,-0.001379820162,0.0111828786272,0.00147570598183,0.000276726064657,0,0.00226892672545,0.00147570598183,0,0.00554798736617,0.00109092798144,-6,-0.00338791643139,-0.0407241748151,0,0,0,82,0,6,418,0.931818181818,1,0,0.0681818181818,1,0.931818181818,0.964705882353,0.958452959446,0.931818181818,0.931818181818,2,8,0,10,10,10
1634,WLNM_dir_neg_kfold,0.90625,0.6125,00:00:02,10,90,2,22347,threshold_sweep,0.5,1,0.25,0.4,2,0,6,16,0.25,1,0,0.75,1,0.25,0.4,0.75,0.638888888889,0.307692307692,0.426401432711,0.25,94,86,8,0,94,0,86,0,8,23,88,0.173913043478,1.68507579377,7.65217391304,7.33333333333,5.5,3.63829000359,0.475458352741,0.249505928854,5.32278271304,1.39118184545,0.672924901186,3.27042079462,0.854769071322,0.442687747036,0.749191304359,0.444603920564,2.5,1.68507579377,0.749191304359,2.5,0.259446613992,0.18878248974,46,0.025974025974,0.333144633145,23,23,23,1,0,0.478260869565,0.217391304348,0.304347826087,23,0.158102766798,1.70986622074,6.95652173913,6.66666666667,5,3.45724878624,0.496979513022,0.271739130435,4.89776911384,1.40810862023,0.680434782609,2.98282302552,0.857561619837,0.461956521739,0.782420638139,0.457591727733,2.5,1.70986622074,0.782420638139,2.5,0.220665313522,0.182565789474,37,0.0208921513269,0.279731127458,23,23,23,1,0,0.478260869565,0.217391304348,0.304347826087,23,82,0.162055335968,1.6873447205,7.13043478261,6.83333333333,5.125,3.42854790129,0.480832937376,0.25980911983,4.97106250721,1.39432241056,0.67868504772,3.04251819979,0.85338925116,0.453870625663,0.750667010341,0.444880646629,2.5,1.6873447205,0.750667010341,2.5,0.264994601358,0.189873417722,40,0.0225861095426,0.29242045833,23,23,23,1,0,0.478260869565,0.217391304348,0.304347826087,-6,-0.0118577075099,0.00226892672545,-0.521739130435,-0.5,-0.375,-0.209742102293,0.00537458463507,0.0103031909766,-0.351720205833,0.00314056510441,0.00576014653427,-0.227902594836,-0.001379820162,0.0111828786272,0.00147570598183,0.000276726064657,0,0.00226892672545,0.00147570598183,0,0.00554798736617,0.00109092798144,-6,-0.00338791643139,-0.0407241748151,0,0,0,82,0,6,418,0.931818181818,1,0,0.0681818181818,1,0.931818181818,0.964705882353,0.958452959446,0.931818181818,0.931818181818,2,8,0,10,10,10
1635,WLNM_dir_neg_kfold,0.90625,0.6125,00:00:02,10,90,2,22347,threshold_sweep,0.6,1,0.25,0.4,2,0,6,16,0.25,1,0,0.75,1,0.25,0.4,0.75,0.638888888889,0.307692307692,0.426401432711,0.25,94,86,8,0,94,0,86,0,8,23,88,0.173913043478,1.68507579377,7.65217391304,7.33333333333,5.5,3.63829000359,0.475458352741,0.249505928854,5.32278271304,1.39118184545,0.672924901186,3.27042079462,0.854769071322,0.442687747036,0.749191304359,0.444603920564,2.5,1.68507579377,0.749191304359,2.5,0.259446613992,0.18878248974,46,0.025974025974,0.333144633145,23,23,23,1,0,0.478260869565,0.217391304348,0.304347826087,23,0.158102766798,1.70986622074,6.95652173913,6.66666666667,5,3.45724878624,0.496979513022,0.271739130435,4.89776911384,1.40810862023,0.680434782609,2.98282302552,0.857561619837,0.461956521739,0.782420638139,0.457591727733,2.5,1.70986622074,0.782420638139,2.5,0.220665313522,0.182565789474,37,0.0208921513269,0.279731127458,23,23,23,1,0,0.478260869565,0.217391304348,0.304347826087,23,82,0.162055335968,1.6873447205,7.13043478261,6.83333333333,5.125,3.42854790129,0.480832937376,0.25980911983,4.97106250721,1.39432241056,0.67868504772,3.04251819979,0.85338925116,0.453870625663,0.750667010341,0.444880646629,2.5,1.6873447205,0.750667010341,2.5,0.264994601358,0.189873417722,40,0.0225861095426,0.29242045833,23,23,23,1,0,0.478260869565,0.217391304348,0.304347826087,-6,-0.0118577075099,0.00226892672545,-0.521739130435,-0.5,-0.375,-0.209742102293,0.00537458463507,0.0103031909766,-0.351720205833,0.00314056510441,0.00576014653427,-0.227902594836,-0.001379820162,0.0111828786272,0.00147570598183,0.000276726064657,0,0.00226892672545,0.00147570598183,0,0.00554798736617,0.00109092798144,-6,-0.00338791643139,-0.0407241748151,0,0,0,82,0,6,418,0.931818181818,1,0,0.0681818181818,1,0.931818181818,0.964705882353,0.958452959446,0.931818181818,0.931818181818,2,8,0,10,10,10
1636,WLNM_dir_neg_kfold,0.90625,0.6125,00:00:02,10,90,2,22347,threshold_sweep,0.7,1,0.25,0.4,2,0,6,16,0.25,1,0,0.75,1,0.25,0.4,0.75,0.638888888889,0.307692307692,0.426401432711,0.25,94,86,8,0,94,0,86,0,8,23,88,0.173913043478,1.68507579377,7.65217391304,7.33333333333,5.5,3.63829000359,0.475458352741,0.249505928854,5.32278271304,1.39118184545,0.672924901186,3.27042079462,0.854769071322,0.442687747036,0.749191304359,0.444603920564,2.5,1.68507579377,0.749191304359,2.5,0.259446613992,0.18878248974,46,0.025974025974,0.333144633145,23,23,23,1,0,0.478260869565,0.217391304348,0.304347826087,23,0.158102766798,1.70986622074,6.95652173913,6.66666666667,5,3.45724878624,0.496979513022,0.271739130435,4.89776911384,1.40810862023,0.680434782609,2.98282302552,0.857561619837,0.461956521739,0.782420638139,0.457591727733,2.5,1.70986622074,0.782420638139,2.5,0.220665313522,0.182565789474,37,0.0208921513269,0.279731127458,23,23,23,1,0,0.478260869565,0.217391304348,0.304347826087,23,82,0.162055335968,1.6873447205,7.13043478261,6.83333333333,5.125,3.42854790129,0.480832937376,0.25980911983,4.97106250721,1.39432241056,0.67868504772,3.04251819979,0.85338925116,0.453870625663,0.750667010341,0.444880646629,2.5,1.6873447205,0.750667010341,2.5,0.264994601358,0.189873417722,40,0.0225861095426,0.29242045833,23,23,23,1,0,0.478260869565,0.217391304348,0.304347826087,-6,-0.0118577075099,0.00226892672545,-0.521739130435,-0.5,-0.375,-0.209742102293,0.00537458463507,0.0103031909766,-0.351720205833,0.00314056510441,0.00576014653427,-0.227902594836,-0.001379820162,0.0111828786272,0.00147570598183,0.000276726064657,0,0.00226892672545,0.00147570598183,0,0.00554798736617,0.00109092798144,-6,-0.00338791643139,-0.0407241748151,0,0,0,82,0,6,418,0.931818181818,1,0,0.0681818181818,1,0.931818181818,0.964705882353,0.958452959446,0.931818181818,0.931818181818,2,8,0,10,10,10
1637,WLNM_dir_neg_kfold,0.90625,0.6125,00:00:02,10,90,2,22347,threshold_sweep,0.8,1,0.25,0.4,2,0,6,16,0.25,1,0,0.75,1,0.25,0.4,0.75,0.638888888889,0.307692307692,0.426401432711,0.25,94,86,8,0,94,0,86,0,8,23,88,0.173913043478,1.68507579377,7.65217391304,7.33333333333,5.5,3.63829000359,0.475458352741,0.249505928854,5.32278271304,1.39118184545,0.672924901186,3.27042079462,0.854769071322,0.442687747036,0.749191304359,0.444603920564,2.5,1.68507579377,0.749191304359,2.5,0.259446613992,0.18878248974,46,0.025974025974,0.333144633145,23,23,23,1,0,0.478260869565,0.217391304348,0.304347826087,23,0.158102766798,1.70986622074,6.95652173913,6.66666666667,5,3.45724878624,0.496979513022,0.271739130435,4.89776911384,1.40810862023,0.680434782609,2.98282302552,0.857561619837,0.461956521739,0.782420638139,0.457591727733,2.5,1.70986622074,0.782420638139,2.5,0.220665313522,0.182565789474,37,0.0208921513269,0.279731127458,23,23,23,1,0,0.478260869565,0.217391304348,0.304347826087,23,82,0.162055335968,1.6873447205,7.13043478261,6.83333333333,5.125,3.42854790129,0.480832937376,0.25980911983,4.97106250721,1.39432241056,0.67868504772,3.04251819979,0.85338925116,0.453870625663,0.750667010341,0.444880646629,2.5,1.6873447205,0.750667010341,2.5,0.264994601358,0.189873417722,40,0.0225861095426,0.29242045833,23,23,23,1,0,0.478260869565,0.217391304348,0.304347826087,-6,-0.0118577075099,0.00226892672545,-0.521739130435,-0.5,-0.375,-0.209742102293,0.00537458463507,0.0103031909766,-0.351720205833,0.00314056510441,0.00576014653427,-0.227902594836,-0.001379820162,0.0111828786272,0.00147570598183,0.000276726064657,0,0.00226892672545,0.00147570598183,0,0.00554798736617,0.00109092798144,-6,-0.00338791643139,-0.0407241748151,0,0,0,82,0,6,418,0.931818181818,1,0,0.0681818181818,1,0.931818181818,0.964705882353,0.958452959446,0.931818181818,0.931818181818,2,8,0,10,10,10
1638,WLNM_dir_neg_kfold,0.90625,0.6125,00:00:02,10,90,2,22347,threshold_sweep,0.9,1,0.25,0.4,2,0,6,16,0.25,1,0,0.75,1,0.25,0.4,0.75,0.638888888889,0.307692307692,0.426401432711,0.25,94,86,8,0,94,0,86,0,8,23,88,0.173913043478,1.68507579377,7.65217391304,7.33333333333,5.5,3.63829000359,0.475458352741,0.249505928854,5.32278271304,1.39118184545,0.672924901186,3.27042079462,0.854769071322,0.442687747036,0.749191304359,0.444603920564,2.5,1.68507579377,0.749191304359,2.5,0.259446613992,0.18878248974,46,0.025974025974,0.333144633145,23,23,23,1,0,0.478260869565,0.217391304348,0.304347826087,23,0.158102766798,1.70986622074,6.95652173913,6.66666666667,5,3.45724878624,0.496979513022,0.271739130435,4.89776911384,1.40810862023,0.680434782609,2.98282302552,0.857561619837,0.461956521739,0.782420638139,0.457591727733,2.5,1.70986622074,0.782420638139,2.5,0.220665313522,0.182565789474,37,0.0208921513269,0.279731127458,23,23,23,1,0,0.478260869565,0.217391304348,0.304347826087,23,82,0.162055335968,1.6873447205,7.13043478261,6.83333333333,5.125,3.42854790129,0.480832937376,0.25980911983,4.97106250721,1.39432241056,0.67868504772,3.04251819979,0.85338925116,0.453870625663,0.750667010341,0.444880646629,2.5,1.6873447205,0.750667010341,2.5,0.264994601358,0.189873417722,40,0.0225861095426,0.29242045833,23,23,23,1,0,0.478260869565,0.217391304348,0.304347826087,-6,-0.0118577075099,0.00226892672545,-0.521739130435,-0.5,-0.375,-0.209742102293,0.00537458463507,0.0103031909766,-0.351720205833,0.00314056510441,0.00576014653427,-0.227902594836,-0.001379820162,0.0111828786272,0.00147570598183,0.000276726064657,0,0.00226892672545,0.00147570598183,0,0.00554798736617,0.00109092798144,-6,-0.00338791643139,-0.0407241748151,0,0,0,82,0,6,418,0.931818181818,1,0,0.0681818181818,1,0.931818181818,0.964705882353,0.958452959446,0.931818181818,0.931818181818,2,8,0,10,10,10
1639,WLNM_dir_neg_kfold,0.671875,0.40625,00:00:02,10,90,3,22348,threshold_sweep,0.1,1,0.25,0.4,2,0,6,16,0.25,1,0,0.75,1,0.25,0.4,0.75,0.638888888889,0.307692307692,0.426401432711,0.25,94,86,8,0,94,0,86,0,8,23,88,0.173913043478,1.68507579377,7.65217391304,7.33333333333,5.5,3.63829000359,0.475458352741,0.249505928854,5.32278271304,1.39118184545,0.672924901186,3.27042079462,0.854769071322,0.442687747036,0.749191304359,0.444603920564,2.5,1.68507579377,0.749191304359,2.5,0.259446613992,0.18878248974,46,0.025974025974,0.333144633145,23,23,23,1,0,0.478260869565,0.217391304348,0.304347826087,23,0.158102766798,1.70986622074,6.95652173913,6.66666666667,5,3.45724878624,0.496979513022,0.271739130435,4.89776911384,1.40810862023,0.680434782609,2.98282302552,0.857561619837,0.461956521739,0.782420638139,0.457591727733,2.5,1.70986622074,0.782420638139,2.5,0.220665313522,0.182565789474,37,0.0208921513269,0.279731127458,23,23,23,1,0,0.478260869565,0.217391304348,0.304347826087,23,82,0.162055335968,1.6873447205,7.13043478261,6.83333333333,5.125,3.42854790129,0.480832937376,0.25980911983,4.97106250721,1.39432241056,0.67868504772,3.04251819979,0.85338925116,0.453870625663,0.750667010341,0.444880646629,2.5,1.6873447205,0.750667010341,2.5,0.264994601358,0.189873417722,40,0.0225861095426,0.29242045833,23,23,23,1,0,0.478260869565,0.217391304348,0.304347826087,-6,-0.0118577075099,0.00226892672545,-0.521739130435,-0.5,-0.375,-0.209742102293,0.00537458463507,0.0103031909766,-0.351720205833,0.00314056510441,0.00576014653427,-0.227902594836,-0.001379820162,0.0111828786272,0.00147570598183,0.000276726064657,0,0.00226892672545,0.00147570598183,0,0.00554798736617,0.00109092798144,-6,-0.00338791643139,-0.0407241748151,0,0,0,82,0,6,418,0.931818181818,1,0,0.0681818181818,1,0.931818181818,0.964705882353,0.958452959446,0.931818181818,0.931818181818,2,8,0,10,10,10
1640,WLNM_dir_neg_kfold,0.671875,0.40625,00:00:02,10,90,3,22348,threshold_sweep,0.2,1,0.25,0.4,2,0,6,16,0.25,1,0,0.75,1,0.25,0.4,0.75,0.638888888889,0.307692307692,0.426401432711,0.25,94,86,8,0,94,0,86,0,8,23,88,0.173913043478,1.68507579377,7.65217391304,7.33333333333,5.5,3.63829000359,0.475458352741,0.249505928854,5.32278271304,1.39118184545,0.672924901186,3.27042079462,0.854769071322,0.442687747036,0.749191304359,0.444603920564,2.5,1.68507579377,0.749191304359,2.5,0.259446613992,0.18878248974,46,0.025974025974,0.333144633145,23,23,23,1,0,0.478260869565,0.217391304348,0.304347826087,23,0.158102766798,1.70986622074,6.95652173913,6.66666666667,5,3.45724878624,0.496979513022,0.271739130435,4.89776911384,1.40810862023,0.680434782609,2.98282302552,0.857561619837,0.461956521739,0.782420638139,0.457591727733,2.5,1.70986622074,0.782420638139,2.5,0.220665313522,0.182565789474,37,0.0208921513269,0.279731127458,23,23,23,1,0,0.478260869565,0.217391304348,0.304347826087,23,82,0.162055335968,1.6873447205,7.13043478261,6.83333333333,5.125,3.42854790129,0.480832937376,0.25980911983,4.97106250721,1.39432241056,0.67868504772,3.04251819979,0.85338925116,0.453870625663,0.750667010341,0.444880646629,2.5,1.6873447205,0.750667010341,2.5,0.264994601358,0.189873417722,40,0.0225861095426,0.29242045833,23,23,23,1,0,0.478260869565,0.217391304348,0.304347826087,-6,-0.0118577075099,0.00226892672545,-0.521739130435,-0.5,-0.375,-0.209742102293,0.00537458463507,0.0103031909766,-0.351720205833,0.00314056510441,0.00576014653427,-0.227902594836,-0.001379820162,0.0111828786272,0.00147570598183,0.000276726064657,0,0.00226892672545,0.00147570598183,0,0.00554798736617,0.00109092798144,-6,-0.00338791643139,-0.0407241748151,0,0,0,82,0,6,418,0.931818181818,1,0,0.0681818181818,1,0.931818181818,0.964705882353,0.958452959446,0.931818181818,0.931818181818,2,8,0,10,10,10
1641,WLNM_dir_neg_kfold,0.671875,0.40625,00:00:02,10,90,3,22348,threshold_sweep,0.3,1,0.25,0.4,2,0,6,16,0.25,1,0,0.75,1,0.25,0.4,0.75,0.638888888889,0.307692307692,0.426401432711,0.25,94,86,8,0,94,0,86,0,8,23,88,0.173913043478,1.68507579377,7.65217391304,7.33333333333,5.5,3.63829000359,0.475458352741,0.249505928854,5.32278271304,1.39118184545,0.672924901186,3.27042079462,0.854769071322,0.442687747036,0.749191304359,0.444603920564,2.5,1.68507579377,0.749191304359,2.5,0.259446613992,0.18878248974,46,0.025974025974,0.333144633145,23,23,23,1,0,0.478260869565,0.217391304348,0.304347826087,23,0.158102766798,1.70986622074,6.95652173913,6.66666666667,5,3.45724878624,0.496979513022,0.271739130435,4.89776911384,1.40810862023,0.680434782609,2.98282302552,0.857561619837,0.461956521739,0.782420638139,0.457591727733,2.5,1.70986622074,0.782420638139,2.5,0.220665313522,0.182565789474,37,0.0208921513269,0.279731127458,23,23,23,1,0,0.478260869565,0.217391304348,0.304347826087,23,82,0.162055335968,1.6873447205,7.13043478261,6.83333333333,5.125,3.42854790129,0.480832937376,0.25980911983,4.97106250721,1.39432241056,0.67868504772,3.04251819979,0.85338925116,0.453870625663,0.750667010341,0.444880646629,2.5,1.6873447205,0.750667010341,2.5,0.264994601358,0.189873417722,40,0.0225861095426,0.29242045833,23,23,23,1,0,0.478260869565,0.217391304348,0.304347826087,-6,-0.0118577075099,0.00226892672545,-0.521739130435,-0.5,-0.375,-0.209742102293,0.00537458463507,0.0103031909766,-0.351720205833,0.00314056510441,0.00576014653427,-0.227902594836,-0.001379820162,0.0111828786272,0.00147570598183,0.000276726064657,0,0.00226892672545,0.00147570598183,0,0.00554798736617,0.00109092798144,-6,-0.00338791643139,-0.0407241748151,0,0,0,82,0,6,418,0.931818181818,1,0,0.0681818181818,1,0.931818181818,0.964705882353,0.958452959446,0.931818181818,0.931818181818,2,8,0,10,10,10
1642,WLNM_dir_neg_kfold,0.671875,0.40625,00:00:02,10,90,3,22348,threshold_sweep,0.4,1,0.25,0.4,2,0,6,16,0.25,1,0,0.75,1,0.25,0.4,0.75,0.638888888889,0.307692307692,0.426401432711,0.25,94,86,8,0,94,0,86,0,8,23,88,0.173913043478,1.68507579377,7.65217391304,7.33333333333,5.5,3.63829000359,0.475458352741,0.249505928854,5.32278271304,1.39118184545,0.672924901186,3.27042079462,0.854769071322,0.442687747036,0.749191304359,0.444603920564,2.5,1.68507579377,0.749191304359,2.5,0.259446613992,0.18878248974,46,0.025974025974,0.333144633145,23,23,23,1,0,0.478260869565,0.217391304348,0.304347826087,23,0.158102766798,1.70986622074,6.95652173913,6.66666666667,5,3.45724878624,0.496979513022,0.271739130435,4.89776911384,1.40810862023,0.680434782609,2.98282302552,0.857561619837,0.461956521739,0.782420638139,0.457591727733,2.5,1.70986622074,0.782420638139,2.5,0.220665313522,0.182565789474,37,0.0208921513269,0.279731127458,23,23,23,1,0,0.478260869565,0.217391304348,0.304347826087,23,82,0.162055335968,1.6873447205,7.13043478261,6.83333333333,5.125,3.42854790129,0.480832937376,0.25980911983,4.97106250721,1.39432241056,0.67868504772,3.04251819979,0.85338925116,0.453870625663,0.750667010341,0.444880646629,2.5,1.6873447205,0.750667010341,2.5,0.264994601358,0.189873417722,40,0.0225861095426,0.29242045833,23,23,23,1,0,0.478260869565,0.217391304348,0.304347826087,-6,-0.0118577075099,0.00226892672545,-0.521739130435,-0.5,-0.375,-0.209742102293,0.00537458463507,0.0103031909766,-0.351720205833,0.00314056510441,0.00576014653427,-0.227902594836,-0.001379820162,0.0111828786272,0.00147570598183,0.000276726064657,0,0.00226892672545,0.00147570598183,0,0.00554798736617,0.00109092798144,-6,-0.00338791643139,-0.0407241748151,0,0,0,82,0,6,418,0.931818181818,1,0,0.0681818181818,1,0.931818181818,0.964705882353,0.958452959446,0.931818181818,0.931818181818,2,8,0,10,10,10
1643,WLNM_dir_neg_kfold,0.671875,0.40625,00:00:02,10,90,3,22348,threshold_sweep,0.5,1,0.25,0.4,2,0,6,16,0.25,1,0,0.75,1,0.25,0.4,0.75,0.638888888889,0.307692307692,0.426401432711,0.25,94,86,8,0,94,0,86,0,8,23,88,0.173913043478,1.68507579377,7.65217391304,7.33333333333,5.5,3.63829000359,0.475458352741,0.249505928854,5.32278271304,1.39118184545,0.672924901186,3.27042079462,0.854769071322,0.442687747036,0.749191304359,0.444603920564,2.5,1.68507579377,0.749191304359,2.5,0.259446613992,0.18878248974,46,0.025974025974,0.333144633145,23,23,23,1,0,0.478260869565,0.217391304348,0.304347826087,23,0.158102766798,1.70986622074,6.95652173913,6.66666666667,5,3.45724878624,0.496979513022,0.271739130435,4.89776911384,1.40810862023,0.680434782609,2.98282302552,0.857561619837,0.461956521739,0.782420638139,0.457591727733,2.5,1.70986622074,0.782420638139,2.5,0.220665313522,0.182565789474,37,0.0208921513269,0.279731127458,23,23,23,1,0,0.478260869565,0.217391304348,0.304347826087,23,82,0.162055335968,1.6873447205,7.13043478261,6.83333333333,5.125,3.42854790129,0.480832937376,0.25980911983,4.97106250721,1.39432241056,0.67868504772,3.04251819979,0.85338925116,0.453870625663,0.750667010341,0.444880646629,2.5,1.6873447205,0.750667010341,2.5,0.264994601358,0.189873417722,40,0.0225861095426,0.29242045833,23,23,23,1,0,0.478260869565,0.217391304348,0.304347826087,-6,-0.0118577075099,0.00226892672545,-0.521739130435,-0.5,-0.375,-0.209742102293,0.00537458463507,0.0103031909766,-0.351720205833,0.00314056510441,0.00576014653427,-0.227902594836,-0.001379820162,0.0111828786272,0.00147570598183,0.000276726064657,0,0.00226892672545,0.00147570598183,0,0.00554798736617,0.00109092798144,-6,-0.00338791643139,-0.0407241748151,0,0,0,82,0,6,418,0.931818181818,1,0,0.0681818181818,1,0.931818181818,0.964705882353,0.958452959446,0.931818181818,0.931818181818,2,8,0,10,10,10
1644,WLNM_dir_neg_kfold,0.671875,0.40625,00:00:02,10,90,3,22348,threshold_sweep,0.6,1,0.25,0.4,2,0,6,16,0.25,1,0,0.75,1,0.25,0.4,0.75,0.638888888889,0.307692307692,0.426401432711,0.25,94,86,8,0,94,0,86,0,8,23,88,0.173913043478,1.68507579377,7.65217391304,7.33333333333,5.5,3.63829000359,0.475458352741,0.249505928854,5.32278271304,1.39118184545,0.672924901186,3.27042079462,0.854769071322,0.442687747036,0.749191304359,0.444603920564,2.5,1.68507579377,0.749191304359,2.5,0.259446613992,0.18878248974,46,0.025974025974,0.333144633145,23,23,23,1,0,0.478260869565,0.217391304348,0.304347826087,23,0.158102766798,1.70986622074,6.95652173913,6.66666666667,5,3.45724878624,0.496979513022,0.271739130435,4.89776911384,1.40810862023,0.680434782609,2.98282302552,0.857561619837,0.461956521739,0.782420638139,0.457591727733,2.5,1.70986622074,0.782420638139,2.5,0.220665313522,0.182565789474,37,0.0208921513269,0.279731127458,23,23,23,1,0,0.478260869565,0.217391304348,0.304347826087,23,82,0.162055335968,1.6873447205,7.13043478261,6.83333333333,5.125,3.42854790129,0.480832937376,0.25980911983,4.97106250721,1.39432241056,0.67868504772,3.04251819979,0.85338925116,0.453870625663,0.750667010341,0.444880646629,2.5,1.6873447205,0.750667010341,2.5,0.264994601358,0.189873417722,40,0.0225861095426,0.29242045833,23,23,23,1,0,0.478260869565,0.217391304348,0.304347826087,-6,-0.0118577075099,0.00226892672545,-0.521739130435,-0.5,-0.375,-0.209742102293,0.00537458463507,0.0103031909766,-0.351720205833,0.00314056510441,0.00576014653427,-0.227902594836,-0.001379820162,0.0111828786272,0.00147570598183,0.000276726064657,0,0.00226892672545,0.00147570598183,0,0.00554798736617,0.00109092798144,-6,-0.00338791643139,-0.0407241748151,0,0,0,82,0,6,418,0.931818181818,1,0,0.0681818181818,1,0.931818181818,0.964705882353,0.958452959446,0.931818181818,0.931818181818,2,8,0,10,10,10
1645,WLNM_dir_neg_kfold,0.671875,0.40625,00:00:02,10,90,3,22348,threshold_sweep,0.7,1,0.25,0.4,2,0,6,16,0.25,1,0,0.75,1,0.25,0.4,0.75,0.638888888889,0.307692307692,0.426401432711,0.25,94,86,8,0,94,0,86,0,8,23,88,0.173913043478,1.68507579377,7.65217391304,7.33333333333,5.5,3.63829000359,0.475458352741,0.249505928854,5.32278271304,1.39118184545,0.672924901186,3.27042079462,0.854769071322,0.442687747036,0.749191304359,0.444603920564,2.5,1.68507579377,0.749191304359,2.5,0.259446613992,0.18878248974,46,0.025974025974,0.333144633145,23,23,23,1,0,0.478260869565,0.217391304348,0.304347826087,23,0.158102766798,1.70986622074,6.95652173913,6.66666666667,5,3.45724878624,0.496979513022,0.271739130435,4.89776911384,1.40810862023,0.680434782609,2.98282302552,0.857561619837,0.461956521739,0.782420638139,0.457591727733,2.5,1.70986622074,0.782420638139,2.5,0.220665313522,0.182565789474,37,0.0208921513269,0.279731127458,23,23,23,1,0,0.478260869565,0.217391304348,0.304347826087,23,82,0.162055335968,1.6873447205,7.13043478261,6.83333333333,5.125,3.42854790129,0.480832937376,0.25980911983,4.97106250721,1.39432241056,0.67868504772,3.04251819979,0.85338925116,0.453870625663,0.750667010341,0.444880646629,2.5,1.6873447205,0.750667010341,2.5,0.264994601358,0.189873417722,40,0.0225861095426,0.29242045833,23,23,23,1,0,0.478260869565,0.217391304348,0.304347826087,-6,-0.0118577075099,0.00226892672545,-0.521739130435,-0.5,-0.375,-0.209742102293,0.00537458463507,0.0103031909766,-0.351720205833,0.00314056510441,0.00576014653427,-0.227902594836,-0.001379820162,0.0111828786272,0.00147570598183,0.000276726064657,0,0.00226892672545,0.00147570598183,0,0.00554798736617,0.00109092798144,-6,-0.00338791643139,-0.0407241748151,0,0,0,82,0,6,418,0.931818181818,1,0,0.0681818181818,1,0.931818181818,0.964705882353,0.958452959446,0.931818181818,0.931818181818,2,8,0,10,10,10
1646,WLNM_dir_neg_kfold,0.671875,0.40625,00:00:02,10,90,3,22348,threshold_sweep,0.8,1,0.25,0.4,2,0,6,16,0.25,1,0,0.75,1,0.25,0.4,0.75,0.638888888889,0.307692307692,0.426401432711,0.25,94,86,8,0,94,0,86,0,8,23,88,0.173913043478,1.68507579377,7.65217391304,7.33333333333,5.5,3.63829000359,0.475458352741,0.249505928854,5.32278271304,1.39118184545,0.672924901186,3.27042079462,0.854769071322,0.442687747036,0.749191304359,0.444603920564,2.5,1.68507579377,0.749191304359,2.5,0.259446613992,0.18878248974,46,0.025974025974,0.333144633145,23,23,23,1,0,0.478260869565,0.217391304348,0.304347826087,23,0.158102766798,1.70986622074,6.95652173913,6.66666666667,5,3.45724878624,0.496979513022,0.271739130435,4.89776911384,1.40810862023,0.680434782609,2.98282302552,0.857561619837,0.461956521739,0.782420638139,0.457591727733,2.5,1.70986622074,0.782420638139,2.5,0.220665313522,0.182565789474,37,0.0208921513269,0.279731127458,23,23,23,1,0,0.478260869565,0.217391304348,0.304347826087,23,82,0.162055335968,1.6873447205,7.13043478261,6.83333333333,5.125,3.42854790129,0.480832937376,0.25980911983,4.97106250721,1.39432241056,0.67868504772,3.04251819979,0.85338925116,0.453870625663,0.750667010341,0.444880646629,2.5,1.6873447205,0.750667010341,2.5,0.264994601358,0.189873417722,40,0.0225861095426,0.29242045833,23,23,23,1,0,0.478260869565,0.217391304348,0.304347826087,-6,-0.0118577075099,0.00226892672545,-0.521739130435,-0.5,-0.375,-0.209742102293,0.00537458463507,0.0103031909766,-0.351720205833,0.00314056510441,0.00576014653427,-0.227902594836,-0.001379820162,0.0111828786272,0.00147570598183,0.000276726064657,0,0.00226892672545,0.00147570598183,0,0.00554798736617,0.00109092798144,-6,-0.00338791643139,-0.0407241748151,0,0,0,82,0,6,418,0.931818181818,1,0,0.0681818181818,1,0.931818181818,0.964705882353,0.958452959446,0.931818181818,0.931818181818,2,8,0,10,10,10
1647,WLNM_dir_neg_kfold,0.671875,0.40625,00:00:02,10,90,3,22348,threshold_sweep,0.9,1,0.25,0.4,2,0,6,16,0.25,1,0,0.75,1,0.25,0.4,0.75,0.638888888889,0.307692307692,0.426401432711,0.25,94,86,8,0,94,0,86,0,8,23,88,0.173913043478,1.68507579377,7.65217391304,7.33333333333,5.5,3.63829000359,0.475458352741,0.249505928854,5.32278271304,1.39118184545,0.672924901186,3.27042079462,0.854769071322,0.442687747036,0.749191304359,0.444603920564,2.5,1.68507579377,0.749191304359,2.5,0.259446613992,0.18878248974,46,0.025974025974,0.333144633145,23,23,23,1,0,0.478260869565,0.217391304348,0.304347826087,23,0.158102766798,1.70986622074,6.95652173913,6.66666666667,5,3.45724878624,0.496979513022,0.271739130435,4.89776911384,1.40810862023,0.680434782609,2.98282302552,0.857561619837,0.461956521739,0.782420638139,0.457591727733,2.5,1.70986622074,0.782420638139,2.5,0.220665313522,0.182565789474,37,0.0208921513269,0.279731127458,23,23,23,1,0,0.478260869565,0.217391304348,0.304347826087,23,82,0.162055335968,1.6873447205,7.13043478261,6.83333333333,5.125,3.42854790129,0.480832937376,0.25980911983,4.97106250721,1.39432241056,0.67868504772,3.04251819979,0.85338925116,0.453870625663,0.750667010341,0.444880646629,2.5,1.6873447205,0.750667010341,2.5,0.264994601358,0.189873417722,40,0.0225861095426,0.29242045833,23,23,23,1,0,0.478260869565,0.217391304348,0.304347826087,-6,-0.0118577075099,0.00226892672545,-0.521739130435,-0.5,-0.375,-0.209742102293,0.00537458463507,0.0103031909766,-0.351720205833,0.00314056510441,0.00576014653427,-0.227902594836,-0.001379820162,0.0111828786272,0.00147570598183,0.000276726064657,0,0.00226892672545,0.00147570598183,0,0.00554798736617,0.00109092798144,-6,-0.00338791643139,-0.0407241748151,0,0,0,82,0,6,418,0.931818181818,1,0,0.0681818181818,1,0.931818181818,0.964705882353,0.958452959446,0.931818181818,0.931818181818,2,8,0,10,10,10
1648,WLNM_dir_neg_kfold,0.8828125,0.585227272727,00:00:02,10,90,4,22349,threshold_sweep,0.1,1,0.25,0.4,2,0,6,16,0.25,1,0,0.75,1,0.25,0.4,0.75,0.638888888889,0.307692307692,0.426401432711,0.25,94,86,8,0,94,0,86,0,8,23,88,0.173913043478,1.68507579377,7.65217391304,7.33333333333,5.5,3.63829000359,0.475458352741,0.249505928854,5.32278271304,1.39118184545,0.672924901186,3.27042079462,0.854769071322,0.442687747036,0.749191304359,0.444603920564,2.5,1.68507579377,0.749191304359,2.5,0.259446613992,0.18878248974,46,0.025974025974,0.333144633145,23,23,23,1,0,0.478260869565,0.217391304348,0.304347826087,23,0.158102766798,1.70986622074,6.95652173913,6.66666666667,5,3.45724878624,0.496979513022,0.271739130435,4.89776911384,1.40810862023,0.680434782609,2.98282302552,0.857561619837,0.461956521739,0.782420638139,0.457591727733,2.5,1.70986622074,0.782420638139,2.5,0.220665313522,0.182565789474,37,0.0208921513269,0.279731127458,23,23,23,1,0,0.478260869565,0.217391304348,0.304347826087,23,82,0.162055335968,1.6873447205,7.13043478261,6.83333333333,5.125,3.42854790129,0.480832937376,0.25980911983,4.97106250721,1.39432241056,0.67868504772,3.04251819979,0.85338925116,0.453870625663,0.750667010341,0.444880646629,2.5,1.6873447205,0.750667010341,2.5,0.264994601358,0.189873417722,40,0.0225861095426,0.29242045833,23,23,23,1,0,0.478260869565,0.217391304348,0.304347826087,-6,-0.0118577075099,0.00226892672545,-0.521739130435,-0.5,-0.375,-0.209742102293,0.00537458463507,0.0103031909766,-0.351720205833,0.00314056510441,0.00576014653427,-0.227902594836,-0.001379820162,0.0111828786272,0.00147570598183,0.000276726064657,0,0.00226892672545,0.00147570598183,0,0.00554798736617,0.00109092798144,-6,-0.00338791643139,-0.0407241748151,0,0,0,82,0,6,418,0.931818181818,1,0,0.0681818181818,1,0.931818181818,0.964705882353,0.958452959446,0.931818181818,0.931818181818,2,8,0,10,10,10
1649,WLNM_dir_neg_kfold,0.8828125,0.585227272727,00:00:02,10,90,4,22349,threshold_sweep,0.2,1,0.25,0.4,2,0,6,16,0.25,1,0,0.75,1,0.25,0.4,0.75,0.638888888889,0.307692307692,0.426401432711,0.25,94,86,8,0,94,0,86,0,8,23,88,0.173913043478,1.68507579377,7.65217391304,7.33333333333,5.5,3.63829000359,0.475458352741,0.249505928854,5.32278271304,1.39118184545,0.672924901186,3.27042079462,0.854769071322,0.442687747036,0.749191304359,0.444603920564,2.5,1.68507579377,0.749191304359,2.5,0.259446613992,0.18878248974,46,0.025974025974,0.333144633145,23,23,23,1,0,0.478260869565,0.217391304348,0.304347826087,23,0.158102766798,1.70986622074,6.95652173913,6.66666666667,5,3.45724878624,0.496979513022,0.271739130435,4.89776911384,1.40810862023,0.680434782609,2.98282302552,0.857561619837,0.461956521739,0.782420638139,0.457591727733,2.5,1.70986622074,0.782420638139,2.5,0.220665313522,0.182565789474,37,0.0208921513269,0.279731127458,23,23,23,1,0,0.478260869565,0.217391304348,0.304347826087,23,82,0.162055335968,1.6873447205,7.13043478261,6.83333333333,5.125,3.42854790129,0.480832937376,0.25980911983,4.97106250721,1.39432241056,0.67868504772,3.04251819979,0.85338925116,0.453870625663,0.750667010341,0.444880646629,2.5,1.6873447205,0.750667010341,2.5,0.264994601358,0.189873417722,40,0.0225861095426,0.29242045833,23,23,23,1,0,0.478260869565,0.217391304348,0.304347826087,-6,-0.0118577075099,0.00226892672545,-0.521739130435,-0.5,-0.375,-0.209742102293,0.00537458463507,0.0103031909766,-0.351720205833,0.00314056510441,0.00576014653427,-0.227902594836,-0.001379820162,0.0111828786272,0.00147570598183,0.000276726064657,0,0.00226892672545,0.00147570598183,0,0.00554798736617,0.00109092798144,-6,-0.00338791643139,-0.0407241748151,0,0,0,82,0,6,418,0.931818181818,1,0,0.0681818181818,1,0.931818181818,0.964705882353,0.958452959446,0.931818181818,0.931818181818,2,8,0,10,10,10
1650,WLNM_dir_neg_kfold,0.8828125,0.585227272727,00:00:02,10,90,4,22349,threshold_sweep,0.3,1,0.25,0.4,2,0,6,16,0.25,1,0,0.75,1,0.25,0.4,0.75,0.638888888889,0.307692307692,0.426401432711,0.25,94,86,8,0,94,0,86,0,8,23,88,0.173913043478,1.68507579377,7.65217391304,7.33333333333,5.5,3.63829000359,0.475458352741,0.249505928854,5.32278271304,1.39118184545,0.672924901186,3.27042079462,0.854769071322,0.442687747036,0.749191304359,0.444603920564,2.5,1.68507579377,0.749191304359,2.5,0.259446613992,0.18878248974,46,0.025974025974,0.333144633145,23,23,23,1,0,0.478260869565,0.217391304348,0.304347826087,23,0.158102766798,1.70986622074,6.95652173913,6.66666666667,5,3.45724878624,0.496979513022,0.271739130435,4.89776911384,1.40810862023,0.680434782609,2.98282302552,0.857561619837,0.461956521739,0.782420638139,0.457591727733,2.5,1.70986622074,0.782420638139,2.5,0.220665313522,0.182565789474,37,0.0208921513269,0.279731127458,23,23,23,1,0,0.478260869565,0.217391304348,0.304347826087,23,82,0.162055335968,1.6873447205,7.13043478261,6.83333333333,5.125,3.42854790129,0.480832937376,0.25980911983,4.97106250721,1.39432241056,0.67868504772,3.04251819979,0.85338925116,0.453870625663,0.750667010341,0.444880646629,2.5,1.6873447205,0.750667010341,2.5,0.264994601358,0.189873417722,40,0.0225861095426,0.29242045833,23,23,23,1,0,0.478260869565,0.217391304348,0.304347826087,-6,-0.0118577075099,0.00226892672545,-0.521739130435,-0.5,-0.375,-0.209742102293,0.00537458463507,0.0103031909766,-0.351720205833,0.00314056510441,0.00576014653427,-0.227902594836,-0.001379820162,0.0111828786272,0.00147570598183,0.000276726064657,0,0.00226892672545,0.00147570598183,0,0.00554798736617,0.00109092798144,-6,-0.00338791643139,-0.0407241748151,0,0,0,82,0,6,418,0.931818181818,1,0,0.0681818181818,1,0.931818181818,0.964705882353,0.958452959446,0.931818181818,0.931818181818,2,8,0,10,10,10
1651,WLNM_dir_neg_kfold,0.8828125,0.585227272727,00:00:02,10,90,4,22349,threshold_sweep,0.4,1,0.25,0.4,2,0,6,16,0.25,1,0,0.75,1,0.25,0.4,0.75,0.638888888889,0.307692307692,0.426401432711,0.25,94,86,8,0,94,0,86,0,8,23,88,0.173913043478,1.68507579377,7.65217391304,7.33333333333,5.5,3.63829000359,0.475458352741,0.249505928854,5.32278271304,1.39118184545,0.672924901186,3.27042079462,0.854769071322,0.442687747036,0.749191304359,0.444603920564,2.5,1.68507579377,0.749191304359,2.5,0.259446613992,0.18878248974,46,0.025974025974,0.333144633145,23,23,23,1,0,0.478260869565,0.217391304348,0.304347826087,23,0.158102766798,1.70986622074,6.95652173913,6.66666666667,5,3.45724878624,0.496979513022,0.271739130435,4.89776911384,1.40810862023,0.680434782609,2.98282302552,0.857561619837,0.461956521739,0.782420638139,0.457591727733,2.5,1.70986622074,0.782420638139,2.5,0.220665313522,0.182565789474,37,0.0208921513269,0.279731127458,23,23,23,1,0,0.478260869565,0.217391304348,0.304347826087,23,82,0.162055335968,1.6873447205,7.13043478261,6.83333333333,5.125,3.42854790129,0.480832937376,0.25980911983,4.97106250721,1.39432241056,0.67868504772,3.04251819979,0.85338925116,0.453870625663,0.750667010341,0.444880646629,2.5,1.6873447205,0.750667010341,2.5,0.264994601358,0.189873417722,40,0.0225861095426,0.29242045833,23,23,23,1,0,0.478260869565,0.217391304348,0.304347826087,-6,-0.0118577075099,0.00226892672545,-0.521739130435,-0.5,-0.375,-0.209742102293,0.00537458463507,0.0103031909766,-0.351720205833,0.00314056510441,0.00576014653427,-0.227902594836,-0.001379820162,0.0111828786272,0.00147570598183,0.000276726064657,0,0.00226892672545,0.00147570598183,0,0.00554798736617,0.00109092798144,-6,-0.00338791643139,-0.0407241748151,0,0,0,82,0,6,418,0.931818181818,1,0,0.0681818181818,1,0.931818181818,0.964705882353,0.958452959446,0.931818181818,0.931818181818,2,8,0,10,10,10
1652,WLNM_dir_neg_kfold,0.8828125,0.585227272727,00:00:02,10,90,4,22349,threshold_sweep,0.5,1,0.25,0.4,2,0,6,16,0.25,1,0,0.75,1,0.25,0.4,0.75,0.638888888889,0.307692307692,0.426401432711,0.25,94,86,8,0,94,0,86,0,8,23,88,0.173913043478,1.68507579377,7.65217391304,7.33333333333,5.5,3.63829000359,0.475458352741,0.249505928854,5.32278271304,1.39118184545,0.672924901186,3.27042079462,0.854769071322,0.442687747036,0.749191304359,0.444603920564,2.5,1.68507579377,0.749191304359,2.5,0.259446613992,0.18878248974,46,0.025974025974,0.333144633145,23,23,23,1,0,0.478260869565,0.217391304348,0.304347826087,23,0.158102766798,1.70986622074,6.95652173913,6.66666666667,5,3.45724878624,0.496979513022,0.271739130435,4.89776911384,1.40810862023,0.680434782609,2.98282302552,0.857561619837,0.461956521739,0.782420638139,0.457591727733,2.5,1.70986622074,0.782420638139,2.5,0.220665313522,0.182565789474,37,0.0208921513269,0.279731127458,23,23,23,1,0,0.478260869565,0.217391304348,0.304347826087,23,82,0.162055335968,1.6873447205,7.13043478261,6.83333333333,5.125,3.42854790129,0.480832937376,0.25980911983,4.97106250721,1.39432241056,0.67868504772,3.04251819979,0.85338925116,0.453870625663,0.750667010341,0.444880646629,2.5,1.6873447205,0.750667010341,2.5,0.264994601358,0.189873417722,40,0.0225861095426,0.29242045833,23,23,23,1,0,0.478260869565,0.217391304348,0.304347826087,-6,-0.0118577075099,0.00226892672545,-0.521739130435,-0.5,-0.375,-0.209742102293,0.00537458463507,0.0103031909766,-0.351720205833,0.00314056510441,0.00576014653427,-0.227902594836,-0.001379820162,0.0111828786272,0.00147570598183,0.000276726064657,0,0.00226892672545,0.00147570598183,0,0.00554798736617,0.00109092798144,-6,-0.00338791643139,-0.0407241748151,0,0,0,82,0,6,418,0.931818181818,1,0,0.0681818181818,1,0.931818181818,0.964705882353,0.958452959446,0.931818181818,0.931818181818,2,8,0,10,10,10
1653,WLNM_dir_neg_kfold,0.8828125,0.585227272727,00:00:02,10,90,4,22349,threshold_sweep,0.6,1,0.25,0.4,2,0,6,16,0.25,1,0,0.75,1,0.25,0.4,0.75,0.638888888889,0.307692307692,0.426401432711,0.25,94,86,8,0,94,0,86,0,8,23,88,0.173913043478,1.68507579377,7.65217391304,7.33333333333,5.5,3.63829000359,0.475458352741,0.249505928854,5.32278271304,1.39118184545,0.672924901186,3.27042079462,0.854769071322,0.442687747036,0.749191304359,0.444603920564,2.5,1.68507579377,0.749191304359,2.5,0.259446613992,0.18878248974,46,0.025974025974,0.333144633145,23,23,23,1,0,0.478260869565,0.217391304348,0.304347826087,23,0.158102766798,1.70986622074,6.95652173913,6.66666666667,5,3.45724878624,0.496979513022,0.271739130435,4.89776911384,1.40810862023,0.680434782609,2.98282302552,0.857561619837,0.461956521739,0.782420638139,0.457591727733,2.5,1.70986622074,0.782420638139,2.5,0.220665313522,0.182565789474,37,0.0208921513269,0.279731127458,23,23,23,1,0,0.478260869565,0.217391304348,0.304347826087,23,82,0.162055335968,1.6873447205,7.13043478261,6.83333333333,5.125,3.42854790129,0.480832937376,0.25980911983,4.97106250721,1.39432241056,0.67868504772,3.04251819979,0.85338925116,0.453870625663,0.750667010341,0.444880646629,2.5,1.6873447205,0.750667010341,2.5,0.264994601358,0.189873417722,40,0.0225861095426,0.29242045833,23,23,23,1,0,0.478260869565,0.217391304348,0.304347826087,-6,-0.0118577075099,0.00226892672545,-0.521739130435,-0.5,-0.375,-0.209742102293,0.00537458463507,0.0103031909766,-0.351720205833,0.00314056510441,0.00576014653427,-0.227902594836,-0.001379820162,0.0111828786272,0.00147570598183,0.000276726064657,0,0.00226892672545,0.00147570598183,0,0.00554798736617,0.00109092798144,-6,-0.00338791643139,-0.0407241748151,0,0,0,82,0,6,418,0.931818181818,1,0,0.0681818181818,1,0.931818181818,0.964705882353,0.958452959446,0.931818181818,0.931818181818,2,8,0,10,10,10
1654,WLNM_dir_neg_kfold,0.8828125,0.585227272727,00:00:02,10,90,4,22349,threshold_sweep,0.7,1,0.25,0.4,2,0,6,16,0.25,1,0,0.75,1,0.25,0.4,0.75,0.638888888889,0.307692307692,0.426401432711,0.25,94,86,8,0,94,0,86,0,8,23,88,0.173913043478,1.68507579377,7.65217391304,7.33333333333,5.5,3.63829000359,0.475458352741,0.249505928854,5.32278271304,1.39118184545,0.672924901186,3.27042079462,0.854769071322,0.442687747036,0.749191304359,0.444603920564,2.5,1.68507579377,0.749191304359,2.5,0.259446613992,0.18878248974,46,0.025974025974,0.333144633145,23,23,23,1,0,0.478260869565,0.217391304348,0.304347826087,23,0.158102766798,1.70986622074,6.95652173913,6.66666666667,5,3.45724878624,0.496979513022,0.271739130435,4.89776911384,1.40810862023,0.680434782609,2.98282302552,0.857561619837,0.461956521739,0.782420638139,0.457591727733,2.5,1.70986622074,0.782420638139,2.5,0.220665313522,0.182565789474,37,0.0208921513269,0.279731127458,23,23,23,1,0,0.478260869565,0.217391304348,0.304347826087,23,82,0.162055335968,1.6873447205,7.13043478261,6.83333333333,5.125,3.42854790129,0.480832937376,0.25980911983,4.97106250721,1.39432241056,0.67868504772,3.04251819979,0.85338925116,0.453870625663,0.750667010341,0.444880646629,2.5,1.6873447205,0.750667010341,2.5,0.264994601358,0.189873417722,40,0.0225861095426,0.29242045833,23,23,23,1,0,0.478260869565,0.217391304348,0.304347826087,-6,-0.0118577075099,0.00226892672545,-0.521739130435,-0.5,-0.375,-0.209742102293,0.00537458463507,0.0103031909766,-0.351720205833,0.00314056510441,0.00576014653427,-0.227902594836,-0.001379820162,0.0111828786272,0.00147570598183,0.000276726064657,0,0.00226892672545,0.00147570598183,0,0.00554798736617,0.00109092798144,-6,-0.00338791643139,-0.0407241748151,0,0,0,82,0,6,418,0.931818181818,1,0,0.0681818181818,1,0.931818181818,0.964705882353,0.958452959446,0.931818181818,0.931818181818,2,8,0,10,10,10
1655,WLNM_dir_neg_kfold,0.8828125,0.585227272727,00:00:02,10,90,4,22349,threshold_sweep,0.8,1,0.25,0.4,2,0,6,16,0.25,1,0,0.75,1,0.25,0.4,0.75,0.638888888889,0.307692307692,0.426401432711,0.25,94,86,8,0,94,0,86,0,8,23,88,0.173913043478,1.68507579377,7.65217391304,7.33333333333,5.5,3.63829000359,0.475458352741,0.249505928854,5.32278271304,1.39118184545,0.672924901186,3.27042079462,0.854769071322,0.442687747036,0.749191304359,0.444603920564,2.5,1.68507579377,0.749191304359,2.5,0.259446613992,0.18878248974,46,0.025974025974,0.333144633145,23,23,23,1,0,0.478260869565,0.217391304348,0.304347826087,23,0.158102766798,1.70986622074,6.95652173913,6.66666666667,5,3.45724878624,0.496979513022,0.271739130435,4.89776911384,1.40810862023,0.680434782609,2.98282302552,0.857561619837,0.461956521739,0.782420638139,0.457591727733,2.5,1.70986622074,0.782420638139,2.5,0.220665313522,0.182565789474,37,0.0208921513269,0.279731127458,23,23,23,1,0,0.478260869565,0.217391304348,0.304347826087,23,82,0.162055335968,1.6873447205,7.13043478261,6.83333333333,5.125,3.42854790129,0.480832937376,0.25980911983,4.97106250721,1.39432241056,0.67868504772,3.04251819979,0.85338925116,0.453870625663,0.750667010341,0.444880646629,2.5,1.6873447205,0.750667010341,2.5,0.264994601358,0.189873417722,40,0.0225861095426,0.29242045833,23,23,23,1,0,0.478260869565,0.217391304348,0.304347826087,-6,-0.0118577075099,0.00226892672545,-0.521739130435,-0.5,-0.375,-0.209742102293,0.00537458463507,0.0103031909766,-0.351720205833,0.00314056510441,0.00576014653427,-0.227902594836,-0.001379820162,0.0111828786272,0.00147570598183,0.000276726064657,0,0.00226892672545,0.00147570598183,0,0.00554798736617,0.00109092798144,-6,-0.00338791643139,-0.0407241748151,0,0,0,82,0,6,418,0.931818181818,1,0,0.0681818181818,1,0.931818181818,0.964705882353,0.958452959446,0.931818181818,0.931818181818,2,8,0,10,10,10
1656,WLNM_dir_neg_kfold,0.8828125,0.585227272727,00:00:02,10,90,4,22349,threshold_sweep,0.9,1,0.25,0.4,2,0,6,16,0.25,1,0,0.75,1,0.25,0.4,0.75,0.638888888889,0.307692307692,0.426401432711,0.25,94,86,8,0,94,0,86,0,8,23,88,0.173913043478,1.68507579377,7.65217391304,7.33333333333,5.5,3.63829000359,0.475458352741,0.249505928854,5.32278271304,1.39118184545,0.672924901186,3.27042079462,0.854769071322,0.442687747036,0.749191304359,0.444603920564,2.5,1.68507579377,0.749191304359,2.5,0.259446613992,0.18878248974,46,0.025974025974,0.333144633145,23,23,23,1,0,0.478260869565,0.217391304348,0.304347826087,23,0.158102766798,1.70986622074,6.95652173913,6.66666666667,5,3.45724878624,0.496979513022,0.271739130435,4.89776911384,1.40810862023,0.680434782609,2.98282302552,0.857561619837,0.461956521739,0.782420638139,0.457591727733,2.5,1.70986622074,0.782420638139,2.5,0.220665313522,0.182565789474,37,0.0208921513269,0.279731127458,23,23,23,1,0,0.478260869565,0.217391304348,0.304347826087,23,82,0.162055335968,1.6873447205,7.13043478261,6.83333333333,5.125,3.42854790129,0.480832937376,0.25980911983,4.97106250721,1.39432241056,0.67868504772,3.04251819979,0.85338925116,0.453870625663,0.750667010341,0.444880646629,2.5,1.6873447205,0.750667010341,2.5,0.264994601358,0.189873417722,40,0.0225861095426,0.29242045833,23,23,23,1,0,0.478260869565,0.217391304348,0.304347826087,-6,-0.0118577075099,0.00226892672545,-0.521739130435,-0.5,-0.375,-0.209742102293,0.00537458463507,0.0103031909766,-0.351720205833,0.00314056510441,0.00576014653427,-0.227902594836,-0.001379820162,0.0111828786272,0.00147570598183,0.000276726064657,0,0.00226892672545,0.00147570598183,0,0.00554798736617,0.00109092798144,-6,-0.00338791643139,-0.0407241748151,0,0,0,82,0,6,418,0.931818181818,1,0,0.0681818181818,1,0.931818181818,0.964705882353,0.958452959446,0.931818181818,0.931818181818,2,8,0,10,10,10
1657,WLNM_dir_neg_kfold,0.484375,0.340587044534,00:00:02,10,90,5,22350,threshold_sweep,0.1,1,0.25,0.4,2,0,6,16,0.25,1,0,0.75,1,0.25,0.4,0.75,0.638888888889,0.307692307692,0.426401432711,0.25,94,86,8,0,94,0,86,0,8,23,88,0.173913043478,1.68507579377,7.65217391304,7.33333333333,5.5,3.63829000359,0.475458352741,0.249505928854,5.32278271304,1.39118184545,0.672924901186,3.27042079462,0.854769071322,0.442687747036,0.749191304359,0.444603920564,2.5,1.68507579377,0.749191304359,2.5,0.259446613992,0.18878248974,46,0.025974025974,0.333144633145,23,23,23,1,0,0.478260869565,0.217391304348,0.304347826087,23,0.158102766798,1.70986622074,6.95652173913,6.66666666667,5,3.45724878624,0.496979513022,0.271739130435,4.89776911384,1.40810862023,0.680434782609,2.98282302552,0.857561619837,0.461956521739,0.782420638139,0.457591727733,2.5,1.70986622074,0.782420638139,2.5,0.220665313522,0.182565789474,37,0.0208921513269,0.279731127458,23,23,23,1,0,0.478260869565,0.217391304348,0.304347826087,23,82,0.162055335968,1.6873447205,7.13043478261,6.83333333333,5.125,3.42854790129,0.480832937376,0.25980911983,4.97106250721,1.39432241056,0.67868504772,3.04251819979,0.85338925116,0.453870625663,0.750667010341,0.444880646629,2.5,1.6873447205,0.750667010341,2.5,0.264994601358,0.189873417722,40,0.0225861095426,0.29242045833,23,23,23,1,0,0.478260869565,0.217391304348,0.304347826087,-6,-0.0118577075099,0.00226892672545,-0.521739130435,-0.5,-0.375,-0.209742102293,0.00537458463507,0.0103031909766,-0.351720205833,0.00314056510441,0.00576014653427,-0.227902594836,-0.001379820162,0.0111828786272,0.00147570598183,0.000276726064657,0,0.00226892672545,0.00147570598183,0,0.00554798736617,0.00109092798144,-6,-0.00338791643139,-0.0407241748151,0,0,0,82,0,6,418,0.931818181818,1,0,0.0681818181818,1,0.931818181818,0.964705882353,0.958452959446,0.931818181818,0.931818181818,2,8,0,10,10,10
1658,WLNM_dir_neg_kfold,0.484375,0.340587044534,00:00:02,10,90,5,22350,threshold_sweep,0.2,1,0.25,0.4,2,0,6,16,0.25,1,0,0.75,1,0.25,0.4,0.75,0.638888888889,0.307692307692,0.426401432711,0.25,94,86,8,0,94,0,86,0,8,23,88,0.173913043478,1.68507579377,7.65217391304,7.33333333333,5.5,3.63829000359,0.475458352741,0.249505928854,5.32278271304,1.39118184545,0.672924901186,3.27042079462,0.854769071322,0.442687747036,0.749191304359,0.444603920564,2.5,1.68507579377,0.749191304359,2.5,0.259446613992,0.18878248974,46,0.025974025974,0.333144633145,23,23,23,1,0,0.478260869565,0.217391304348,0.304347826087,23,0.158102766798,1.70986622074,6.95652173913,6.66666666667,5,3.45724878624,0.496979513022,0.271739130435,4.89776911384,1.40810862023,0.680434782609,2.98282302552,0.857561619837,0.461956521739,0.782420638139,0.457591727733,2.5,1.70986622074,0.782420638139,2.5,0.220665313522,0.182565789474,37,0.0208921513269,0.279731127458,23,23,23,1,0,0.478260869565,0.217391304348,0.304347826087,23,82,0.162055335968,1.6873447205,7.13043478261,6.83333333333,5.125,3.42854790129,0.480832937376,0.25980911983,4.97106250721,1.39432241056,0.67868504772,3.04251819979,0.85338925116,0.453870625663,0.750667010341,0.444880646629,2.5,1.6873447205,0.750667010341,2.5,0.264994601358,0.189873417722,40,0.0225861095426,0.29242045833,23,23,23,1,0,0.478260869565,0.217391304348,0.304347826087,-6,-0.0118577075099,0.00226892672545,-0.521739130435,-0.5,-0.375,-0.209742102293,0.00537458463507,0.0103031909766,-0.351720205833,0.00314056510441,0.00576014653427,-0.227902594836,-0.001379820162,0.0111828786272,0.00147570598183,0.000276726064657,0,0.00226892672545,0.00147570598183,0,0.00554798736617,0.00109092798144,-6,-0.00338791643139,-0.0407241748151,0,0,0,82,0,6,418,0.931818181818,1,0,0.0681818181818,1,0.931818181818,0.964705882353,0.958452959446,0.931818181818,0.931818181818,2,8,0,10,10,10
1659,WLNM_dir_neg_kfold,0.484375,0.340587044534,00:00:02,10,90,5,22350,threshold_sweep,0.3,1,0.25,0.4,2,0,6,16,0.25,1,0,0.75,1,0.25,0.4,0.75,0.638888888889,0.307692307692,0.426401432711,0.25,94,86,8,0,94,0,86,0,8,23,88,0.173913043478,1.68507579377,7.65217391304,7.33333333333,5.5,3.63829000359,0.475458352741,0.249505928854,5.32278271304,1.39118184545,0.672924901186,3.27042079462,0.854769071322,0.442687747036,0.749191304359,0.444603920564,2.5,1.68507579377,0.749191304359,2.5,0.259446613992,0.18878248974,46,0.025974025974,0.333144633145,23,23,23,1,0,0.478260869565,0.217391304348,0.304347826087,23,0.158102766798,1.70986622074,6.95652173913,6.66666666667,5,3.45724878624,0.496979513022,0.271739130435,4.89776911384,1.40810862023,0.680434782609,2.98282302552,0.857561619837,0.461956521739,0.782420638139,0.457591727733,2.5,1.70986622074,0.782420638139,2.5,0.220665313522,0.182565789474,37,0.0208921513269,0.279731127458,23,23,23,1,0,0.478260869565,0.217391304348,0.304347826087,23,82,0.162055335968,1.6873447205,7.13043478261,6.83333333333,5.125,3.42854790129,0.480832937376,0.25980911983,4.97106250721,1.39432241056,0.67868504772,3.04251819979,0.85338925116,0.453870625663,0.750667010341,0.444880646629,2.5,1.6873447205,0.750667010341,2.5,0.264994601358,0.189873417722,40,0.0225861095426,0.29242045833,23,23,23,1,0,0.478260869565,0.217391304348,0.304347826087,-6,-0.0118577075099,0.00226892672545,-0.521739130435,-0.5,-0.375,-0.209742102293,0.00537458463507,0.0103031909766,-0.351720205833,0.00314056510441,0.00576014653427,-0.227902594836,-0.001379820162,0.0111828786272,0.00147570598183,0.000276726064657,0,0.00226892672545,0.00147570598183,0,0.00554798736617,0.00109092798144,-6,-0.00338791643139,-0.0407241748151,0,0,0,82,0,6,418,0.931818181818,1,0,0.0681818181818,1,0.931818181818,0.964705882353,0.958452959446,0.931818181818,0.931818181818,2,8,0,10,10,10
1660,WLNM_dir_neg_kfold,0.484375,0.340587044534,00:00:02,10,90,5,22350,threshold_sweep,0.4,1,0.25,0.4,2,0,6,16,0.25,1,0,0.75,1,0.25,0.4,0.75,0.638888888889,0.307692307692,0.426401432711,0.25,94,86,8,0,94,0,86,0,8,23,88,0.173913043478,1.68507579377,7.65217391304,7.33333333333,5.5,3.63829000359,0.475458352741,0.249505928854,5.32278271304,1.39118184545,0.672924901186,3.27042079462,0.854769071322,0.442687747036,0.749191304359,0.444603920564,2.5,1.68507579377,0.749191304359,2.5,0.259446613992,0.18878248974,46,0.025974025974,0.333144633145,23,23,23,1,0,0.478260869565,0.217391304348,0.304347826087,23,0.158102766798,1.70986622074,6.95652173913,6.66666666667,5,3.45724878624,0.496979513022,0.271739130435,4.89776911384,1.40810862023,0.680434782609,2.98282302552,0.857561619837,0.461956521739,0.782420638139,0.457591727733,2.5,1.70986622074,0.782420638139,2.5,0.220665313522,0.182565789474,37,0.0208921513269,0.279731127458,23,23,23,1,0,0.478260869565,0.217391304348,0.304347826087,23,82,0.162055335968,1.6873447205,7.13043478261,6.83333333333,5.125,3.42854790129,0.480832937376,0.25980911983,4.97106250721,1.39432241056,0.67868504772,3.04251819979,0.85338925116,0.453870625663,0.750667010341,0.444880646629,2.5,1.6873447205,0.750667010341,2.5,0.264994601358,0.189873417722,40,0.0225861095426,0.29242045833,23,23,23,1,0,0.478260869565,0.217391304348,0.304347826087,-6,-0.0118577075099,0.00226892672545,-0.521739130435,-0.5,-0.375,-0.209742102293,0.00537458463507,0.0103031909766,-0.351720205833,0.00314056510441,0.00576014653427,-0.227902594836,-0.001379820162,0.0111828786272,0.00147570598183,0.000276726064657,0,0.00226892672545,0.00147570598183,0,0.00554798736617,0.00109092798144,-6,-0.00338791643139,-0.0407241748151,0,0,0,82,0,6,418,0.931818181818,1,0,0.0681818181818,1,0.931818181818,0.964705882353,0.958452959446,0.931818181818,0.931818181818,2,8,0,10,10,10
1661,WLNM_dir_neg_kfold,0.484375,0.340587044534,00:00:02,10,90,5,22350,threshold_sweep,0.5,1,0.25,0.4,2,0,6,16,0.25,1,0,0.75,1,0.25,0.4,0.75,0.638888888889,0.307692307692,0.426401432711,0.25,94,86,8,0,94,0,86,0,8,23,88,0.173913043478,1.68507579377,7.65217391304,7.33333333333,5.5,3.63829000359,0.475458352741,0.249505928854,5.32278271304,1.39118184545,0.672924901186,3.27042079462,0.854769071322,0.442687747036,0.749191304359,0.444603920564,2.5,1.68507579377,0.749191304359,2.5,0.259446613992,0.18878248974,46,0.025974025974,0.333144633145,23,23,23,1,0,0.478260869565,0.217391304348,0.304347826087,23,0.158102766798,1.70986622074,6.95652173913,6.66666666667,5,3.45724878624,0.496979513022,0.271739130435,4.89776911384,1.40810862023,0.680434782609,2.98282302552,0.857561619837,0.461956521739,0.782420638139,0.457591727733,2.5,1.70986622074,0.782420638139,2.5,0.220665313522,0.182565789474,37,0.0208921513269,0.279731127458,23,23,23,1,0,0.478260869565,0.217391304348,0.304347826087,23,82,0.162055335968,1.6873447205,7.13043478261,6.83333333333,5.125,3.42854790129,0.480832937376,0.25980911983,4.97106250721,1.39432241056,0.67868504772,3.04251819979,0.85338925116,0.453870625663,0.750667010341,0.444880646629,2.5,1.6873447205,0.750667010341,2.5,0.264994601358,0.189873417722,40,0.0225861095426,0.29242045833,23,23,23,1,0,0.478260869565,0.217391304348,0.304347826087,-6,-0.0118577075099,0.00226892672545,-0.521739130435,-0.5,-0.375,-0.209742102293,0.00537458463507,0.0103031909766,-0.351720205833,0.00314056510441,0.00576014653427,-0.227902594836,-0.001379820162,0.0111828786272,0.00147570598183,0.000276726064657,0,0.00226892672545,0.00147570598183,0,0.00554798736617,0.00109092798144,-6,-0.00338791643139,-0.0407241748151,0,0,0,82,0,6,418,0.931818181818,1,0,0.0681818181818,1,0.931818181818,0.964705882353,0.958452959446,0.931818181818,0.931818181818,2,8,0,10,10,10
1662,WLNM_dir_neg_kfold,0.484375,0.340587044534,00:00:02,10,90,5,22350,threshold_sweep,0.6,1,0.25,0.4,2,0,6,16,0.25,1,0,0.75,1,0.25,0.4,0.75,0.638888888889,0.307692307692,0.426401432711,0.25,94,86,8,0,94,0,86,0,8,23,88,0.173913043478,1.68507579377,7.65217391304,7.33333333333,5.5,3.63829000359,0.475458352741,0.249505928854,5.32278271304,1.39118184545,0.672924901186,3.27042079462,0.854769071322,0.442687747036,0.749191304359,0.444603920564,2.5,1.68507579377,0.749191304359,2.5,0.259446613992,0.18878248974,46,0.025974025974,0.333144633145,23,23,23,1,0,0.478260869565,0.217391304348,0.304347826087,23,0.158102766798,1.70986622074,6.95652173913,6.66666666667,5,3.45724878624,0.496979513022,0.271739130435,4.89776911384,1.40810862023,0.680434782609,2.98282302552,0.857561619837,0.461956521739,0.782420638139,0.457591727733,2.5,1.70986622074,0.782420638139,2.5,0.220665313522,0.182565789474,37,0.0208921513269,0.279731127458,23,23,23,1,0,0.478260869565,0.217391304348,0.304347826087,23,82,0.162055335968,1.6873447205,7.13043478261,6.83333333333,5.125,3.42854790129,0.480832937376,0.25980911983,4.97106250721,1.39432241056,0.67868504772,3.04251819979,0.85338925116,0.453870625663,0.750667010341,0.444880646629,2.5,1.6873447205,0.750667010341,2.5,0.264994601358,0.189873417722,40,0.0225861095426,0.29242045833,23,23,23,1,0,0.478260869565,0.217391304348,0.304347826087,-6,-0.0118577075099,0.00226892672545,-0.521739130435,-0.5,-0.375,-0.209742102293,0.00537458463507,0.0103031909766,-0.351720205833,0.00314056510441,0.00576014653427,-0.227902594836,-0.001379820162,0.0111828786272,0.00147570598183,0.000276726064657,0,0.00226892672545,0.00147570598183,0,0.00554798736617,0.00109092798144,-6,-0.00338791643139,-0.0407241748151,0,0,0,82,0,6,418,0.931818181818,1,0,0.0681818181818,1,0.931818181818,0.964705882353,0.958452959446,0.931818181818,0.931818181818,2,8,0,10,10,10
1663,WLNM_dir_neg_kfold,0.484375,0.340587044534,00:00:02,10,90,5,22350,threshold_sweep,0.7,1,0.25,0.4,2,0,6,16,0.25,1,0,0.75,1,0.25,0.4,0.75,0.638888888889,0.307692307692,0.426401432711,0.25,94,86,8,0,94,0,86,0,8,23,88,0.173913043478,1.68507579377,7.65217391304,7.33333333333,5.5,3.63829000359,0.475458352741,0.249505928854,5.32278271304,1.39118184545,0.672924901186,3.27042079462,0.854769071322,0.442687747036,0.749191304359,0.444603920564,2.5,1.68507579377,0.749191304359,2.5,0.259446613992,0.18878248974,46,0.025974025974,0.333144633145,23,23,23,1,0,0.478260869565,0.217391304348,0.304347826087,23,0.158102766798,1.70986622074,6.95652173913,6.66666666667,5,3.45724878624,0.496979513022,0.271739130435,4.89776911384,1.40810862023,0.680434782609,2.98282302552,0.857561619837,0.461956521739,0.782420638139,0.457591727733,2.5,1.70986622074,0.782420638139,2.5,0.220665313522,0.182565789474,37,0.0208921513269,0.279731127458,23,23,23,1,0,0.478260869565,0.217391304348,0.304347826087,23,82,0.162055335968,1.6873447205,7.13043478261,6.83333333333,5.125,3.42854790129,0.480832937376,0.25980911983,4.97106250721,1.39432241056,0.67868504772,3.04251819979,0.85338925116,0.453870625663,0.750667010341,0.444880646629,2.5,1.6873447205,0.750667010341,2.5,0.264994601358,0.189873417722,40,0.0225861095426,0.29242045833,23,23,23,1,0,0.478260869565,0.217391304348,0.304347826087,-6,-0.0118577075099,0.00226892672545,-0.521739130435,-0.5,-0.375,-0.209742102293,0.00537458463507,0.0103031909766,-0.351720205833,0.00314056510441,0.00576014653427,-0.227902594836,-0.001379820162,0.0111828786272,0.00147570598183,0.000276726064657,0,0.00226892672545,0.00147570598183,0,0.00554798736617,0.00109092798144,-6,-0.00338791643139,-0.0407241748151,0,0,0,82,0,6,418,0.931818181818,1,0,0.0681818181818,1,0.931818181818,0.964705882353,0.958452959446,0.931818181818,0.931818181818,2,8,0,10,10,10
1664,WLNM_dir_neg_kfold,0.484375,0.340587044534,00:00:02,10,90,5,22350,threshold_sweep,0.8,1,0.25,0.4,2,0,6,16,0.25,1,0,0.75,1,0.25,0.4,0.75,0.638888888889,0.307692307692,0.426401432711,0.25,94,86,8,0,94,0,86,0,8,23,88,0.173913043478,1.68507579377,7.65217391304,7.33333333333,5.5,3.63829000359,0.475458352741,0.249505928854,5.32278271304,1.39118184545,0.672924901186,3.27042079462,0.854769071322,0.442687747036,0.749191304359,0.444603920564,2.5,1.68507579377,0.749191304359,2.5,0.259446613992,0.18878248974,46,0.025974025974,0.333144633145,23,23,23,1,0,0.478260869565,0.217391304348,0.304347826087,23,0.158102766798,1.70986622074,6.95652173913,6.66666666667,5,3.45724878624,0.496979513022,0.271739130435,4.89776911384,1.40810862023,0.680434782609,2.98282302552,0.857561619837,0.461956521739,0.782420638139,0.457591727733,2.5,1.70986622074,0.782420638139,2.5,0.220665313522,0.182565789474,37,0.0208921513269,0.279731127458,23,23,23,1,0,0.478260869565,0.217391304348,0.304347826087,23,82,0.162055335968,1.6873447205,7.13043478261,6.83333333333,5.125,3.42854790129,0.480832937376,0.25980911983,4.97106250721,1.39432241056,0.67868504772,3.04251819979,0.85338925116,0.453870625663,0.750667010341,0.444880646629,2.5,1.6873447205,0.750667010341,2.5,0.264994601358,0.189873417722,40,0.0225861095426,0.29242045833,23,23,23,1,0,0.478260869565,0.217391304348,0.304347826087,-6,-0.0118577075099,0.00226892672545,-0.521739130435,-0.5,-0.375,-0.209742102293,0.00537458463507,0.0103031909766,-0.351720205833,0.00314056510441,0.00576014653427,-0.227902594836,-0.001379820162,0.0111828786272,0.00147570598183,0.000276726064657,0,0.00226892672545,0.00147570598183,0,0.00554798736617,0.00109092798144,-6,-0.00338791643139,-0.0407241748151,0,0,0,82,0,6,418,0.931818181818,1,0,0.0681818181818,1,0.931818181818,0.964705882353,0.958452959446,0.931818181818,0.931818181818,2,8,0,10,10,10
1665,WLNM_dir_neg_kfold,0.484375,0.340587044534,00:00:02,10,90,5,22350,threshold_sweep,0.9,1,0.25,0.4,2,0,6,16,0.25,1,0,0.75,1,0.25,0.4,0.75,0.638888888889,0.307692307692,0.426401432711,0.25,94,86,8,0,94,0,86,0,8,23,88,0.173913043478,1.68507579377,7.65217391304,7.33333333333,5.5,3.63829000359,0.475458352741,0.249505928854,5.32278271304,1.39118184545,0.672924901186,3.27042079462,0.854769071322,0.442687747036,0.749191304359,0.444603920564,2.5,1.68507579377,0.749191304359,2.5,0.259446613992,0.18878248974,46,0.025974025974,0.333144633145,23,23,23,1,0,0.478260869565,0.217391304348,0.304347826087,23,0.158102766798,1.70986622074,6.95652173913,6.66666666667,5,3.45724878624,0.496979513022,0.271739130435,4.89776911384,1.40810862023,0.680434782609,2.98282302552,0.857561619837,0.461956521739,0.782420638139,0.457591727733,2.5,1.70986622074,0.782420638139,2.5,0.220665313522,0.182565789474,37,0.0208921513269,0.279731127458,23,23,23,1,0,0.478260869565,0.217391304348,0.304347826087,23,82,0.162055335968,1.6873447205,7.13043478261,6.83333333333,5.125,3.42854790129,0.480832937376,0.25980911983,4.97106250721,1.39432241056,0.67868504772,3.04251819979,0.85338925116,0.453870625663,0.750667010341,0.444880646629,2.5,1.6873447205,0.750667010341,2.5,0.264994601358,0.189873417722,40,0.0225861095426,0.29242045833,23,23,23,1,0,0.478260869565,0.217391304348,0.304347826087,-6,-0.0118577075099,0.00226892672545,-0.521739130435,-0.5,-0.375,-0.209742102293,0.00537458463507,0.0103031909766,-0.351720205833,0.00314056510441,0.00576014653427,-0.227902594836,-0.001379820162,0.0111828786272,0.00147570598183,0.000276726064657,0,0.00226892672545,0.00147570598183,0,0.00554798736617,0.00109092798144,-6,-0.00338791643139,-0.0407241748151,0,0,0,82,0,6,418,0.931818181818,1,0,0.0681818181818,1,0.931818181818,0.964705882353,0.958452959446,0.931818181818,0.931818181818,2,8,0,10,10,10
1666,WLNM_dir_neg_kfold,0.90625,0.6125,00:00:02,10,90,6,22351,threshold_sweep,0.1,1,0.25,0.4,2,0,6,16,0.25,1,0,0.75,1,0.25,0.4,0.75,0.638888888889,0.307692307692,0.426401432711,0.25,94,86,8,0,94,0,86,0,8,23,88,0.173913043478,1.68507579377,7.65217391304,7.33333333333,5.5,3.63829000359,0.475458352741,0.249505928854,5.32278271304,1.39118184545,0.672924901186,3.27042079462,0.854769071322,0.442687747036,0.749191304359,0.444603920564,2.5,1.68507579377,0.749191304359,2.5,0.259446613992,0.18878248974,46,0.025974025974,0.333144633145,23,23,23,1,0,0.478260869565,0.217391304348,0.304347826087,23,0.158102766798,1.70986622074,6.95652173913,6.66666666667,5,3.45724878624,0.496979513022,0.271739130435,4.89776911384,1.40810862023,0.680434782609,2.98282302552,0.857561619837,0.461956521739,0.782420638139,0.457591727733,2.5,1.70986622074,0.782420638139,2.5,0.220665313522,0.182565789474,37,0.0208921513269,0.279731127458,23,23,23,1,0,0.478260869565,0.217391304348,0.304347826087,23,82,0.162055335968,1.6873447205,7.13043478261,6.83333333333,5.125,3.42854790129,0.480832937376,0.25980911983,4.97106250721,1.39432241056,0.67868504772,3.04251819979,0.85338925116,0.453870625663,0.750667010341,0.444880646629,2.5,1.6873447205,0.750667010341,2.5,0.264994601358,0.189873417722,40,0.0225861095426,0.29242045833,23,23,23,1,0,0.478260869565,0.217391304348,0.304347826087,-6,-0.0118577075099,0.00226892672545,-0.521739130435,-0.5,-0.375,-0.209742102293,0.00537458463507,0.0103031909766,-0.351720205833,0.00314056510441,0.00576014653427,-0.227902594836,-0.001379820162,0.0111828786272,0.00147570598183,0.000276726064657,0,0.00226892672545,0.00147570598183,0,0.00554798736617,0.00109092798144,-6,-0.00338791643139,-0.0407241748151,0,0,0,82,0,6,418,0.931818181818,1,0,0.0681818181818,1,0.931818181818,0.964705882353,0.958452959446,0.931818181818,0.931818181818,2,8,0,10,10,10
1667,WLNM_dir_neg_kfold,0.90625,0.6125,00:00:02,10,90,6,22351,threshold_sweep,0.2,1,0.25,0.4,2,0,6,16,0.25,1,0,0.75,1,0.25,0.4,0.75,0.638888888889,0.307692307692,0.426401432711,0.25,94,86,8,0,94,0,86,0,8,23,88,0.173913043478,1.68507579377,7.65217391304,7.33333333333,5.5,3.63829000359,0.475458352741,0.249505928854,5.32278271304,1.39118184545,0.672924901186,3.27042079462,0.854769071322,0.442687747036,0.749191304359,0.444603920564,2.5,1.68507579377,0.749191304359,2.5,0.259446613992,0.18878248974,46,0.025974025974,0.333144633145,23,23,23,1,0,0.478260869565,0.217391304348,0.304347826087,23,0.158102766798,1.70986622074,6.95652173913,6.66666666667,5,3.45724878624,0.496979513022,0.271739130435,4.89776911384,1.40810862023,0.680434782609,2.98282302552,0.857561619837,0.461956521739,0.782420638139,0.457591727733,2.5,1.70986622074,0.782420638139,2.5,0.220665313522,0.182565789474,37,0.0208921513269,0.279731127458,23,23,23,1,0,0.478260869565,0.217391304348,0.304347826087,23,82,0.162055335968,1.6873447205,7.13043478261,6.83333333333,5.125,3.42854790129,0.480832937376,0.25980911983,4.97106250721,1.39432241056,0.67868504772,3.04251819979,0.85338925116,0.453870625663,0.750667010341,0.444880646629,2.5,1.6873447205,0.750667010341,2.5,0.264994601358,0.189873417722,40,0.0225861095426,0.29242045833,23,23,23,1,0,0.478260869565,0.217391304348,0.304347826087,-6,-0.0118577075099,0.00226892672545,-0.521739130435,-0.5,-0.375,-0.209742102293,0.00537458463507,0.0103031909766,-0.351720205833,0.00314056510441,0.00576014653427,-0.227902594836,-0.001379820162,0.0111828786272,0.00147570598183,0.000276726064657,0,0.00226892672545,0.00147570598183,0,0.00554798736617,0.00109092798144,-6,-0.00338791643139,-0.0407241748151,0,0,0,82,0,6,418,0.931818181818,1,0,0.0681818181818,1,0.931818181818,0.964705882353,0.958452959446,0.931818181818,0.931818181818,2,8,0,10,10,10
1668,WLNM_dir_neg_kfold,0.90625,0.6125,00:00:02,10,90,6,22351,threshold_sweep,0.3,1,0.25,0.4,2,0,6,16,0.25,1,0,0.75,1,0.25,0.4,0.75,0.638888888889,0.307692307692,0.426401432711,0.25,94,86,8,0,94,0,86,0,8,23,88,0.173913043478,1.68507579377,7.65217391304,7.33333333333,5.5,3.63829000359,0.475458352741,0.249505928854,5.32278271304,1.39118184545,0.672924901186,3.27042079462,0.854769071322,0.442687747036,0.749191304359,0.444603920564,2.5,1.68507579377,0.749191304359,2.5,0.259446613992,0.18878248974,46,0.025974025974,0.333144633145,23,23,23,1,0,0.478260869565,0.217391304348,0.304347826087,23,0.158102766798,1.70986622074,6.95652173913,6.66666666667,5,3.45724878624,0.496979513022,0.271739130435,4.89776911384,1.40810862023,0.680434782609,2.98282302552,0.857561619837,0.461956521739,0.782420638139,0.457591727733,2.5,1.70986622074,0.782420638139,2.5,0.220665313522,0.182565789474,37,0.0208921513269,0.279731127458,23,23,23,1,0,0.478260869565,0.217391304348,0.304347826087,23,82,0.162055335968,1.6873447205,7.13043478261,6.83333333333,5.125,3.42854790129,0.480832937376,0.25980911983,4.97106250721,1.39432241056,0.67868504772,3.04251819979,0.85338925116,0.453870625663,0.750667010341,0.444880646629,2.5,1.6873447205,0.750667010341,2.5,0.264994601358,0.189873417722,40,0.0225861095426,0.29242045833,23,23,23,1,0,0.478260869565,0.217391304348,0.304347826087,-6,-0.0118577075099,0.00226892672545,-0.521739130435,-0.5,-0.375,-0.209742102293,0.00537458463507,0.0103031909766,-0.351720205833,0.00314056510441,0.00576014653427,-0.227902594836,-0.001379820162,0.0111828786272,0.00147570598183,0.000276726064657,0,0.00226892672545,0.00147570598183,0,0.00554798736617,0.00109092798144,-6,-0.00338791643139,-0.0407241748151,0,0,0,82,0,6,418,0.931818181818,1,0,0.0681818181818,1,0.931818181818,0.964705882353,0.958452959446,0.931818181818,0.931818181818,2,8,0,10,10,10
1669,WLNM_dir_neg_kfold,0.90625,0.6125,00:00:02,10,90,6,22351,threshold_sweep,0.4,1,0.25,0.4,2,0,6,16,0.25,1,0,0.75,1,0.25,0.4,0.75,0.638888888889,0.307692307692,0.426401432711,0.25,94,86,8,0,94,0,86,0,8,23,88,0.173913043478,1.68507579377,7.65217391304,7.33333333333,5.5,3.63829000359,0.475458352741,0.249505928854,5.32278271304,1.39118184545,0.672924901186,3.27042079462,0.854769071322,0.442687747036,0.749191304359,0.444603920564,2.5,1.68507579377,0.749191304359,2.5,0.259446613992,0.18878248974,46,0.025974025974,0.333144633145,23,23,23,1,0,0.478260869565,0.217391304348,0.304347826087,23,0.158102766798,1.70986622074,6.95652173913,6.66666666667,5,3.45724878624,0.496979513022,0.271739130435,4.89776911384,1.40810862023,0.680434782609,2.98282302552,0.857561619837,0.461956521739,0.782420638139,0.457591727733,2.5,1.70986622074,0.782420638139,2.5,0.220665313522,0.182565789474,37,0.0208921513269,0.279731127458,23,23,23,1,0,0.478260869565,0.217391304348,0.304347826087,23,82,0.162055335968,1.6873447205,7.13043478261,6.83333333333,5.125,3.42854790129,0.480832937376,0.25980911983,4.97106250721,1.39432241056,0.67868504772,3.04251819979,0.85338925116,0.453870625663,0.750667010341,0.444880646629,2.5,1.6873447205,0.750667010341,2.5,0.264994601358,0.189873417722,40,0.0225861095426,0.29242045833,23,23,23,1,0,0.478260869565,0.217391304348,0.304347826087,-6,-0.0118577075099,0.00226892672545,-0.521739130435,-0.5,-0.375,-0.209742102293,0.00537458463507,0.0103031909766,-0.351720205833,0.00314056510441,0.00576014653427,-0.227902594836,-0.001379820162,0.0111828786272,0.00147570598183,0.000276726064657,0,0.00226892672545,0.00147570598183,0,0.00554798736617,0.00109092798144,-6,-0.00338791643139,-0.0407241748151,0,0,0,82,0,6,418,0.931818181818,1,0,0.0681818181818,1,0.931818181818,0.964705882353,0.958452959446,0.931818181818,0.931818181818,2,8,0,10,10,10
1670,WLNM_dir_neg_kfold,0.90625,0.6125,00:00:02,10,90,6,22351,threshold_sweep,0.5,1,0.25,0.4,2,0,6,16,0.25,1,0,0.75,1,0.25,0.4,0.75,0.638888888889,0.307692307692,0.426401432711,0.25,94,86,8,0,94,0,86,0,8,23,88,0.173913043478,1.68507579377,7.65217391304,7.33333333333,5.5,3.63829000359,0.475458352741,0.249505928854,5.32278271304,1.39118184545,0.672924901186,3.27042079462,0.854769071322,0.442687747036,0.749191304359,0.444603920564,2.5,1.68507579377,0.749191304359,2.5,0.259446613992,0.18878248974,46,0.025974025974,0.333144633145,23,23,23,1,0,0.478260869565,0.217391304348,0.304347826087,23,0.158102766798,1.70986622074,6.95652173913,6.66666666667,5,3.45724878624,0.496979513022,0.271739130435,4.89776911384,1.40810862023,0.680434782609,2.98282302552,0.857561619837,0.461956521739,0.782420638139,0.457591727733,2.5,1.70986622074,0.782420638139,2.5,0.220665313522,0.182565789474,37,0.0208921513269,0.279731127458,23,23,23,1,0,0.478260869565,0.217391304348,0.304347826087,23,82,0.162055335968,1.6873447205,7.13043478261,6.83333333333,5.125,3.42854790129,0.480832937376,0.25980911983,4.97106250721,1.39432241056,0.67868504772,3.04251819979,0.85338925116,0.453870625663,0.750667010341,0.444880646629,2.5,1.6873447205,0.750667010341,2.5,0.264994601358,0.189873417722,40,0.0225861095426,0.29242045833,23,23,23,1,0,0.478260869565,0.217391304348,0.304347826087,-6,-0.0118577075099,0.00226892672545,-0.521739130435,-0.5,-0.375,-0.209742102293,0.00537458463507,0.0103031909766,-0.351720205833,0.00314056510441,0.00576014653427,-0.227902594836,-0.001379820162,0.0111828786272,0.00147570598183,0.000276726064657,0,0.00226892672545,0.00147570598183,0,0.00554798736617,0.00109092798144,-6,-0.00338791643139,-0.0407241748151,0,0,0,82,0,6,418,0.931818181818,1,0,0.0681818181818,1,0.931818181818,0.964705882353,0.958452959446,0.931818181818,0.931818181818,2,8,0,10,10,10
1671,WLNM_dir_neg_kfold,0.90625,0.6125,00:00:02,10,90,6,22351,threshold_sweep,0.6,1,0.25,0.4,2,0,6,16,0.25,1,0,0.75,1,0.25,0.4,0.75,0.638888888889,0.307692307692,0.426401432711,0.25,94,86,8,0,94,0,86,0,8,23,88,0.173913043478,1.68507579377,7.65217391304,7.33333333333,5.5,3.63829000359,0.475458352741,0.249505928854,5.32278271304,1.39118184545,0.672924901186,3.27042079462,0.854769071322,0.442687747036,0.749191304359,0.444603920564,2.5,1.68507579377,0.749191304359,2.5,0.259446613992,0.18878248974,46,0.025974025974,0.333144633145,23,23,23,1,0,0.478260869565,0.217391304348,0.304347826087,23,0.158102766798,1.70986622074,6.95652173913,6.66666666667,5,3.45724878624,0.496979513022,0.271739130435,4.89776911384,1.40810862023,0.680434782609,2.98282302552,0.857561619837,0.461956521739,0.782420638139,0.457591727733,2.5,1.70986622074,0.782420638139,2.5,0.220665313522,0.182565789474,37,0.0208921513269,0.279731127458,23,23,23,1,0,0.478260869565,0.217391304348,0.304347826087,23,82,0.162055335968,1.6873447205,7.13043478261,6.83333333333,5.125,3.42854790129,0.480832937376,0.25980911983,4.97106250721,1.39432241056,0.67868504772,3.04251819979,0.85338925116,0.453870625663,0.750667010341,0.444880646629,2.5,1.6873447205,0.750667010341,2.5,0.264994601358,0.189873417722,40,0.0225861095426,0.29242045833,23,23,23,1,0,0.478260869565,0.217391304348,0.304347826087,-6,-0.0118577075099,0.00226892672545,-0.521739130435,-0.5,-0.375,-0.209742102293,0.00537458463507,0.0103031909766,-0.351720205833,0.00314056510441,0.00576014653427,-0.227902594836,-0.001379820162,0.0111828786272,0.00147570598183,0.000276726064657,0,0.00226892672545,0.00147570598183,0,0.00554798736617,0.00109092798144,-6,-0.00338791643139,-0.0407241748151,0,0,0,82,0,6,418,0.931818181818,1,0,0.0681818181818,1,0.931818181818,0.964705882353,0.958452959446,0.931818181818,0.931818181818,2,8,0,10,10,10
1672,WLNM_dir_neg_kfold,0.90625,0.6125,00:00:02,10,90,6,22351,threshold_sweep,0.7,1,0.25,0.4,2,0,6,16,0.25,1,0,0.75,1,0.25,0.4,0.75,0.638888888889,0.307692307692,0.426401432711,0.25,94,86,8,0,94,0,86,0,8,23,88,0.173913043478,1.68507579377,7.65217391304,7.33333333333,5.5,3.63829000359,0.475458352741,0.249505928854,5.32278271304,1.39118184545,0.672924901186,3.27042079462,0.854769071322,0.442687747036,0.749191304359,0.444603920564,2.5,1.68507579377,0.749191304359,2.5,0.259446613992,0.18878248974,46,0.025974025974,0.333144633145,23,23,23,1,0,0.478260869565,0.217391304348,0.304347826087,23,0.158102766798,1.70986622074,6.95652173913,6.66666666667,5,3.45724878624,0.496979513022,0.271739130435,4.89776911384,1.40810862023,0.680434782609,2.98282302552,0.857561619837,0.461956521739,0.782420638139,0.457591727733,2.5,1.70986622074,0.782420638139,2.5,0.220665313522,0.182565789474,37,0.0208921513269,0.279731127458,23,23,23,1,0,0.478260869565,0.217391304348,0.304347826087,23,82,0.162055335968,1.6873447205,7.13043478261,6.83333333333,5.125,3.42854790129,0.480832937376,0.25980911983,4.97106250721,1.39432241056,0.67868504772,3.04251819979,0.85338925116,0.453870625663,0.750667010341,0.444880646629,2.5,1.6873447205,0.750667010341,2.5,0.264994601358,0.189873417722,40,0.0225861095426,0.29242045833,23,23,23,1,0,0.478260869565,0.217391304348,0.304347826087,-6,-0.0118577075099,0.00226892672545,-0.521739130435,-0.5,-0.375,-0.209742102293,0.00537458463507,0.0103031909766,-0.351720205833,0.00314056510441,0.00576014653427,-0.227902594836,-0.001379820162,0.0111828786272,0.00147570598183,0.000276726064657,0,0.00226892672545,0.00147570598183,0,0.00554798736617,0.00109092798144,-6,-0.00338791643139,-0.0407241748151,0,0,0,82,0,6,418,0.931818181818,1,0,0.0681818181818,1,0.931818181818,0.964705882353,0.958452959446,0.931818181818,0.931818181818,2,8,0,10,10,10
1673,WLNM_dir_neg_kfold,0.90625,0.6125,00:00:02,10,90,6,22351,threshold_sweep,0.8,1,0.25,0.4,2,0,6,16,0.25,1,0,0.75,1,0.25,0.4,0.75,0.638888888889,0.307692307692,0.426401432711,0.25,94,86,8,0,94,0,86,0,8,23,88,0.173913043478,1.68507579377,7.65217391304,7.33333333333,5.5,3.63829000359,0.475458352741,0.249505928854,5.32278271304,1.39118184545,0.672924901186,3.27042079462,0.854769071322,0.442687747036,0.749191304359,0.444603920564,2.5,1.68507579377,0.749191304359,2.5,0.259446613992,0.18878248974,46,0.025974025974,0.333144633145,23,23,23,1,0,0.478260869565,0.217391304348,0.304347826087,23,0.158102766798,1.70986622074,6.95652173913,6.66666666667,5,3.45724878624,0.496979513022,0.271739130435,4.89776911384,1.40810862023,0.680434782609,2.98282302552,0.857561619837,0.461956521739,0.782420638139,0.457591727733,2.5,1.70986622074,0.782420638139,2.5,0.220665313522,0.182565789474,37,0.0208921513269,0.279731127458,23,23,23,1,0,0.478260869565,0.217391304348,0.304347826087,23,82,0.162055335968,1.6873447205,7.13043478261,6.83333333333,5.125,3.42854790129,0.480832937376,0.25980911983,4.97106250721,1.39432241056,0.67868504772,3.04251819979,0.85338925116,0.453870625663,0.750667010341,0.444880646629,2.5,1.6873447205,0.750667010341,2.5,0.264994601358,0.189873417722,40,0.0225861095426,0.29242045833,23,23,23,1,0,0.478260869565,0.217391304348,0.304347826087,-6,-0.0118577075099,0.00226892672545,-0.521739130435,-0.5,-0.375,-0.209742102293,0.00537458463507,0.0103031909766,-0.351720205833,0.00314056510441,0.00576014653427,-0.227902594836,-0.001379820162,0.0111828786272,0.00147570598183,0.000276726064657,0,0.00226892672545,0.00147570598183,0,0.00554798736617,0.00109092798144,-6,-0.00338791643139,-0.0407241748151,0,0,0,82,0,6,418,0.931818181818,1,0,0.0681818181818,1,0.931818181818,0.964705882353,0.958452959446,0.931818181818,0.931818181818,2,8,0,10,10,10
1674,WLNM_dir_neg_kfold,0.90625,0.6125,00:00:02,10,90,6,22351,threshold_sweep,0.9,1,0.25,0.4,2,0,6,16,0.25,1,0,0.75,1,0.25,0.4,0.75,0.638888888889,0.307692307692,0.426401432711,0.25,94,86,8,0,94,0,86,0,8,23,88,0.173913043478,1.68507579377,7.65217391304,7.33333333333,5.5,3.63829000359,0.475458352741,0.249505928854,5.32278271304,1.39118184545,0.672924901186,3.27042079462,0.854769071322,0.442687747036,0.749191304359,0.444603920564,2.5,1.68507579377,0.749191304359,2.5,0.259446613992,0.18878248974,46,0.025974025974,0.333144633145,23,23,23,1,0,0.478260869565,0.217391304348,0.304347826087,23,0.158102766798,1.70986622074,6.95652173913,6.66666666667,5,3.45724878624,0.496979513022,0.271739130435,4.89776911384,1.40810862023,0.680434782609,2.98282302552,0.857561619837,0.461956521739,0.782420638139,0.457591727733,2.5,1.70986622074,0.782420638139,2.5,0.220665313522,0.182565789474,37,0.0208921513269,0.279731127458,23,23,23,1,0,0.478260869565,0.217391304348,0.304347826087,23,82,0.162055335968,1.6873447205,7.13043478261,6.83333333333,5.125,3.42854790129,0.480832937376,0.25980911983,4.97106250721,1.39432241056,0.67868504772,3.04251819979,0.85338925116,0.453870625663,0.750667010341,0.444880646629,2.5,1.6873447205,0.750667010341,2.5,0.264994601358,0.189873417722,40,0.0225861095426,0.29242045833,23,23,23,1,0,0.478260869565,0.217391304348,0.304347826087,-6,-0.0118577075099,0.00226892672545,-0.521739130435,-0.5,-0.375,-0.209742102293,0.00537458463507,0.0103031909766,-0.351720205833,0.00314056510441,0.00576014653427,-0.227902594836,-0.001379820162,0.0111828786272,0.00147570598183,0.000276726064657,0,0.00226892672545,0.00147570598183,0,0.00554798736617,0.00109092798144,-6,-0.00338791643139,-0.0407241748151,0,0,0,82,0,6,418,0.931818181818,1,0,0.0681818181818,1,0.931818181818,0.964705882353,0.958452959446,0.931818181818,0.931818181818,2,8,0,10,10,10
1675,WLNM_dir_neg_kfold,0.578125,0.366228070175,00:00:02,10,90,7,22352,threshold_sweep,0.1,1,0.25,0.4,2,0,6,16,0.25,1,0,0.75,1,0.25,0.4,0.75,0.638888888889,0.307692307692,0.426401432711,0.25,94,86,8,0,94,0,86,0,8,23,88,0.173913043478,1.68507579377,7.65217391304,7.33333333333,5.5,3.63829000359,0.475458352741,0.249505928854,5.32278271304,1.39118184545,0.672924901186,3.27042079462,0.854769071322,0.442687747036,0.749191304359,0.444603920564,2.5,1.68507579377,0.749191304359,2.5,0.259446613992,0.18878248974,46,0.025974025974,0.333144633145,23,23,23,1,0,0.478260869565,0.217391304348,0.304347826087,23,0.158102766798,1.70986622074,6.95652173913,6.66666666667,5,3.45724878624,0.496979513022,0.271739130435,4.89776911384,1.40810862023,0.680434782609,2.98282302552,0.857561619837,0.461956521739,0.782420638139,0.457591727733,2.5,1.70986622074,0.782420638139,2.5,0.220665313522,0.182565789474,37,0.0208921513269,0.279731127458,23,23,23,1,0,0.478260869565,0.217391304348,0.304347826087,23,82,0.162055335968,1.6873447205,7.13043478261,6.83333333333,5.125,3.42854790129,0.480832937376,0.25980911983,4.97106250721,1.39432241056,0.67868504772,3.04251819979,0.85338925116,0.453870625663,0.750667010341,0.444880646629,2.5,1.6873447205,0.750667010341,2.5,0.264994601358,0.189873417722,40,0.0225861095426,0.29242045833,23,23,23,1,0,0.478260869565,0.217391304348,0.304347826087,-6,-0.0118577075099,0.00226892672545,-0.521739130435,-0.5,-0.375,-0.209742102293,0.00537458463507,0.0103031909766,-0.351720205833,0.00314056510441,0.00576014653427,-0.227902594836,-0.001379820162,0.0111828786272,0.00147570598183,0.000276726064657,0,0.00226892672545,0.00147570598183,0,0.00554798736617,0.00109092798144,-6,-0.00338791643139,-0.0407241748151,0,0,0,82,0,6,418,0.931818181818,1,0,0.0681818181818,1,0.931818181818,0.964705882353,0.958452959446,0.931818181818,0.931818181818,2,8,0,10,10,10
1676,WLNM_dir_neg_kfold,0.578125,0.366228070175,00:00:02,10,90,7,22352,threshold_sweep,0.2,1,0.25,0.4,2,0,6,16,0.25,1,0,0.75,1,0.25,0.4,0.75,0.638888888889,0.307692307692,0.426401432711,0.25,94,86,8,0,94,0,86,0,8,23,88,0.173913043478,1.68507579377,7.65217391304,7.33333333333,5.5,3.63829000359,0.475458352741,0.249505928854,5.32278271304,1.39118184545,0.672924901186,3.27042079462,0.854769071322,0.442687747036,0.749191304359,0.444603920564,2.5,1.68507579377,0.749191304359,2.5,0.259446613992,0.18878248974,46,0.025974025974,0.333144633145,23,23,23,1,0,0.478260869565,0.217391304348,0.304347826087,23,0.158102766798,1.70986622074,6.95652173913,6.66666666667,5,3.45724878624,0.496979513022,0.271739130435,4.89776911384,1.40810862023,0.680434782609,2.98282302552,0.857561619837,0.461956521739,0.782420638139,0.457591727733,2.5,1.70986622074,0.782420638139,2.5,0.220665313522,0.182565789474,37,0.0208921513269,0.279731127458,23,23,23,1,0,0.478260869565,0.217391304348,0.304347826087,23,82,0.162055335968,1.6873447205,7.13043478261,6.83333333333,5.125,3.42854790129,0.480832937376,0.25980911983,4.97106250721,1.39432241056,0.67868504772,3.04251819979,0.85338925116,0.453870625663,0.750667010341,0.444880646629,2.5,1.6873447205,0.750667010341,2.5,0.264994601358,0.189873417722,40,0.0225861095426,0.29242045833,23,23,23,1,0,0.478260869565,0.217391304348,0.304347826087,-6,-0.0118577075099,0.00226892672545,-0.521739130435,-0.5,-0.375,-0.209742102293,0.00537458463507,0.0103031909766,-0.351720205833,0.00314056510441,0.00576014653427,-0.227902594836,-0.001379820162,0.0111828786272,0.00147570598183,0.000276726064657,0,0.00226892672545,0.00147570598183,0,0.00554798736617,0.00109092798144,-6,-0.00338791643139,-0.0407241748151,0,0,0,82,0,6,418,0.931818181818,1,0,0.0681818181818,1,0.931818181818,0.964705882353,0.958452959446,0.931818181818,0.931818181818,2,8,0,10,10,10
1677,WLNM_dir_neg_kfold,0.578125,0.366228070175,00:00:02,10,90,7,22352,threshold_sweep,0.3,1,0.25,0.4,2,0,6,16,0.25,1,0,0.75,1,0.25,0.4,0.75,0.638888888889,0.307692307692,0.426401432711,0.25,94,86,8,0,94,0,86,0,8,23,88,0.173913043478,1.68507579377,7.65217391304,7.33333333333,5.5,3.63829000359,0.475458352741,0.249505928854,5.32278271304,1.39118184545,0.672924901186,3.27042079462,0.854769071322,0.442687747036,0.749191304359,0.444603920564,2.5,1.68507579377,0.749191304359,2.5,0.259446613992,0.18878248974,46,0.025974025974,0.333144633145,23,23,23,1,0,0.478260869565,0.217391304348,0.304347826087,23,0.158102766798,1.70986622074,6.95652173913,6.66666666667,5,3.45724878624,0.496979513022,0.271739130435,4.89776911384,1.40810862023,0.680434782609,2.98282302552,0.857561619837,0.461956521739,0.782420638139,0.457591727733,2.5,1.70986622074,0.782420638139,2.5,0.220665313522,0.182565789474,37,0.0208921513269,0.279731127458,23,23,23,1,0,0.478260869565,0.217391304348,0.304347826087,23,82,0.162055335968,1.6873447205,7.13043478261,6.83333333333,5.125,3.42854790129,0.480832937376,0.25980911983,4.97106250721,1.39432241056,0.67868504772,3.04251819979,0.85338925116,0.453870625663,0.750667010341,0.444880646629,2.5,1.6873447205,0.750667010341,2.5,0.264994601358,0.189873417722,40,0.0225861095426,0.29242045833,23,23,23,1,0,0.478260869565,0.217391304348,0.304347826087,-6,-0.0118577075099,0.00226892672545,-0.521739130435,-0.5,-0.375,-0.209742102293,0.00537458463507,0.0103031909766,-0.351720205833,0.00314056510441,0.00576014653427,-0.227902594836,-0.001379820162,0.0111828786272,0.00147570598183,0.000276726064657,0,0.00226892672545,0.00147570598183,0,0.00554798736617,0.00109092798144,-6,-0.00338791643139,-0.0407241748151,0,0,0,82,0,6,418,0.931818181818,1,0,0.0681818181818,1,0.931818181818,0.964705882353,0.958452959446,0.931818181818,0.931818181818,2,8,0,10,10,10
1678,WLNM_dir_neg_kfold,0.578125,0.366228070175,00:00:02,10,90,7,22352,threshold_sweep,0.4,1,0.25,0.4,2,0,6,16,0.25,1,0,0.75,1,0.25,0.4,0.75,0.638888888889,0.307692307692,0.426401432711,0.25,94,86,8,0,94,0,86,0,8,23,88,0.173913043478,1.68507579377,7.65217391304,7.33333333333,5.5,3.63829000359,0.475458352741,0.249505928854,5.32278271304,1.39118184545,0.672924901186,3.27042079462,0.854769071322,0.442687747036,0.749191304359,0.444603920564,2.5,1.68507579377,0.749191304359,2.5,0.259446613992,0.18878248974,46,0.025974025974,0.333144633145,23,23,23,1,0,0.478260869565,0.217391304348,0.304347826087,23,0.158102766798,1.70986622074,6.95652173913,6.66666666667,5,3.45724878624,0.496979513022,0.271739130435,4.89776911384,1.40810862023,0.680434782609,2.98282302552,0.857561619837,0.461956521739,0.782420638139,0.457591727733,2.5,1.70986622074,0.782420638139,2.5,0.220665313522,0.182565789474,37,0.0208921513269,0.279731127458,23,23,23,1,0,0.478260869565,0.217391304348,0.304347826087,23,82,0.162055335968,1.6873447205,7.13043478261,6.83333333333,5.125,3.42854790129,0.480832937376,0.25980911983,4.97106250721,1.39432241056,0.67868504772,3.04251819979,0.85338925116,0.453870625663,0.750667010341,0.444880646629,2.5,1.6873447205,0.750667010341,2.5,0.264994601358,0.189873417722,40,0.0225861095426,0.29242045833,23,23,23,1,0,0.478260869565,0.217391304348,0.304347826087,-6,-0.0118577075099,0.00226892672545,-0.521739130435,-0.5,-0.375,-0.209742102293,0.00537458463507,0.0103031909766,-0.351720205833,0.00314056510441,0.00576014653427,-0.227902594836,-0.001379820162,0.0111828786272,0.00147570598183,0.000276726064657,0,0.00226892672545,0.00147570598183,0,0.00554798736617,0.00109092798144,-6,-0.00338791643139,-0.0407241748151,0,0,0,82,0,6,418,0.931818181818,1,0,0.0681818181818,1,0.931818181818,0.964705882353,0.958452959446,0.931818181818,0.931818181818,2,8,0,10,10,10
1679,WLNM_dir_neg_kfold,0.578125,0.366228070175,00:00:02,10,90,7,22352,threshold_sweep,0.5,1,0.25,0.4,2,0,6,16,0.25,1,0,0.75,1,0.25,0.4,0.75,0.638888888889,0.307692307692,0.426401432711,0.25,94,86,8,0,94,0,86,0,8,23,88,0.173913043478,1.68507579377,7.65217391304,7.33333333333,5.5,3.63829000359,0.475458352741,0.249505928854,5.32278271304,1.39118184545,0.672924901186,3.27042079462,0.854769071322,0.442687747036,0.749191304359,0.444603920564,2.5,1.68507579377,0.749191304359,2.5,0.259446613992,0.18878248974,46,0.025974025974,0.333144633145,23,23,23,1,0,0.478260869565,0.217391304348,0.304347826087,23,0.158102766798,1.70986622074,6.95652173913,6.66666666667,5,3.45724878624,0.496979513022,0.271739130435,4.89776911384,1.40810862023,0.680434782609,2.98282302552,0.857561619837,0.461956521739,0.782420638139,0.457591727733,2.5,1.70986622074,0.782420638139,2.5,0.220665313522,0.182565789474,37,0.0208921513269,0.279731127458,23,23,23,1,0,0.478260869565,0.217391304348,0.304347826087,23,82,0.162055335968,1.6873447205,7.13043478261,6.83333333333,5.125,3.42854790129,0.480832937376,0.25980911983,4.97106250721,1.39432241056,0.67868504772,3.04251819979,0.85338925116,0.453870625663,0.750667010341,0.444880646629,2.5,1.6873447205,0.750667010341,2.5,0.264994601358,0.189873417722,40,0.0225861095426,0.29242045833,23,23,23,1,0,0.478260869565,0.217391304348,0.304347826087,-6,-0.0118577075099,0.00226892672545,-0.521739130435,-0.5,-0.375,-0.209742102293,0.00537458463507,0.0103031909766,-0.351720205833,0.00314056510441,0.00576014653427,-0.227902594836,-0.001379820162,0.0111828786272,0.00147570598183,0.000276726064657,0,0.00226892672545,0.00147570598183,0,0.00554798736617,0.00109092798144,-6,-0.00338791643139,-0.0407241748151,0,0,0,82,0,6,418,0.931818181818,1,0,0.0681818181818,1,0.931818181818,0.964705882353,0.958452959446,0.931818181818,0.931818181818,2,8,0,10,10,10
1680,WLNM_dir_neg_kfold,0.578125,0.366228070175,00:00:02,10,90,7,22352,threshold_sweep,0.6,1,0.25,0.4,2,0,6,16,0.25,1,0,0.75,1,0.25,0.4,0.75,0.638888888889,0.307692307692,0.426401432711,0.25,94,86,8,0,94,0,86,0,8,23,88,0.173913043478,1.68507579377,7.65217391304,7.33333333333,5.5,3.63829000359,0.475458352741,0.249505928854,5.32278271304,1.39118184545,0.672924901186,3.27042079462,0.854769071322,0.442687747036,0.749191304359,0.444603920564,2.5,1.68507579377,0.749191304359,2.5,0.259446613992,0.18878248974,46,0.025974025974,0.333144633145,23,23,23,1,0,0.478260869565,0.217391304348,0.304347826087,23,0.158102766798,1.70986622074,6.95652173913,6.66666666667,5,3.45724878624,0.496979513022,0.271739130435,4.89776911384,1.40810862023,0.680434782609,2.98282302552,0.857561619837,0.461956521739,0.782420638139,0.457591727733,2.5,1.70986622074,0.782420638139,2.5,0.220665313522,0.182565789474,37,0.0208921513269,0.279731127458,23,23,23,1,0,0.478260869565,0.217391304348,0.304347826087,23,82,0.162055335968,1.6873447205,7.13043478261,6.83333333333,5.125,3.42854790129,0.480832937376,0.25980911983,4.97106250721,1.39432241056,0.67868504772,3.04251819979,0.85338925116,0.453870625663,0.750667010341,0.444880646629,2.5,1.6873447205,0.750667010341,2.5,0.264994601358,0.189873417722,40,0.0225861095426,0.29242045833,23,23,23,1,0,0.478260869565,0.217391304348,0.304347826087,-6,-0.0118577075099,0.00226892672545,-0.521739130435,-0.5,-0.375,-0.209742102293,0.00537458463507,0.0103031909766,-0.351720205833,0.00314056510441,0.00576014653427,-0.227902594836,-0.001379820162,0.0111828786272,0.00147570598183,0.000276726064657,0,0.00226892672545,0.00147570598183,0,0.00554798736617,0.00109092798144,-6,-0.00338791643139,-0.0407241748151,0,0,0,82,0,6,418,0.931818181818,1,0,0.0681818181818,1,0.931818181818,0.964705882353,0.958452959446,0.931818181818,0.931818181818,2,8,0,10,10,10
1681,WLNM_dir_neg_kfold,0.578125,0.366228070175,00:00:02,10,90,7,22352,threshold_sweep,0.7,1,0.25,0.4,2,0,6,16,0.25,1,0,0.75,1,0.25,0.4,0.75,0.638888888889,0.307692307692,0.426401432711,0.25,94,86,8,0,94,0,86,0,8,23,88,0.173913043478,1.68507579377,7.65217391304,7.33333333333,5.5,3.63829000359,0.475458352741,0.249505928854,5.32278271304,1.39118184545,0.672924901186,3.27042079462,0.854769071322,0.442687747036,0.749191304359,0.444603920564,2.5,1.68507579377,0.749191304359,2.5,0.259446613992,0.18878248974,46,0.025974025974,0.333144633145,23,23,23,1,0,0.478260869565,0.217391304348,0.304347826087,23,0.158102766798,1.70986622074,6.95652173913,6.66666666667,5,3.45724878624,0.496979513022,0.271739130435,4.89776911384,1.40810862023,0.680434782609,2.98282302552,0.857561619837,0.461956521739,0.782420638139,0.457591727733,2.5,1.70986622074,0.782420638139,2.5,0.220665313522,0.182565789474,37,0.0208921513269,0.279731127458,23,23,23,1,0,0.478260869565,0.217391304348,0.304347826087,23,82,0.162055335968,1.6873447205,7.13043478261,6.83333333333,5.125,3.42854790129,0.480832937376,0.25980911983,4.97106250721,1.39432241056,0.67868504772,3.04251819979,0.85338925116,0.453870625663,0.750667010341,0.444880646629,2.5,1.6873447205,0.750667010341,2.5,0.264994601358,0.189873417722,40,0.0225861095426,0.29242045833,23,23,23,1,0,0.478260869565,0.217391304348,0.304347826087,-6,-0.0118577075099,0.00226892672545,-0.521739130435,-0.5,-0.375,-0.209742102293,0.00537458463507,0.0103031909766,-0.351720205833,0.00314056510441,0.00576014653427,-0.227902594836,-0.001379820162,0.0111828786272,0.00147570598183,0.000276726064657,0,0.00226892672545,0.00147570598183,0,0.00554798736617,0.00109092798144,-6,-0.00338791643139,-0.0407241748151,0,0,0,82,0,6,418,0.931818181818,1,0,0.0681818181818,1,0.931818181818,0.964705882353,0.958452959446,0.931818181818,0.931818181818,2,8,0,10,10,10
1682,WLNM_dir_neg_kfold,0.578125,0.366228070175,00:00:02,10,90,7,22352,threshold_sweep,0.8,1,0.25,0.4,2,0,6,16,0.25,1,0,0.75,1,0.25,0.4,0.75,0.638888888889,0.307692307692,0.426401432711,0.25,94,86,8,0,94,0,86,0,8,23,88,0.173913043478,1.68507579377,7.65217391304,7.33333333333,5.5,3.63829000359,0.475458352741,0.249505928854,5.32278271304,1.39118184545,0.672924901186,3.27042079462,0.854769071322,0.442687747036,0.749191304359,0.444603920564,2.5,1.68507579377,0.749191304359,2.5,0.259446613992,0.18878248974,46,0.025974025974,0.333144633145,23,23,23,1,0,0.478260869565,0.217391304348,0.304347826087,23,0.158102766798,1.70986622074,6.95652173913,6.66666666667,5,3.45724878624,0.496979513022,0.271739130435,4.89776911384,1.40810862023,0.680434782609,2.98282302552,0.857561619837,0.461956521739,0.782420638139,0.457591727733,2.5,1.70986622074,0.782420638139,2.5,0.220665313522,0.182565789474,37,0.0208921513269,0.279731127458,23,23,23,1,0,0.478260869565,0.217391304348,0.304347826087,23,82,0.162055335968,1.6873447205,7.13043478261,6.83333333333,5.125,3.42854790129,0.480832937376,0.25980911983,4.97106250721,1.39432241056,0.67868504772,3.04251819979,0.85338925116,0.453870625663,0.750667010341,0.444880646629,2.5,1.6873447205,0.750667010341,2.5,0.264994601358,0.189873417722,40,0.0225861095426,0.29242045833,23,23,23,1,0,0.478260869565,0.217391304348,0.304347826087,-6,-0.0118577075099,0.00226892672545,-0.521739130435,-0.5,-0.375,-0.209742102293,0.00537458463507,0.0103031909766,-0.351720205833,0.00314056510441,0.00576014653427,-0.227902594836,-0.001379820162,0.0111828786272,0.00147570598183,0.000276726064657,0,0.00226892672545,0.00147570598183,0,0.00554798736617,0.00109092798144,-6,-0.00338791643139,-0.0407241748151,0,0,0,82,0,6,418,0.931818181818,1,0,0.0681818181818,1,0.931818181818,0.964705882353,0.958452959446,0.931818181818,0.931818181818,2,8,0,10,10,10
1683,WLNM_dir_neg_kfold,0.578125,0.366228070175,00:00:02,10,90,7,22352,threshold_sweep,0.9,1,0.25,0.4,2,0,6,16,0.25,1,0,0.75,1,0.25,0.4,0.75,0.638888888889,0.307692307692,0.426401432711,0.25,94,86,8,0,94,0,86,0,8,23,88,0.173913043478,1.68507579377,7.65217391304,7.33333333333,5.5,3.63829000359,0.475458352741,0.249505928854,5.32278271304,1.39118184545,0.672924901186,3.27042079462,0.854769071322,0.442687747036,0.749191304359,0.444603920564,2.5,1.68507579377,0.749191304359,2.5,0.259446613992,0.18878248974,46,0.025974025974,0.333144633145,23,23,23,1,0,0.478260869565,0.217391304348,0.304347826087,23,0.158102766798,1.70986622074,6.95652173913,6.66666666667,5,3.45724878624,0.496979513022,0.271739130435,4.89776911384,1.40810862023,0.680434782609,2.98282302552,0.857561619837,0.461956521739,0.782420638139,0.457591727733,2.5,1.70986622074,0.782420638139,2.5,0.220665313522,0.182565789474,37,0.0208921513269,0.279731127458,23,23,23,1,0,0.478260869565,0.217391304348,0.304347826087,23,82,0.162055335968,1.6873447205,7.13043478261,6.83333333333,5.125,3.42854790129,0.480832937376,0.25980911983,4.97106250721,1.39432241056,0.67868504772,3.04251819979,0.85338925116,0.453870625663,0.750667010341,0.444880646629,2.5,1.6873447205,0.750667010341,2.5,0.264994601358,0.189873417722,40,0.0225861095426,0.29242045833,23,23,23,1,0,0.478260869565,0.217391304348,0.304347826087,-6,-0.0118577075099,0.00226892672545,-0.521739130435,-0.5,-0.375,-0.209742102293,0.00537458463507,0.0103031909766,-0.351720205833,0.00314056510441,0.00576014653427,-0.227902594836,-0.001379820162,0.0111828786272,0.00147570598183,0.000276726064657,0,0.00226892672545,0.00147570598183,0,0.00554798736617,0.00109092798144,-6,-0.00338791643139,-0.0407241748151,0,0,0,82,0,6,418,0.931818181818,1,0,0.0681818181818,1,0.931818181818,0.964705882353,0.958452959446,0.931818181818,0.931818181818,2,8,0,10,10,10
1684,WLNM_dir_neg_kfold,0.6484375,0.395833333333,00:00:02,10,90,8,22353,threshold_sweep,0.1,1,0.25,0.4,2,0,6,16,0.25,1,0,0.75,1,0.25,0.4,0.75,0.638888888889,0.307692307692,0.426401432711,0.25,94,86,8,0,94,0,86,0,8,23,88,0.173913043478,1.68507579377,7.65217391304,7.33333333333,5.5,3.63829000359,0.475458352741,0.249505928854,5.32278271304,1.39118184545,0.672924901186,3.27042079462,0.854769071322,0.442687747036,0.749191304359,0.444603920564,2.5,1.68507579377,0.749191304359,2.5,0.259446613992,0.18878248974,46,0.025974025974,0.333144633145,23,23,23,1,0,0.478260869565,0.217391304348,0.304347826087,23,0.158102766798,1.70986622074,6.95652173913,6.66666666667,5,3.45724878624,0.496979513022,0.271739130435,4.89776911384,1.40810862023,0.680434782609,2.98282302552,0.857561619837,0.461956521739,0.782420638139,0.457591727733,2.5,1.70986622074,0.782420638139,2.5,0.220665313522,0.182565789474,37,0.0208921513269,0.279731127458,23,23,23,1,0,0.478260869565,0.217391304348,0.304347826087,23,82,0.162055335968,1.6873447205,7.13043478261,6.83333333333,5.125,3.42854790129,0.480832937376,0.25980911983,4.97106250721,1.39432241056,0.67868504772,3.04251819979,0.85338925116,0.453870625663,0.750667010341,0.444880646629,2.5,1.6873447205,0.750667010341,2.5,0.264994601358,0.189873417722,40,0.0225861095426,0.29242045833,23,23,23,1,0,0.478260869565,0.217391304348,0.304347826087,-6,-0.0118577075099,0.00226892672545,-0.521739130435,-0.5,-0.375,-0.209742102293,0.00537458463507,0.0103031909766,-0.351720205833,0.00314056510441,0.00576014653427,-0.227902594836,-0.001379820162,0.0111828786272,0.00147570598183,0.000276726064657,0,0.00226892672545,0.00147570598183,0,0.00554798736617,0.00109092798144,-6,-0.00338791643139,-0.0407241748151,0,0,0,82,0,6,418,0.931818181818,1,0,0.0681818181818,1,0.931818181818,0.964705882353,0.958452959446,0.931818181818,0.931818181818,2,8,0,10,10,10
1685,WLNM_dir_neg_kfold,0.6484375,0.395833333333,00:00:02,10,90,8,22353,threshold_sweep,0.2,1,0.25,0.4,2,0,6,16,0.25,1,0,0.75,1,0.25,0.4,0.75,0.638888888889,0.307692307692,0.426401432711,0.25,94,86,8,0,94,0,86,0,8,23,88,0.173913043478,1.68507579377,7.65217391304,7.33333333333,5.5,3.63829000359,0.475458352741,0.249505928854,5.32278271304,1.39118184545,0.672924901186,3.27042079462,0.854769071322,0.442687747036,0.749191304359,0.444603920564,2.5,1.68507579377,0.749191304359,2.5,0.259446613992,0.18878248974,46,0.025974025974,0.333144633145,23,23,23,1,0,0.478260869565,0.217391304348,0.304347826087,23,0.158102766798,1.70986622074,6.95652173913,6.66666666667,5,3.45724878624,0.496979513022,0.271739130435,4.89776911384,1.40810862023,0.680434782609,2.98282302552,0.857561619837,0.461956521739,0.782420638139,0.457591727733,2.5,1.70986622074,0.782420638139,2.5,0.220665313522,0.182565789474,37,0.0208921513269,0.279731127458,23,23,23,1,0,0.478260869565,0.217391304348,0.304347826087,23,82,0.162055335968,1.6873447205,7.13043478261,6.83333333333,5.125,3.42854790129,0.480832937376,0.25980911983,4.97106250721,1.39432241056,0.67868504772,3.04251819979,0.85338925116,0.453870625663,0.750667010341,0.444880646629,2.5,1.6873447205,0.750667010341,2.5,0.264994601358,0.189873417722,40,0.0225861095426,0.29242045833,23,23,23,1,0,0.478260869565,0.217391304348,0.304347826087,-6,-0.0118577075099,0.00226892672545,-0.521739130435,-0.5,-0.375,-0.209742102293,0.00537458463507,0.0103031909766,-0.351720205833,0.00314056510441,0.00576014653427,-0.227902594836,-0.001379820162,0.0111828786272,0.00147570598183,0.000276726064657,0,0.00226892672545,0.00147570598183,0,0.00554798736617,0.00109092798144,-6,-0.00338791643139,-0.0407241748151,0,0,0,82,0,6,418,0.931818181818,1,0,0.0681818181818,1,0.931818181818,0.964705882353,0.958452959446,0.931818181818,0.931818181818,2,8,0,10,10,10
1686,WLNM_dir_neg_kfold,0.6484375,0.395833333333,00:00:02,10,90,8,22353,threshold_sweep,0.3,1,0.25,0.4,2,0,6,16,0.25,1,0,0.75,1,0.25,0.4,0.75,0.638888888889,0.307692307692,0.426401432711,0.25,94,86,8,0,94,0,86,0,8,23,88,0.173913043478,1.68507579377,7.65217391304,7.33333333333,5.5,3.63829000359,0.475458352741,0.249505928854,5.32278271304,1.39118184545,0.672924901186,3.27042079462,0.854769071322,0.442687747036,0.749191304359,0.444603920564,2.5,1.68507579377,0.749191304359,2.5,0.259446613992,0.18878248974,46,0.025974025974,0.333144633145,23,23,23,1,0,0.478260869565,0.217391304348,0.304347826087,23,0.158102766798,1.70986622074,6.95652173913,6.66666666667,5,3.45724878624,0.496979513022,0.271739130435,4.89776911384,1.40810862023,0.680434782609,2.98282302552,0.857561619837,0.461956521739,0.782420638139,0.457591727733,2.5,1.70986622074,0.782420638139,2.5,0.220665313522,0.182565789474,37,0.0208921513269,0.279731127458,23,23,23,1,0,0.478260869565,0.217391304348,0.304347826087,23,82,0.162055335968,1.6873447205,7.13043478261,6.83333333333,5.125,3.42854790129,0.480832937376,0.25980911983,4.97106250721,1.39432241056,0.67868504772,3.04251819979,0.85338925116,0.453870625663,0.750667010341,0.444880646629,2.5,1.6873447205,0.750667010341,2.5,0.264994601358,0.189873417722,40,0.0225861095426,0.29242045833,23,23,23,1,0,0.478260869565,0.217391304348,0.304347826087,-6,-0.0118577075099,0.00226892672545,-0.521739130435,-0.5,-0.375,-0.209742102293,0.00537458463507,0.0103031909766,-0.351720205833,0.00314056510441,0.00576014653427,-0.227902594836,-0.001379820162,0.0111828786272,0.00147570598183,0.000276726064657,0,0.00226892672545,0.00147570598183,0,0.00554798736617,0.00109092798144,-6,-0.00338791643139,-0.0407241748151,0,0,0,82,0,6,418,0.931818181818,1,0,0.0681818181818,1,0.931818181818,0.964705882353,0.958452959446,0.931818181818,0.931818181818,2,8,0,10,10,10
1687,WLNM_dir_neg_kfold,0.6484375,0.395833333333,00:00:02,10,90,8,22353,threshold_sweep,0.4,1,0.25,0.4,2,0,6,16,0.25,1,0,0.75,1,0.25,0.4,0.75,0.638888888889,0.307692307692,0.426401432711,0.25,94,86,8,0,94,0,86,0,8,23,88,0.173913043478,1.68507579377,7.65217391304,7.33333333333,5.5,3.63829000359,0.475458352741,0.249505928854,5.32278271304,1.39118184545,0.672924901186,3.27042079462,0.854769071322,0.442687747036,0.749191304359,0.444603920564,2.5,1.68507579377,0.749191304359,2.5,0.259446613992,0.18878248974,46,0.025974025974,0.333144633145,23,23,23,1,0,0.478260869565,0.217391304348,0.304347826087,23,0.158102766798,1.70986622074,6.95652173913,6.66666666667,5,3.45724878624,0.496979513022,0.271739130435,4.89776911384,1.40810862023,0.680434782609,2.98282302552,0.857561619837,0.461956521739,0.782420638139,0.457591727733,2.5,1.70986622074,0.782420638139,2.5,0.220665313522,0.182565789474,37,0.0208921513269,0.279731127458,23,23,23,1,0,0.478260869565,0.217391304348,0.304347826087,23,82,0.162055335968,1.6873447205,7.13043478261,6.83333333333,5.125,3.42854790129,0.480832937376,0.25980911983,4.97106250721,1.39432241056,0.67868504772,3.04251819979,0.85338925116,0.453870625663,0.750667010341,0.444880646629,2.5,1.6873447205,0.750667010341,2.5,0.264994601358,0.189873417722,40,0.0225861095426,0.29242045833,23,23,23,1,0,0.478260869565,0.217391304348,0.304347826087,-6,-0.0118577075099,0.00226892672545,-0.521739130435,-0.5,-0.375,-0.209742102293,0.00537458463507,0.0103031909766,-0.351720205833,0.00314056510441,0.00576014653427,-0.227902594836,-0.001379820162,0.0111828786272,0.00147570598183,0.000276726064657,0,0.00226892672545,0.00147570598183,0,0.00554798736617,0.00109092798144,-6,-0.00338791643139,-0.0407241748151,0,0,0,82,0,6,418,0.931818181818,1,0,0.0681818181818,1,0.931818181818,0.964705882353,0.958452959446,0.931818181818,0.931818181818,2,8,0,10,10,10
1688,WLNM_dir_neg_kfold,0.6484375,0.395833333333,00:00:02,10,90,8,22353,threshold_sweep,0.5,1,0.25,0.4,2,0,6,16,0.25,1,0,0.75,1,0.25,0.4,0.75,0.638888888889,0.307692307692,0.426401432711,0.25,94,86,8,0,94,0,86,0,8,23,88,0.173913043478,1.68507579377,7.65217391304,7.33333333333,5.5,3.63829000359,0.475458352741,0.249505928854,5.32278271304,1.39118184545,0.672924901186,3.27042079462,0.854769071322,0.442687747036,0.749191304359,0.444603920564,2.5,1.68507579377,0.749191304359,2.5,0.259446613992,0.18878248974,46,0.025974025974,0.333144633145,23,23,23,1,0,0.478260869565,0.217391304348,0.304347826087,23,0.158102766798,1.70986622074,6.95652173913,6.66666666667,5,3.45724878624,0.496979513022,0.271739130435,4.89776911384,1.40810862023,0.680434782609,2.98282302552,0.857561619837,0.461956521739,0.782420638139,0.457591727733,2.5,1.70986622074,0.782420638139,2.5,0.220665313522,0.182565789474,37,0.0208921513269,0.279731127458,23,23,23,1,0,0.478260869565,0.217391304348,0.304347826087,23,82,0.162055335968,1.6873447205,7.13043478261,6.83333333333,5.125,3.42854790129,0.480832937376,0.25980911983,4.97106250721,1.39432241056,0.67868504772,3.04251819979,0.85338925116,0.453870625663,0.750667010341,0.444880646629,2.5,1.6873447205,0.750667010341,2.5,0.264994601358,0.189873417722,40,0.0225861095426,0.29242045833,23,23,23,1,0,0.478260869565,0.217391304348,0.304347826087,-6,-0.0118577075099,0.00226892672545,-0.521739130435,-0.5,-0.375,-0.209742102293,0.00537458463507,0.0103031909766,-0.351720205833,0.00314056510441,0.00576014653427,-0.227902594836,-0.001379820162,0.0111828786272,0.00147570598183,0.000276726064657,0,0.00226892672545,0.00147570598183,0,0.00554798736617,0.00109092798144,-6,-0.00338791643139,-0.0407241748151,0,0,0,82,0,6,418,0.931818181818,1,0,0.0681818181818,1,0.931818181818,0.964705882353,0.958452959446,0.931818181818,0.931818181818,2,8,0,10,10,10
1689,WLNM_dir_neg_kfold,0.6484375,0.395833333333,00:00:02,10,90,8,22353,threshold_sweep,0.6,1,0.25,0.4,2,0,6,16,0.25,1,0,0.75,1,0.25,0.4,0.75,0.638888888889,0.307692307692,0.426401432711,0.25,94,86,8,0,94,0,86,0,8,23,88,0.173913043478,1.68507579377,7.65217391304,7.33333333333,5.5,3.63829000359,0.475458352741,0.249505928854,5.32278271304,1.39118184545,0.672924901186,3.27042079462,0.854769071322,0.442687747036,0.749191304359,0.444603920564,2.5,1.68507579377,0.749191304359,2.5,0.259446613992,0.18878248974,46,0.025974025974,0.333144633145,23,23,23,1,0,0.478260869565,0.217391304348,0.304347826087,23,0.158102766798,1.70986622074,6.95652173913,6.66666666667,5,3.45724878624,0.496979513022,0.271739130435,4.89776911384,1.40810862023,0.680434782609,2.98282302552,0.857561619837,0.461956521739,0.782420638139,0.457591727733,2.5,1.70986622074,0.782420638139,2.5,0.220665313522,0.182565789474,37,0.0208921513269,0.279731127458,23,23,23,1,0,0.478260869565,0.217391304348,0.304347826087,23,82,0.162055335968,1.6873447205,7.13043478261,6.83333333333,5.125,3.42854790129,0.480832937376,0.25980911983,4.97106250721,1.39432241056,0.67868504772,3.04251819979,0.85338925116,0.453870625663,0.750667010341,0.444880646629,2.5,1.6873447205,0.750667010341,2.5,0.264994601358,0.189873417722,40,0.0225861095426,0.29242045833,23,23,23,1,0,0.478260869565,0.217391304348,0.304347826087,-6,-0.0118577075099,0.00226892672545,-0.521739130435,-0.5,-0.375,-0.209742102293,0.00537458463507,0.0103031909766,-0.351720205833,0.00314056510441,0.00576014653427,-0.227902594836,-0.001379820162,0.0111828786272,0.00147570598183,0.000276726064657,0,0.00226892672545,0.00147570598183,0,0.00554798736617,0.00109092798144,-6,-0.00338791643139,-0.0407241748151,0,0,0,82,0,6,418,0.931818181818,1,0,0.0681818181818,1,0.931818181818,0.964705882353,0.958452959446,0.931818181818,0.931818181818,2,8,0,10,10,10
1690,WLNM_dir_neg_kfold,0.6484375,0.395833333333,00:00:02,10,90,8,22353,threshold_sweep,0.7,1,0.25,0.4,2,0,6,16,0.25,1,0,0.75,1,0.25,0.4,0.75,0.638888888889,0.307692307692,0.426401432711,0.25,94,86,8,0,94,0,86,0,8,23,88,0.173913043478,1.68507579377,7.65217391304,7.33333333333,5.5,3.63829000359,0.475458352741,0.249505928854,5.32278271304,1.39118184545,0.672924901186,3.27042079462,0.854769071322,0.442687747036,0.749191304359,0.444603920564,2.5,1.68507579377,0.749191304359,2.5,0.259446613992,0.18878248974,46,0.025974025974,0.333144633145,23,23,23,1,0,0.478260869565,0.217391304348,0.304347826087,23,0.158102766798,1.70986622074,6.95652173913,6.66666666667,5,3.45724878624,0.496979513022,0.271739130435,4.89776911384,1.40810862023,0.680434782609,2.98282302552,0.857561619837,0.461956521739,0.782420638139,0.457591727733,2.5,1.70986622074,0.782420638139,2.5,0.220665313522,0.182565789474,37,0.0208921513269,0.279731127458,23,23,23,1,0,0.478260869565,0.217391304348,0.304347826087,23,82,0.162055335968,1.6873447205,7.13043478261,6.83333333333,5.125,3.42854790129,0.480832937376,0.25980911983,4.97106250721,1.39432241056,0.67868504772,3.04251819979,0.85338925116,0.453870625663,0.750667010341,0.444880646629,2.5,1.6873447205,0.750667010341,2.5,0.264994601358,0.189873417722,40,0.0225861095426,0.29242045833,23,23,23,1,0,0.478260869565,0.217391304348,0.304347826087,-6,-0.0118577075099,0.00226892672545,-0.521739130435,-0.5,-0.375,-0.209742102293,0.00537458463507,0.0103031909766,-0.351720205833,0.00314056510441,0.00576014653427,-0.227902594836,-0.001379820162,0.0111828786272,0.00147570598183,0.000276726064657,0,0.00226892672545,0.00147570598183,0,0.00554798736617,0.00109092798144,-6,-0.00338791643139,-0.0407241748151,0,0,0,82,0,6,418,0.931818181818,1,0,0.0681818181818,1,0.931818181818,0.964705882353,0.958452959446,0.931818181818,0.931818181818,2,8,0,10,10,10
1691,WLNM_dir_neg_kfold,0.6484375,0.395833333333,00:00:02,10,90,8,22353,threshold_sweep,0.8,1,0.25,0.4,2,0,6,16,0.25,1,0,0.75,1,0.25,0.4,0.75,0.638888888889,0.307692307692,0.426401432711,0.25,94,86,8,0,94,0,86,0,8,23,88,0.173913043478,1.68507579377,7.65217391304,7.33333333333,5.5,3.63829000359,0.475458352741,0.249505928854,5.32278271304,1.39118184545,0.672924901186,3.27042079462,0.854769071322,0.442687747036,0.749191304359,0.444603920564,2.5,1.68507579377,0.749191304359,2.5,0.259446613992,0.18878248974,46,0.025974025974,0.333144633145,23,23,23,1,0,0.478260869565,0.217391304348,0.304347826087,23,0.158102766798,1.70986622074,6.95652173913,6.66666666667,5,3.45724878624,0.496979513022,0.271739130435,4.89776911384,1.40810862023,0.680434782609,2.98282302552,0.857561619837,0.461956521739,0.782420638139,0.457591727733,2.5,1.70986622074,0.782420638139,2.5,0.220665313522,0.182565789474,37,0.0208921513269,0.279731127458,23,23,23,1,0,0.478260869565,0.217391304348,0.304347826087,23,82,0.162055335968,1.6873447205,7.13043478261,6.83333333333,5.125,3.42854790129,0.480832937376,0.25980911983,4.97106250721,1.39432241056,0.67868504772,3.04251819979,0.85338925116,0.453870625663,0.750667010341,0.444880646629,2.5,1.6873447205,0.750667010341,2.5,0.264994601358,0.189873417722,40,0.0225861095426,0.29242045833,23,23,23,1,0,0.478260869565,0.217391304348,0.304347826087,-6,-0.0118577075099,0.00226892672545,-0.521739130435,-0.5,-0.375,-0.209742102293,0.00537458463507,0.0103031909766,-0.351720205833,0.00314056510441,0.00576014653427,-0.227902594836,-0.001379820162,0.0111828786272,0.00147570598183,0.000276726064657,0,0.00226892672545,0.00147570598183,0,0.00554798736617,0.00109092798144,-6,-0.00338791643139,-0.0407241748151,0,0,0,82,0,6,418,0.931818181818,1,0,0.0681818181818,1,0.931818181818,0.964705882353,0.958452959446,0.931818181818,0.931818181818,2,8,0,10,10,10
1692,WLNM_dir_neg_kfold,0.6484375,0.395833333333,00:00:02,10,90,8,22353,threshold_sweep,0.9,1,0.25,0.4,2,0,6,16,0.25,1,0,0.75,1,0.25,0.4,0.75,0.638888888889,0.307692307692,0.426401432711,0.25,94,86,8,0,94,0,86,0,8,23,88,0.173913043478,1.68507579377,7.65217391304,7.33333333333,5.5,3.63829000359,0.475458352741,0.249505928854,5.32278271304,1.39118184545,0.672924901186,3.27042079462,0.854769071322,0.442687747036,0.749191304359,0.444603920564,2.5,1.68507579377,0.749191304359,2.5,0.259446613992,0.18878248974,46,0.025974025974,0.333144633145,23,23,23,1,0,0.478260869565,0.217391304348,0.304347826087,23,0.158102766798,1.70986622074,6.95652173913,6.66666666667,5,3.45724878624,0.496979513022,0.271739130435,4.89776911384,1.40810862023,0.680434782609,2.98282302552,0.857561619837,0.461956521739,0.782420638139,0.457591727733,2.5,1.70986622074,0.782420638139,2.5,0.220665313522,0.182565789474,37,0.0208921513269,0.279731127458,23,23,23,1,0,0.478260869565,0.217391304348,0.304347826087,23,82,0.162055335968,1.6873447205,7.13043478261,6.83333333333,5.125,3.42854790129,0.480832937376,0.25980911983,4.97106250721,1.39432241056,0.67868504772,3.04251819979,0.85338925116,0.453870625663,0.750667010341,0.444880646629,2.5,1.6873447205,0.750667010341,2.5,0.264994601358,0.189873417722,40,0.0225861095426,0.29242045833,23,23,23,1,0,0.478260869565,0.217391304348,0.304347826087,-6,-0.0118577075099,0.00226892672545,-0.521739130435,-0.5,-0.375,-0.209742102293,0.00537458463507,0.0103031909766,-0.351720205833,0.00314056510441,0.00576014653427,-0.227902594836,-0.001379820162,0.0111828786272,0.00147570598183,0.000276726064657,0,0.00226892672545,0.00147570598183,0,0.00554798736617,0.00109092798144,-6,-0.00338791643139,-0.0407241748151,0,0,0,82,0,6,418,0.931818181818,1,0,0.0681818181818,1,0.931818181818,0.964705882353,0.958452959446,0.931818181818,0.931818181818,2,8,0,10,10,10
1693,WLNM_dir_neg_kfold,0.7890625,0.480769230769,00:00:02,10,90,9,22354,threshold_sweep,0.1,1,0.25,0.4,2,0,6,16,0.25,1,0,0.75,1,0.25,0.4,0.75,0.638888888889,0.307692307692,0.426401432711,0.25,94,86,8,0,94,0,86,0,8,23,88,0.173913043478,1.68507579377,7.65217391304,7.33333333333,5.5,3.63829000359,0.475458352741,0.249505928854,5.32278271304,1.39118184545,0.672924901186,3.27042079462,0.854769071322,0.442687747036,0.749191304359,0.444603920564,2.5,1.68507579377,0.749191304359,2.5,0.259446613992,0.18878248974,46,0.025974025974,0.333144633145,23,23,23,1,0,0.478260869565,0.217391304348,0.304347826087,23,0.158102766798,1.70986622074,6.95652173913,6.66666666667,5,3.45724878624,0.496979513022,0.271739130435,4.89776911384,1.40810862023,0.680434782609,2.98282302552,0.857561619837,0.461956521739,0.782420638139,0.457591727733,2.5,1.70986622074,0.782420638139,2.5,0.220665313522,0.182565789474,37,0.0208921513269,0.279731127458,23,23,23,1,0,0.478260869565,0.217391304348,0.304347826087,23,82,0.162055335968,1.6873447205,7.13043478261,6.83333333333,5.125,3.42854790129,0.480832937376,0.25980911983,4.97106250721,1.39432241056,0.67868504772,3.04251819979,0.85338925116,0.453870625663,0.750667010341,0.444880646629,2.5,1.6873447205,0.750667010341,2.5,0.264994601358,0.189873417722,40,0.0225861095426,0.29242045833,23,23,23,1,0,0.478260869565,0.217391304348,0.304347826087,-6,-0.0118577075099,0.00226892672545,-0.521739130435,-0.5,-0.375,-0.209742102293,0.00537458463507,0.0103031909766,-0.351720205833,0.00314056510441,0.00576014653427,-0.227902594836,-0.001379820162,0.0111828786272,0.00147570598183,0.000276726064657,0,0.00226892672545,0.00147570598183,0,0.00554798736617,0.00109092798144,-6,-0.00338791643139,-0.0407241748151,0,0,0,82,0,6,418,0.931818181818,1,0,0.0681818181818,1,0.931818181818,0.964705882353,0.958452959446,0.931818181818,0.931818181818,2,8,0,10,10,10
1694,WLNM_dir_neg_kfold,0.7890625,0.480769230769,00:00:02,10,90,9,22354,threshold_sweep,0.2,1,0.25,0.4,2,0,6,16,0.25,1,0,0.75,1,0.25,0.4,0.75,0.638888888889,0.307692307692,0.426401432711,0.25,94,86,8,0,94,0,86,0,8,23,88,0.173913043478,1.68507579377,7.65217391304,7.33333333333,5.5,3.63829000359,0.475458352741,0.249505928854,5.32278271304,1.39118184545,0.672924901186,3.27042079462,0.854769071322,0.442687747036,0.749191304359,0.444603920564,2.5,1.68507579377,0.749191304359,2.5,0.259446613992,0.18878248974,46,0.025974025974,0.333144633145,23,23,23,1,0,0.478260869565,0.217391304348,0.304347826087,23,0.158102766798,1.70986622074,6.95652173913,6.66666666667,5,3.45724878624,0.496979513022,0.271739130435,4.89776911384,1.40810862023,0.680434782609,2.98282302552,0.857561619837,0.461956521739,0.782420638139,0.457591727733,2.5,1.70986622074,0.782420638139,2.5,0.220665313522,0.182565789474,37,0.0208921513269,0.279731127458,23,23,23,1,0,0.478260869565,0.217391304348,0.304347826087,23,82,0.162055335968,1.6873447205,7.13043478261,6.83333333333,5.125,3.42854790129,0.480832937376,0.25980911983,4.97106250721,1.39432241056,0.67868504772,3.04251819979,0.85338925116,0.453870625663,0.750667010341,0.444880646629,2.5,1.6873447205,0.750667010341,2.5,0.264994601358,0.189873417722,40,0.0225861095426,0.29242045833,23,23,23,1,0,0.478260869565,0.217391304348,0.304347826087,-6,-0.0118577075099,0.00226892672545,-0.521739130435,-0.5,-0.375,-0.209742102293,0.00537458463507,0.0103031909766,-0.351720205833,0.00314056510441,0.00576014653427,-0.227902594836,-0.001379820162,0.0111828786272,0.00147570598183,0.000276726064657,0,0.00226892672545,0.00147570598183,0,0.00554798736617,0.00109092798144,-6,-0.00338791643139,-0.0407241748151,0,0,0,82,0,6,418,0.931818181818,1,0,0.0681818181818,1,0.931818181818,0.964705882353,0.958452959446,0.931818181818,0.931818181818,2,8,0,10,10,10
1695,WLNM_dir_neg_kfold,0.7890625,0.480769230769,00:00:02,10,90,9,22354,threshold_sweep,0.3,1,0.25,0.4,2,0,6,16,0.25,1,0,0.75,1,0.25,0.4,0.75,0.638888888889,0.307692307692,0.426401432711,0.25,94,86,8,0,94,0,86,0,8,23,88,0.173913043478,1.68507579377,7.65217391304,7.33333333333,5.5,3.63829000359,0.475458352741,0.249505928854,5.32278271304,1.39118184545,0.672924901186,3.27042079462,0.854769071322,0.442687747036,0.749191304359,0.444603920564,2.5,1.68507579377,0.749191304359,2.5,0.259446613992,0.18878248974,46,0.025974025974,0.333144633145,23,23,23,1,0,0.478260869565,0.217391304348,0.304347826087,23,0.158102766798,1.70986622074,6.95652173913,6.66666666667,5,3.45724878624,0.496979513022,0.271739130435,4.89776911384,1.40810862023,0.680434782609,2.98282302552,0.857561619837,0.461956521739,0.782420638139,0.457591727733,2.5,1.70986622074,0.782420638139,2.5,0.220665313522,0.182565789474,37,0.0208921513269,0.279731127458,23,23,23,1,0,0.478260869565,0.217391304348,0.304347826087,23,82,0.162055335968,1.6873447205,7.13043478261,6.83333333333,5.125,3.42854790129,0.480832937376,0.25980911983,4.97106250721,1.39432241056,0.67868504772,3.04251819979,0.85338925116,0.453870625663,0.750667010341,0.444880646629,2.5,1.6873447205,0.750667010341,2.5,0.264994601358,0.189873417722,40,0.0225861095426,0.29242045833,23,23,23,1,0,0.478260869565,0.217391304348,0.304347826087,-6,-0.0118577075099,0.00226892672545,-0.521739130435,-0.5,-0.375,-0.209742102293,0.00537458463507,0.0103031909766,-0.351720205833,0.00314056510441,0.00576014653427,-0.227902594836,-0.001379820162,0.0111828786272,0.00147570598183,0.000276726064657,0,0.00226892672545,0.00147570598183,0,0.00554798736617,0.00109092798144,-6,-0.00338791643139,-0.0407241748151,0,0,0,82,0,6,418,0.931818181818,1,0,0.0681818181818,1,0.931818181818,0.964705882353,0.958452959446,0.931818181818,0.931818181818,2,8,0,10,10,10
1696,WLNM_dir_neg_kfold,0.7890625,0.480769230769,00:00:02,10,90,9,22354,threshold_sweep,0.4,1,0.25,0.4,2,0,6,16,0.25,1,0,0.75,1,0.25,0.4,0.75,0.638888888889,0.307692307692,0.426401432711,0.25,94,86,8,0,94,0,86,0,8,23,88,0.173913043478,1.68507579377,7.65217391304,7.33333333333,5.5,3.63829000359,0.475458352741,0.249505928854,5.32278271304,1.39118184545,0.672924901186,3.27042079462,0.854769071322,0.442687747036,0.749191304359,0.444603920564,2.5,1.68507579377,0.749191304359,2.5,0.259446613992,0.18878248974,46,0.025974025974,0.333144633145,23,23,23,1,0,0.478260869565,0.217391304348,0.304347826087,23,0.158102766798,1.70986622074,6.95652173913,6.66666666667,5,3.45724878624,0.496979513022,0.271739130435,4.89776911384,1.40810862023,0.680434782609,2.98282302552,0.857561619837,0.461956521739,0.782420638139,0.457591727733,2.5,1.70986622074,0.782420638139,2.5,0.220665313522,0.182565789474,37,0.0208921513269,0.279731127458,23,23,23,1,0,0.478260869565,0.217391304348,0.304347826087,23,82,0.162055335968,1.6873447205,7.13043478261,6.83333333333,5.125,3.42854790129,0.480832937376,0.25980911983,4.97106250721,1.39432241056,0.67868504772,3.04251819979,0.85338925116,0.453870625663,0.750667010341,0.444880646629,2.5,1.6873447205,0.750667010341,2.5,0.264994601358,0.189873417722,40,0.0225861095426,0.29242045833,23,23,23,1,0,0.478260869565,0.217391304348,0.304347826087,-6,-0.0118577075099,0.00226892672545,-0.521739130435,-0.5,-0.375,-0.209742102293,0.00537458463507,0.0103031909766,-0.351720205833,0.00314056510441,0.00576014653427,-0.227902594836,-0.001379820162,0.0111828786272,0.00147570598183,0.000276726064657,0,0.00226892672545,0.00147570598183,0,0.00554798736617,0.00109092798144,-6,-0.00338791643139,-0.0407241748151,0,0,0,82,0,6,418,0.931818181818,1,0,0.0681818181818,1,0.931818181818,0.964705882353,0.958452959446,0.931818181818,0.931818181818,2,8,0,10,10,10
1697,WLNM_dir_neg_kfold,0.7890625,0.480769230769,00:00:02,10,90,9,22354,threshold_sweep,0.5,1,0.25,0.4,2,0,6,16,0.25,1,0,0.75,1,0.25,0.4,0.75,0.638888888889,0.307692307692,0.426401432711,0.25,94,86,8,0,94,0,86,0,8,23,88,0.173913043478,1.68507579377,7.65217391304,7.33333333333,5.5,3.63829000359,0.475458352741,0.249505928854,5.32278271304,1.39118184545,0.672924901186,3.27042079462,0.854769071322,0.442687747036,0.749191304359,0.444603920564,2.5,1.68507579377,0.749191304359,2.5,0.259446613992,0.18878248974,46,0.025974025974,0.333144633145,23,23,23,1,0,0.478260869565,0.217391304348,0.304347826087,23,0.158102766798,1.70986622074,6.95652173913,6.66666666667,5,3.45724878624,0.496979513022,0.271739130435,4.89776911384,1.40810862023,0.680434782609,2.98282302552,0.857561619837,0.461956521739,0.782420638139,0.457591727733,2.5,1.70986622074,0.782420638139,2.5,0.220665313522,0.182565789474,37,0.0208921513269,0.279731127458,23,23,23,1,0,0.478260869565,0.217391304348,0.304347826087,23,82,0.162055335968,1.6873447205,7.13043478261,6.83333333333,5.125,3.42854790129,0.480832937376,0.25980911983,4.97106250721,1.39432241056,0.67868504772,3.04251819979,0.85338925116,0.453870625663,0.750667010341,0.444880646629,2.5,1.6873447205,0.750667010341,2.5,0.264994601358,0.189873417722,40,0.0225861095426,0.29242045833,23,23,23,1,0,0.478260869565,0.217391304348,0.304347826087,-6,-0.0118577075099,0.00226892672545,-0.521739130435,-0.5,-0.375,-0.209742102293,0.00537458463507,0.0103031909766,-0.351720205833,0.00314056510441,0.00576014653427,-0.227902594836,-0.001379820162,0.0111828786272,0.00147570598183,0.000276726064657,0,0.00226892672545,0.00147570598183,0,0.00554798736617,0.00109092798144,-6,-0.00338791643139,-0.0407241748151,0,0,0,82,0,6,418,0.931818181818,1,0,0.0681818181818,1,0.931818181818,0.964705882353,0.958452959446,0.931818181818,0.931818181818,2,8,0,10,10,10
1698,WLNM_dir_neg_kfold,0.7890625,0.480769230769,00:00:02,10,90,9,22354,threshold_sweep,0.6,1,0.25,0.4,2,0,6,16,0.25,1,0,0.75,1,0.25,0.4,0.75,0.638888888889,0.307692307692,0.426401432711,0.25,94,86,8,0,94,0,86,0,8,23,88,0.173913043478,1.68507579377,7.65217391304,7.33333333333,5.5,3.63829000359,0.475458352741,0.249505928854,5.32278271304,1.39118184545,0.672924901186,3.27042079462,0.854769071322,0.442687747036,0.749191304359,0.444603920564,2.5,1.68507579377,0.749191304359,2.5,0.259446613992,0.18878248974,46,0.025974025974,0.333144633145,23,23,23,1,0,0.478260869565,0.217391304348,0.304347826087,23,0.158102766798,1.70986622074,6.95652173913,6.66666666667,5,3.45724878624,0.496979513022,0.271739130435,4.89776911384,1.40810862023,0.680434782609,2.98282302552,0.857561619837,0.461956521739,0.782420638139,0.457591727733,2.5,1.70986622074,0.782420638139,2.5,0.220665313522,0.182565789474,37,0.0208921513269,0.279731127458,23,23,23,1,0,0.478260869565,0.217391304348,0.304347826087,23,82,0.162055335968,1.6873447205,7.13043478261,6.83333333333,5.125,3.42854790129,0.480832937376,0.25980911983,4.97106250721,1.39432241056,0.67868504772,3.04251819979,0.85338925116,0.453870625663,0.750667010341,0.444880646629,2.5,1.6873447205,0.750667010341,2.5,0.264994601358,0.189873417722,40,0.0225861095426,0.29242045833,23,23,23,1,0,0.478260869565,0.217391304348,0.304347826087,-6,-0.0118577075099,0.00226892672545,-0.521739130435,-0.5,-0.375,-0.209742102293,0.00537458463507,0.0103031909766,-0.351720205833,0.00314056510441,0.00576014653427,-0.227902594836,-0.001379820162,0.0111828786272,0.00147570598183,0.000276726064657,0,0.00226892672545,0.00147570598183,0,0.00554798736617,0.00109092798144,-6,-0.00338791643139,-0.0407241748151,0,0,0,82,0,6,418,0.931818181818,1,0,0.0681818181818,1,0.931818181818,0.964705882353,0.958452959446,0.931818181818,0.931818181818,2,8,0,10,10,10
1699,WLNM_dir_neg_kfold,0.7890625,0.480769230769,00:00:02,10,90,9,22354,threshold_sweep,0.7,1,0.25,0.4,2,0,6,16,0.25,1,0,0.75,1,0.25,0.4,0.75,0.638888888889,0.307692307692,0.426401432711,0.25,94,86,8,0,94,0,86,0,8,23,88,0.173913043478,1.68507579377,7.65217391304,7.33333333333,5.5,3.63829000359,0.475458352741,0.249505928854,5.32278271304,1.39118184545,0.672924901186,3.27042079462,0.854769071322,0.442687747036,0.749191304359,0.444603920564,2.5,1.68507579377,0.749191304359,2.5,0.259446613992,0.18878248974,46,0.025974025974,0.333144633145,23,23,23,1,0,0.478260869565,0.217391304348,0.304347826087,23,0.158102766798,1.70986622074,6.95652173913,6.66666666667,5,3.45724878624,0.496979513022,0.271739130435,4.89776911384,1.40810862023,0.680434782609,2.98282302552,0.857561619837,0.461956521739,0.782420638139,0.457591727733,2.5,1.70986622074,0.782420638139,2.5,0.220665313522,0.182565789474,37,0.0208921513269,0.279731127458,23,23,23,1,0,0.478260869565,0.217391304348,0.304347826087,23,82,0.162055335968,1.6873447205,7.13043478261,6.83333333333,5.125,3.42854790129,0.480832937376,0.25980911983,4.97106250721,1.39432241056,0.67868504772,3.04251819979,0.85338925116,0.453870625663,0.750667010341,0.444880646629,2.5,1.6873447205,0.750667010341,2.5,0.264994601358,0.189873417722,40,0.0225861095426,0.29242045833,23,23,23,1,0,0.478260869565,0.217391304348,0.304347826087,-6,-0.0118577075099,0.00226892672545,-0.521739130435,-0.5,-0.375,-0.209742102293,0.00537458463507,0.0103031909766,-0.351720205833,0.00314056510441,0.00576014653427,-0.227902594836,-0.001379820162,0.0111828786272,0.00147570598183,0.000276726064657,0,0.00226892672545,0.00147570598183,0,0.00554798736617,0.00109092798144,-6,-0.00338791643139,-0.0407241748151,0,0,0,82,0,6,418,0.931818181818,1,0,0.0681818181818,1,0.931818181818,0.964705882353,0.958452959446,0.931818181818,0.931818181818,2,8,0,10,10,10
1700,WLNM_dir_neg_kfold,0.7890625,0.480769230769,00:00:02,10,90,9,22354,threshold_sweep,0.8,1,0.25,0.4,2,0,6,16,0.25,1,0,0.75,1,0.25,0.4,0.75,0.638888888889,0.307692307692,0.426401432711,0.25,94,86,8,0,94,0,86,0,8,23,88,0.173913043478,1.68507579377,7.65217391304,7.33333333333,5.5,3.63829000359,0.475458352741,0.249505928854,5.32278271304,1.39118184545,0.672924901186,3.27042079462,0.854769071322,0.442687747036,0.749191304359,0.444603920564,2.5,1.68507579377,0.749191304359,2.5,0.259446613992,0.18878248974,46,0.025974025974,0.333144633145,23,23,23,1,0,0.478260869565,0.217391304348,0.304347826087,23,0.158102766798,1.70986622074,6.95652173913,6.66666666667,5,3.45724878624,0.496979513022,0.271739130435,4.89776911384,1.40810862023,0.680434782609,2.98282302552,0.857561619837,0.461956521739,0.782420638139,0.457591727733,2.5,1.70986622074,0.782420638139,2.5,0.220665313522,0.182565789474,37,0.0208921513269,0.279731127458,23,23,23,1,0,0.478260869565,0.217391304348,0.304347826087,23,82,0.162055335968,1.6873447205,7.13043478261,6.83333333333,5.125,3.42854790129,0.480832937376,0.25980911983,4.97106250721,1.39432241056,0.67868504772,3.04251819979,0.85338925116,0.453870625663,0.750667010341,0.444880646629,2.5,1.6873447205,0.750667010341,2.5,0.264994601358,0.189873417722,40,0.0225861095426,0.29242045833,23,23,23,1,0,0.478260869565,0.217391304348,0.304347826087,-6,-0.0118577075099,0.00226892672545,-0.521739130435,-0.5,-0.375,-0.209742102293,0.00537458463507,0.0103031909766,-0.351720205833,0.00314056510441,0.00576014653427,-0.227902594836,-0.001379820162,0.0111828786272,0.00147570598183,0.000276726064657,0,0.00226892672545,0.00147570598183,0,0.00554798736617,0.00109092798144,-6,-0.00338791643139,-0.0407241748151,0,0,0,82,0,6,418,0.931818181818,1,0,0.0681818181818,1,0.931818181818,0.964705882353,0.958452959446,0.931818181818,0.931818181818,2,8,0,10,10,10
1701,WLNM_dir_neg_kfold,0.7890625,0.480769230769,00:00:02,10,90,9,22354,threshold_sweep,0.9,1,0.25,0.4,2,0,6,16,0.25,1,0,0.75,1,0.25,0.4,0.75,0.638888888889,0.307692307692,0.426401432711,0.25,94,86,8,0,94,0,86,0,8,23,88,0.173913043478,1.68507579377,7.65217391304,7.33333333333,5.5,3.63829000359,0.475458352741,0.249505928854,5.32278271304,1.39118184545,0.672924901186,3.27042079462,0.854769071322,0.442687747036,0.749191304359,0.444603920564,2.5,1.68507579377,0.749191304359,2.5,0.259446613992,0.18878248974,46,0.025974025974,0.333144633145,23,23,23,1,0,0.478260869565,0.217391304348,0.304347826087,23,0.158102766798,1.70986622074,6.95652173913,6.66666666667,5,3.45724878624,0.496979513022,0.271739130435,4.89776911384,1.40810862023,0.680434782609,2.98282302552,0.857561619837,0.461956521739,0.782420638139,0.457591727733,2.5,1.70986622074,0.782420638139,2.5,0.220665313522,0.182565789474,37,0.0208921513269,0.279731127458,23,23,23,1,0,0.478260869565,0.217391304348,0.304347826087,23,82,0.162055335968,1.6873447205,7.13043478261,6.83333333333,5.125,3.42854790129,0.480832937376,0.25980911983,4.97106250721,1.39432241056,0.67868504772,3.04251819979,0.85338925116,0.453870625663,0.750667010341,0.444880646629,2.5,1.6873447205,0.750667010341,2.5,0.264994601358,0.189873417722,40,0.0225861095426,0.29242045833,23,23,23,1,0,0.478260869565,0.217391304348,0.304347826087,-6,-0.0118577075099,0.00226892672545,-0.521739130435,-0.5,-0.375,-0.209742102293,0.00537458463507,0.0103031909766,-0.351720205833,0.00314056510441,0.00576014653427,-0.227902594836,-0.001379820162,0.0111828786272,0.00147570598183,0.000276726064657,0,0.00226892672545,0.00147570598183,0,0.00554798736617,0.00109092798144,-6,-0.00338791643139,-0.0407241748151,0,0,0,82,0,6,418,0.931818181818,1,0,0.0681818181818,1,0.931818181818,0.964705882353,0.958452959446,0.931818181818,0.931818181818,2,8,0,10,10,10
1702,WLNM_dir_neg_kfold,0.90625,0.6125,00:00:02,10,90,10,22355,threshold_sweep,0.1,1,0.25,0.4,2,0,6,16,0.25,1,0,0.75,1,0.25,0.4,0.75,0.638888888889,0.307692307692,0.426401432711,0.25,94,86,8,0,94,0,86,0,8,23,88,0.173913043478,1.68507579377,7.65217391304,7.33333333333,5.5,3.63829000359,0.475458352741,0.249505928854,5.32278271304,1.39118184545,0.672924901186,3.27042079462,0.854769071322,0.442687747036,0.749191304359,0.444603920564,2.5,1.68507579377,0.749191304359,2.5,0.259446613992,0.18878248974,46,0.025974025974,0.333144633145,23,23,23,1,0,0.478260869565,0.217391304348,0.304347826087,23,0.158102766798,1.70986622074,6.95652173913,6.66666666667,5,3.45724878624,0.496979513022,0.271739130435,4.89776911384,1.40810862023,0.680434782609,2.98282302552,0.857561619837,0.461956521739,0.782420638139,0.457591727733,2.5,1.70986622074,0.782420638139,2.5,0.220665313522,0.182565789474,37,0.0208921513269,0.279731127458,23,23,23,1,0,0.478260869565,0.217391304348,0.304347826087,23,82,0.162055335968,1.6873447205,7.13043478261,6.83333333333,5.125,3.42854790129,0.480832937376,0.25980911983,4.97106250721,1.39432241056,0.67868504772,3.04251819979,0.85338925116,0.453870625663,0.750667010341,0.444880646629,2.5,1.6873447205,0.750667010341,2.5,0.264994601358,0.189873417722,40,0.0225861095426,0.29242045833,23,23,23,1,0,0.478260869565,0.217391304348,0.304347826087,-6,-0.0118577075099,0.00226892672545,-0.521739130435,-0.5,-0.375,-0.209742102293,0.00537458463507,0.0103031909766,-0.351720205833,0.00314056510441,0.00576014653427,-0.227902594836,-0.001379820162,0.0111828786272,0.00147570598183,0.000276726064657,0,0.00226892672545,0.00147570598183,0,0.00554798736617,0.00109092798144,-6,-0.00338791643139,-0.0407241748151,0,0,0,82,0,6,418,0.931818181818,1,0,0.0681818181818,1,0.931818181818,0.964705882353,0.958452959446,0.931818181818,0.931818181818,2,8,0,10,10,10
1703,WLNM_dir_neg_kfold,0.90625,0.6125,00:00:02,10,90,10,22355,threshold_sweep,0.2,1,0.25,0.4,2,0,6,16,0.25,1,0,0.75,1,0.25,0.4,0.75,0.638888888889,0.307692307692,0.426401432711,0.25,94,86,8,0,94,0,86,0,8,23,88,0.173913043478,1.68507579377,7.65217391304,7.33333333333,5.5,3.63829000359,0.475458352741,0.249505928854,5.32278271304,1.39118184545,0.672924901186,3.27042079462,0.854769071322,0.442687747036,0.749191304359,0.444603920564,2.5,1.68507579377,0.749191304359,2.5,0.259446613992,0.18878248974,46,0.025974025974,0.333144633145,23,23,23,1,0,0.478260869565,0.217391304348,0.304347826087,23,0.158102766798,1.70986622074,6.95652173913,6.66666666667,5,3.45724878624,0.496979513022,0.271739130435,4.89776911384,1.40810862023,0.680434782609,2.98282302552,0.857561619837,0.461956521739,0.782420638139,0.457591727733,2.5,1.70986622074,0.782420638139,2.5,0.220665313522,0.182565789474,37,0.0208921513269,0.279731127458,23,23,23,1,0,0.478260869565,0.217391304348,0.304347826087,23,82,0.162055335968,1.6873447205,7.13043478261,6.83333333333,5.125,3.42854790129,0.480832937376,0.25980911983,4.97106250721,1.39432241056,0.67868504772,3.04251819979,0.85338925116,0.453870625663,0.750667010341,0.444880646629,2.5,1.6873447205,0.750667010341,2.5,0.264994601358,0.189873417722,40,0.0225861095426,0.29242045833,23,23,23,1,0,0.478260869565,0.217391304348,0.304347826087,-6,-0.0118577075099,0.00226892672545,-0.521739130435,-0.5,-0.375,-0.209742102293,0.00537458463507,0.0103031909766,-0.351720205833,0.00314056510441,0.00576014653427,-0.227902594836,-0.001379820162,0.0111828786272,0.00147570598183,0.000276726064657,0,0.00226892672545,0.00147570598183,0,0.00554798736617,0.00109092798144,-6,-0.00338791643139,-0.0407241748151,0,0,0,82,0,6,418,0.931818181818,1,0,0.0681818181818,1,0.931818181818,0.964705882353,0.958452959446,0.931818181818,0.931818181818,2,8,0,10,10,10
1704,WLNM_dir_neg_kfold,0.90625,0.6125,00:00:02,10,90,10,22355,threshold_sweep,0.3,1,0.25,0.4,2,0,6,16,0.25,1,0,0.75,1,0.25,0.4,0.75,0.638888888889,0.307692307692,0.426401432711,0.25,94,86,8,0,94,0,86,0,8,23,88,0.173913043478,1.68507579377,7.65217391304,7.33333333333,5.5,3.63829000359,0.475458352741,0.249505928854,5.32278271304,1.39118184545,0.672924901186,3.27042079462,0.854769071322,0.442687747036,0.749191304359,0.444603920564,2.5,1.68507579377,0.749191304359,2.5,0.259446613992,0.18878248974,46,0.025974025974,0.333144633145,23,23,23,1,0,0.478260869565,0.217391304348,0.304347826087,23,0.158102766798,1.70986622074,6.95652173913,6.66666666667,5,3.45724878624,0.496979513022,0.271739130435,4.89776911384,1.40810862023,0.680434782609,2.98282302552,0.857561619837,0.461956521739,0.782420638139,0.457591727733,2.5,1.70986622074,0.782420638139,2.5,0.220665313522,0.182565789474,37,0.0208921513269,0.279731127458,23,23,23,1,0,0.478260869565,0.217391304348,0.304347826087,23,82,0.162055335968,1.6873447205,7.13043478261,6.83333333333,5.125,3.42854790129,0.480832937376,0.25980911983,4.97106250721,1.39432241056,0.67868504772,3.04251819979,0.85338925116,0.453870625663,0.750667010341,0.444880646629,2.5,1.6873447205,0.750667010341,2.5,0.264994601358,0.189873417722,40,0.0225861095426,0.29242045833,23,23,23,1,0,0.478260869565,0.217391304348,0.304347826087,-6,-0.0118577075099,0.00226892672545,-0.521739130435,-0.5,-0.375,-0.209742102293,0.00537458463507,0.0103031909766,-0.351720205833,0.00314056510441,0.00576014653427,-0.227902594836,-0.001379820162,0.0111828786272,0.00147570598183,0.000276726064657,0,0.00226892672545,0.00147570598183,0,0.00554798736617,0.00109092798144,-6,-0.00338791643139,-0.0407241748151,0,0,0,82,0,6,418,0.931818181818,1,0,0.0681818181818,1,0.931818181818,0.964705882353,0.958452959446,0.931818181818,0.931818181818,2,8,0,10,10,10
1705,WLNM_dir_neg_kfold,0.90625,0.6125,00:00:02,10,90,10,22355,threshold_sweep,0.4,1,0.25,0.4,2,0,6,16,0.25,1,0,0.75,1,0.25,0.4,0.75,0.638888888889,0.307692307692,0.426401432711,0.25,94,86,8,0,94,0,86,0,8,23,88,0.173913043478,1.68507579377,7.65217391304,7.33333333333,5.5,3.63829000359,0.475458352741,0.249505928854,5.32278271304,1.39118184545,0.672924901186,3.27042079462,0.854769071322,0.442687747036,0.749191304359,0.444603920564,2.5,1.68507579377,0.749191304359,2.5,0.259446613992,0.18878248974,46,0.025974025974,0.333144633145,23,23,23,1,0,0.478260869565,0.217391304348,0.304347826087,23,0.158102766798,1.70986622074,6.95652173913,6.66666666667,5,3.45724878624,0.496979513022,0.271739130435,4.89776911384,1.40810862023,0.680434782609,2.98282302552,0.857561619837,0.461956521739,0.782420638139,0.457591727733,2.5,1.70986622074,0.782420638139,2.5,0.220665313522,0.182565789474,37,0.0208921513269,0.279731127458,23,23,23,1,0,0.478260869565,0.217391304348,0.304347826087,23,82,0.162055335968,1.6873447205,7.13043478261,6.83333333333,5.125,3.42854790129,0.480832937376,0.25980911983,4.97106250721,1.39432241056,0.67868504772,3.04251819979,0.85338925116,0.453870625663,0.750667010341,0.444880646629,2.5,1.6873447205,0.750667010341,2.5,0.264994601358,0.189873417722,40,0.0225861095426,0.29242045833,23,23,23,1,0,0.478260869565,0.217391304348,0.304347826087,-6,-0.0118577075099,0.00226892672545,-0.521739130435,-0.5,-0.375,-0.209742102293,0.00537458463507,0.0103031909766,-0.351720205833,0.00314056510441,0.00576014653427,-0.227902594836,-0.001379820162,0.0111828786272,0.00147570598183,0.000276726064657,0,0.00226892672545,0.00147570598183,0,0.00554798736617,0.00109092798144,-6,-0.00338791643139,-0.0407241748151,0,0,0,82,0,6,418,0.931818181818,1,0,0.0681818181818,1,0.931818181818,0.964705882353,0.958452959446,0.931818181818,0.931818181818,2,8,0,10,10,10
1706,WLNM_dir_neg_kfold,0.90625,0.6125,00:00:02,10,90,10,22355,threshold_sweep,0.5,1,0.25,0.4,2,0,6,16,0.25,1,0,0.75,1,0.25,0.4,0.75,0.638888888889,0.307692307692,0.426401432711,0.25,94,86,8,0,94,0,86,0,8,23,88,0.173913043478,1.68507579377,7.65217391304,7.33333333333,5.5,3.63829000359,0.475458352741,0.249505928854,5.32278271304,1.39118184545,0.672924901186,3.27042079462,0.854769071322,0.442687747036,0.749191304359,0.444603920564,2.5,1.68507579377,0.749191304359,2.5,0.259446613992,0.18878248974,46,0.025974025974,0.333144633145,23,23,23,1,0,0.478260869565,0.217391304348,0.304347826087,23,0.158102766798,1.70986622074,6.95652173913,6.66666666667,5,3.45724878624,0.496979513022,0.271739130435,4.89776911384,1.40810862023,0.680434782609,2.98282302552,0.857561619837,0.461956521739,0.782420638139,0.457591727733,2.5,1.70986622074,0.782420638139,2.5,0.220665313522,0.182565789474,37,0.0208921513269,0.279731127458,23,23,23,1,0,0.478260869565,0.217391304348,0.304347826087,23,82,0.162055335968,1.6873447205,7.13043478261,6.83333333333,5.125,3.42854790129,0.480832937376,0.25980911983,4.97106250721,1.39432241056,0.67868504772,3.04251819979,0.85338925116,0.453870625663,0.750667010341,0.444880646629,2.5,1.6873447205,0.750667010341,2.5,0.264994601358,0.189873417722,40,0.0225861095426,0.29242045833,23,23,23,1,0,0.478260869565,0.217391304348,0.304347826087,-6,-0.0118577075099,0.00226892672545,-0.521739130435,-0.5,-0.375,-0.209742102293,0.00537458463507,0.0103031909766,-0.351720205833,0.00314056510441,0.00576014653427,-0.227902594836,-0.001379820162,0.0111828786272,0.00147570598183,0.000276726064657,0,0.00226892672545,0.00147570598183,0,0.00554798736617,0.00109092798144,-6,-0.00338791643139,-0.0407241748151,0,0,0,82,0,6,418,0.931818181818,1,0,0.0681818181818,1,0.931818181818,0.964705882353,0.958452959446,0.931818181818,0.931818181818,2,8,0,10,10,10
1707,WLNM_dir_neg_kfold,0.90625,0.6125,00:00:02,10,90,10,22355,threshold_sweep,0.6,1,0.25,0.4,2,0,6,16,0.25,1,0,0.75,1,0.25,0.4,0.75,0.638888888889,0.307692307692,0.426401432711,0.25,94,86,8,0,94,0,86,0,8,23,88,0.173913043478,1.68507579377,7.65217391304,7.33333333333,5.5,3.63829000359,0.475458352741,0.249505928854,5.32278271304,1.39118184545,0.672924901186,3.27042079462,0.854769071322,0.442687747036,0.749191304359,0.444603920564,2.5,1.68507579377,0.749191304359,2.5,0.259446613992,0.18878248974,46,0.025974025974,0.333144633145,23,23,23,1,0,0.478260869565,0.217391304348,0.304347826087,23,0.158102766798,1.70986622074,6.95652173913,6.66666666667,5,3.45724878624,0.496979513022,0.271739130435,4.89776911384,1.40810862023,0.680434782609,2.98282302552,0.857561619837,0.461956521739,0.782420638139,0.457591727733,2.5,1.70986622074,0.782420638139,2.5,0.220665313522,0.182565789474,37,0.0208921513269,0.279731127458,23,23,23,1,0,0.478260869565,0.217391304348,0.304347826087,23,82,0.162055335968,1.6873447205,7.13043478261,6.83333333333,5.125,3.42854790129,0.480832937376,0.25980911983,4.97106250721,1.39432241056,0.67868504772,3.04251819979,0.85338925116,0.453870625663,0.750667010341,0.444880646629,2.5,1.6873447205,0.750667010341,2.5,0.264994601358,0.189873417722,40,0.0225861095426,0.29242045833,23,23,23,1,0,0.478260869565,0.217391304348,0.304347826087,-6,-0.0118577075099,0.00226892672545,-0.521739130435,-0.5,-0.375,-0.209742102293,0.00537458463507,0.0103031909766,-0.351720205833,0.00314056510441,0.00576014653427,-0.227902594836,-0.001379820162,0.0111828786272,0.00147570598183,0.000276726064657,0,0.00226892672545,0.00147570598183,0,0.00554798736617,0.00109092798144,-6,-0.00338791643139,-0.0407241748151,0,0,0,82,0,6,418,0.931818181818,1,0,0.0681818181818,1,0.931818181818,0.964705882353,0.958452959446,0.931818181818,0.931818181818,2,8,0,10,10,10
1708,WLNM_dir_neg_kfold,0.90625,0.6125,00:00:02,10,90,10,22355,threshold_sweep,0.7,1,0.25,0.4,2,0,6,16,0.25,1,0,0.75,1,0.25,0.4,0.75,0.638888888889,0.307692307692,0.426401432711,0.25,94,86,8,0,94,0,86,0,8,23,88,0.173913043478,1.68507579377,7.65217391304,7.33333333333,5.5,3.63829000359,0.475458352741,0.249505928854,5.32278271304,1.39118184545,0.672924901186,3.27042079462,0.854769071322,0.442687747036,0.749191304359,0.444603920564,2.5,1.68507579377,0.749191304359,2.5,0.259446613992,0.18878248974,46,0.025974025974,0.333144633145,23,23,23,1,0,0.478260869565,0.217391304348,0.304347826087,23,0.158102766798,1.70986622074,6.95652173913,6.66666666667,5,3.45724878624,0.496979513022,0.271739130435,4.89776911384,1.40810862023,0.680434782609,2.98282302552,0.857561619837,0.461956521739,0.782420638139,0.457591727733,2.5,1.70986622074,0.782420638139,2.5,0.220665313522,0.182565789474,37,0.0208921513269,0.279731127458,23,23,23,1,0,0.478260869565,0.217391304348,0.304347826087,23,82,0.162055335968,1.6873447205,7.13043478261,6.83333333333,5.125,3.42854790129,0.480832937376,0.25980911983,4.97106250721,1.39432241056,0.67868504772,3.04251819979,0.85338925116,0.453870625663,0.750667010341,0.444880646629,2.5,1.6873447205,0.750667010341,2.5,0.264994601358,0.189873417722,40,0.0225861095426,0.29242045833,23,23,23,1,0,0.478260869565,0.217391304348,0.304347826087,-6,-0.0118577075099,0.00226892672545,-0.521739130435,-0.5,-0.375,-0.209742102293,0.00537458463507,0.0103031909766,-0.351720205833,0.00314056510441,0.00576014653427,-0.227902594836,-0.001379820162,0.0111828786272,0.00147570598183,0.000276726064657,0,0.00226892672545,0.00147570598183,0,0.00554798736617,0.00109092798144,-6,-0.00338791643139,-0.0407241748151,0,0,0,82,0,6,418,0.931818181818,1,0,0.0681818181818,1,0.931818181818,0.964705882353,0.958452959446,0.931818181818,0.931818181818,2,8,0,10,10,10
1709,WLNM_dir_neg_kfold,0.90625,0.6125,00:00:02,10,90,10,22355,threshold_sweep,0.8,1,0.25,0.4,2,0,6,16,0.25,1,0,0.75,1,0.25,0.4,0.75,0.638888888889,0.307692307692,0.426401432711,0.25,94,86,8,0,94,0,86,0,8,23,88,0.173913043478,1.68507579377,7.65217391304,7.33333333333,5.5,3.63829000359,0.475458352741,0.249505928854,5.32278271304,1.39118184545,0.672924901186,3.27042079462,0.854769071322,0.442687747036,0.749191304359,0.444603920564,2.5,1.68507579377,0.749191304359,2.5,0.259446613992,0.18878248974,46,0.025974025974,0.333144633145,23,23,23,1,0,0.478260869565,0.217391304348,0.304347826087,23,0.158102766798,1.70986622074,6.95652173913,6.66666666667,5,3.45724878624,0.496979513022,0.271739130435,4.89776911384,1.40810862023,0.680434782609,2.98282302552,0.857561619837,0.461956521739,0.782420638139,0.457591727733,2.5,1.70986622074,0.782420638139,2.5,0.220665313522,0.182565789474,37,0.0208921513269,0.279731127458,23,23,23,1,0,0.478260869565,0.217391304348,0.304347826087,23,82,0.162055335968,1.6873447205,7.13043478261,6.83333333333,5.125,3.42854790129,0.480832937376,0.25980911983,4.97106250721,1.39432241056,0.67868504772,3.04251819979,0.85338925116,0.453870625663,0.750667010341,0.444880646629,2.5,1.6873447205,0.750667010341,2.5,0.264994601358,0.189873417722,40,0.0225861095426,0.29242045833,23,23,23,1,0,0.478260869565,0.217391304348,0.304347826087,-6,-0.0118577075099,0.00226892672545,-0.521739130435,-0.5,-0.375,-0.209742102293,0.00537458463507,0.0103031909766,-0.351720205833,0.00314056510441,0.00576014653427,-0.227902594836,-0.001379820162,0.0111828786272,0.00147570598183,0.000276726064657,0,0.00226892672545,0.00147570598183,0,0.00554798736617,0.00109092798144,-6,-0.00338791643139,-0.0407241748151,0,0,0,82,0,6,418,0.931818181818,1,0,0.0681818181818,1,0.931818181818,0.964705882353,0.958452959446,0.931818181818,0.931818181818,2,8,0,10,10,10
1710,WLNM_dir_neg_kfold,0.90625,0.6125,00:00:02,10,90,10,22355,threshold_sweep,0.9,1,0.25,0.4,2,0,6,16,0.25,1,0,0.75,1,0.25,0.4,0.75,0.638888888889,0.307692307692,0.426401432711,0.25,94,86,8,0,94,0,86,0,8,23,88,0.173913043478,1.68507579377,7.65217391304,7.33333333333,5.5,3.63829000359,0.475458352741,0.249505928854,5.32278271304,1.39118184545,0.672924901186,3.27042079462,0.854769071322,0.442687747036,0.749191304359,0.444603920564,2.5,1.68507579377,0.749191304359,2.5,0.259446613992,0.18878248974,46,0.025974025974,0.333144633145,23,23,23,1,0,0.478260869565,0.217391304348,0.304347826087,23,0.158102766798,1.70986622074,6.95652173913,6.66666666667,5,3.45724878624,0.496979513022,0.271739130435,4.89776911384,1.40810862023,0.680434782609,2.98282302552,0.857561619837,0.461956521739,0.782420638139,0.457591727733,2.5,1.70986622074,0.782420638139,2.5,0.220665313522,0.182565789474,37,0.0208921513269,0.279731127458,23,23,23,1,0,0.478260869565,0.217391304348,0.304347826087,23,82,0.162055335968,1.6873447205,7.13043478261,6.83333333333,5.125,3.42854790129,0.480832937376,0.25980911983,4.97106250721,1.39432241056,0.67868504772,3.04251819979,0.85338925116,0.453870625663,0.750667010341,0.444880646629,2.5,1.6873447205,0.750667010341,2.5,0.264994601358,0.189873417722,40,0.0225861095426,0.29242045833,23,23,23,1,0,0.478260869565,0.217391304348,0.304347826087,-6,-0.0118577075099,0.00226892672545,-0.521739130435,-0.5,-0.375,-0.209742102293,0.00537458463507,0.0103031909766,-0.351720205833,0.00314056510441,0.00576014653427,-0.227902594836,-0.001379820162,0.0111828786272,0.00147570598183,0.000276726064657,0,0.00226892672545,0.00147570598183,0,0.00554798736617,0.00109092798144,-6,-0.00338791643139,-0.0407241748151,0,0,0,82,0,6,418,0.931818181818,1,0,0.0681818181818,1,0.931818181818,0.964705882353,0.958452959446,0.931818181818,0.931818181818,2,8,0,10,10,10
1711,WLNM_dir_neg_kfold,0.859375,0.547727272727,00:00:02,10,90,11,22356,threshold_sweep,0.1,1,0.25,0.4,2,0,6,16,0.25,1,0,0.75,1,0.25,0.4,0.75,0.638888888889,0.307692307692,0.426401432711,0.25,94,86,8,0,94,0,86,0,8,23,88,0.173913043478,1.68507579377,7.65217391304,7.33333333333,5.5,3.63829000359,0.475458352741,0.249505928854,5.32278271304,1.39118184545,0.672924901186,3.27042079462,0.854769071322,0.442687747036,0.749191304359,0.444603920564,2.5,1.68507579377,0.749191304359,2.5,0.259446613992,0.18878248974,46,0.025974025974,0.333144633145,23,23,23,1,0,0.478260869565,0.217391304348,0.304347826087,23,0.158102766798,1.70986622074,6.95652173913,6.66666666667,5,3.45724878624,0.496979513022,0.271739130435,4.89776911384,1.40810862023,0.680434782609,2.98282302552,0.857561619837,0.461956521739,0.782420638139,0.457591727733,2.5,1.70986622074,0.782420638139,2.5,0.220665313522,0.182565789474,37,0.0208921513269,0.279731127458,23,23,23,1,0,0.478260869565,0.217391304348,0.304347826087,23,82,0.162055335968,1.6873447205,7.13043478261,6.83333333333,5.125,3.42854790129,0.480832937376,0.25980911983,4.97106250721,1.39432241056,0.67868504772,3.04251819979,0.85338925116,0.453870625663,0.750667010341,0.444880646629,2.5,1.6873447205,0.750667010341,2.5,0.264994601358,0.189873417722,40,0.0225861095426,0.29242045833,23,23,23,1,0,0.478260869565,0.217391304348,0.304347826087,-6,-0.0118577075099,0.00226892672545,-0.521739130435,-0.5,-0.375,-0.209742102293,0.00537458463507,0.0103031909766,-0.351720205833,0.00314056510441,0.00576014653427,-0.227902594836,-0.001379820162,0.0111828786272,0.00147570598183,0.000276726064657,0,0.00226892672545,0.00147570598183,0,0.00554798736617,0.00109092798144,-6,-0.00338791643139,-0.0407241748151,0,0,0,82,0,6,418,0.931818181818,1,0,0.0681818181818,1,0.931818181818,0.964705882353,0.958452959446,0.931818181818,0.931818181818,2,8,0,10,10,10
1712,WLNM_dir_neg_kfold,0.859375,0.547727272727,00:00:02,10,90,11,22356,threshold_sweep,0.2,1,0.25,0.4,2,0,6,16,0.25,1,0,0.75,1,0.25,0.4,0.75,0.638888888889,0.307692307692,0.426401432711,0.25,94,86,8,0,94,0,86,0,8,23,88,0.173913043478,1.68507579377,7.65217391304,7.33333333333,5.5,3.63829000359,0.475458352741,0.249505928854,5.32278271304,1.39118184545,0.672924901186,3.27042079462,0.854769071322,0.442687747036,0.749191304359,0.444603920564,2.5,1.68507579377,0.749191304359,2.5,0.259446613992,0.18878248974,46,0.025974025974,0.333144633145,23,23,23,1,0,0.478260869565,0.217391304348,0.304347826087,23,0.158102766798,1.70986622074,6.95652173913,6.66666666667,5,3.45724878624,0.496979513022,0.271739130435,4.89776911384,1.40810862023,0.680434782609,2.98282302552,0.857561619837,0.461956521739,0.782420638139,0.457591727733,2.5,1.70986622074,0.782420638139,2.5,0.220665313522,0.182565789474,37,0.0208921513269,0.279731127458,23,23,23,1,0,0.478260869565,0.217391304348,0.304347826087,23,82,0.162055335968,1.6873447205,7.13043478261,6.83333333333,5.125,3.42854790129,0.480832937376,0.25980911983,4.97106250721,1.39432241056,0.67868504772,3.04251819979,0.85338925116,0.453870625663,0.750667010341,0.444880646629,2.5,1.6873447205,0.750667010341,2.5,0.264994601358,0.189873417722,40,0.0225861095426,0.29242045833,23,23,23,1,0,0.478260869565,0.217391304348,0.304347826087,-6,-0.0118577075099,0.00226892672545,-0.521739130435,-0.5,-0.375,-0.209742102293,0.00537458463507,0.0103031909766,-0.351720205833,0.00314056510441,0.00576014653427,-0.227902594836,-0.001379820162,0.0111828786272,0.00147570598183,0.000276726064657,0,0.00226892672545,0.00147570598183,0,0.00554798736617,0.00109092798144,-6,-0.00338791643139,-0.0407241748151,0,0,0,82,0,6,418,0.931818181818,1,0,0.0681818181818,1,0.931818181818,0.964705882353,0.958452959446,0.931818181818,0.931818181818,2,8,0,10,10,10
1713,WLNM_dir_neg_kfold,0.859375,0.547727272727,00:00:02,10,90,11,22356,threshold_sweep,0.3,1,0.25,0.4,2,0,6,16,0.25,1,0,0.75,1,0.25,0.4,0.75,0.638888888889,0.307692307692,0.426401432711,0.25,94,86,8,0,94,0,86,0,8,23,88,0.173913043478,1.68507579377,7.65217391304,7.33333333333,5.5,3.63829000359,0.475458352741,0.249505928854,5.32278271304,1.39118184545,0.672924901186,3.27042079462,0.854769071322,0.442687747036,0.749191304359,0.444603920564,2.5,1.68507579377,0.749191304359,2.5,0.259446613992,0.18878248974,46,0.025974025974,0.333144633145,23,23,23,1,0,0.478260869565,0.217391304348,0.304347826087,23,0.158102766798,1.70986622074,6.95652173913,6.66666666667,5,3.45724878624,0.496979513022,0.271739130435,4.89776911384,1.40810862023,0.680434782609,2.98282302552,0.857561619837,0.461956521739,0.782420638139,0.457591727733,2.5,1.70986622074,0.782420638139,2.5,0.220665313522,0.182565789474,37,0.0208921513269,0.279731127458,23,23,23,1,0,0.478260869565,0.217391304348,0.304347826087,23,82,0.162055335968,1.6873447205,7.13043478261,6.83333333333,5.125,3.42854790129,0.480832937376,0.25980911983,4.97106250721,1.39432241056,0.67868504772,3.04251819979,0.85338925116,0.453870625663,0.750667010341,0.444880646629,2.5,1.6873447205,0.750667010341,2.5,0.264994601358,0.189873417722,40,0.0225861095426,0.29242045833,23,23,23,1,0,0.478260869565,0.217391304348,0.304347826087,-6,-0.0118577075099,0.00226892672545,-0.521739130435,-0.5,-0.375,-0.209742102293,0.00537458463507,0.0103031909766,-0.351720205833,0.00314056510441,0.00576014653427,-0.227902594836,-0.001379820162,0.0111828786272,0.00147570598183,0.000276726064657,0,0.00226892672545,0.00147570598183,0,0.00554798736617,0.00109092798144,-6,-0.00338791643139,-0.0407241748151,0,0,0,82,0,6,418,0.931818181818,1,0,0.0681818181818,1,0.931818181818,0.964705882353,0.958452959446,0.931818181818,0.931818181818,2,8,0,10,10,10
1714,WLNM_dir_neg_kfold,0.859375,0.547727272727,00:00:02,10,90,11,22356,threshold_sweep,0.4,1,0.25,0.4,2,0,6,16,0.25,1,0,0.75,1,0.25,0.4,0.75,0.638888888889,0.307692307692,0.426401432711,0.25,94,86,8,0,94,0,86,0,8,23,88,0.173913043478,1.68507579377,7.65217391304,7.33333333333,5.5,3.63829000359,0.475458352741,0.249505928854,5.32278271304,1.39118184545,0.672924901186,3.27042079462,0.854769071322,0.442687747036,0.749191304359,0.444603920564,2.5,1.68507579377,0.749191304359,2.5,0.259446613992,0.18878248974,46,0.025974025974,0.333144633145,23,23,23,1,0,0.478260869565,0.217391304348,0.304347826087,23,0.158102766798,1.70986622074,6.95652173913,6.66666666667,5,3.45724878624,0.496979513022,0.271739130435,4.89776911384,1.40810862023,0.680434782609,2.98282302552,0.857561619837,0.461956521739,0.782420638139,0.457591727733,2.5,1.70986622074,0.782420638139,2.5,0.220665313522,0.182565789474,37,0.0208921513269,0.279731127458,23,23,23,1,0,0.478260869565,0.217391304348,0.304347826087,23,82,0.162055335968,1.6873447205,7.13043478261,6.83333333333,5.125,3.42854790129,0.480832937376,0.25980911983,4.97106250721,1.39432241056,0.67868504772,3.04251819979,0.85338925116,0.453870625663,0.750667010341,0.444880646629,2.5,1.6873447205,0.750667010341,2.5,0.264994601358,0.189873417722,40,0.0225861095426,0.29242045833,23,23,23,1,0,0.478260869565,0.217391304348,0.304347826087,-6,-0.0118577075099,0.00226892672545,-0.521739130435,-0.5,-0.375,-0.209742102293,0.00537458463507,0.0103031909766,-0.351720205833,0.00314056510441,0.00576014653427,-0.227902594836,-0.001379820162,0.0111828786272,0.00147570598183,0.000276726064657,0,0.00226892672545,0.00147570598183,0,0.00554798736617,0.00109092798144,-6,-0.00338791643139,-0.0407241748151,0,0,0,82,0,6,418,0.931818181818,1,0,0.0681818181818,1,0.931818181818,0.964705882353,0.958452959446,0.931818181818,0.931818181818,2,8,0,10,10,10
1715,WLNM_dir_neg_kfold,0.859375,0.547727272727,00:00:02,10,90,11,22356,threshold_sweep,0.5,1,0.25,0.4,2,0,6,16,0.25,1,0,0.75,1,0.25,0.4,0.75,0.638888888889,0.307692307692,0.426401432711,0.25,94,86,8,0,94,0,86,0,8,23,88,0.173913043478,1.68507579377,7.65217391304,7.33333333333,5.5,3.63829000359,0.475458352741,0.249505928854,5.32278271304,1.39118184545,0.672924901186,3.27042079462,0.854769071322,0.442687747036,0.749191304359,0.444603920564,2.5,1.68507579377,0.749191304359,2.5,0.259446613992,0.18878248974,46,0.025974025974,0.333144633145,23,23,23,1,0,0.478260869565,0.217391304348,0.304347826087,23,0.158102766798,1.70986622074,6.95652173913,6.66666666667,5,3.45724878624,0.496979513022,0.271739130435,4.89776911384,1.40810862023,0.680434782609,2.98282302552,0.857561619837,0.461956521739,0.782420638139,0.457591727733,2.5,1.70986622074,0.782420638139,2.5,0.220665313522,0.182565789474,37,0.0208921513269,0.279731127458,23,23,23,1,0,0.478260869565,0.217391304348,0.304347826087,23,82,0.162055335968,1.6873447205,7.13043478261,6.83333333333,5.125,3.42854790129,0.480832937376,0.25980911983,4.97106250721,1.39432241056,0.67868504772,3.04251819979,0.85338925116,0.453870625663,0.750667010341,0.444880646629,2.5,1.6873447205,0.750667010341,2.5,0.264994601358,0.189873417722,40,0.0225861095426,0.29242045833,23,23,23,1,0,0.478260869565,0.217391304348,0.304347826087,-6,-0.0118577075099,0.00226892672545,-0.521739130435,-0.5,-0.375,-0.209742102293,0.00537458463507,0.0103031909766,-0.351720205833,0.00314056510441,0.00576014653427,-0.227902594836,-0.001379820162,0.0111828786272,0.00147570598183,0.000276726064657,0,0.00226892672545,0.00147570598183,0,0.00554798736617,0.00109092798144,-6,-0.00338791643139,-0.0407241748151,0,0,0,82,0,6,418,0.931818181818,1,0,0.0681818181818,1,0.931818181818,0.964705882353,0.958452959446,0.931818181818,0.931818181818,2,8,0,10,10,10
1716,WLNM_dir_neg_kfold,0.859375,0.547727272727,00:00:02,10,90,11,22356,threshold_sweep,0.6,1,0.25,0.4,2,0,6,16,0.25,1,0,0.75,1,0.25,0.4,0.75,0.638888888889,0.307692307692,0.426401432711,0.25,94,86,8,0,94,0,86,0,8,23,88,0.173913043478,1.68507579377,7.65217391304,7.33333333333,5.5,3.63829000359,0.475458352741,0.249505928854,5.32278271304,1.39118184545,0.672924901186,3.27042079462,0.854769071322,0.442687747036,0.749191304359,0.444603920564,2.5,1.68507579377,0.749191304359,2.5,0.259446613992,0.18878248974,46,0.025974025974,0.333144633145,23,23,23,1,0,0.478260869565,0.217391304348,0.304347826087,23,0.158102766798,1.70986622074,6.95652173913,6.66666666667,5,3.45724878624,0.496979513022,0.271739130435,4.89776911384,1.40810862023,0.680434782609,2.98282302552,0.857561619837,0.461956521739,0.782420638139,0.457591727733,2.5,1.70986622074,0.782420638139,2.5,0.220665313522,0.182565789474,37,0.0208921513269,0.279731127458,23,23,23,1,0,0.478260869565,0.217391304348,0.304347826087,23,82,0.162055335968,1.6873447205,7.13043478261,6.83333333333,5.125,3.42854790129,0.480832937376,0.25980911983,4.97106250721,1.39432241056,0.67868504772,3.04251819979,0.85338925116,0.453870625663,0.750667010341,0.444880646629,2.5,1.6873447205,0.750667010341,2.5,0.264994601358,0.189873417722,40,0.0225861095426,0.29242045833,23,23,23,1,0,0.478260869565,0.217391304348,0.304347826087,-6,-0.0118577075099,0.00226892672545,-0.521739130435,-0.5,-0.375,-0.209742102293,0.00537458463507,0.0103031909766,-0.351720205833,0.00314056510441,0.00576014653427,-0.227902594836,-0.001379820162,0.0111828786272,0.00147570598183,0.000276726064657,0,0.00226892672545,0.00147570598183,0,0.00554798736617,0.00109092798144,-6,-0.00338791643139,-0.0407241748151,0,0,0,82,0,6,418,0.931818181818,1,0,0.0681818181818,1,0.931818181818,0.964705882353,0.958452959446,0.931818181818,0.931818181818,2,8,0,10,10,10
1717,WLNM_dir_neg_kfold,0.859375,0.547727272727,00:00:02,10,90,11,22356,threshold_sweep,0.7,1,0.25,0.4,2,0,6,16,0.25,1,0,0.75,1,0.25,0.4,0.75,0.638888888889,0.307692307692,0.426401432711,0.25,94,86,8,0,94,0,86,0,8,23,88,0.173913043478,1.68507579377,7.65217391304,7.33333333333,5.5,3.63829000359,0.475458352741,0.249505928854,5.32278271304,1.39118184545,0.672924901186,3.27042079462,0.854769071322,0.442687747036,0.749191304359,0.444603920564,2.5,1.68507579377,0.749191304359,2.5,0.259446613992,0.18878248974,46,0.025974025974,0.333144633145,23,23,23,1,0,0.478260869565,0.217391304348,0.304347826087,23,0.158102766798,1.70986622074,6.95652173913,6.66666666667,5,3.45724878624,0.496979513022,0.271739130435,4.89776911384,1.40810862023,0.680434782609,2.98282302552,0.857561619837,0.461956521739,0.782420638139,0.457591727733,2.5,1.70986622074,0.782420638139,2.5,0.220665313522,0.182565789474,37,0.0208921513269,0.279731127458,23,23,23,1,0,0.478260869565,0.217391304348,0.304347826087,23,82,0.162055335968,1.6873447205,7.13043478261,6.83333333333,5.125,3.42854790129,0.480832937376,0.25980911983,4.97106250721,1.39432241056,0.67868504772,3.04251819979,0.85338925116,0.453870625663,0.750667010341,0.444880646629,2.5,1.6873447205,0.750667010341,2.5,0.264994601358,0.189873417722,40,0.0225861095426,0.29242045833,23,23,23,1,0,0.478260869565,0.217391304348,0.304347826087,-6,-0.0118577075099,0.00226892672545,-0.521739130435,-0.5,-0.375,-0.209742102293,0.00537458463507,0.0103031909766,-0.351720205833,0.00314056510441,0.00576014653427,-0.227902594836,-0.001379820162,0.0111828786272,0.00147570598183,0.000276726064657,0,0.00226892672545,0.00147570598183,0,0.00554798736617,0.00109092798144,-6,-0.00338791643139,-0.0407241748151,0,0,0,82,0,6,418,0.931818181818,1,0,0.0681818181818,1,0.931818181818,0.964705882353,0.958452959446,0.931818181818,0.931818181818,2,8,0,10,10,10
1718,WLNM_dir_neg_kfold,0.859375,0.547727272727,00:00:02,10,90,11,22356,threshold_sweep,0.8,1,0.25,0.4,2,0,6,16,0.25,1,0,0.75,1,0.25,0.4,0.75,0.638888888889,0.307692307692,0.426401432711,0.25,94,86,8,0,94,0,86,0,8,23,88,0.173913043478,1.68507579377,7.65217391304,7.33333333333,5.5,3.63829000359,0.475458352741,0.249505928854,5.32278271304,1.39118184545,0.672924901186,3.27042079462,0.854769071322,0.442687747036,0.749191304359,0.444603920564,2.5,1.68507579377,0.749191304359,2.5,0.259446613992,0.18878248974,46,0.025974025974,0.333144633145,23,23,23,1,0,0.478260869565,0.217391304348,0.304347826087,23,0.158102766798,1.70986622074,6.95652173913,6.66666666667,5,3.45724878624,0.496979513022,0.271739130435,4.89776911384,1.40810862023,0.680434782609,2.98282302552,0.857561619837,0.461956521739,0.782420638139,0.457591727733,2.5,1.70986622074,0.782420638139,2.5,0.220665313522,0.182565789474,37,0.0208921513269,0.279731127458,23,23,23,1,0,0.478260869565,0.217391304348,0.304347826087,23,82,0.162055335968,1.6873447205,7.13043478261,6.83333333333,5.125,3.42854790129,0.480832937376,0.25980911983,4.97106250721,1.39432241056,0.67868504772,3.04251819979,0.85338925116,0.453870625663,0.750667010341,0.444880646629,2.5,1.6873447205,0.750667010341,2.5,0.264994601358,0.189873417722,40,0.0225861095426,0.29242045833,23,23,23,1,0,0.478260869565,0.217391304348,0.304347826087,-6,-0.0118577075099,0.00226892672545,-0.521739130435,-0.5,-0.375,-0.209742102293,0.00537458463507,0.0103031909766,-0.351720205833,0.00314056510441,0.00576014653427,-0.227902594836,-0.001379820162,0.0111828786272,0.00147570598183,0.000276726064657,0,0.00226892672545,0.00147570598183,0,0.00554798736617,0.00109092798144,-6,-0.00338791643139,-0.0407241748151,0,0,0,82,0,6,418,0.931818181818,1,0,0.0681818181818,1,0.931818181818,0.964705882353,0.958452959446,0.931818181818,0.931818181818,2,8,0,10,10,10
1719,WLNM_dir_neg_kfold,0.859375,0.547727272727,00:00:02,10,90,11,22356,threshold_sweep,0.9,1,0.25,0.4,2,0,6,16,0.25,1,0,0.75,1,0.25,0.4,0.75,0.638888888889,0.307692307692,0.426401432711,0.25,94,86,8,0,94,0,86,0,8,23,88,0.173913043478,1.68507579377,7.65217391304,7.33333333333,5.5,3.63829000359,0.475458352741,0.249505928854,5.32278271304,1.39118184545,0.672924901186,3.27042079462,0.854769071322,0.442687747036,0.749191304359,0.444603920564,2.5,1.68507579377,0.749191304359,2.5,0.259446613992,0.18878248974,46,0.025974025974,0.333144633145,23,23,23,1,0,0.478260869565,0.217391304348,0.304347826087,23,0.158102766798,1.70986622074,6.95652173913,6.66666666667,5,3.45724878624,0.496979513022,0.271739130435,4.89776911384,1.40810862023,0.680434782609,2.98282302552,0.857561619837,0.461956521739,0.782420638139,0.457591727733,2.5,1.70986622074,0.782420638139,2.5,0.220665313522,0.182565789474,37,0.0208921513269,0.279731127458,23,23,23,1,0,0.478260869565,0.217391304348,0.304347826087,23,82,0.162055335968,1.6873447205,7.13043478261,6.83333333333,5.125,3.42854790129,0.480832937376,0.25980911983,4.97106250721,1.39432241056,0.67868504772,3.04251819979,0.85338925116,0.453870625663,0.750667010341,0.444880646629,2.5,1.6873447205,0.750667010341,2.5,0.264994601358,0.189873417722,40,0.0225861095426,0.29242045833,23,23,23,1,0,0.478260869565,0.217391304348,0.304347826087,-6,-0.0118577075099,0.00226892672545,-0.521739130435,-0.5,-0.375,-0.209742102293,0.00537458463507,0.0103031909766,-0.351720205833,0.00314056510441,0.00576014653427,-0.227902594836,-0.001379820162,0.0111828786272,0.00147570598183,0.000276726064657,0,0.00226892672545,0.00147570598183,0,0.00554798736617,0.00109092798144,-6,-0.00338791643139,-0.0407241748151,0,0,0,82,0,6,418,0.931818181818,1,0,0.0681818181818,1,0.931818181818,0.964705882353,0.958452959446,0.931818181818,0.931818181818,2,8,0,10,10,10
1720,WLNM_dir_neg_kfold,0.7890625,0.480769230769,00:00:02,10,90,12,22357,threshold_sweep,0.1,1,0.25,0.4,2,0,6,16,0.25,1,0,0.75,1,0.25,0.4,0.75,0.638888888889,0.307692307692,0.426401432711,0.25,94,86,8,0,94,0,86,0,8,23,88,0.173913043478,1.68507579377,7.65217391304,7.33333333333,5.5,3.63829000359,0.475458352741,0.249505928854,5.32278271304,1.39118184545,0.672924901186,3.27042079462,0.854769071322,0.442687747036,0.749191304359,0.444603920564,2.5,1.68507579377,0.749191304359,2.5,0.259446613992,0.18878248974,46,0.025974025974,0.333144633145,23,23,23,1,0,0.478260869565,0.217391304348,0.304347826087,23,0.158102766798,1.70986622074,6.95652173913,6.66666666667,5,3.45724878624,0.496979513022,0.271739130435,4.89776911384,1.40810862023,0.680434782609,2.98282302552,0.857561619837,0.461956521739,0.782420638139,0.457591727733,2.5,1.70986622074,0.782420638139,2.5,0.220665313522,0.182565789474,37,0.0208921513269,0.279731127458,23,23,23,1,0,0.478260869565,0.217391304348,0.304347826087,23,82,0.162055335968,1.6873447205,7.13043478261,6.83333333333,5.125,3.42854790129,0.480832937376,0.25980911983,4.97106250721,1.39432241056,0.67868504772,3.04251819979,0.85338925116,0.453870625663,0.750667010341,0.444880646629,2.5,1.6873447205,0.750667010341,2.5,0.264994601358,0.189873417722,40,0.0225861095426,0.29242045833,23,23,23,1,0,0.478260869565,0.217391304348,0.304347826087,-6,-0.0118577075099,0.00226892672545,-0.521739130435,-0.5,-0.375,-0.209742102293,0.00537458463507,0.0103031909766,-0.351720205833,0.00314056510441,0.00576014653427,-0.227902594836,-0.001379820162,0.0111828786272,0.00147570598183,0.000276726064657,0,0.00226892672545,0.00147570598183,0,0.00554798736617,0.00109092798144,-6,-0.00338791643139,-0.0407241748151,0,0,0,82,0,6,418,0.931818181818,1,0,0.0681818181818,1,0.931818181818,0.964705882353,0.958452959446,0.931818181818,0.931818181818,2,8,0,10,10,10
1721,WLNM_dir_neg_kfold,0.7890625,0.480769230769,00:00:02,10,90,12,22357,threshold_sweep,0.2,1,0.25,0.4,2,0,6,16,0.25,1,0,0.75,1,0.25,0.4,0.75,0.638888888889,0.307692307692,0.426401432711,0.25,94,86,8,0,94,0,86,0,8,23,88,0.173913043478,1.68507579377,7.65217391304,7.33333333333,5.5,3.63829000359,0.475458352741,0.249505928854,5.32278271304,1.39118184545,0.672924901186,3.27042079462,0.854769071322,0.442687747036,0.749191304359,0.444603920564,2.5,1.68507579377,0.749191304359,2.5,0.259446613992,0.18878248974,46,0.025974025974,0.333144633145,23,23,23,1,0,0.478260869565,0.217391304348,0.304347826087,23,0.158102766798,1.70986622074,6.95652173913,6.66666666667,5,3.45724878624,0.496979513022,0.271739130435,4.89776911384,1.40810862023,0.680434782609,2.98282302552,0.857561619837,0.461956521739,0.782420638139,0.457591727733,2.5,1.70986622074,0.782420638139,2.5,0.220665313522,0.182565789474,37,0.0208921513269,0.279731127458,23,23,23,1,0,0.478260869565,0.217391304348,0.304347826087,23,82,0.162055335968,1.6873447205,7.13043478261,6.83333333333,5.125,3.42854790129,0.480832937376,0.25980911983,4.97106250721,1.39432241056,0.67868504772,3.04251819979,0.85338925116,0.453870625663,0.750667010341,0.444880646629,2.5,1.6873447205,0.750667010341,2.5,0.264994601358,0.189873417722,40,0.0225861095426,0.29242045833,23,23,23,1,0,0.478260869565,0.217391304348,0.304347826087,-6,-0.0118577075099,0.00226892672545,-0.521739130435,-0.5,-0.375,-0.209742102293,0.00537458463507,0.0103031909766,-0.351720205833,0.00314056510441,0.00576014653427,-0.227902594836,-0.001379820162,0.0111828786272,0.00147570598183,0.000276726064657,0,0.00226892672545,0.00147570598183,0,0.00554798736617,0.00109092798144,-6,-0.00338791643139,-0.0407241748151,0,0,0,82,0,6,418,0.931818181818,1,0,0.0681818181818,1,0.931818181818,0.964705882353,0.958452959446,0.931818181818,0.931818181818,2,8,0,10,10,10
1722,WLNM_dir_neg_kfold,0.7890625,0.480769230769,00:00:02,10,90,12,22357,threshold_sweep,0.3,1,0.25,0.4,2,0,6,16,0.25,1,0,0.75,1,0.25,0.4,0.75,0.638888888889,0.307692307692,0.426401432711,0.25,94,86,8,0,94,0,86,0,8,23,88,0.173913043478,1.68507579377,7.65217391304,7.33333333333,5.5,3.63829000359,0.475458352741,0.249505928854,5.32278271304,1.39118184545,0.672924901186,3.27042079462,0.854769071322,0.442687747036,0.749191304359,0.444603920564,2.5,1.68507579377,0.749191304359,2.5,0.259446613992,0.18878248974,46,0.025974025974,0.333144633145,23,23,23,1,0,0.478260869565,0.217391304348,0.304347826087,23,0.158102766798,1.70986622074,6.95652173913,6.66666666667,5,3.45724878624,0.496979513022,0.271739130435,4.89776911384,1.40810862023,0.680434782609,2.98282302552,0.857561619837,0.461956521739,0.782420638139,0.457591727733,2.5,1.70986622074,0.782420638139,2.5,0.220665313522,0.182565789474,37,0.0208921513269,0.279731127458,23,23,23,1,0,0.478260869565,0.217391304348,0.304347826087,23,82,0.162055335968,1.6873447205,7.13043478261,6.83333333333,5.125,3.42854790129,0.480832937376,0.25980911983,4.97106250721,1.39432241056,0.67868504772,3.04251819979,0.85338925116,0.453870625663,0.750667010341,0.444880646629,2.5,1.6873447205,0.750667010341,2.5,0.264994601358,0.189873417722,40,0.0225861095426,0.29242045833,23,23,23,1,0,0.478260869565,0.217391304348,0.304347826087,-6,-0.0118577075099,0.00226892672545,-0.521739130435,-0.5,-0.375,-0.209742102293,0.00537458463507,0.0103031909766,-0.351720205833,0.00314056510441,0.00576014653427,-0.227902594836,-0.001379820162,0.0111828786272,0.00147570598183,0.000276726064657,0,0.00226892672545,0.00147570598183,0,0.00554798736617,0.00109092798144,-6,-0.00338791643139,-0.0407241748151,0,0,0,82,0,6,418,0.931818181818,1,0,0.0681818181818,1,0.931818181818,0.964705882353,0.958452959446,0.931818181818,0.931818181818,2,8,0,10,10,10
1723,WLNM_dir_neg_kfold,0.7890625,0.480769230769,00:00:02,10,90,12,22357,threshold_sweep,0.4,1,0.25,0.4,2,0,6,16,0.25,1,0,0.75,1,0.25,0.4,0.75,0.638888888889,0.307692307692,0.426401432711,0.25,94,86,8,0,94,0,86,0,8,23,88,0.173913043478,1.68507579377,7.65217391304,7.33333333333,5.5,3.63829000359,0.475458352741,0.249505928854,5.32278271304,1.39118184545,0.672924901186,3.27042079462,0.854769071322,0.442687747036,0.749191304359,0.444603920564,2.5,1.68507579377,0.749191304359,2.5,0.259446613992,0.18878248974,46,0.025974025974,0.333144633145,23,23,23,1,0,0.478260869565,0.217391304348,0.304347826087,23,0.158102766798,1.70986622074,6.95652173913,6.66666666667,5,3.45724878624,0.496979513022,0.271739130435,4.89776911384,1.40810862023,0.680434782609,2.98282302552,0.857561619837,0.461956521739,0.782420638139,0.457591727733,2.5,1.70986622074,0.782420638139,2.5,0.220665313522,0.182565789474,37,0.0208921513269,0.279731127458,23,23,23,1,0,0.478260869565,0.217391304348,0.304347826087,23,82,0.162055335968,1.6873447205,7.13043478261,6.83333333333,5.125,3.42854790129,0.480832937376,0.25980911983,4.97106250721,1.39432241056,0.67868504772,3.04251819979,0.85338925116,0.453870625663,0.750667010341,0.444880646629,2.5,1.6873447205,0.750667010341,2.5,0.264994601358,0.189873417722,40,0.0225861095426,0.29242045833,23,23,23,1,0,0.478260869565,0.217391304348,0.304347826087,-6,-0.0118577075099,0.00226892672545,-0.521739130435,-0.5,-0.375,-0.209742102293,0.00537458463507,0.0103031909766,-0.351720205833,0.00314056510441,0.00576014653427,-0.227902594836,-0.001379820162,0.0111828786272,0.00147570598183,0.000276726064657,0,0.00226892672545,0.00147570598183,0,0.00554798736617,0.00109092798144,-6,-0.00338791643139,-0.0407241748151,0,0,0,82,0,6,418,0.931818181818,1,0,0.0681818181818,1,0.931818181818,0.964705882353,0.958452959446,0.931818181818,0.931818181818,2,8,0,10,10,10
1724,WLNM_dir_neg_kfold,0.7890625,0.480769230769,00:00:02,10,90,12,22357,threshold_sweep,0.5,1,0.25,0.4,2,0,6,16,0.25,1,0,0.75,1,0.25,0.4,0.75,0.638888888889,0.307692307692,0.426401432711,0.25,94,86,8,0,94,0,86,0,8,23,88,0.173913043478,1.68507579377,7.65217391304,7.33333333333,5.5,3.63829000359,0.475458352741,0.249505928854,5.32278271304,1.39118184545,0.672924901186,3.27042079462,0.854769071322,0.442687747036,0.749191304359,0.444603920564,2.5,1.68507579377,0.749191304359,2.5,0.259446613992,0.18878248974,46,0.025974025974,0.333144633145,23,23,23,1,0,0.478260869565,0.217391304348,0.304347826087,23,0.158102766798,1.70986622074,6.95652173913,6.66666666667,5,3.45724878624,0.496979513022,0.271739130435,4.89776911384,1.40810862023,0.680434782609,2.98282302552,0.857561619837,0.461956521739,0.782420638139,0.457591727733,2.5,1.70986622074,0.782420638139,2.5,0.220665313522,0.182565789474,37,0.0208921513269,0.279731127458,23,23,23,1,0,0.478260869565,0.217391304348,0.304347826087,23,82,0.162055335968,1.6873447205,7.13043478261,6.83333333333,5.125,3.42854790129,0.480832937376,0.25980911983,4.97106250721,1.39432241056,0.67868504772,3.04251819979,0.85338925116,0.453870625663,0.750667010341,0.444880646629,2.5,1.6873447205,0.750667010341,2.5,0.264994601358,0.189873417722,40,0.0225861095426,0.29242045833,23,23,23,1,0,0.478260869565,0.217391304348,0.304347826087,-6,-0.0118577075099,0.00226892672545,-0.521739130435,-0.5,-0.375,-0.209742102293,0.00537458463507,0.0103031909766,-0.351720205833,0.00314056510441,0.00576014653427,-0.227902594836,-0.001379820162,0.0111828786272,0.00147570598183,0.000276726064657,0,0.00226892672545,0.00147570598183,0,0.00554798736617,0.00109092798144,-6,-0.00338791643139,-0.0407241748151,0,0,0,82,0,6,418,0.931818181818,1,0,0.0681818181818,1,0.931818181818,0.964705882353,0.958452959446,0.931818181818,0.931818181818,2,8,0,10,10,10
1725,WLNM_dir_neg_kfold,0.7890625,0.480769230769,00:00:02,10,90,12,22357,threshold_sweep,0.6,1,0.25,0.4,2,0,6,16,0.25,1,0,0.75,1,0.25,0.4,0.75,0.638888888889,0.307692307692,0.426401432711,0.25,94,86,8,0,94,0,86,0,8,23,88,0.173913043478,1.68507579377,7.65217391304,7.33333333333,5.5,3.63829000359,0.475458352741,0.249505928854,5.32278271304,1.39118184545,0.672924901186,3.27042079462,0.854769071322,0.442687747036,0.749191304359,0.444603920564,2.5,1.68507579377,0.749191304359,2.5,0.259446613992,0.18878248974,46,0.025974025974,0.333144633145,23,23,23,1,0,0.478260869565,0.217391304348,0.304347826087,23,0.158102766798,1.70986622074,6.95652173913,6.66666666667,5,3.45724878624,0.496979513022,0.271739130435,4.89776911384,1.40810862023,0.680434782609,2.98282302552,0.857561619837,0.461956521739,0.782420638139,0.457591727733,2.5,1.70986622074,0.782420638139,2.5,0.220665313522,0.182565789474,37,0.0208921513269,0.279731127458,23,23,23,1,0,0.478260869565,0.217391304348,0.304347826087,23,82,0.162055335968,1.6873447205,7.13043478261,6.83333333333,5.125,3.42854790129,0.480832937376,0.25980911983,4.97106250721,1.39432241056,0.67868504772,3.04251819979,0.85338925116,0.453870625663,0.750667010341,0.444880646629,2.5,1.6873447205,0.750667010341,2.5,0.264994601358,0.189873417722,40,0.0225861095426,0.29242045833,23,23,23,1,0,0.478260869565,0.217391304348,0.304347826087,-6,-0.0118577075099,0.00226892672545,-0.521739130435,-0.5,-0.375,-0.209742102293,0.00537458463507,0.0103031909766,-0.351720205833,0.00314056510441,0.00576014653427,-0.227902594836,-0.001379820162,0.0111828786272,0.00147570598183,0.000276726064657,0,0.00226892672545,0.00147570598183,0,0.00554798736617,0.00109092798144,-6,-0.00338791643139,-0.0407241748151,0,0,0,82,0,6,418,0.931818181818,1,0,0.0681818181818,1,0.931818181818,0.964705882353,0.958452959446,0.931818181818,0.931818181818,2,8,0,10,10,10
1726,WLNM_dir_neg_kfold,0.7890625,0.480769230769,00:00:02,10,90,12,22357,threshold_sweep,0.7,1,0.25,0.4,2,0,6,16,0.25,1,0,0.75,1,0.25,0.4,0.75,0.638888888889,0.307692307692,0.426401432711,0.25,94,86,8,0,94,0,86,0,8,23,88,0.173913043478,1.68507579377,7.65217391304,7.33333333333,5.5,3.63829000359,0.475458352741,0.249505928854,5.32278271304,1.39118184545,0.672924901186,3.27042079462,0.854769071322,0.442687747036,0.749191304359,0.444603920564,2.5,1.68507579377,0.749191304359,2.5,0.259446613992,0.18878248974,46,0.025974025974,0.333144633145,23,23,23,1,0,0.478260869565,0.217391304348,0.304347826087,23,0.158102766798,1.70986622074,6.95652173913,6.66666666667,5,3.45724878624,0.496979513022,0.271739130435,4.89776911384,1.40810862023,0.680434782609,2.98282302552,0.857561619837,0.461956521739,0.782420638139,0.457591727733,2.5,1.70986622074,0.782420638139,2.5,0.220665313522,0.182565789474,37,0.0208921513269,0.279731127458,23,23,23,1,0,0.478260869565,0.217391304348,0.304347826087,23,82,0.162055335968,1.6873447205,7.13043478261,6.83333333333,5.125,3.42854790129,0.480832937376,0.25980911983,4.97106250721,1.39432241056,0.67868504772,3.04251819979,0.85338925116,0.453870625663,0.750667010341,0.444880646629,2.5,1.6873447205,0.750667010341,2.5,0.264994601358,0.189873417722,40,0.0225861095426,0.29242045833,23,23,23,1,0,0.478260869565,0.217391304348,0.304347826087,-6,-0.0118577075099,0.00226892672545,-0.521739130435,-0.5,-0.375,-0.209742102293,0.00537458463507,0.0103031909766,-0.351720205833,0.00314056510441,0.00576014653427,-0.227902594836,-0.001379820162,0.0111828786272,0.00147570598183,0.000276726064657,0,0.00226892672545,0.00147570598183,0,0.00554798736617,0.00109092798144,-6,-0.00338791643139,-0.0407241748151,0,0,0,82,0,6,418,0.931818181818,1,0,0.0681818181818,1,0.931818181818,0.964705882353,0.958452959446,0.931818181818,0.931818181818,2,8,0,10,10,10
1727,WLNM_dir_neg_kfold,0.7890625,0.480769230769,00:00:02,10,90,12,22357,threshold_sweep,0.8,1,0.25,0.4,2,0,6,16,0.25,1,0,0.75,1,0.25,0.4,0.75,0.638888888889,0.307692307692,0.426401432711,0.25,94,86,8,0,94,0,86,0,8,23,88,0.173913043478,1.68507579377,7.65217391304,7.33333333333,5.5,3.63829000359,0.475458352741,0.249505928854,5.32278271304,1.39118184545,0.672924901186,3.27042079462,0.854769071322,0.442687747036,0.749191304359,0.444603920564,2.5,1.68507579377,0.749191304359,2.5,0.259446613992,0.18878248974,46,0.025974025974,0.333144633145,23,23,23,1,0,0.478260869565,0.217391304348,0.304347826087,23,0.158102766798,1.70986622074,6.95652173913,6.66666666667,5,3.45724878624,0.496979513022,0.271739130435,4.89776911384,1.40810862023,0.680434782609,2.98282302552,0.857561619837,0.461956521739,0.782420638139,0.457591727733,2.5,1.70986622074,0.782420638139,2.5,0.220665313522,0.182565789474,37,0.0208921513269,0.279731127458,23,23,23,1,0,0.478260869565,0.217391304348,0.304347826087,23,82,0.162055335968,1.6873447205,7.13043478261,6.83333333333,5.125,3.42854790129,0.480832937376,0.25980911983,4.97106250721,1.39432241056,0.67868504772,3.04251819979,0.85338925116,0.453870625663,0.750667010341,0.444880646629,2.5,1.6873447205,0.750667010341,2.5,0.264994601358,0.189873417722,40,0.0225861095426,0.29242045833,23,23,23,1,0,0.478260869565,0.217391304348,0.304347826087,-6,-0.0118577075099,0.00226892672545,-0.521739130435,-0.5,-0.375,-0.209742102293,0.00537458463507,0.0103031909766,-0.351720205833,0.00314056510441,0.00576014653427,-0.227902594836,-0.001379820162,0.0111828786272,0.00147570598183,0.000276726064657,0,0.00226892672545,0.00147570598183,0,0.00554798736617,0.00109092798144,-6,-0.00338791643139,-0.0407241748151,0,0,0,82,0,6,418,0.931818181818,1,0,0.0681818181818,1,0.931818181818,0.964705882353,0.958452959446,0.931818181818,0.931818181818,2,8,0,10,10,10
1728,WLNM_dir_neg_kfold,0.7890625,0.480769230769,00:00:02,10,90,12,22357,threshold_sweep,0.9,1,0.25,0.4,2,0,6,16,0.25,1,0,0.75,1,0.25,0.4,0.75,0.638888888889,0.307692307692,0.426401432711,0.25,94,86,8,0,94,0,86,0,8,23,88,0.173913043478,1.68507579377,7.65217391304,7.33333333333,5.5,3.63829000359,0.475458352741,0.249505928854,5.32278271304,1.39118184545,0.672924901186,3.27042079462,0.854769071322,0.442687747036,0.749191304359,0.444603920564,2.5,1.68507579377,0.749191304359,2.5,0.259446613992,0.18878248974,46,0.025974025974,0.333144633145,23,23,23,1,0,0.478260869565,0.217391304348,0.304347826087,23,0.158102766798,1.70986622074,6.95652173913,6.66666666667,5,3.45724878624,0.496979513022,0.271739130435,4.89776911384,1.40810862023,0.680434782609,2.98282302552,0.857561619837,0.461956521739,0.782420638139,0.457591727733,2.5,1.70986622074,0.782420638139,2.5,0.220665313522,0.182565789474,37,0.0208921513269,0.279731127458,23,23,23,1,0,0.478260869565,0.217391304348,0.304347826087,23,82,0.162055335968,1.6873447205,7.13043478261,6.83333333333,5.125,3.42854790129,0.480832937376,0.25980911983,4.97106250721,1.39432241056,0.67868504772,3.04251819979,0.85338925116,0.453870625663,0.750667010341,0.444880646629,2.5,1.6873447205,0.750667010341,2.5,0.264994601358,0.189873417722,40,0.0225861095426,0.29242045833,23,23,23,1,0,0.478260869565,0.217391304348,0.304347826087,-6,-0.0118577075099,0.00226892672545,-0.521739130435,-0.5,-0.375,-0.209742102293,0.00537458463507,0.0103031909766,-0.351720205833,0.00314056510441,0.00576014653427,-0.227902594836,-0.001379820162,0.0111828786272,0.00147570598183,0.000276726064657,0,0.00226892672545,0.00147570598183,0,0.00554798736617,0.00109092798144,-6,-0.00338791643139,-0.0407241748151,0,0,0,82,0,6,418,0.931818181818,1,0,0.0681818181818,1,0.931818181818,0.964705882353,0.958452959446,0.931818181818,0.931818181818,2,8,0,10,10,10
1729,WLNM_dir_neg_kfold,0.4375,0.328571428571,00:00:02,10,90,13,22358,threshold_sweep,0.1,1,0.25,0.4,2,0,6,16,0.25,1,0,0.75,1,0.25,0.4,0.75,0.638888888889,0.307692307692,0.426401432711,0.25,94,86,8,0,94,0,86,0,8,23,88,0.173913043478,1.68507579377,7.65217391304,7.33333333333,5.5,3.63829000359,0.475458352741,0.249505928854,5.32278271304,1.39118184545,0.672924901186,3.27042079462,0.854769071322,0.442687747036,0.749191304359,0.444603920564,2.5,1.68507579377,0.749191304359,2.5,0.259446613992,0.18878248974,46,0.025974025974,0.333144633145,23,23,23,1,0,0.478260869565,0.217391304348,0.304347826087,23,0.158102766798,1.70986622074,6.95652173913,6.66666666667,5,3.45724878624,0.496979513022,0.271739130435,4.89776911384,1.40810862023,0.680434782609,2.98282302552,0.857561619837,0.461956521739,0.782420638139,0.457591727733,2.5,1.70986622074,0.782420638139,2.5,0.220665313522,0.182565789474,37,0.0208921513269,0.279731127458,23,23,23,1,0,0.478260869565,0.217391304348,0.304347826087,23,82,0.162055335968,1.6873447205,7.13043478261,6.83333333333,5.125,3.42854790129,0.480832937376,0.25980911983,4.97106250721,1.39432241056,0.67868504772,3.04251819979,0.85338925116,0.453870625663,0.750667010341,0.444880646629,2.5,1.6873447205,0.750667010341,2.5,0.264994601358,0.189873417722,40,0.0225861095426,0.29242045833,23,23,23,1,0,0.478260869565,0.217391304348,0.304347826087,-6,-0.0118577075099,0.00226892672545,-0.521739130435,-0.5,-0.375,-0.209742102293,0.00537458463507,0.0103031909766,-0.351720205833,0.00314056510441,0.00576014653427,-0.227902594836,-0.001379820162,0.0111828786272,0.00147570598183,0.000276726064657,0,0.00226892672545,0.00147570598183,0,0.00554798736617,0.00109092798144,-6,-0.00338791643139,-0.0407241748151,0,0,0,82,0,6,418,0.931818181818,1,0,0.0681818181818,1,0.931818181818,0.964705882353,0.958452959446,0.931818181818,0.931818181818,2,8,0,10,10,10
1730,WLNM_dir_neg_kfold,0.4375,0.328571428571,00:00:02,10,90,13,22358,threshold_sweep,0.2,1,0.25,0.4,2,0,6,16,0.25,1,0,0.75,1,0.25,0.4,0.75,0.638888888889,0.307692307692,0.426401432711,0.25,94,86,8,0,94,0,86,0,8,23,88,0.173913043478,1.68507579377,7.65217391304,7.33333333333,5.5,3.63829000359,0.475458352741,0.249505928854,5.32278271304,1.39118184545,0.672924901186,3.27042079462,0.854769071322,0.442687747036,0.749191304359,0.444603920564,2.5,1.68507579377,0.749191304359,2.5,0.259446613992,0.18878248974,46,0.025974025974,0.333144633145,23,23,23,1,0,0.478260869565,0.217391304348,0.304347826087,23,0.158102766798,1.70986622074,6.95652173913,6.66666666667,5,3.45724878624,0.496979513022,0.271739130435,4.89776911384,1.40810862023,0.680434782609,2.98282302552,0.857561619837,0.461956521739,0.782420638139,0.457591727733,2.5,1.70986622074,0.782420638139,2.5,0.220665313522,0.182565789474,37,0.0208921513269,0.279731127458,23,23,23,1,0,0.478260869565,0.217391304348,0.304347826087,23,82,0.162055335968,1.6873447205,7.13043478261,6.83333333333,5.125,3.42854790129,0.480832937376,0.25980911983,4.97106250721,1.39432241056,0.67868504772,3.04251819979,0.85338925116,0.453870625663,0.750667010341,0.444880646629,2.5,1.6873447205,0.750667010341,2.5,0.264994601358,0.189873417722,40,0.0225861095426,0.29242045833,23,23,23,1,0,0.478260869565,0.217391304348,0.304347826087,-6,-0.0118577075099,0.00226892672545,-0.521739130435,-0.5,-0.375,-0.209742102293,0.00537458463507,0.0103031909766,-0.351720205833,0.00314056510441,0.00576014653427,-0.227902594836,-0.001379820162,0.0111828786272,0.00147570598183,0.000276726064657,0,0.00226892672545,0.00147570598183,0,0.00554798736617,0.00109092798144,-6,-0.00338791643139,-0.0407241748151,0,0,0,82,0,6,418,0.931818181818,1,0,0.0681818181818,1,0.931818181818,0.964705882353,0.958452959446,0.931818181818,0.931818181818,2,8,0,10,10,10
1731,WLNM_dir_neg_kfold,0.4375,0.328571428571,00:00:02,10,90,13,22358,threshold_sweep,0.3,1,0.25,0.4,2,0,6,16,0.25,1,0,0.75,1,0.25,0.4,0.75,0.638888888889,0.307692307692,0.426401432711,0.25,94,86,8,0,94,0,86,0,8,23,88,0.173913043478,1.68507579377,7.65217391304,7.33333333333,5.5,3.63829000359,0.475458352741,0.249505928854,5.32278271304,1.39118184545,0.672924901186,3.27042079462,0.854769071322,0.442687747036,0.749191304359,0.444603920564,2.5,1.68507579377,0.749191304359,2.5,0.259446613992,0.18878248974,46,0.025974025974,0.333144633145,23,23,23,1,0,0.478260869565,0.217391304348,0.304347826087,23,0.158102766798,1.70986622074,6.95652173913,6.66666666667,5,3.45724878624,0.496979513022,0.271739130435,4.89776911384,1.40810862023,0.680434782609,2.98282302552,0.857561619837,0.461956521739,0.782420638139,0.457591727733,2.5,1.70986622074,0.782420638139,2.5,0.220665313522,0.182565789474,37,0.0208921513269,0.279731127458,23,23,23,1,0,0.478260869565,0.217391304348,0.304347826087,23,82,0.162055335968,1.6873447205,7.13043478261,6.83333333333,5.125,3.42854790129,0.480832937376,0.25980911983,4.97106250721,1.39432241056,0.67868504772,3.04251819979,0.85338925116,0.453870625663,0.750667010341,0.444880646629,2.5,1.6873447205,0.750667010341,2.5,0.264994601358,0.189873417722,40,0.0225861095426,0.29242045833,23,23,23,1,0,0.478260869565,0.217391304348,0.304347826087,-6,-0.0118577075099,0.00226892672545,-0.521739130435,-0.5,-0.375,-0.209742102293,0.00537458463507,0.0103031909766,-0.351720205833,0.00314056510441,0.00576014653427,-0.227902594836,-0.001379820162,0.0111828786272,0.00147570598183,0.000276726064657,0,0.00226892672545,0.00147570598183,0,0.00554798736617,0.00109092798144,-6,-0.00338791643139,-0.0407241748151,0,0,0,82,0,6,418,0.931818181818,1,0,0.0681818181818,1,0.931818181818,0.964705882353,0.958452959446,0.931818181818,0.931818181818,2,8,0,10,10,10
1732,WLNM_dir_neg_kfold,0.4375,0.328571428571,00:00:02,10,90,13,22358,threshold_sweep,0.4,1,0.25,0.4,2,0,6,16,0.25,1,0,0.75,1,0.25,0.4,0.75,0.638888888889,0.307692307692,0.426401432711,0.25,94,86,8,0,94,0,86,0,8,23,88,0.173913043478,1.68507579377,7.65217391304,7.33333333333,5.5,3.63829000359,0.475458352741,0.249505928854,5.32278271304,1.39118184545,0.672924901186,3.27042079462,0.854769071322,0.442687747036,0.749191304359,0.444603920564,2.5,1.68507579377,0.749191304359,2.5,0.259446613992,0.18878248974,46,0.025974025974,0.333144633145,23,23,23,1,0,0.478260869565,0.217391304348,0.304347826087,23,0.158102766798,1.70986622074,6.95652173913,6.66666666667,5,3.45724878624,0.496979513022,0.271739130435,4.89776911384,1.40810862023,0.680434782609,2.98282302552,0.857561619837,0.461956521739,0.782420638139,0.457591727733,2.5,1.70986622074,0.782420638139,2.5,0.220665313522,0.182565789474,37,0.0208921513269,0.279731127458,23,23,23,1,0,0.478260869565,0.217391304348,0.304347826087,23,82,0.162055335968,1.6873447205,7.13043478261,6.83333333333,5.125,3.42854790129,0.480832937376,0.25980911983,4.97106250721,1.39432241056,0.67868504772,3.04251819979,0.85338925116,0.453870625663,0.750667010341,0.444880646629,2.5,1.6873447205,0.750667010341,2.5,0.264994601358,0.189873417722,40,0.0225861095426,0.29242045833,23,23,23,1,0,0.478260869565,0.217391304348,0.304347826087,-6,-0.0118577075099,0.00226892672545,-0.521739130435,-0.5,-0.375,-0.209742102293,0.00537458463507,0.0103031909766,-0.351720205833,0.00314056510441,0.00576014653427,-0.227902594836,-0.001379820162,0.0111828786272,0.00147570598183,0.000276726064657,0,0.00226892672545,0.00147570598183,0,0.00554798736617,0.00109092798144,-6,-0.00338791643139,-0.0407241748151,0,0,0,82,0,6,418,0.931818181818,1,0,0.0681818181818,1,0.931818181818,0.964705882353,0.958452959446,0.931818181818,0.931818181818,2,8,0,10,10,10
1733,WLNM_dir_neg_kfold,0.4375,0.328571428571,00:00:02,10,90,13,22358,threshold_sweep,0.5,1,0.25,0.4,2,0,6,16,0.25,1,0,0.75,1,0.25,0.4,0.75,0.638888888889,0.307692307692,0.426401432711,0.25,94,86,8,0,94,0,86,0,8,23,88,0.173913043478,1.68507579377,7.65217391304,7.33333333333,5.5,3.63829000359,0.475458352741,0.249505928854,5.32278271304,1.39118184545,0.672924901186,3.27042079462,0.854769071322,0.442687747036,0.749191304359,0.444603920564,2.5,1.68507579377,0.749191304359,2.5,0.259446613992,0.18878248974,46,0.025974025974,0.333144633145,23,23,23,1,0,0.478260869565,0.217391304348,0.304347826087,23,0.158102766798,1.70986622074,6.95652173913,6.66666666667,5,3.45724878624,0.496979513022,0.271739130435,4.89776911384,1.40810862023,0.680434782609,2.98282302552,0.857561619837,0.461956521739,0.782420638139,0.457591727733,2.5,1.70986622074,0.782420638139,2.5,0.220665313522,0.182565789474,37,0.0208921513269,0.279731127458,23,23,23,1,0,0.478260869565,0.217391304348,0.304347826087,23,82,0.162055335968,1.6873447205,7.13043478261,6.83333333333,5.125,3.42854790129,0.480832937376,0.25980911983,4.97106250721,1.39432241056,0.67868504772,3.04251819979,0.85338925116,0.453870625663,0.750667010341,0.444880646629,2.5,1.6873447205,0.750667010341,2.5,0.264994601358,0.189873417722,40,0.0225861095426,0.29242045833,23,23,23,1,0,0.478260869565,0.217391304348,0.304347826087,-6,-0.0118577075099,0.00226892672545,-0.521739130435,-0.5,-0.375,-0.209742102293,0.00537458463507,0.0103031909766,-0.351720205833,0.00314056510441,0.00576014653427,-0.227902594836,-0.001379820162,0.0111828786272,0.00147570598183,0.000276726064657,0,0.00226892672545,0.00147570598183,0,0.00554798736617,0.00109092798144,-6,-0.00338791643139,-0.0407241748151,0,0,0,82,0,6,418,0.931818181818,1,0,0.0681818181818,1,0.931818181818,0.964705882353,0.958452959446,0.931818181818,0.931818181818,2,8,0,10,10,10
1734,WLNM_dir_neg_kfold,0.4375,0.328571428571,00:00:02,10,90,13,22358,threshold_sweep,0.6,1,0.25,0.4,2,0,6,16,0.25,1,0,0.75,1,0.25,0.4,0.75,0.638888888889,0.307692307692,0.426401432711,0.25,94,86,8,0,94,0,86,0,8,23,88,0.173913043478,1.68507579377,7.65217391304,7.33333333333,5.5,3.63829000359,0.475458352741,0.249505928854,5.32278271304,1.39118184545,0.672924901186,3.27042079462,0.854769071322,0.442687747036,0.749191304359,0.444603920564,2.5,1.68507579377,0.749191304359,2.5,0.259446613992,0.18878248974,46,0.025974025974,0.333144633145,23,23,23,1,0,0.478260869565,0.217391304348,0.304347826087,23,0.158102766798,1.70986622074,6.95652173913,6.66666666667,5,3.45724878624,0.496979513022,0.271739130435,4.89776911384,1.40810862023,0.680434782609,2.98282302552,0.857561619837,0.461956521739,0.782420638139,0.457591727733,2.5,1.70986622074,0.782420638139,2.5,0.220665313522,0.182565789474,37,0.0208921513269,0.279731127458,23,23,23,1,0,0.478260869565,0.217391304348,0.304347826087,23,82,0.162055335968,1.6873447205,7.13043478261,6.83333333333,5.125,3.42854790129,0.480832937376,0.25980911983,4.97106250721,1.39432241056,0.67868504772,3.04251819979,0.85338925116,0.453870625663,0.750667010341,0.444880646629,2.5,1.6873447205,0.750667010341,2.5,0.264994601358,0.189873417722,40,0.0225861095426,0.29242045833,23,23,23,1,0,0.478260869565,0.217391304348,0.304347826087,-6,-0.0118577075099,0.00226892672545,-0.521739130435,-0.5,-0.375,-0.209742102293,0.00537458463507,0.0103031909766,-0.351720205833,0.00314056510441,0.00576014653427,-0.227902594836,-0.001379820162,0.0111828786272,0.00147570598183,0.000276726064657,0,0.00226892672545,0.00147570598183,0,0.00554798736617,0.00109092798144,-6,-0.00338791643139,-0.0407241748151,0,0,0,82,0,6,418,0.931818181818,1,0,0.0681818181818,1,0.931818181818,0.964705882353,0.958452959446,0.931818181818,0.931818181818,2,8,0,10,10,10
1735,WLNM_dir_neg_kfold,0.4375,0.328571428571,00:00:02,10,90,13,22358,threshold_sweep,0.7,1,0.25,0.4,2,0,6,16,0.25,1,0,0.75,1,0.25,0.4,0.75,0.638888888889,0.307692307692,0.426401432711,0.25,94,86,8,0,94,0,86,0,8,23,88,0.173913043478,1.68507579377,7.65217391304,7.33333333333,5.5,3.63829000359,0.475458352741,0.249505928854,5.32278271304,1.39118184545,0.672924901186,3.27042079462,0.854769071322,0.442687747036,0.749191304359,0.444603920564,2.5,1.68507579377,0.749191304359,2.5,0.259446613992,0.18878248974,46,0.025974025974,0.333144633145,23,23,23,1,0,0.478260869565,0.217391304348,0.304347826087,23,0.158102766798,1.70986622074,6.95652173913,6.66666666667,5,3.45724878624,0.496979513022,0.271739130435,4.89776911384,1.40810862023,0.680434782609,2.98282302552,0.857561619837,0.461956521739,0.782420638139,0.457591727733,2.5,1.70986622074,0.782420638139,2.5,0.220665313522,0.182565789474,37,0.0208921513269,0.279731127458,23,23,23,1,0,0.478260869565,0.217391304348,0.304347826087,23,82,0.162055335968,1.6873447205,7.13043478261,6.83333333333,5.125,3.42854790129,0.480832937376,0.25980911983,4.97106250721,1.39432241056,0.67868504772,3.04251819979,0.85338925116,0.453870625663,0.750667010341,0.444880646629,2.5,1.6873447205,0.750667010341,2.5,0.264994601358,0.189873417722,40,0.0225861095426,0.29242045833,23,23,23,1,0,0.478260869565,0.217391304348,0.304347826087,-6,-0.0118577075099,0.00226892672545,-0.521739130435,-0.5,-0.375,-0.209742102293,0.00537458463507,0.0103031909766,-0.351720205833,0.00314056510441,0.00576014653427,-0.227902594836,-0.001379820162,0.0111828786272,0.00147570598183,0.000276726064657,0,0.00226892672545,0.00147570598183,0,0.00554798736617,0.00109092798144,-6,-0.00338791643139,-0.0407241748151,0,0,0,82,0,6,418,0.931818181818,1,0,0.0681818181818,1,0.931818181818,0.964705882353,0.958452959446,0.931818181818,0.931818181818,2,8,0,10,10,10
1736,WLNM_dir_neg_kfold,0.4375,0.328571428571,00:00:02,10,90,13,22358,threshold_sweep,0.8,1,0.25,0.4,2,0,6,16,0.25,1,0,0.75,1,0.25,0.4,0.75,0.638888888889,0.307692307692,0.426401432711,0.25,94,86,8,0,94,0,86,0,8,23,88,0.173913043478,1.68507579377,7.65217391304,7.33333333333,5.5,3.63829000359,0.475458352741,0.249505928854,5.32278271304,1.39118184545,0.672924901186,3.27042079462,0.854769071322,0.442687747036,0.749191304359,0.444603920564,2.5,1.68507579377,0.749191304359,2.5,0.259446613992,0.18878248974,46,0.025974025974,0.333144633145,23,23,23,1,0,0.478260869565,0.217391304348,0.304347826087,23,0.158102766798,1.70986622074,6.95652173913,6.66666666667,5,3.45724878624,0.496979513022,0.271739130435,4.89776911384,1.40810862023,0.680434782609,2.98282302552,0.857561619837,0.461956521739,0.782420638139,0.457591727733,2.5,1.70986622074,0.782420638139,2.5,0.220665313522,0.182565789474,37,0.0208921513269,0.279731127458,23,23,23,1,0,0.478260869565,0.217391304348,0.304347826087,23,82,0.162055335968,1.6873447205,7.13043478261,6.83333333333,5.125,3.42854790129,0.480832937376,0.25980911983,4.97106250721,1.39432241056,0.67868504772,3.04251819979,0.85338925116,0.453870625663,0.750667010341,0.444880646629,2.5,1.6873447205,0.750667010341,2.5,0.264994601358,0.189873417722,40,0.0225861095426,0.29242045833,23,23,23,1,0,0.478260869565,0.217391304348,0.304347826087,-6,-0.0118577075099,0.00226892672545,-0.521739130435,-0.5,-0.375,-0.209742102293,0.00537458463507,0.0103031909766,-0.351720205833,0.00314056510441,0.00576014653427,-0.227902594836,-0.001379820162,0.0111828786272,0.00147570598183,0.000276726064657,0,0.00226892672545,0.00147570598183,0,0.00554798736617,0.00109092798144,-6,-0.00338791643139,-0.0407241748151,0,0,0,82,0,6,418,0.931818181818,1,0,0.0681818181818,1,0.931818181818,0.964705882353,0.958452959446,0.931818181818,0.931818181818,2,8,0,10,10,10
1737,WLNM_dir_neg_kfold,0.4375,0.328571428571,00:00:02,10,90,13,22358,threshold_sweep,0.9,1,0.25,0.4,2,0,6,16,0.25,1,0,0.75,1,0.25,0.4,0.75,0.638888888889,0.307692307692,0.426401432711,0.25,94,86,8,0,94,0,86,0,8,23,88,0.173913043478,1.68507579377,7.65217391304,7.33333333333,5.5,3.63829000359,0.475458352741,0.249505928854,5.32278271304,1.39118184545,0.672924901186,3.27042079462,0.854769071322,0.442687747036,0.749191304359,0.444603920564,2.5,1.68507579377,0.749191304359,2.5,0.259446613992,0.18878248974,46,0.025974025974,0.333144633145,23,23,23,1,0,0.478260869565,0.217391304348,0.304347826087,23,0.158102766798,1.70986622074,6.95652173913,6.66666666667,5,3.45724878624,0.496979513022,0.271739130435,4.89776911384,1.40810862023,0.680434782609,2.98282302552,0.857561619837,0.461956521739,0.782420638139,0.457591727733,2.5,1.70986622074,0.782420638139,2.5,0.220665313522,0.182565789474,37,0.0208921513269,0.279731127458,23,23,23,1,0,0.478260869565,0.217391304348,0.304347826087,23,82,0.162055335968,1.6873447205,7.13043478261,6.83333333333,5.125,3.42854790129,0.480832937376,0.25980911983,4.97106250721,1.39432241056,0.67868504772,3.04251819979,0.85338925116,0.453870625663,0.750667010341,0.444880646629,2.5,1.6873447205,0.750667010341,2.5,0.264994601358,0.189873417722,40,0.0225861095426,0.29242045833,23,23,23,1,0,0.478260869565,0.217391304348,0.304347826087,-6,-0.0118577075099,0.00226892672545,-0.521739130435,-0.5,-0.375,-0.209742102293,0.00537458463507,0.0103031909766,-0.351720205833,0.00314056510441,0.00576014653427,-0.227902594836,-0.001379820162,0.0111828786272,0.00147570598183,0.000276726064657,0,0.00226892672545,0.00147570598183,0,0.00554798736617,0.00109092798144,-6,-0.00338791643139,-0.0407241748151,0,0,0,82,0,6,418,0.931818181818,1,0,0.0681818181818,1,0.931818181818,0.964705882353,0.958452959446,0.931818181818,0.931818181818,2,8,0,10,10,10
1738,WLNM_dir_neg_kfold,0.8125,0.5,00:00:02,10,90,14,22359,threshold_sweep,0.1,1,0.25,0.4,2,0,6,16,0.25,1,0,0.75,1,0.25,0.4,0.75,0.638888888889,0.307692307692,0.426401432711,0.25,94,86,8,0,94,0,86,0,8,23,88,0.173913043478,1.68507579377,7.65217391304,7.33333333333,5.5,3.63829000359,0.475458352741,0.249505928854,5.32278271304,1.39118184545,0.672924901186,3.27042079462,0.854769071322,0.442687747036,0.749191304359,0.444603920564,2.5,1.68507579377,0.749191304359,2.5,0.259446613992,0.18878248974,46,0.025974025974,0.333144633145,23,23,23,1,0,0.478260869565,0.217391304348,0.304347826087,23,0.158102766798,1.70986622074,6.95652173913,6.66666666667,5,3.45724878624,0.496979513022,0.271739130435,4.89776911384,1.40810862023,0.680434782609,2.98282302552,0.857561619837,0.461956521739,0.782420638139,0.457591727733,2.5,1.70986622074,0.782420638139,2.5,0.220665313522,0.182565789474,37,0.0208921513269,0.279731127458,23,23,23,1,0,0.478260869565,0.217391304348,0.304347826087,23,82,0.162055335968,1.6873447205,7.13043478261,6.83333333333,5.125,3.42854790129,0.480832937376,0.25980911983,4.97106250721,1.39432241056,0.67868504772,3.04251819979,0.85338925116,0.453870625663,0.750667010341,0.444880646629,2.5,1.6873447205,0.750667010341,2.5,0.264994601358,0.189873417722,40,0.0225861095426,0.29242045833,23,23,23,1,0,0.478260869565,0.217391304348,0.304347826087,-6,-0.0118577075099,0.00226892672545,-0.521739130435,-0.5,-0.375,-0.209742102293,0.00537458463507,0.0103031909766,-0.351720205833,0.00314056510441,0.00576014653427,-0.227902594836,-0.001379820162,0.0111828786272,0.00147570598183,0.000276726064657,0,0.00226892672545,0.00147570598183,0,0.00554798736617,0.00109092798144,-6,-0.00338791643139,-0.0407241748151,0,0,0,82,0,6,418,0.931818181818,1,0,0.0681818181818,1,0.931818181818,0.964705882353,0.958452959446,0.931818181818,0.931818181818,2,8,0,10,10,10
1739,WLNM_dir_neg_kfold,0.8125,0.5,00:00:02,10,90,14,22359,threshold_sweep,0.2,1,0.25,0.4,2,0,6,16,0.25,1,0,0.75,1,0.25,0.4,0.75,0.638888888889,0.307692307692,0.426401432711,0.25,94,86,8,0,94,0,86,0,8,23,88,0.173913043478,1.68507579377,7.65217391304,7.33333333333,5.5,3.63829000359,0.475458352741,0.249505928854,5.32278271304,1.39118184545,0.672924901186,3.27042079462,0.854769071322,0.442687747036,0.749191304359,0.444603920564,2.5,1.68507579377,0.749191304359,2.5,0.259446613992,0.18878248974,46,0.025974025974,0.333144633145,23,23,23,1,0,0.478260869565,0.217391304348,0.304347826087,23,0.158102766798,1.70986622074,6.95652173913,6.66666666667,5,3.45724878624,0.496979513022,0.271739130435,4.89776911384,1.40810862023,0.680434782609,2.98282302552,0.857561619837,0.461956521739,0.782420638139,0.457591727733,2.5,1.70986622074,0.782420638139,2.5,0.220665313522,0.182565789474,37,0.0208921513269,0.279731127458,23,23,23,1,0,0.478260869565,0.217391304348,0.304347826087,23,82,0.162055335968,1.6873447205,7.13043478261,6.83333333333,5.125,3.42854790129,0.480832937376,0.25980911983,4.97106250721,1.39432241056,0.67868504772,3.04251819979,0.85338925116,0.453870625663,0.750667010341,0.444880646629,2.5,1.6873447205,0.750667010341,2.5,0.264994601358,0.189873417722,40,0.0225861095426,0.29242045833,23,23,23,1,0,0.478260869565,0.217391304348,0.304347826087,-6,-0.0118577075099,0.00226892672545,-0.521739130435,-0.5,-0.375,-0.209742102293,0.00537458463507,0.0103031909766,-0.351720205833,0.00314056510441,0.00576014653427,-0.227902594836,-0.001379820162,0.0111828786272,0.00147570598183,0.000276726064657,0,0.00226892672545,0.00147570598183,0,0.00554798736617,0.00109092798144,-6,-0.00338791643139,-0.0407241748151,0,0,0,82,0,6,418,0.931818181818,1,0,0.0681818181818,1,0.931818181818,0.964705882353,0.958452959446,0.931818181818,0.931818181818,2,8,0,10,10,10
1740,WLNM_dir_neg_kfold,0.8125,0.5,00:00:02,10,90,14,22359,threshold_sweep,0.3,1,0.25,0.4,2,0,6,16,0.25,1,0,0.75,1,0.25,0.4,0.75,0.638888888889,0.307692307692,0.426401432711,0.25,94,86,8,0,94,0,86,0,8,23,88,0.173913043478,1.68507579377,7.65217391304,7.33333333333,5.5,3.63829000359,0.475458352741,0.249505928854,5.32278271304,1.39118184545,0.672924901186,3.27042079462,0.854769071322,0.442687747036,0.749191304359,0.444603920564,2.5,1.68507579377,0.749191304359,2.5,0.259446613992,0.18878248974,46,0.025974025974,0.333144633145,23,23,23,1,0,0.478260869565,0.217391304348,0.304347826087,23,0.158102766798,1.70986622074,6.95652173913,6.66666666667,5,3.45724878624,0.496979513022,0.271739130435,4.89776911384,1.40810862023,0.680434782609,2.98282302552,0.857561619837,0.461956521739,0.782420638139,0.457591727733,2.5,1.70986622074,0.782420638139,2.5,0.220665313522,0.182565789474,37,0.0208921513269,0.279731127458,23,23,23,1,0,0.478260869565,0.217391304348,0.304347826087,23,82,0.162055335968,1.6873447205,7.13043478261,6.83333333333,5.125,3.42854790129,0.480832937376,0.25980911983,4.97106250721,1.39432241056,0.67868504772,3.04251819979,0.85338925116,0.453870625663,0.750667010341,0.444880646629,2.5,1.6873447205,0.750667010341,2.5,0.264994601358,0.189873417722,40,0.0225861095426,0.29242045833,23,23,23,1,0,0.478260869565,0.217391304348,0.304347826087,-6,-0.0118577075099,0.00226892672545,-0.521739130435,-0.5,-0.375,-0.209742102293,0.00537458463507,0.0103031909766,-0.351720205833,0.00314056510441,0.00576014653427,-0.227902594836,-0.001379820162,0.0111828786272,0.00147570598183,0.000276726064657,0,0.00226892672545,0.00147570598183,0,0.00554798736617,0.00109092798144,-6,-0.00338791643139,-0.0407241748151,0,0,0,82,0,6,418,0.931818181818,1,0,0.0681818181818,1,0.931818181818,0.964705882353,0.958452959446,0.931818181818,0.931818181818,2,8,0,10,10,10
1741,WLNM_dir_neg_kfold,0.8125,0.5,00:00:02,10,90,14,22359,threshold_sweep,0.4,1,0.25,0.4,2,0,6,16,0.25,1,0,0.75,1,0.25,0.4,0.75,0.638888888889,0.307692307692,0.426401432711,0.25,94,86,8,0,94,0,86,0,8,23,88,0.173913043478,1.68507579377,7.65217391304,7.33333333333,5.5,3.63829000359,0.475458352741,0.249505928854,5.32278271304,1.39118184545,0.672924901186,3.27042079462,0.854769071322,0.442687747036,0.749191304359,0.444603920564,2.5,1.68507579377,0.749191304359,2.5,0.259446613992,0.18878248974,46,0.025974025974,0.333144633145,23,23,23,1,0,0.478260869565,0.217391304348,0.304347826087,23,0.158102766798,1.70986622074,6.95652173913,6.66666666667,5,3.45724878624,0.496979513022,0.271739130435,4.89776911384,1.40810862023,0.680434782609,2.98282302552,0.857561619837,0.461956521739,0.782420638139,0.457591727733,2.5,1.70986622074,0.782420638139,2.5,0.220665313522,0.182565789474,37,0.0208921513269,0.279731127458,23,23,23,1,0,0.478260869565,0.217391304348,0.304347826087,23,82,0.162055335968,1.6873447205,7.13043478261,6.83333333333,5.125,3.42854790129,0.480832937376,0.25980911983,4.97106250721,1.39432241056,0.67868504772,3.04251819979,0.85338925116,0.453870625663,0.750667010341,0.444880646629,2.5,1.6873447205,0.750667010341,2.5,0.264994601358,0.189873417722,40,0.0225861095426,0.29242045833,23,23,23,1,0,0.478260869565,0.217391304348,0.304347826087,-6,-0.0118577075099,0.00226892672545,-0.521739130435,-0.5,-0.375,-0.209742102293,0.00537458463507,0.0103031909766,-0.351720205833,0.00314056510441,0.00576014653427,-0.227902594836,-0.001379820162,0.0111828786272,0.00147570598183,0.000276726064657,0,0.00226892672545,0.00147570598183,0,0.00554798736617,0.00109092798144,-6,-0.00338791643139,-0.0407241748151,0,0,0,82,0,6,418,0.931818181818,1,0,0.0681818181818,1,0.931818181818,0.964705882353,0.958452959446,0.931818181818,0.931818181818,2,8,0,10,10,10
1742,WLNM_dir_neg_kfold,0.8125,0.5,00:00:02,10,90,14,22359,threshold_sweep,0.5,1,0.25,0.4,2,0,6,16,0.25,1,0,0.75,1,0.25,0.4,0.75,0.638888888889,0.307692307692,0.426401432711,0.25,94,86,8,0,94,0,86,0,8,23,88,0.173913043478,1.68507579377,7.65217391304,7.33333333333,5.5,3.63829000359,0.475458352741,0.249505928854,5.32278271304,1.39118184545,0.672924901186,3.27042079462,0.854769071322,0.442687747036,0.749191304359,0.444603920564,2.5,1.68507579377,0.749191304359,2.5,0.259446613992,0.18878248974,46,0.025974025974,0.333144633145,23,23,23,1,0,0.478260869565,0.217391304348,0.304347826087,23,0.158102766798,1.70986622074,6.95652173913,6.66666666667,5,3.45724878624,0.496979513022,0.271739130435,4.89776911384,1.40810862023,0.680434782609,2.98282302552,0.857561619837,0.461956521739,0.782420638139,0.457591727733,2.5,1.70986622074,0.782420638139,2.5,0.220665313522,0.182565789474,37,0.0208921513269,0.279731127458,23,23,23,1,0,0.478260869565,0.217391304348,0.304347826087,23,82,0.162055335968,1.6873447205,7.13043478261,6.83333333333,5.125,3.42854790129,0.480832937376,0.25980911983,4.97106250721,1.39432241056,0.67868504772,3.04251819979,0.85338925116,0.453870625663,0.750667010341,0.444880646629,2.5,1.6873447205,0.750667010341,2.5,0.264994601358,0.189873417722,40,0.0225861095426,0.29242045833,23,23,23,1,0,0.478260869565,0.217391304348,0.304347826087,-6,-0.0118577075099,0.00226892672545,-0.521739130435,-0.5,-0.375,-0.209742102293,0.00537458463507,0.0103031909766,-0.351720205833,0.00314056510441,0.00576014653427,-0.227902594836,-0.001379820162,0.0111828786272,0.00147570598183,0.000276726064657,0,0.00226892672545,0.00147570598183,0,0.00554798736617,0.00109092798144,-6,-0.00338791643139,-0.0407241748151,0,0,0,82,0,6,418,0.931818181818,1,0,0.0681818181818,1,0.931818181818,0.964705882353,0.958452959446,0.931818181818,0.931818181818,2,8,0,10,10,10
1743,WLNM_dir_neg_kfold,0.8125,0.5,00:00:02,10,90,14,22359,threshold_sweep,0.6,1,0.25,0.4,2,0,6,16,0.25,1,0,0.75,1,0.25,0.4,0.75,0.638888888889,0.307692307692,0.426401432711,0.25,94,86,8,0,94,0,86,0,8,23,88,0.173913043478,1.68507579377,7.65217391304,7.33333333333,5.5,3.63829000359,0.475458352741,0.249505928854,5.32278271304,1.39118184545,0.672924901186,3.27042079462,0.854769071322,0.442687747036,0.749191304359,0.444603920564,2.5,1.68507579377,0.749191304359,2.5,0.259446613992,0.18878248974,46,0.025974025974,0.333144633145,23,23,23,1,0,0.478260869565,0.217391304348,0.304347826087,23,0.158102766798,1.70986622074,6.95652173913,6.66666666667,5,3.45724878624,0.496979513022,0.271739130435,4.89776911384,1.40810862023,0.680434782609,2.98282302552,0.857561619837,0.461956521739,0.782420638139,0.457591727733,2.5,1.70986622074,0.782420638139,2.5,0.220665313522,0.182565789474,37,0.0208921513269,0.279731127458,23,23,23,1,0,0.478260869565,0.217391304348,0.304347826087,23,82,0.162055335968,1.6873447205,7.13043478261,6.83333333333,5.125,3.42854790129,0.480832937376,0.25980911983,4.97106250721,1.39432241056,0.67868504772,3.04251819979,0.85338925116,0.453870625663,0.750667010341,0.444880646629,2.5,1.6873447205,0.750667010341,2.5,0.264994601358,0.189873417722,40,0.0225861095426,0.29242045833,23,23,23,1,0,0.478260869565,0.217391304348,0.304347826087,-6,-0.0118577075099,0.00226892672545,-0.521739130435,-0.5,-0.375,-0.209742102293,0.00537458463507,0.0103031909766,-0.351720205833,0.00314056510441,0.00576014653427,-0.227902594836,-0.001379820162,0.0111828786272,0.00147570598183,0.000276726064657,0,0.00226892672545,0.00147570598183,0,0.00554798736617,0.00109092798144,-6,-0.00338791643139,-0.0407241748151,0,0,0,82,0,6,418,0.931818181818,1,0,0.0681818181818,1,0.931818181818,0.964705882353,0.958452959446,0.931818181818,0.931818181818,2,8,0,10,10,10
1744,WLNM_dir_neg_kfold,0.8125,0.5,00:00:02,10,90,14,22359,threshold_sweep,0.7,1,0.25,0.4,2,0,6,16,0.25,1,0,0.75,1,0.25,0.4,0.75,0.638888888889,0.307692307692,0.426401432711,0.25,94,86,8,0,94,0,86,0,8,23,88,0.173913043478,1.68507579377,7.65217391304,7.33333333333,5.5,3.63829000359,0.475458352741,0.249505928854,5.32278271304,1.39118184545,0.672924901186,3.27042079462,0.854769071322,0.442687747036,0.749191304359,0.444603920564,2.5,1.68507579377,0.749191304359,2.5,0.259446613992,0.18878248974,46,0.025974025974,0.333144633145,23,23,23,1,0,0.478260869565,0.217391304348,0.304347826087,23,0.158102766798,1.70986622074,6.95652173913,6.66666666667,5,3.45724878624,0.496979513022,0.271739130435,4.89776911384,1.40810862023,0.680434782609,2.98282302552,0.857561619837,0.461956521739,0.782420638139,0.457591727733,2.5,1.70986622074,0.782420638139,2.5,0.220665313522,0.182565789474,37,0.0208921513269,0.279731127458,23,23,23,1,0,0.478260869565,0.217391304348,0.304347826087,23,82,0.162055335968,1.6873447205,7.13043478261,6.83333333333,5.125,3.42854790129,0.480832937376,0.25980911983,4.97106250721,1.39432241056,0.67868504772,3.04251819979,0.85338925116,0.453870625663,0.750667010341,0.444880646629,2.5,1.6873447205,0.750667010341,2.5,0.264994601358,0.189873417722,40,0.0225861095426,0.29242045833,23,23,23,1,0,0.478260869565,0.217391304348,0.304347826087,-6,-0.0118577075099,0.00226892672545,-0.521739130435,-0.5,-0.375,-0.209742102293,0.00537458463507,0.0103031909766,-0.351720205833,0.00314056510441,0.00576014653427,-0.227902594836,-0.001379820162,0.0111828786272,0.00147570598183,0.000276726064657,0,0.00226892672545,0.00147570598183,0,0.00554798736617,0.00109092798144,-6,-0.00338791643139,-0.0407241748151,0,0,0,82,0,6,418,0.931818181818,1,0,0.0681818181818,1,0.931818181818,0.964705882353,0.958452959446,0.931818181818,0.931818181818,2,8,0,10,10,10
1745,WLNM_dir_neg_kfold,0.8125,0.5,00:00:02,10,90,14,22359,threshold_sweep,0.8,1,0.25,0.4,2,0,6,16,0.25,1,0,0.75,1,0.25,0.4,0.75,0.638888888889,0.307692307692,0.426401432711,0.25,94,86,8,0,94,0,86,0,8,23,88,0.173913043478,1.68507579377,7.65217391304,7.33333333333,5.5,3.63829000359,0.475458352741,0.249505928854,5.32278271304,1.39118184545,0.672924901186,3.27042079462,0.854769071322,0.442687747036,0.749191304359,0.444603920564,2.5,1.68507579377,0.749191304359,2.5,0.259446613992,0.18878248974,46,0.025974025974,0.333144633145,23,23,23,1,0,0.478260869565,0.217391304348,0.304347826087,23,0.158102766798,1.70986622074,6.95652173913,6.66666666667,5,3.45724878624,0.496979513022,0.271739130435,4.89776911384,1.40810862023,0.680434782609,2.98282302552,0.857561619837,0.461956521739,0.782420638139,0.457591727733,2.5,1.70986622074,0.782420638139,2.5,0.220665313522,0.182565789474,37,0.0208921513269,0.279731127458,23,23,23,1,0,0.478260869565,0.217391304348,0.304347826087,23,82,0.162055335968,1.6873447205,7.13043478261,6.83333333333,5.125,3.42854790129,0.480832937376,0.25980911983,4.97106250721,1.39432241056,0.67868504772,3.04251819979,0.85338925116,0.453870625663,0.750667010341,0.444880646629,2.5,1.6873447205,0.750667010341,2.5,0.264994601358,0.189873417722,40,0.0225861095426,0.29242045833,23,23,23,1,0,0.478260869565,0.217391304348,0.304347826087,-6,-0.0118577075099,0.00226892672545,-0.521739130435,-0.5,-0.375,-0.209742102293,0.00537458463507,0.0103031909766,-0.351720205833,0.00314056510441,0.00576014653427,-0.227902594836,-0.001379820162,0.0111828786272,0.00147570598183,0.000276726064657,0,0.00226892672545,0.00147570598183,0,0.00554798736617,0.00109092798144,-6,-0.00338791643139,-0.0407241748151,0,0,0,82,0,6,418,0.931818181818,1,0,0.0681818181818,1,0.931818181818,0.964705882353,0.958452959446,0.931818181818,0.931818181818,2,8,0,10,10,10
1746,WLNM_dir_neg_kfold,0.8125,0.5,00:00:02,10,90,14,22359,threshold_sweep,0.9,1,0.25,0.4,2,0,6,16,0.25,1,0,0.75,1,0.25,0.4,0.75,0.638888888889,0.307692307692,0.426401432711,0.25,94,86,8,0,94,0,86,0,8,23,88,0.173913043478,1.68507579377,7.65217391304,7.33333333333,5.5,3.63829000359,0.475458352741,0.249505928854,5.32278271304,1.39118184545,0.672924901186,3.27042079462,0.854769071322,0.442687747036,0.749191304359,0.444603920564,2.5,1.68507579377,0.749191304359,2.5,0.259446613992,0.18878248974,46,0.025974025974,0.333144633145,23,23,23,1,0,0.478260869565,0.217391304348,0.304347826087,23,0.158102766798,1.70986622074,6.95652173913,6.66666666667,5,3.45724878624,0.496979513022,0.271739130435,4.89776911384,1.40810862023,0.680434782609,2.98282302552,0.857561619837,0.461956521739,0.782420638139,0.457591727733,2.5,1.70986622074,0.782420638139,2.5,0.220665313522,0.182565789474,37,0.0208921513269,0.279731127458,23,23,23,1,0,0.478260869565,0.217391304348,0.304347826087,23,82,0.162055335968,1.6873447205,7.13043478261,6.83333333333,5.125,3.42854790129,0.480832937376,0.25980911983,4.97106250721,1.39432241056,0.67868504772,3.04251819979,0.85338925116,0.453870625663,0.750667010341,0.444880646629,2.5,1.6873447205,0.750667010341,2.5,0.264994601358,0.189873417722,40,0.0225861095426,0.29242045833,23,23,23,1,0,0.478260869565,0.217391304348,0.304347826087,-6,-0.0118577075099,0.00226892672545,-0.521739130435,-0.5,-0.375,-0.209742102293,0.00537458463507,0.0103031909766,-0.351720205833,0.00314056510441,0.00576014653427,-0.227902594836,-0.001379820162,0.0111828786272,0.00147570598183,0.000276726064657,0,0.00226892672545,0.00147570598183,0,0.00554798736617,0.00109092798144,-6,-0.00338791643139,-0.0407241748151,0,0,0,82,0,6,418,0.931818181818,1,0,0.0681818181818,1,0.931818181818,0.964705882353,0.958452959446,0.931818181818,0.931818181818,2,8,0,10,10,10
1747,WLNM_dir_neg_kfold,0.671875,0.408333333333,00:00:02,10,90,15,22360,threshold_sweep,0.1,1,0.25,0.4,2,0,6,16,0.25,1,0,0.75,1,0.25,0.4,0.75,0.638888888889,0.307692307692,0.426401432711,0.25,94,86,8,0,94,0,86,0,8,23,88,0.173913043478,1.68507579377,7.65217391304,7.33333333333,5.5,3.63829000359,0.475458352741,0.249505928854,5.32278271304,1.39118184545,0.672924901186,3.27042079462,0.854769071322,0.442687747036,0.749191304359,0.444603920564,2.5,1.68507579377,0.749191304359,2.5,0.259446613992,0.18878248974,46,0.025974025974,0.333144633145,23,23,23,1,0,0.478260869565,0.217391304348,0.304347826087,23,0.158102766798,1.70986622074,6.95652173913,6.66666666667,5,3.45724878624,0.496979513022,0.271739130435,4.89776911384,1.40810862023,0.680434782609,2.98282302552,0.857561619837,0.461956521739,0.782420638139,0.457591727733,2.5,1.70986622074,0.782420638139,2.5,0.220665313522,0.182565789474,37,0.0208921513269,0.279731127458,23,23,23,1,0,0.478260869565,0.217391304348,0.304347826087,23,82,0.162055335968,1.6873447205,7.13043478261,6.83333333333,5.125,3.42854790129,0.480832937376,0.25980911983,4.97106250721,1.39432241056,0.67868504772,3.04251819979,0.85338925116,0.453870625663,0.750667010341,0.444880646629,2.5,1.6873447205,0.750667010341,2.5,0.264994601358,0.189873417722,40,0.0225861095426,0.29242045833,23,23,23,1,0,0.478260869565,0.217391304348,0.304347826087,-6,-0.0118577075099,0.00226892672545,-0.521739130435,-0.5,-0.375,-0.209742102293,0.00537458463507,0.0103031909766,-0.351720205833,0.00314056510441,0.00576014653427,-0.227902594836,-0.001379820162,0.0111828786272,0.00147570598183,0.000276726064657,0,0.00226892672545,0.00147570598183,0,0.00554798736617,0.00109092798144,-6,-0.00338791643139,-0.0407241748151,0,0,0,82,0,6,418,0.931818181818,1,0,0.0681818181818,1,0.931818181818,0.964705882353,0.958452959446,0.931818181818,0.931818181818,2,8,0,10,10,10
1748,WLNM_dir_neg_kfold,0.671875,0.408333333333,00:00:02,10,90,15,22360,threshold_sweep,0.2,1,0.25,0.4,2,0,6,16,0.25,1,0,0.75,1,0.25,0.4,0.75,0.638888888889,0.307692307692,0.426401432711,0.25,94,86,8,0,94,0,86,0,8,23,88,0.173913043478,1.68507579377,7.65217391304,7.33333333333,5.5,3.63829000359,0.475458352741,0.249505928854,5.32278271304,1.39118184545,0.672924901186,3.27042079462,0.854769071322,0.442687747036,0.749191304359,0.444603920564,2.5,1.68507579377,0.749191304359,2.5,0.259446613992,0.18878248974,46,0.025974025974,0.333144633145,23,23,23,1,0,0.478260869565,0.217391304348,0.304347826087,23,0.158102766798,1.70986622074,6.95652173913,6.66666666667,5,3.45724878624,0.496979513022,0.271739130435,4.89776911384,1.40810862023,0.680434782609,2.98282302552,0.857561619837,0.461956521739,0.782420638139,0.457591727733,2.5,1.70986622074,0.782420638139,2.5,0.220665313522,0.182565789474,37,0.0208921513269,0.279731127458,23,23,23,1,0,0.478260869565,0.217391304348,0.304347826087,23,82,0.162055335968,1.6873447205,7.13043478261,6.83333333333,5.125,3.42854790129,0.480832937376,0.25980911983,4.97106250721,1.39432241056,0.67868504772,3.04251819979,0.85338925116,0.453870625663,0.750667010341,0.444880646629,2.5,1.6873447205,0.750667010341,2.5,0.264994601358,0.189873417722,40,0.0225861095426,0.29242045833,23,23,23,1,0,0.478260869565,0.217391304348,0.304347826087,-6,-0.0118577075099,0.00226892672545,-0.521739130435,-0.5,-0.375,-0.209742102293,0.00537458463507,0.0103031909766,-0.351720205833,0.00314056510441,0.00576014653427,-0.227902594836,-0.001379820162,0.0111828786272,0.00147570598183,0.000276726064657,0,0.00226892672545,0.00147570598183,0,0.00554798736617,0.00109092798144,-6,-0.00338791643139,-0.0407241748151,0,0,0,82,0,6,418,0.931818181818,1,0,0.0681818181818,1,0.931818181818,0.964705882353,0.958452959446,0.931818181818,0.931818181818,2,8,0,10,10,10
1749,WLNM_dir_neg_kfold,0.671875,0.408333333333,00:00:02,10,90,15,22360,threshold_sweep,0.3,1,0.25,0.4,2,0,6,16,0.25,1,0,0.75,1,0.25,0.4,0.75,0.638888888889,0.307692307692,0.426401432711,0.25,94,86,8,0,94,0,86,0,8,23,88,0.173913043478,1.68507579377,7.65217391304,7.33333333333,5.5,3.63829000359,0.475458352741,0.249505928854,5.32278271304,1.39118184545,0.672924901186,3.27042079462,0.854769071322,0.442687747036,0.749191304359,0.444603920564,2.5,1.68507579377,0.749191304359,2.5,0.259446613992,0.18878248974,46,0.025974025974,0.333144633145,23,23,23,1,0,0.478260869565,0.217391304348,0.304347826087,23,0.158102766798,1.70986622074,6.95652173913,6.66666666667,5,3.45724878624,0.496979513022,0.271739130435,4.89776911384,1.40810862023,0.680434782609,2.98282302552,0.857561619837,0.461956521739,0.782420638139,0.457591727733,2.5,1.70986622074,0.782420638139,2.5,0.220665313522,0.182565789474,37,0.0208921513269,0.279731127458,23,23,23,1,0,0.478260869565,0.217391304348,0.304347826087,23,82,0.162055335968,1.6873447205,7.13043478261,6.83333333333,5.125,3.42854790129,0.480832937376,0.25980911983,4.97106250721,1.39432241056,0.67868504772,3.04251819979,0.85338925116,0.453870625663,0.750667010341,0.444880646629,2.5,1.6873447205,0.750667010341,2.5,0.264994601358,0.189873417722,40,0.0225861095426,0.29242045833,23,23,23,1,0,0.478260869565,0.217391304348,0.304347826087,-6,-0.0118577075099,0.00226892672545,-0.521739130435,-0.5,-0.375,-0.209742102293,0.00537458463507,0.0103031909766,-0.351720205833,0.00314056510441,0.00576014653427,-0.227902594836,-0.001379820162,0.0111828786272,0.00147570598183,0.000276726064657,0,0.00226892672545,0.00147570598183,0,0.00554798736617,0.00109092798144,-6,-0.00338791643139,-0.0407241748151,0,0,0,82,0,6,418,0.931818181818,1,0,0.0681818181818,1,0.931818181818,0.964705882353,0.958452959446,0.931818181818,0.931818181818,2,8,0,10,10,10
1750,WLNM_dir_neg_kfold,0.671875,0.408333333333,00:00:02,10,90,15,22360,threshold_sweep,0.4,1,0.25,0.4,2,0,6,16,0.25,1,0,0.75,1,0.25,0.4,0.75,0.638888888889,0.307692307692,0.426401432711,0.25,94,86,8,0,94,0,86,0,8,23,88,0.173913043478,1.68507579377,7.65217391304,7.33333333333,5.5,3.63829000359,0.475458352741,0.249505928854,5.32278271304,1.39118184545,0.672924901186,3.27042079462,0.854769071322,0.442687747036,0.749191304359,0.444603920564,2.5,1.68507579377,0.749191304359,2.5,0.259446613992,0.18878248974,46,0.025974025974,0.333144633145,23,23,23,1,0,0.478260869565,0.217391304348,0.304347826087,23,0.158102766798,1.70986622074,6.95652173913,6.66666666667,5,3.45724878624,0.496979513022,0.271739130435,4.89776911384,1.40810862023,0.680434782609,2.98282302552,0.857561619837,0.461956521739,0.782420638139,0.457591727733,2.5,1.70986622074,0.782420638139,2.5,0.220665313522,0.182565789474,37,0.0208921513269,0.279731127458,23,23,23,1,0,0.478260869565,0.217391304348,0.304347826087,23,82,0.162055335968,1.6873447205,7.13043478261,6.83333333333,5.125,3.42854790129,0.480832937376,0.25980911983,4.97106250721,1.39432241056,0.67868504772,3.04251819979,0.85338925116,0.453870625663,0.750667010341,0.444880646629,2.5,1.6873447205,0.750667010341,2.5,0.264994601358,0.189873417722,40,0.0225861095426,0.29242045833,23,23,23,1,0,0.478260869565,0.217391304348,0.304347826087,-6,-0.0118577075099,0.00226892672545,-0.521739130435,-0.5,-0.375,-0.209742102293,0.00537458463507,0.0103031909766,-0.351720205833,0.00314056510441,0.00576014653427,-0.227902594836,-0.001379820162,0.0111828786272,0.00147570598183,0.000276726064657,0,0.00226892672545,0.00147570598183,0,0.00554798736617,0.00109092798144,-6,-0.00338791643139,-0.0407241748151,0,0,0,82,0,6,418,0.931818181818,1,0,0.0681818181818,1,0.931818181818,0.964705882353,0.958452959446,0.931818181818,0.931818181818,2,8,0,10,10,10
1751,WLNM_dir_neg_kfold,0.671875,0.408333333333,00:00:02,10,90,15,22360,threshold_sweep,0.5,1,0.25,0.4,2,0,6,16,0.25,1,0,0.75,1,0.25,0.4,0.75,0.638888888889,0.307692307692,0.426401432711,0.25,94,86,8,0,94,0,86,0,8,23,88,0.173913043478,1.68507579377,7.65217391304,7.33333333333,5.5,3.63829000359,0.475458352741,0.249505928854,5.32278271304,1.39118184545,0.672924901186,3.27042079462,0.854769071322,0.442687747036,0.749191304359,0.444603920564,2.5,1.68507579377,0.749191304359,2.5,0.259446613992,0.18878248974,46,0.025974025974,0.333144633145,23,23,23,1,0,0.478260869565,0.217391304348,0.304347826087,23,0.158102766798,1.70986622074,6.95652173913,6.66666666667,5,3.45724878624,0.496979513022,0.271739130435,4.89776911384,1.40810862023,0.680434782609,2.98282302552,0.857561619837,0.461956521739,0.782420638139,0.457591727733,2.5,1.70986622074,0.782420638139,2.5,0.220665313522,0.182565789474,37,0.0208921513269,0.279731127458,23,23,23,1,0,0.478260869565,0.217391304348,0.304347826087,23,82,0.162055335968,1.6873447205,7.13043478261,6.83333333333,5.125,3.42854790129,0.480832937376,0.25980911983,4.97106250721,1.39432241056,0.67868504772,3.04251819979,0.85338925116,0.453870625663,0.750667010341,0.444880646629,2.5,1.6873447205,0.750667010341,2.5,0.264994601358,0.189873417722,40,0.0225861095426,0.29242045833,23,23,23,1,0,0.478260869565,0.217391304348,0.304347826087,-6,-0.0118577075099,0.00226892672545,-0.521739130435,-0.5,-0.375,-0.209742102293,0.00537458463507,0.0103031909766,-0.351720205833,0.00314056510441,0.00576014653427,-0.227902594836,-0.001379820162,0.0111828786272,0.00147570598183,0.000276726064657,0,0.00226892672545,0.00147570598183,0,0.00554798736617,0.00109092798144,-6,-0.00338791643139,-0.0407241748151,0,0,0,82,0,6,418,0.931818181818,1,0,0.0681818181818,1,0.931818181818,0.964705882353,0.958452959446,0.931818181818,0.931818181818,2,8,0,10,10,10
1752,WLNM_dir_neg_kfold,0.671875,0.408333333333,00:00:02,10,90,15,22360,threshold_sweep,0.6,1,0.25,0.4,2,0,6,16,0.25,1,0,0.75,1,0.25,0.4,0.75,0.638888888889,0.307692307692,0.426401432711,0.25,94,86,8,0,94,0,86,0,8,23,88,0.173913043478,1.68507579377,7.65217391304,7.33333333333,5.5,3.63829000359,0.475458352741,0.249505928854,5.32278271304,1.39118184545,0.672924901186,3.27042079462,0.854769071322,0.442687747036,0.749191304359,0.444603920564,2.5,1.68507579377,0.749191304359,2.5,0.259446613992,0.18878248974,46,0.025974025974,0.333144633145,23,23,23,1,0,0.478260869565,0.217391304348,0.304347826087,23,0.158102766798,1.70986622074,6.95652173913,6.66666666667,5,3.45724878624,0.496979513022,0.271739130435,4.89776911384,1.40810862023,0.680434782609,2.98282302552,0.857561619837,0.461956521739,0.782420638139,0.457591727733,2.5,1.70986622074,0.782420638139,2.5,0.220665313522,0.182565789474,37,0.0208921513269,0.279731127458,23,23,23,1,0,0.478260869565,0.217391304348,0.304347826087,23,82,0.162055335968,1.6873447205,7.13043478261,6.83333333333,5.125,3.42854790129,0.480832937376,0.25980911983,4.97106250721,1.39432241056,0.67868504772,3.04251819979,0.85338925116,0.453870625663,0.750667010341,0.444880646629,2.5,1.6873447205,0.750667010341,2.5,0.264994601358,0.189873417722,40,0.0225861095426,0.29242045833,23,23,23,1,0,0.478260869565,0.217391304348,0.304347826087,-6,-0.0118577075099,0.00226892672545,-0.521739130435,-0.5,-0.375,-0.209742102293,0.00537458463507,0.0103031909766,-0.351720205833,0.00314056510441,0.00576014653427,-0.227902594836,-0.001379820162,0.0111828786272,0.00147570598183,0.000276726064657,0,0.00226892672545,0.00147570598183,0,0.00554798736617,0.00109092798144,-6,-0.00338791643139,-0.0407241748151,0,0,0,82,0,6,418,0.931818181818,1,0,0.0681818181818,1,0.931818181818,0.964705882353,0.958452959446,0.931818181818,0.931818181818,2,8,0,10,10,10
1753,WLNM_dir_neg_kfold,0.671875,0.408333333333,00:00:02,10,90,15,22360,threshold_sweep,0.7,1,0.25,0.4,2,0,6,16,0.25,1,0,0.75,1,0.25,0.4,0.75,0.638888888889,0.307692307692,0.426401432711,0.25,94,86,8,0,94,0,86,0,8,23,88,0.173913043478,1.68507579377,7.65217391304,7.33333333333,5.5,3.63829000359,0.475458352741,0.249505928854,5.32278271304,1.39118184545,0.672924901186,3.27042079462,0.854769071322,0.442687747036,0.749191304359,0.444603920564,2.5,1.68507579377,0.749191304359,2.5,0.259446613992,0.18878248974,46,0.025974025974,0.333144633145,23,23,23,1,0,0.478260869565,0.217391304348,0.304347826087,23,0.158102766798,1.70986622074,6.95652173913,6.66666666667,5,3.45724878624,0.496979513022,0.271739130435,4.89776911384,1.40810862023,0.680434782609,2.98282302552,0.857561619837,0.461956521739,0.782420638139,0.457591727733,2.5,1.70986622074,0.782420638139,2.5,0.220665313522,0.182565789474,37,0.0208921513269,0.279731127458,23,23,23,1,0,0.478260869565,0.217391304348,0.304347826087,23,82,0.162055335968,1.6873447205,7.13043478261,6.83333333333,5.125,3.42854790129,0.480832937376,0.25980911983,4.97106250721,1.39432241056,0.67868504772,3.04251819979,0.85338925116,0.453870625663,0.750667010341,0.444880646629,2.5,1.6873447205,0.750667010341,2.5,0.264994601358,0.189873417722,40,0.0225861095426,0.29242045833,23,23,23,1,0,0.478260869565,0.217391304348,0.304347826087,-6,-0.0118577075099,0.00226892672545,-0.521739130435,-0.5,-0.375,-0.209742102293,0.00537458463507,0.0103031909766,-0.351720205833,0.00314056510441,0.00576014653427,-0.227902594836,-0.001379820162,0.0111828786272,0.00147570598183,0.000276726064657,0,0.00226892672545,0.00147570598183,0,0.00554798736617,0.00109092798144,-6,-0.00338791643139,-0.0407241748151,0,0,0,82,0,6,418,0.931818181818,1,0,0.0681818181818,1,0.931818181818,0.964705882353,0.958452959446,0.931818181818,0.931818181818,2,8,0,10,10,10
1754,WLNM_dir_neg_kfold,0.671875,0.408333333333,00:00:02,10,90,15,22360,threshold_sweep,0.8,1,0.25,0.4,2,0,6,16,0.25,1,0,0.75,1,0.25,0.4,0.75,0.638888888889,0.307692307692,0.426401432711,0.25,94,86,8,0,94,0,86,0,8,23,88,0.173913043478,1.68507579377,7.65217391304,7.33333333333,5.5,3.63829000359,0.475458352741,0.249505928854,5.32278271304,1.39118184545,0.672924901186,3.27042079462,0.854769071322,0.442687747036,0.749191304359,0.444603920564,2.5,1.68507579377,0.749191304359,2.5,0.259446613992,0.18878248974,46,0.025974025974,0.333144633145,23,23,23,1,0,0.478260869565,0.217391304348,0.304347826087,23,0.158102766798,1.70986622074,6.95652173913,6.66666666667,5,3.45724878624,0.496979513022,0.271739130435,4.89776911384,1.40810862023,0.680434782609,2.98282302552,0.857561619837,0.461956521739,0.782420638139,0.457591727733,2.5,1.70986622074,0.782420638139,2.5,0.220665313522,0.182565789474,37,0.0208921513269,0.279731127458,23,23,23,1,0,0.478260869565,0.217391304348,0.304347826087,23,82,0.162055335968,1.6873447205,7.13043478261,6.83333333333,5.125,3.42854790129,0.480832937376,0.25980911983,4.97106250721,1.39432241056,0.67868504772,3.04251819979,0.85338925116,0.453870625663,0.750667010341,0.444880646629,2.5,1.6873447205,0.750667010341,2.5,0.264994601358,0.189873417722,40,0.0225861095426,0.29242045833,23,23,23,1,0,0.478260869565,0.217391304348,0.304347826087,-6,-0.0118577075099,0.00226892672545,-0.521739130435,-0.5,-0.375,-0.209742102293,0.00537458463507,0.0103031909766,-0.351720205833,0.00314056510441,0.00576014653427,-0.227902594836,-0.001379820162,0.0111828786272,0.00147570598183,0.000276726064657,0,0.00226892672545,0.00147570598183,0,0.00554798736617,0.00109092798144,-6,-0.00338791643139,-0.0407241748151,0,0,0,82,0,6,418,0.931818181818,1,0,0.0681818181818,1,0.931818181818,0.964705882353,0.958452959446,0.931818181818,0.931818181818,2,8,0,10,10,10
1755,WLNM_dir_neg_kfold,0.671875,0.408333333333,00:00:02,10,90,15,22360,threshold_sweep,0.9,1,0.25,0.4,2,0,6,16,0.25,1,0,0.75,1,0.25,0.4,0.75,0.638888888889,0.307692307692,0.426401432711,0.25,94,86,8,0,94,0,86,0,8,23,88,0.173913043478,1.68507579377,7.65217391304,7.33333333333,5.5,3.63829000359,0.475458352741,0.249505928854,5.32278271304,1.39118184545,0.672924901186,3.27042079462,0.854769071322,0.442687747036,0.749191304359,0.444603920564,2.5,1.68507579377,0.749191304359,2.5,0.259446613992,0.18878248974,46,0.025974025974,0.333144633145,23,23,23,1,0,0.478260869565,0.217391304348,0.304347826087,23,0.158102766798,1.70986622074,6.95652173913,6.66666666667,5,3.45724878624,0.496979513022,0.271739130435,4.89776911384,1.40810862023,0.680434782609,2.98282302552,0.857561619837,0.461956521739,0.782420638139,0.457591727733,2.5,1.70986622074,0.782420638139,2.5,0.220665313522,0.182565789474,37,0.0208921513269,0.279731127458,23,23,23,1,0,0.478260869565,0.217391304348,0.304347826087,23,82,0.162055335968,1.6873447205,7.13043478261,6.83333333333,5.125,3.42854790129,0.480832937376,0.25980911983,4.97106250721,1.39432241056,0.67868504772,3.04251819979,0.85338925116,0.453870625663,0.750667010341,0.444880646629,2.5,1.6873447205,0.750667010341,2.5,0.264994601358,0.189873417722,40,0.0225861095426,0.29242045833,23,23,23,1,0,0.478260869565,0.217391304348,0.304347826087,-6,-0.0118577075099,0.00226892672545,-0.521739130435,-0.5,-0.375,-0.209742102293,0.00537458463507,0.0103031909766,-0.351720205833,0.00314056510441,0.00576014653427,-0.227902594836,-0.001379820162,0.0111828786272,0.00147570598183,0.000276726064657,0,0.00226892672545,0.00147570598183,0,0.00554798736617,0.00109092798144,-6,-0.00338791643139,-0.0407241748151,0,0,0,82,0,6,418,0.931818181818,1,0,0.0681818181818,1,0.931818181818,0.964705882353,0.958452959446,0.931818181818,0.931818181818,2,8,0,10,10,10
1756,WLNM_dir_neg_kfold,0.8828125,0.585227272727,00:00:02,10,90,16,22361,threshold_sweep,0.1,1,0.25,0.4,2,0,6,16,0.25,1,0,0.75,1,0.25,0.4,0.75,0.638888888889,0.307692307692,0.426401432711,0.25,94,86,8,0,94,0,86,0,8,23,88,0.173913043478,1.68507579377,7.65217391304,7.33333333333,5.5,3.63829000359,0.475458352741,0.249505928854,5.32278271304,1.39118184545,0.672924901186,3.27042079462,0.854769071322,0.442687747036,0.749191304359,0.444603920564,2.5,1.68507579377,0.749191304359,2.5,0.259446613992,0.18878248974,46,0.025974025974,0.333144633145,23,23,23,1,0,0.478260869565,0.217391304348,0.304347826087,23,0.158102766798,1.70986622074,6.95652173913,6.66666666667,5,3.45724878624,0.496979513022,0.271739130435,4.89776911384,1.40810862023,0.680434782609,2.98282302552,0.857561619837,0.461956521739,0.782420638139,0.457591727733,2.5,1.70986622074,0.782420638139,2.5,0.220665313522,0.182565789474,37,0.0208921513269,0.279731127458,23,23,23,1,0,0.478260869565,0.217391304348,0.304347826087,23,82,0.162055335968,1.6873447205,7.13043478261,6.83333333333,5.125,3.42854790129,0.480832937376,0.25980911983,4.97106250721,1.39432241056,0.67868504772,3.04251819979,0.85338925116,0.453870625663,0.750667010341,0.444880646629,2.5,1.6873447205,0.750667010341,2.5,0.264994601358,0.189873417722,40,0.0225861095426,0.29242045833,23,23,23,1,0,0.478260869565,0.217391304348,0.304347826087,-6,-0.0118577075099,0.00226892672545,-0.521739130435,-0.5,-0.375,-0.209742102293,0.00537458463507,0.0103031909766,-0.351720205833,0.00314056510441,0.00576014653427,-0.227902594836,-0.001379820162,0.0111828786272,0.00147570598183,0.000276726064657,0,0.00226892672545,0.00147570598183,0,0.00554798736617,0.00109092798144,-6,-0.00338791643139,-0.0407241748151,0,0,0,82,0,6,418,0.931818181818,1,0,0.0681818181818,1,0.931818181818,0.964705882353,0.958452959446,0.931818181818,0.931818181818,2,8,0,10,10,10
1757,WLNM_dir_neg_kfold,0.8828125,0.585227272727,00:00:02,10,90,16,22361,threshold_sweep,0.2,1,0.25,0.4,2,0,6,16,0.25,1,0,0.75,1,0.25,0.4,0.75,0.638888888889,0.307692307692,0.426401432711,0.25,94,86,8,0,94,0,86,0,8,23,88,0.173913043478,1.68507579377,7.65217391304,7.33333333333,5.5,3.63829000359,0.475458352741,0.249505928854,5.32278271304,1.39118184545,0.672924901186,3.27042079462,0.854769071322,0.442687747036,0.749191304359,0.444603920564,2.5,1.68507579377,0.749191304359,2.5,0.259446613992,0.18878248974,46,0.025974025974,0.333144633145,23,23,23,1,0,0.478260869565,0.217391304348,0.304347826087,23,0.158102766798,1.70986622074,6.95652173913,6.66666666667,5,3.45724878624,0.496979513022,0.271739130435,4.89776911384,1.40810862023,0.680434782609,2.98282302552,0.857561619837,0.461956521739,0.782420638139,0.457591727733,2.5,1.70986622074,0.782420638139,2.5,0.220665313522,0.182565789474,37,0.0208921513269,0.279731127458,23,23,23,1,0,0.478260869565,0.217391304348,0.304347826087,23,82,0.162055335968,1.6873447205,7.13043478261,6.83333333333,5.125,3.42854790129,0.480832937376,0.25980911983,4.97106250721,1.39432241056,0.67868504772,3.04251819979,0.85338925116,0.453870625663,0.750667010341,0.444880646629,2.5,1.6873447205,0.750667010341,2.5,0.264994601358,0.189873417722,40,0.0225861095426,0.29242045833,23,23,23,1,0,0.478260869565,0.217391304348,0.304347826087,-6,-0.0118577075099,0.00226892672545,-0.521739130435,-0.5,-0.375,-0.209742102293,0.00537458463507,0.0103031909766,-0.351720205833,0.00314056510441,0.00576014653427,-0.227902594836,-0.001379820162,0.0111828786272,0.00147570598183,0.000276726064657,0,0.00226892672545,0.00147570598183,0,0.00554798736617,0.00109092798144,-6,-0.00338791643139,-0.0407241748151,0,0,0,82,0,6,418,0.931818181818,1,0,0.0681818181818,1,0.931818181818,0.964705882353,0.958452959446,0.931818181818,0.931818181818,2,8,0,10,10,10
1758,WLNM_dir_neg_kfold,0.8828125,0.585227272727,00:00:02,10,90,16,22361,threshold_sweep,0.3,1,0.25,0.4,2,0,6,16,0.25,1,0,0.75,1,0.25,0.4,0.75,0.638888888889,0.307692307692,0.426401432711,0.25,94,86,8,0,94,0,86,0,8,23,88,0.173913043478,1.68507579377,7.65217391304,7.33333333333,5.5,3.63829000359,0.475458352741,0.249505928854,5.32278271304,1.39118184545,0.672924901186,3.27042079462,0.854769071322,0.442687747036,0.749191304359,0.444603920564,2.5,1.68507579377,0.749191304359,2.5,0.259446613992,0.18878248974,46,0.025974025974,0.333144633145,23,23,23,1,0,0.478260869565,0.217391304348,0.304347826087,23,0.158102766798,1.70986622074,6.95652173913,6.66666666667,5,3.45724878624,0.496979513022,0.271739130435,4.89776911384,1.40810862023,0.680434782609,2.98282302552,0.857561619837,0.461956521739,0.782420638139,0.457591727733,2.5,1.70986622074,0.782420638139,2.5,0.220665313522,0.182565789474,37,0.0208921513269,0.279731127458,23,23,23,1,0,0.478260869565,0.217391304348,0.304347826087,23,82,0.162055335968,1.6873447205,7.13043478261,6.83333333333,5.125,3.42854790129,0.480832937376,0.25980911983,4.97106250721,1.39432241056,0.67868504772,3.04251819979,0.85338925116,0.453870625663,0.750667010341,0.444880646629,2.5,1.6873447205,0.750667010341,2.5,0.264994601358,0.189873417722,40,0.0225861095426,0.29242045833,23,23,23,1,0,0.478260869565,0.217391304348,0.304347826087,-6,-0.0118577075099,0.00226892672545,-0.521739130435,-0.5,-0.375,-0.209742102293,0.00537458463507,0.0103031909766,-0.351720205833,0.00314056510441,0.00576014653427,-0.227902594836,-0.001379820162,0.0111828786272,0.00147570598183,0.000276726064657,0,0.00226892672545,0.00147570598183,0,0.00554798736617,0.00109092798144,-6,-0.00338791643139,-0.0407241748151,0,0,0,82,0,6,418,0.931818181818,1,0,0.0681818181818,1,0.931818181818,0.964705882353,0.958452959446,0.931818181818,0.931818181818,2,8,0,10,10,10
1759,WLNM_dir_neg_kfold,0.8828125,0.585227272727,00:00:02,10,90,16,22361,threshold_sweep,0.4,1,0.25,0.4,2,0,6,16,0.25,1,0,0.75,1,0.25,0.4,0.75,0.638888888889,0.307692307692,0.426401432711,0.25,94,86,8,0,94,0,86,0,8,23,88,0.173913043478,1.68507579377,7.65217391304,7.33333333333,5.5,3.63829000359,0.475458352741,0.249505928854,5.32278271304,1.39118184545,0.672924901186,3.27042079462,0.854769071322,0.442687747036,0.749191304359,0.444603920564,2.5,1.68507579377,0.749191304359,2.5,0.259446613992,0.18878248974,46,0.025974025974,0.333144633145,23,23,23,1,0,0.478260869565,0.217391304348,0.304347826087,23,0.158102766798,1.70986622074,6.95652173913,6.66666666667,5,3.45724878624,0.496979513022,0.271739130435,4.89776911384,1.40810862023,0.680434782609,2.98282302552,0.857561619837,0.461956521739,0.782420638139,0.457591727733,2.5,1.70986622074,0.782420638139,2.5,0.220665313522,0.182565789474,37,0.0208921513269,0.279731127458,23,23,23,1,0,0.478260869565,0.217391304348,0.304347826087,23,82,0.162055335968,1.6873447205,7.13043478261,6.83333333333,5.125,3.42854790129,0.480832937376,0.25980911983,4.97106250721,1.39432241056,0.67868504772,3.04251819979,0.85338925116,0.453870625663,0.750667010341,0.444880646629,2.5,1.6873447205,0.750667010341,2.5,0.264994601358,0.189873417722,40,0.0225861095426,0.29242045833,23,23,23,1,0,0.478260869565,0.217391304348,0.304347826087,-6,-0.0118577075099,0.00226892672545,-0.521739130435,-0.5,-0.375,-0.209742102293,0.00537458463507,0.0103031909766,-0.351720205833,0.00314056510441,0.00576014653427,-0.227902594836,-0.001379820162,0.0111828786272,0.00147570598183,0.000276726064657,0,0.00226892672545,0.00147570598183,0,0.00554798736617,0.00109092798144,-6,-0.00338791643139,-0.0407241748151,0,0,0,82,0,6,418,0.931818181818,1,0,0.0681818181818,1,0.931818181818,0.964705882353,0.958452959446,0.931818181818,0.931818181818,2,8,0,10,10,10
1760,WLNM_dir_neg_kfold,0.8828125,0.585227272727,00:00:02,10,90,16,22361,threshold_sweep,0.5,1,0.25,0.4,2,0,6,16,0.25,1,0,0.75,1,0.25,0.4,0.75,0.638888888889,0.307692307692,0.426401432711,0.25,94,86,8,0,94,0,86,0,8,23,88,0.173913043478,1.68507579377,7.65217391304,7.33333333333,5.5,3.63829000359,0.475458352741,0.249505928854,5.32278271304,1.39118184545,0.672924901186,3.27042079462,0.854769071322,0.442687747036,0.749191304359,0.444603920564,2.5,1.68507579377,0.749191304359,2.5,0.259446613992,0.18878248974,46,0.025974025974,0.333144633145,23,23,23,1,0,0.478260869565,0.217391304348,0.304347826087,23,0.158102766798,1.70986622074,6.95652173913,6.66666666667,5,3.45724878624,0.496979513022,0.271739130435,4.89776911384,1.40810862023,0.680434782609,2.98282302552,0.857561619837,0.461956521739,0.782420638139,0.457591727733,2.5,1.70986622074,0.782420638139,2.5,0.220665313522,0.182565789474,37,0.0208921513269,0.279731127458,23,23,23,1,0,0.478260869565,0.217391304348,0.304347826087,23,82,0.162055335968,1.6873447205,7.13043478261,6.83333333333,5.125,3.42854790129,0.480832937376,0.25980911983,4.97106250721,1.39432241056,0.67868504772,3.04251819979,0.85338925116,0.453870625663,0.750667010341,0.444880646629,2.5,1.6873447205,0.750667010341,2.5,0.264994601358,0.189873417722,40,0.0225861095426,0.29242045833,23,23,23,1,0,0.478260869565,0.217391304348,0.304347826087,-6,-0.0118577075099,0.00226892672545,-0.521739130435,-0.5,-0.375,-0.209742102293,0.00537458463507,0.0103031909766,-0.351720205833,0.00314056510441,0.00576014653427,-0.227902594836,-0.001379820162,0.0111828786272,0.00147570598183,0.000276726064657,0,0.00226892672545,0.00147570598183,0,0.00554798736617,0.00109092798144,-6,-0.00338791643139,-0.0407241748151,0,0,0,82,0,6,418,0.931818181818,1,0,0.0681818181818,1,0.931818181818,0.964705882353,0.958452959446,0.931818181818,0.931818181818,2,8,0,10,10,10
1761,WLNM_dir_neg_kfold,0.8828125,0.585227272727,00:00:02,10,90,16,22361,threshold_sweep,0.6,1,0.25,0.4,2,0,6,16,0.25,1,0,0.75,1,0.25,0.4,0.75,0.638888888889,0.307692307692,0.426401432711,0.25,94,86,8,0,94,0,86,0,8,23,88,0.173913043478,1.68507579377,7.65217391304,7.33333333333,5.5,3.63829000359,0.475458352741,0.249505928854,5.32278271304,1.39118184545,0.672924901186,3.27042079462,0.854769071322,0.442687747036,0.749191304359,0.444603920564,2.5,1.68507579377,0.749191304359,2.5,0.259446613992,0.18878248974,46,0.025974025974,0.333144633145,23,23,23,1,0,0.478260869565,0.217391304348,0.304347826087,23,0.158102766798,1.70986622074,6.95652173913,6.66666666667,5,3.45724878624,0.496979513022,0.271739130435,4.89776911384,1.40810862023,0.680434782609,2.98282302552,0.857561619837,0.461956521739,0.782420638139,0.457591727733,2.5,1.70986622074,0.782420638139,2.5,0.220665313522,0.182565789474,37,0.0208921513269,0.279731127458,23,23,23,1,0,0.478260869565,0.217391304348,0.304347826087,23,82,0.162055335968,1.6873447205,7.13043478261,6.83333333333,5.125,3.42854790129,0.480832937376,0.25980911983,4.97106250721,1.39432241056,0.67868504772,3.04251819979,0.85338925116,0.453870625663,0.750667010341,0.444880646629,2.5,1.6873447205,0.750667010341,2.5,0.264994601358,0.189873417722,40,0.0225861095426,0.29242045833,23,23,23,1,0,0.478260869565,0.217391304348,0.304347826087,-6,-0.0118577075099,0.00226892672545,-0.521739130435,-0.5,-0.375,-0.209742102293,0.00537458463507,0.0103031909766,-0.351720205833,0.00314056510441,0.00576014653427,-0.227902594836,-0.001379820162,0.0111828786272,0.00147570598183,0.000276726064657,0,0.00226892672545,0.00147570598183,0,0.00554798736617,0.00109092798144,-6,-0.00338791643139,-0.0407241748151,0,0,0,82,0,6,418,0.931818181818,1,0,0.0681818181818,1,0.931818181818,0.964705882353,0.958452959446,0.931818181818,0.931818181818,2,8,0,10,10,10
1762,WLNM_dir_neg_kfold,0.8828125,0.585227272727,00:00:02,10,90,16,22361,threshold_sweep,0.7,1,0.25,0.4,2,0,6,16,0.25,1,0,0.75,1,0.25,0.4,0.75,0.638888888889,0.307692307692,0.426401432711,0.25,94,86,8,0,94,0,86,0,8,23,88,0.173913043478,1.68507579377,7.65217391304,7.33333333333,5.5,3.63829000359,0.475458352741,0.249505928854,5.32278271304,1.39118184545,0.672924901186,3.27042079462,0.854769071322,0.442687747036,0.749191304359,0.444603920564,2.5,1.68507579377,0.749191304359,2.5,0.259446613992,0.18878248974,46,0.025974025974,0.333144633145,23,23,23,1,0,0.478260869565,0.217391304348,0.304347826087,23,0.158102766798,1.70986622074,6.95652173913,6.66666666667,5,3.45724878624,0.496979513022,0.271739130435,4.89776911384,1.40810862023,0.680434782609,2.98282302552,0.857561619837,0.461956521739,0.782420638139,0.457591727733,2.5,1.70986622074,0.782420638139,2.5,0.220665313522,0.182565789474,37,0.0208921513269,0.279731127458,23,23,23,1,0,0.478260869565,0.217391304348,0.304347826087,23,82,0.162055335968,1.6873447205,7.13043478261,6.83333333333,5.125,3.42854790129,0.480832937376,0.25980911983,4.97106250721,1.39432241056,0.67868504772,3.04251819979,0.85338925116,0.453870625663,0.750667010341,0.444880646629,2.5,1.6873447205,0.750667010341,2.5,0.264994601358,0.189873417722,40,0.0225861095426,0.29242045833,23,23,23,1,0,0.478260869565,0.217391304348,0.304347826087,-6,-0.0118577075099,0.00226892672545,-0.521739130435,-0.5,-0.375,-0.209742102293,0.00537458463507,0.0103031909766,-0.351720205833,0.00314056510441,0.00576014653427,-0.227902594836,-0.001379820162,0.0111828786272,0.00147570598183,0.000276726064657,0,0.00226892672545,0.00147570598183,0,0.00554798736617,0.00109092798144,-6,-0.00338791643139,-0.0407241748151,0,0,0,82,0,6,418,0.931818181818,1,0,0.0681818181818,1,0.931818181818,0.964705882353,0.958452959446,0.931818181818,0.931818181818,2,8,0,10,10,10
1763,WLNM_dir_neg_kfold,0.8828125,0.585227272727,00:00:02,10,90,16,22361,threshold_sweep,0.8,1,0.25,0.4,2,0,6,16,0.25,1,0,0.75,1,0.25,0.4,0.75,0.638888888889,0.307692307692,0.426401432711,0.25,94,86,8,0,94,0,86,0,8,23,88,0.173913043478,1.68507579377,7.65217391304,7.33333333333,5.5,3.63829000359,0.475458352741,0.249505928854,5.32278271304,1.39118184545,0.672924901186,3.27042079462,0.854769071322,0.442687747036,0.749191304359,0.444603920564,2.5,1.68507579377,0.749191304359,2.5,0.259446613992,0.18878248974,46,0.025974025974,0.333144633145,23,23,23,1,0,0.478260869565,0.217391304348,0.304347826087,23,0.158102766798,1.70986622074,6.95652173913,6.66666666667,5,3.45724878624,0.496979513022,0.271739130435,4.89776911384,1.40810862023,0.680434782609,2.98282302552,0.857561619837,0.461956521739,0.782420638139,0.457591727733,2.5,1.70986622074,0.782420638139,2.5,0.220665313522,0.182565789474,37,0.0208921513269,0.279731127458,23,23,23,1,0,0.478260869565,0.217391304348,0.304347826087,23,82,0.162055335968,1.6873447205,7.13043478261,6.83333333333,5.125,3.42854790129,0.480832937376,0.25980911983,4.97106250721,1.39432241056,0.67868504772,3.04251819979,0.85338925116,0.453870625663,0.750667010341,0.444880646629,2.5,1.6873447205,0.750667010341,2.5,0.264994601358,0.189873417722,40,0.0225861095426,0.29242045833,23,23,23,1,0,0.478260869565,0.217391304348,0.304347826087,-6,-0.0118577075099,0.00226892672545,-0.521739130435,-0.5,-0.375,-0.209742102293,0.00537458463507,0.0103031909766,-0.351720205833,0.00314056510441,0.00576014653427,-0.227902594836,-0.001379820162,0.0111828786272,0.00147570598183,0.000276726064657,0,0.00226892672545,0.00147570598183,0,0.00554798736617,0.00109092798144,-6,-0.00338791643139,-0.0407241748151,0,0,0,82,0,6,418,0.931818181818,1,0,0.0681818181818,1,0.931818181818,0.964705882353,0.958452959446,0.931818181818,0.931818181818,2,8,0,10,10,10
1764,WLNM_dir_neg_kfold,0.8828125,0.585227272727,00:00:02,10,90,16,22361,threshold_sweep,0.9,1,0.25,0.4,2,0,6,16,0.25,1,0,0.75,1,0.25,0.4,0.75,0.638888888889,0.307692307692,0.426401432711,0.25,94,86,8,0,94,0,86,0,8,23,88,0.173913043478,1.68507579377,7.65217391304,7.33333333333,5.5,3.63829000359,0.475458352741,0.249505928854,5.32278271304,1.39118184545,0.672924901186,3.27042079462,0.854769071322,0.442687747036,0.749191304359,0.444603920564,2.5,1.68507579377,0.749191304359,2.5,0.259446613992,0.18878248974,46,0.025974025974,0.333144633145,23,23,23,1,0,0.478260869565,0.217391304348,0.304347826087,23,0.158102766798,1.70986622074,6.95652173913,6.66666666667,5,3.45724878624,0.496979513022,0.271739130435,4.89776911384,1.40810862023,0.680434782609,2.98282302552,0.857561619837,0.461956521739,0.782420638139,0.457591727733,2.5,1.70986622074,0.782420638139,2.5,0.220665313522,0.182565789474,37,0.0208921513269,0.279731127458,23,23,23,1,0,0.478260869565,0.217391304348,0.304347826087,23,82,0.162055335968,1.6873447205,7.13043478261,6.83333333333,5.125,3.42854790129,0.480832937376,0.25980911983,4.97106250721,1.39432241056,0.67868504772,3.04251819979,0.85338925116,0.453870625663,0.750667010341,0.444880646629,2.5,1.6873447205,0.750667010341,2.5,0.264994601358,0.189873417722,40,0.0225861095426,0.29242045833,23,23,23,1,0,0.478260869565,0.217391304348,0.304347826087,-6,-0.0118577075099,0.00226892672545,-0.521739130435,-0.5,-0.375,-0.209742102293,0.00537458463507,0.0103031909766,-0.351720205833,0.00314056510441,0.00576014653427,-0.227902594836,-0.001379820162,0.0111828786272,0.00147570598183,0.000276726064657,0,0.00226892672545,0.00147570598183,0,0.00554798736617,0.00109092798144,-6,-0.00338791643139,-0.0407241748151,0,0,0,82,0,6,418,0.931818181818,1,0,0.0681818181818,1,0.931818181818,0.964705882353,0.958452959446,0.931818181818,0.931818181818,2,8,0,10,10,10
1765,WLNM_dir_neg_kfold,0.34375,0.308238636364,00:00:02,10,90,17,22362,threshold_sweep,0.1,1,0.25,0.4,2,0,6,16,0.25,1,0,0.75,1,0.25,0.4,0.75,0.638888888889,0.307692307692,0.426401432711,0.25,94,86,8,0,94,0,86,0,8,23,88,0.173913043478,1.68507579377,7.65217391304,7.33333333333,5.5,3.63829000359,0.475458352741,0.249505928854,5.32278271304,1.39118184545,0.672924901186,3.27042079462,0.854769071322,0.442687747036,0.749191304359,0.444603920564,2.5,1.68507579377,0.749191304359,2.5,0.259446613992,0.18878248974,46,0.025974025974,0.333144633145,23,23,23,1,0,0.478260869565,0.217391304348,0.304347826087,23,0.158102766798,1.70986622074,6.95652173913,6.66666666667,5,3.45724878624,0.496979513022,0.271739130435,4.89776911384,1.40810862023,0.680434782609,2.98282302552,0.857561619837,0.461956521739,0.782420638139,0.457591727733,2.5,1.70986622074,0.782420638139,2.5,0.220665313522,0.182565789474,37,0.0208921513269,0.279731127458,23,23,23,1,0,0.478260869565,0.217391304348,0.304347826087,23,82,0.162055335968,1.6873447205,7.13043478261,6.83333333333,5.125,3.42854790129,0.480832937376,0.25980911983,4.97106250721,1.39432241056,0.67868504772,3.04251819979,0.85338925116,0.453870625663,0.750667010341,0.444880646629,2.5,1.6873447205,0.750667010341,2.5,0.264994601358,0.189873417722,40,0.0225861095426,0.29242045833,23,23,23,1,0,0.478260869565,0.217391304348,0.304347826087,-6,-0.0118577075099,0.00226892672545,-0.521739130435,-0.5,-0.375,-0.209742102293,0.00537458463507,0.0103031909766,-0.351720205833,0.00314056510441,0.00576014653427,-0.227902594836,-0.001379820162,0.0111828786272,0.00147570598183,0.000276726064657,0,0.00226892672545,0.00147570598183,0,0.00554798736617,0.00109092798144,-6,-0.00338791643139,-0.0407241748151,0,0,0,82,0,6,418,0.931818181818,1,0,0.0681818181818,1,0.931818181818,0.964705882353,0.958452959446,0.931818181818,0.931818181818,2,8,0,10,10,10
1766,WLNM_dir_neg_kfold,0.34375,0.308238636364,00:00:02,10,90,17,22362,threshold_sweep,0.2,1,0.25,0.4,2,0,6,16,0.25,1,0,0.75,1,0.25,0.4,0.75,0.638888888889,0.307692307692,0.426401432711,0.25,94,86,8,0,94,0,86,0,8,23,88,0.173913043478,1.68507579377,7.65217391304,7.33333333333,5.5,3.63829000359,0.475458352741,0.249505928854,5.32278271304,1.39118184545,0.672924901186,3.27042079462,0.854769071322,0.442687747036,0.749191304359,0.444603920564,2.5,1.68507579377,0.749191304359,2.5,0.259446613992,0.18878248974,46,0.025974025974,0.333144633145,23,23,23,1,0,0.478260869565,0.217391304348,0.304347826087,23,0.158102766798,1.70986622074,6.95652173913,6.66666666667,5,3.45724878624,0.496979513022,0.271739130435,4.89776911384,1.40810862023,0.680434782609,2.98282302552,0.857561619837,0.461956521739,0.782420638139,0.457591727733,2.5,1.70986622074,0.782420638139,2.5,0.220665313522,0.182565789474,37,0.0208921513269,0.279731127458,23,23,23,1,0,0.478260869565,0.217391304348,0.304347826087,23,82,0.162055335968,1.6873447205,7.13043478261,6.83333333333,5.125,3.42854790129,0.480832937376,0.25980911983,4.97106250721,1.39432241056,0.67868504772,3.04251819979,0.85338925116,0.453870625663,0.750667010341,0.444880646629,2.5,1.6873447205,0.750667010341,2.5,0.264994601358,0.189873417722,40,0.0225861095426,0.29242045833,23,23,23,1,0,0.478260869565,0.217391304348,0.304347826087,-6,-0.0118577075099,0.00226892672545,-0.521739130435,-0.5,-0.375,-0.209742102293,0.00537458463507,0.0103031909766,-0.351720205833,0.00314056510441,0.00576014653427,-0.227902594836,-0.001379820162,0.0111828786272,0.00147570598183,0.000276726064657,0,0.00226892672545,0.00147570598183,0,0.00554798736617,0.00109092798144,-6,-0.00338791643139,-0.0407241748151,0,0,0,82,0,6,418,0.931818181818,1,0,0.0681818181818,1,0.931818181818,0.964705882353,0.958452959446,0.931818181818,0.931818181818,2,8,0,10,10,10
1767,WLNM_dir_neg_kfold,0.34375,0.308238636364,00:00:02,10,90,17,22362,threshold_sweep,0.3,1,0.25,0.4,2,0,6,16,0.25,1,0,0.75,1,0.25,0.4,0.75,0.638888888889,0.307692307692,0.426401432711,0.25,94,86,8,0,94,0,86,0,8,23,88,0.173913043478,1.68507579377,7.65217391304,7.33333333333,5.5,3.63829000359,0.475458352741,0.249505928854,5.32278271304,1.39118184545,0.672924901186,3.27042079462,0.854769071322,0.442687747036,0.749191304359,0.444603920564,2.5,1.68507579377,0.749191304359,2.5,0.259446613992,0.18878248974,46,0.025974025974,0.333144633145,23,23,23,1,0,0.478260869565,0.217391304348,0.304347826087,23,0.158102766798,1.70986622074,6.95652173913,6.66666666667,5,3.45724878624,0.496979513022,0.271739130435,4.89776911384,1.40810862023,0.680434782609,2.98282302552,0.857561619837,0.461956521739,0.782420638139,0.457591727733,2.5,1.70986622074,0.782420638139,2.5,0.220665313522,0.182565789474,37,0.0208921513269,0.279731127458,23,23,23,1,0,0.478260869565,0.217391304348,0.304347826087,23,82,0.162055335968,1.6873447205,7.13043478261,6.83333333333,5.125,3.42854790129,0.480832937376,0.25980911983,4.97106250721,1.39432241056,0.67868504772,3.04251819979,0.85338925116,0.453870625663,0.750667010341,0.444880646629,2.5,1.6873447205,0.750667010341,2.5,0.264994601358,0.189873417722,40,0.0225861095426,0.29242045833,23,23,23,1,0,0.478260869565,0.217391304348,0.304347826087,-6,-0.0118577075099,0.00226892672545,-0.521739130435,-0.5,-0.375,-0.209742102293,0.00537458463507,0.0103031909766,-0.351720205833,0.00314056510441,0.00576014653427,-0.227902594836,-0.001379820162,0.0111828786272,0.00147570598183,0.000276726064657,0,0.00226892672545,0.00147570598183,0,0.00554798736617,0.00109092798144,-6,-0.00338791643139,-0.0407241748151,0,0,0,82,0,6,418,0.931818181818,1,0,0.0681818181818,1,0.931818181818,0.964705882353,0.958452959446,0.931818181818,0.931818181818,2,8,0,10,10,10
1768,WLNM_dir_neg_kfold,0.34375,0.308238636364,00:00:02,10,90,17,22362,threshold_sweep,0.4,1,0.25,0.4,2,0,6,16,0.25,1,0,0.75,1,0.25,0.4,0.75,0.638888888889,0.307692307692,0.426401432711,0.25,94,86,8,0,94,0,86,0,8,23,88,0.173913043478,1.68507579377,7.65217391304,7.33333333333,5.5,3.63829000359,0.475458352741,0.249505928854,5.32278271304,1.39118184545,0.672924901186,3.27042079462,0.854769071322,0.442687747036,0.749191304359,0.444603920564,2.5,1.68507579377,0.749191304359,2.5,0.259446613992,0.18878248974,46,0.025974025974,0.333144633145,23,23,23,1,0,0.478260869565,0.217391304348,0.304347826087,23,0.158102766798,1.70986622074,6.95652173913,6.66666666667,5,3.45724878624,0.496979513022,0.271739130435,4.89776911384,1.40810862023,0.680434782609,2.98282302552,0.857561619837,0.461956521739,0.782420638139,0.457591727733,2.5,1.70986622074,0.782420638139,2.5,0.220665313522,0.182565789474,37,0.0208921513269,0.279731127458,23,23,23,1,0,0.478260869565,0.217391304348,0.304347826087,23,82,0.162055335968,1.6873447205,7.13043478261,6.83333333333,5.125,3.42854790129,0.480832937376,0.25980911983,4.97106250721,1.39432241056,0.67868504772,3.04251819979,0.85338925116,0.453870625663,0.750667010341,0.444880646629,2.5,1.6873447205,0.750667010341,2.5,0.264994601358,0.189873417722,40,0.0225861095426,0.29242045833,23,23,23,1,0,0.478260869565,0.217391304348,0.304347826087,-6,-0.0118577075099,0.00226892672545,-0.521739130435,-0.5,-0.375,-0.209742102293,0.00537458463507,0.0103031909766,-0.351720205833,0.00314056510441,0.00576014653427,-0.227902594836,-0.001379820162,0.0111828786272,0.00147570598183,0.000276726064657,0,0.00226892672545,0.00147570598183,0,0.00554798736617,0.00109092798144,-6,-0.00338791643139,-0.0407241748151,0,0,0,82,0,6,418,0.931818181818,1,0,0.0681818181818,1,0.931818181818,0.964705882353,0.958452959446,0.931818181818,0.931818181818,2,8,0,10,10,10
1769,WLNM_dir_neg_kfold,0.34375,0.308238636364,00:00:02,10,90,17,22362,threshold_sweep,0.5,1,0.25,0.4,2,0,6,16,0.25,1,0,0.75,1,0.25,0.4,0.75,0.638888888889,0.307692307692,0.426401432711,0.25,94,86,8,0,94,0,86,0,8,23,88,0.173913043478,1.68507579377,7.65217391304,7.33333333333,5.5,3.63829000359,0.475458352741,0.249505928854,5.32278271304,1.39118184545,0.672924901186,3.27042079462,0.854769071322,0.442687747036,0.749191304359,0.444603920564,2.5,1.68507579377,0.749191304359,2.5,0.259446613992,0.18878248974,46,0.025974025974,0.333144633145,23,23,23,1,0,0.478260869565,0.217391304348,0.304347826087,23,0.158102766798,1.70986622074,6.95652173913,6.66666666667,5,3.45724878624,0.496979513022,0.271739130435,4.89776911384,1.40810862023,0.680434782609,2.98282302552,0.857561619837,0.461956521739,0.782420638139,0.457591727733,2.5,1.70986622074,0.782420638139,2.5,0.220665313522,0.182565789474,37,0.0208921513269,0.279731127458,23,23,23,1,0,0.478260869565,0.217391304348,0.304347826087,23,82,0.162055335968,1.6873447205,7.13043478261,6.83333333333,5.125,3.42854790129,0.480832937376,0.25980911983,4.97106250721,1.39432241056,0.67868504772,3.04251819979,0.85338925116,0.453870625663,0.750667010341,0.444880646629,2.5,1.6873447205,0.750667010341,2.5,0.264994601358,0.189873417722,40,0.0225861095426,0.29242045833,23,23,23,1,0,0.478260869565,0.217391304348,0.304347826087,-6,-0.0118577075099,0.00226892672545,-0.521739130435,-0.5,-0.375,-0.209742102293,0.00537458463507,0.0103031909766,-0.351720205833,0.00314056510441,0.00576014653427,-0.227902594836,-0.001379820162,0.0111828786272,0.00147570598183,0.000276726064657,0,0.00226892672545,0.00147570598183,0,0.00554798736617,0.00109092798144,-6,-0.00338791643139,-0.0407241748151,0,0,0,82,0,6,418,0.931818181818,1,0,0.0681818181818,1,0.931818181818,0.964705882353,0.958452959446,0.931818181818,0.931818181818,2,8,0,10,10,10
1770,WLNM_dir_neg_kfold,0.34375,0.308238636364,00:00:02,10,90,17,22362,threshold_sweep,0.6,1,0.25,0.4,2,0,6,16,0.25,1,0,0.75,1,0.25,0.4,0.75,0.638888888889,0.307692307692,0.426401432711,0.25,94,86,8,0,94,0,86,0,8,23,88,0.173913043478,1.68507579377,7.65217391304,7.33333333333,5.5,3.63829000359,0.475458352741,0.249505928854,5.32278271304,1.39118184545,0.672924901186,3.27042079462,0.854769071322,0.442687747036,0.749191304359,0.444603920564,2.5,1.68507579377,0.749191304359,2.5,0.259446613992,0.18878248974,46,0.025974025974,0.333144633145,23,23,23,1,0,0.478260869565,0.217391304348,0.304347826087,23,0.158102766798,1.70986622074,6.95652173913,6.66666666667,5,3.45724878624,0.496979513022,0.271739130435,4.89776911384,1.40810862023,0.680434782609,2.98282302552,0.857561619837,0.461956521739,0.782420638139,0.457591727733,2.5,1.70986622074,0.782420638139,2.5,0.220665313522,0.182565789474,37,0.0208921513269,0.279731127458,23,23,23,1,0,0.478260869565,0.217391304348,0.304347826087,23,82,0.162055335968,1.6873447205,7.13043478261,6.83333333333,5.125,3.42854790129,0.480832937376,0.25980911983,4.97106250721,1.39432241056,0.67868504772,3.04251819979,0.85338925116,0.453870625663,0.750667010341,0.444880646629,2.5,1.6873447205,0.750667010341,2.5,0.264994601358,0.189873417722,40,0.0225861095426,0.29242045833,23,23,23,1,0,0.478260869565,0.217391304348,0.304347826087,-6,-0.0118577075099,0.00226892672545,-0.521739130435,-0.5,-0.375,-0.209742102293,0.00537458463507,0.0103031909766,-0.351720205833,0.00314056510441,0.00576014653427,-0.227902594836,-0.001379820162,0.0111828786272,0.00147570598183,0.000276726064657,0,0.00226892672545,0.00147570598183,0,0.00554798736617,0.00109092798144,-6,-0.00338791643139,-0.0407241748151,0,0,0,82,0,6,418,0.931818181818,1,0,0.0681818181818,1,0.931818181818,0.964705882353,0.958452959446,0.931818181818,0.931818181818,2,8,0,10,10,10
1771,WLNM_dir_neg_kfold,0.34375,0.308238636364,00:00:02,10,90,17,22362,threshold_sweep,0.7,1,0.25,0.4,2,0,6,16,0.25,1,0,0.75,1,0.25,0.4,0.75,0.638888888889,0.307692307692,0.426401432711,0.25,94,86,8,0,94,0,86,0,8,23,88,0.173913043478,1.68507579377,7.65217391304,7.33333333333,5.5,3.63829000359,0.475458352741,0.249505928854,5.32278271304,1.39118184545,0.672924901186,3.27042079462,0.854769071322,0.442687747036,0.749191304359,0.444603920564,2.5,1.68507579377,0.749191304359,2.5,0.259446613992,0.18878248974,46,0.025974025974,0.333144633145,23,23,23,1,0,0.478260869565,0.217391304348,0.304347826087,23,0.158102766798,1.70986622074,6.95652173913,6.66666666667,5,3.45724878624,0.496979513022,0.271739130435,4.89776911384,1.40810862023,0.680434782609,2.98282302552,0.857561619837,0.461956521739,0.782420638139,0.457591727733,2.5,1.70986622074,0.782420638139,2.5,0.220665313522,0.182565789474,37,0.0208921513269,0.279731127458,23,23,23,1,0,0.478260869565,0.217391304348,0.304347826087,23,82,0.162055335968,1.6873447205,7.13043478261,6.83333333333,5.125,3.42854790129,0.480832937376,0.25980911983,4.97106250721,1.39432241056,0.67868504772,3.04251819979,0.85338925116,0.453870625663,0.750667010341,0.444880646629,2.5,1.6873447205,0.750667010341,2.5,0.264994601358,0.189873417722,40,0.0225861095426,0.29242045833,23,23,23,1,0,0.478260869565,0.217391304348,0.304347826087,-6,-0.0118577075099,0.00226892672545,-0.521739130435,-0.5,-0.375,-0.209742102293,0.00537458463507,0.0103031909766,-0.351720205833,0.00314056510441,0.00576014653427,-0.227902594836,-0.001379820162,0.0111828786272,0.00147570598183,0.000276726064657,0,0.00226892672545,0.00147570598183,0,0.00554798736617,0.00109092798144,-6,-0.00338791643139,-0.0407241748151,0,0,0,82,0,6,418,0.931818181818,1,0,0.0681818181818,1,0.931818181818,0.964705882353,0.958452959446,0.931818181818,0.931818181818,2,8,0,10,10,10
1772,WLNM_dir_neg_kfold,0.34375,0.308238636364,00:00:02,10,90,17,22362,threshold_sweep,0.8,1,0.25,0.4,2,0,6,16,0.25,1,0,0.75,1,0.25,0.4,0.75,0.638888888889,0.307692307692,0.426401432711,0.25,94,86,8,0,94,0,86,0,8,23,88,0.173913043478,1.68507579377,7.65217391304,7.33333333333,5.5,3.63829000359,0.475458352741,0.249505928854,5.32278271304,1.39118184545,0.672924901186,3.27042079462,0.854769071322,0.442687747036,0.749191304359,0.444603920564,2.5,1.68507579377,0.749191304359,2.5,0.259446613992,0.18878248974,46,0.025974025974,0.333144633145,23,23,23,1,0,0.478260869565,0.217391304348,0.304347826087,23,0.158102766798,1.70986622074,6.95652173913,6.66666666667,5,3.45724878624,0.496979513022,0.271739130435,4.89776911384,1.40810862023,0.680434782609,2.98282302552,0.857561619837,0.461956521739,0.782420638139,0.457591727733,2.5,1.70986622074,0.782420638139,2.5,0.220665313522,0.182565789474,37,0.0208921513269,0.279731127458,23,23,23,1,0,0.478260869565,0.217391304348,0.304347826087,23,82,0.162055335968,1.6873447205,7.13043478261,6.83333333333,5.125,3.42854790129,0.480832937376,0.25980911983,4.97106250721,1.39432241056,0.67868504772,3.04251819979,0.85338925116,0.453870625663,0.750667010341,0.444880646629,2.5,1.6873447205,0.750667010341,2.5,0.264994601358,0.189873417722,40,0.0225861095426,0.29242045833,23,23,23,1,0,0.478260869565,0.217391304348,0.304347826087,-6,-0.0118577075099,0.00226892672545,-0.521739130435,-0.5,-0.375,-0.209742102293,0.00537458463507,0.0103031909766,-0.351720205833,0.00314056510441,0.00576014653427,-0.227902594836,-0.001379820162,0.0111828786272,0.00147570598183,0.000276726064657,0,0.00226892672545,0.00147570598183,0,0.00554798736617,0.00109092798144,-6,-0.00338791643139,-0.0407241748151,0,0,0,82,0,6,418,0.931818181818,1,0,0.0681818181818,1,0.931818181818,0.964705882353,0.958452959446,0.931818181818,0.931818181818,2,8,0,10,10,10
1773,WLNM_dir_neg_kfold,0.34375,0.308238636364,00:00:02,10,90,17,22362,threshold_sweep,0.9,1,0.25,0.4,2,0,6,16,0.25,1,0,0.75,1,0.25,0.4,0.75,0.638888888889,0.307692307692,0.426401432711,0.25,94,86,8,0,94,0,86,0,8,23,88,0.173913043478,1.68507579377,7.65217391304,7.33333333333,5.5,3.63829000359,0.475458352741,0.249505928854,5.32278271304,1.39118184545,0.672924901186,3.27042079462,0.854769071322,0.442687747036,0.749191304359,0.444603920564,2.5,1.68507579377,0.749191304359,2.5,0.259446613992,0.18878248974,46,0.025974025974,0.333144633145,23,23,23,1,0,0.478260869565,0.217391304348,0.304347826087,23,0.158102766798,1.70986622074,6.95652173913,6.66666666667,5,3.45724878624,0.496979513022,0.271739130435,4.89776911384,1.40810862023,0.680434782609,2.98282302552,0.857561619837,0.461956521739,0.782420638139,0.457591727733,2.5,1.70986622074,0.782420638139,2.5,0.220665313522,0.182565789474,37,0.0208921513269,0.279731127458,23,23,23,1,0,0.478260869565,0.217391304348,0.304347826087,23,82,0.162055335968,1.6873447205,7.13043478261,6.83333333333,5.125,3.42854790129,0.480832937376,0.25980911983,4.97106250721,1.39432241056,0.67868504772,3.04251819979,0.85338925116,0.453870625663,0.750667010341,0.444880646629,2.5,1.6873447205,0.750667010341,2.5,0.264994601358,0.189873417722,40,0.0225861095426,0.29242045833,23,23,23,1,0,0.478260869565,0.217391304348,0.304347826087,-6,-0.0118577075099,0.00226892672545,-0.521739130435,-0.5,-0.375,-0.209742102293,0.00537458463507,0.0103031909766,-0.351720205833,0.00314056510441,0.00576014653427,-0.227902594836,-0.001379820162,0.0111828786272,0.00147570598183,0.000276726064657,0,0.00226892672545,0.00147570598183,0,0.00554798736617,0.00109092798144,-6,-0.00338791643139,-0.0407241748151,0,0,0,82,0,6,418,0.931818181818,1,0,0.0681818181818,1,0.931818181818,0.964705882353,0.958452959446,0.931818181818,0.931818181818,2,8,0,10,10,10
1774,WLNM_dir_neg_kfold,0.765625,0.475,00:00:02,10,90,18,22363,threshold_sweep,0.1,1,0.25,0.4,2,0,6,16,0.25,1,0,0.75,1,0.25,0.4,0.75,0.638888888889,0.307692307692,0.426401432711,0.25,94,86,8,0,94,0,86,0,8,23,88,0.173913043478,1.68507579377,7.65217391304,7.33333333333,5.5,3.63829000359,0.475458352741,0.249505928854,5.32278271304,1.39118184545,0.672924901186,3.27042079462,0.854769071322,0.442687747036,0.749191304359,0.444603920564,2.5,1.68507579377,0.749191304359,2.5,0.259446613992,0.18878248974,46,0.025974025974,0.333144633145,23,23,23,1,0,0.478260869565,0.217391304348,0.304347826087,23,0.158102766798,1.70986622074,6.95652173913,6.66666666667,5,3.45724878624,0.496979513022,0.271739130435,4.89776911384,1.40810862023,0.680434782609,2.98282302552,0.857561619837,0.461956521739,0.782420638139,0.457591727733,2.5,1.70986622074,0.782420638139,2.5,0.220665313522,0.182565789474,37,0.0208921513269,0.279731127458,23,23,23,1,0,0.478260869565,0.217391304348,0.304347826087,23,82,0.162055335968,1.6873447205,7.13043478261,6.83333333333,5.125,3.42854790129,0.480832937376,0.25980911983,4.97106250721,1.39432241056,0.67868504772,3.04251819979,0.85338925116,0.453870625663,0.750667010341,0.444880646629,2.5,1.6873447205,0.750667010341,2.5,0.264994601358,0.189873417722,40,0.0225861095426,0.29242045833,23,23,23,1,0,0.478260869565,0.217391304348,0.304347826087,-6,-0.0118577075099,0.00226892672545,-0.521739130435,-0.5,-0.375,-0.209742102293,0.00537458463507,0.0103031909766,-0.351720205833,0.00314056510441,0.00576014653427,-0.227902594836,-0.001379820162,0.0111828786272,0.00147570598183,0.000276726064657,0,0.00226892672545,0.00147570598183,0,0.00554798736617,0.00109092798144,-6,-0.00338791643139,-0.0407241748151,0,0,0,82,0,6,418,0.931818181818,1,0,0.0681818181818,1,0.931818181818,0.964705882353,0.958452959446,0.931818181818,0.931818181818,2,8,0,10,10,10
1775,WLNM_dir_neg_kfold,0.765625,0.475,00:00:02,10,90,18,22363,threshold_sweep,0.2,1,0.25,0.4,2,0,6,16,0.25,1,0,0.75,1,0.25,0.4,0.75,0.638888888889,0.307692307692,0.426401432711,0.25,94,86,8,0,94,0,86,0,8,23,88,0.173913043478,1.68507579377,7.65217391304,7.33333333333,5.5,3.63829000359,0.475458352741,0.249505928854,5.32278271304,1.39118184545,0.672924901186,3.27042079462,0.854769071322,0.442687747036,0.749191304359,0.444603920564,2.5,1.68507579377,0.749191304359,2.5,0.259446613992,0.18878248974,46,0.025974025974,0.333144633145,23,23,23,1,0,0.478260869565,0.217391304348,0.304347826087,23,0.158102766798,1.70986622074,6.95652173913,6.66666666667,5,3.45724878624,0.496979513022,0.271739130435,4.89776911384,1.40810862023,0.680434782609,2.98282302552,0.857561619837,0.461956521739,0.782420638139,0.457591727733,2.5,1.70986622074,0.782420638139,2.5,0.220665313522,0.182565789474,37,0.0208921513269,0.279731127458,23,23,23,1,0,0.478260869565,0.217391304348,0.304347826087,23,82,0.162055335968,1.6873447205,7.13043478261,6.83333333333,5.125,3.42854790129,0.480832937376,0.25980911983,4.97106250721,1.39432241056,0.67868504772,3.04251819979,0.85338925116,0.453870625663,0.750667010341,0.444880646629,2.5,1.6873447205,0.750667010341,2.5,0.264994601358,0.189873417722,40,0.0225861095426,0.29242045833,23,23,23,1,0,0.478260869565,0.217391304348,0.304347826087,-6,-0.0118577075099,0.00226892672545,-0.521739130435,-0.5,-0.375,-0.209742102293,0.00537458463507,0.0103031909766,-0.351720205833,0.00314056510441,0.00576014653427,-0.227902594836,-0.001379820162,0.0111828786272,0.00147570598183,0.000276726064657,0,0.00226892672545,0.00147570598183,0,0.00554798736617,0.00109092798144,-6,-0.00338791643139,-0.0407241748151,0,0,0,82,0,6,418,0.931818181818,1,0,0.0681818181818,1,0.931818181818,0.964705882353,0.958452959446,0.931818181818,0.931818181818,2,8,0,10,10,10
1776,WLNM_dir_neg_kfold,0.765625,0.475,00:00:02,10,90,18,22363,threshold_sweep,0.3,1,0.25,0.4,2,0,6,16,0.25,1,0,0.75,1,0.25,0.4,0.75,0.638888888889,0.307692307692,0.426401432711,0.25,94,86,8,0,94,0,86,0,8,23,88,0.173913043478,1.68507579377,7.65217391304,7.33333333333,5.5,3.63829000359,0.475458352741,0.249505928854,5.32278271304,1.39118184545,0.672924901186,3.27042079462,0.854769071322,0.442687747036,0.749191304359,0.444603920564,2.5,1.68507579377,0.749191304359,2.5,0.259446613992,0.18878248974,46,0.025974025974,0.333144633145,23,23,23,1,0,0.478260869565,0.217391304348,0.304347826087,23,0.158102766798,1.70986622074,6.95652173913,6.66666666667,5,3.45724878624,0.496979513022,0.271739130435,4.89776911384,1.40810862023,0.680434782609,2.98282302552,0.857561619837,0.461956521739,0.782420638139,0.457591727733,2.5,1.70986622074,0.782420638139,2.5,0.220665313522,0.182565789474,37,0.0208921513269,0.279731127458,23,23,23,1,0,0.478260869565,0.217391304348,0.304347826087,23,82,0.162055335968,1.6873447205,7.13043478261,6.83333333333,5.125,3.42854790129,0.480832937376,0.25980911983,4.97106250721,1.39432241056,0.67868504772,3.04251819979,0.85338925116,0.453870625663,0.750667010341,0.444880646629,2.5,1.6873447205,0.750667010341,2.5,0.264994601358,0.189873417722,40,0.0225861095426,0.29242045833,23,23,23,1,0,0.478260869565,0.217391304348,0.304347826087,-6,-0.0118577075099,0.00226892672545,-0.521739130435,-0.5,-0.375,-0.209742102293,0.00537458463507,0.0103031909766,-0.351720205833,0.00314056510441,0.00576014653427,-0.227902594836,-0.001379820162,0.0111828786272,0.00147570598183,0.000276726064657,0,0.00226892672545,0.00147570598183,0,0.00554798736617,0.00109092798144,-6,-0.00338791643139,-0.0407241748151,0,0,0,82,0,6,418,0.931818181818,1,0,0.0681818181818,1,0.931818181818,0.964705882353,0.958452959446,0.931818181818,0.931818181818,2,8,0,10,10,10
1777,WLNM_dir_neg_kfold,0.765625,0.475,00:00:02,10,90,18,22363,threshold_sweep,0.4,1,0.25,0.4,2,0,6,16,0.25,1,0,0.75,1,0.25,0.4,0.75,0.638888888889,0.307692307692,0.426401432711,0.25,94,86,8,0,94,0,86,0,8,23,88,0.173913043478,1.68507579377,7.65217391304,7.33333333333,5.5,3.63829000359,0.475458352741,0.249505928854,5.32278271304,1.39118184545,0.672924901186,3.27042079462,0.854769071322,0.442687747036,0.749191304359,0.444603920564,2.5,1.68507579377,0.749191304359,2.5,0.259446613992,0.18878248974,46,0.025974025974,0.333144633145,23,23,23,1,0,0.478260869565,0.217391304348,0.304347826087,23,0.158102766798,1.70986622074,6.95652173913,6.66666666667,5,3.45724878624,0.496979513022,0.271739130435,4.89776911384,1.40810862023,0.680434782609,2.98282302552,0.857561619837,0.461956521739,0.782420638139,0.457591727733,2.5,1.70986622074,0.782420638139,2.5,0.220665313522,0.182565789474,37,0.0208921513269,0.279731127458,23,23,23,1,0,0.478260869565,0.217391304348,0.304347826087,23,82,0.162055335968,1.6873447205,7.13043478261,6.83333333333,5.125,3.42854790129,0.480832937376,0.25980911983,4.97106250721,1.39432241056,0.67868504772,3.04251819979,0.85338925116,0.453870625663,0.750667010341,0.444880646629,2.5,1.6873447205,0.750667010341,2.5,0.264994601358,0.189873417722,40,0.0225861095426,0.29242045833,23,23,23,1,0,0.478260869565,0.217391304348,0.304347826087,-6,-0.0118577075099,0.00226892672545,-0.521739130435,-0.5,-0.375,-0.209742102293,0.00537458463507,0.0103031909766,-0.351720205833,0.00314056510441,0.00576014653427,-0.227902594836,-0.001379820162,0.0111828786272,0.00147570598183,0.000276726064657,0,0.00226892672545,0.00147570598183,0,0.00554798736617,0.00109092798144,-6,-0.00338791643139,-0.0407241748151,0,0,0,82,0,6,418,0.931818181818,1,0,0.0681818181818,1,0.931818181818,0.964705882353,0.958452959446,0.931818181818,0.931818181818,2,8,0,10,10,10
1778,WLNM_dir_neg_kfold,0.765625,0.475,00:00:02,10,90,18,22363,threshold_sweep,0.5,1,0.25,0.4,2,0,6,16,0.25,1,0,0.75,1,0.25,0.4,0.75,0.638888888889,0.307692307692,0.426401432711,0.25,94,86,8,0,94,0,86,0,8,23,88,0.173913043478,1.68507579377,7.65217391304,7.33333333333,5.5,3.63829000359,0.475458352741,0.249505928854,5.32278271304,1.39118184545,0.672924901186,3.27042079462,0.854769071322,0.442687747036,0.749191304359,0.444603920564,2.5,1.68507579377,0.749191304359,2.5,0.259446613992,0.18878248974,46,0.025974025974,0.333144633145,23,23,23,1,0,0.478260869565,0.217391304348,0.304347826087,23,0.158102766798,1.70986622074,6.95652173913,6.66666666667,5,3.45724878624,0.496979513022,0.271739130435,4.89776911384,1.40810862023,0.680434782609,2.98282302552,0.857561619837,0.461956521739,0.782420638139,0.457591727733,2.5,1.70986622074,0.782420638139,2.5,0.220665313522,0.182565789474,37,0.0208921513269,0.279731127458,23,23,23,1,0,0.478260869565,0.217391304348,0.304347826087,23,82,0.162055335968,1.6873447205,7.13043478261,6.83333333333,5.125,3.42854790129,0.480832937376,0.25980911983,4.97106250721,1.39432241056,0.67868504772,3.04251819979,0.85338925116,0.453870625663,0.750667010341,0.444880646629,2.5,1.6873447205,0.750667010341,2.5,0.264994601358,0.189873417722,40,0.0225861095426,0.29242045833,23,23,23,1,0,0.478260869565,0.217391304348,0.304347826087,-6,-0.0118577075099,0.00226892672545,-0.521739130435,-0.5,-0.375,-0.209742102293,0.00537458463507,0.0103031909766,-0.351720205833,0.00314056510441,0.00576014653427,-0.227902594836,-0.001379820162,0.0111828786272,0.00147570598183,0.000276726064657,0,0.00226892672545,0.00147570598183,0,0.00554798736617,0.00109092798144,-6,-0.00338791643139,-0.0407241748151,0,0,0,82,0,6,418,0.931818181818,1,0,0.0681818181818,1,0.931818181818,0.964705882353,0.958452959446,0.931818181818,0.931818181818,2,8,0,10,10,10
1779,WLNM_dir_neg_kfold,0.765625,0.475,00:00:02,10,90,18,22363,threshold_sweep,0.6,1,0.25,0.4,2,0,6,16,0.25,1,0,0.75,1,0.25,0.4,0.75,0.638888888889,0.307692307692,0.426401432711,0.25,94,86,8,0,94,0,86,0,8,23,88,0.173913043478,1.68507579377,7.65217391304,7.33333333333,5.5,3.63829000359,0.475458352741,0.249505928854,5.32278271304,1.39118184545,0.672924901186,3.27042079462,0.854769071322,0.442687747036,0.749191304359,0.444603920564,2.5,1.68507579377,0.749191304359,2.5,0.259446613992,0.18878248974,46,0.025974025974,0.333144633145,23,23,23,1,0,0.478260869565,0.217391304348,0.304347826087,23,0.158102766798,1.70986622074,6.95652173913,6.66666666667,5,3.45724878624,0.496979513022,0.271739130435,4.89776911384,1.40810862023,0.680434782609,2.98282302552,0.857561619837,0.461956521739,0.782420638139,0.457591727733,2.5,1.70986622074,0.782420638139,2.5,0.220665313522,0.182565789474,37,0.0208921513269,0.279731127458,23,23,23,1,0,0.478260869565,0.217391304348,0.304347826087,23,82,0.162055335968,1.6873447205,7.13043478261,6.83333333333,5.125,3.42854790129,0.480832937376,0.25980911983,4.97106250721,1.39432241056,0.67868504772,3.04251819979,0.85338925116,0.453870625663,0.750667010341,0.444880646629,2.5,1.6873447205,0.750667010341,2.5,0.264994601358,0.189873417722,40,0.0225861095426,0.29242045833,23,23,23,1,0,0.478260869565,0.217391304348,0.304347826087,-6,-0.0118577075099,0.00226892672545,-0.521739130435,-0.5,-0.375,-0.209742102293,0.00537458463507,0.0103031909766,-0.351720205833,0.00314056510441,0.00576014653427,-0.227902594836,-0.001379820162,0.0111828786272,0.00147570598183,0.000276726064657,0,0.00226892672545,0.00147570598183,0,0.00554798736617,0.00109092798144,-6,-0.00338791643139,-0.0407241748151,0,0,0,82,0,6,418,0.931818181818,1,0,0.0681818181818,1,0.931818181818,0.964705882353,0.958452959446,0.931818181818,0.931818181818,2,8,0,10,10,10
1780,WLNM_dir_neg_kfold,0.765625,0.475,00:00:02,10,90,18,22363,threshold_sweep,0.7,1,0.25,0.4,2,0,6,16,0.25,1,0,0.75,1,0.25,0.4,0.75,0.638888888889,0.307692307692,0.426401432711,0.25,94,86,8,0,94,0,86,0,8,23,88,0.173913043478,1.68507579377,7.65217391304,7.33333333333,5.5,3.63829000359,0.475458352741,0.249505928854,5.32278271304,1.39118184545,0.672924901186,3.27042079462,0.854769071322,0.442687747036,0.749191304359,0.444603920564,2.5,1.68507579377,0.749191304359,2.5,0.259446613992,0.18878248974,46,0.025974025974,0.333144633145,23,23,23,1,0,0.478260869565,0.217391304348,0.304347826087,23,0.158102766798,1.70986622074,6.95652173913,6.66666666667,5,3.45724878624,0.496979513022,0.271739130435,4.89776911384,1.40810862023,0.680434782609,2.98282302552,0.857561619837,0.461956521739,0.782420638139,0.457591727733,2.5,1.70986622074,0.782420638139,2.5,0.220665313522,0.182565789474,37,0.0208921513269,0.279731127458,23,23,23,1,0,0.478260869565,0.217391304348,0.304347826087,23,82,0.162055335968,1.6873447205,7.13043478261,6.83333333333,5.125,3.42854790129,0.480832937376,0.25980911983,4.97106250721,1.39432241056,0.67868504772,3.04251819979,0.85338925116,0.453870625663,0.750667010341,0.444880646629,2.5,1.6873447205,0.750667010341,2.5,0.264994601358,0.189873417722,40,0.0225861095426,0.29242045833,23,23,23,1,0,0.478260869565,0.217391304348,0.304347826087,-6,-0.0118577075099,0.00226892672545,-0.521739130435,-0.5,-0.375,-0.209742102293,0.00537458463507,0.0103031909766,-0.351720205833,0.00314056510441,0.00576014653427,-0.227902594836,-0.001379820162,0.0111828786272,0.00147570598183,0.000276726064657,0,0.00226892672545,0.00147570598183,0,0.00554798736617,0.00109092798144,-6,-0.00338791643139,-0.0407241748151,0,0,0,82,0,6,418,0.931818181818,1,0,0.0681818181818,1,0.931818181818,0.964705882353,0.958452959446,0.931818181818,0.931818181818,2,8,0,10,10,10
1781,WLNM_dir_neg_kfold,0.765625,0.475,00:00:02,10,90,18,22363,threshold_sweep,0.8,1,0.25,0.4,2,0,6,16,0.25,1,0,0.75,1,0.25,0.4,0.75,0.638888888889,0.307692307692,0.426401432711,0.25,94,86,8,0,94,0,86,0,8,23,88,0.173913043478,1.68507579377,7.65217391304,7.33333333333,5.5,3.63829000359,0.475458352741,0.249505928854,5.32278271304,1.39118184545,0.672924901186,3.27042079462,0.854769071322,0.442687747036,0.749191304359,0.444603920564,2.5,1.68507579377,0.749191304359,2.5,0.259446613992,0.18878248974,46,0.025974025974,0.333144633145,23,23,23,1,0,0.478260869565,0.217391304348,0.304347826087,23,0.158102766798,1.70986622074,6.95652173913,6.66666666667,5,3.45724878624,0.496979513022,0.271739130435,4.89776911384,1.40810862023,0.680434782609,2.98282302552,0.857561619837,0.461956521739,0.782420638139,0.457591727733,2.5,1.70986622074,0.782420638139,2.5,0.220665313522,0.182565789474,37,0.0208921513269,0.279731127458,23,23,23,1,0,0.478260869565,0.217391304348,0.304347826087,23,82,0.162055335968,1.6873447205,7.13043478261,6.83333333333,5.125,3.42854790129,0.480832937376,0.25980911983,4.97106250721,1.39432241056,0.67868504772,3.04251819979,0.85338925116,0.453870625663,0.750667010341,0.444880646629,2.5,1.6873447205,0.750667010341,2.5,0.264994601358,0.189873417722,40,0.0225861095426,0.29242045833,23,23,23,1,0,0.478260869565,0.217391304348,0.304347826087,-6,-0.0118577075099,0.00226892672545,-0.521739130435,-0.5,-0.375,-0.209742102293,0.00537458463507,0.0103031909766,-0.351720205833,0.00314056510441,0.00576014653427,-0.227902594836,-0.001379820162,0.0111828786272,0.00147570598183,0.000276726064657,0,0.00226892672545,0.00147570598183,0,0.00554798736617,0.00109092798144,-6,-0.00338791643139,-0.0407241748151,0,0,0,82,0,6,418,0.931818181818,1,0,0.0681818181818,1,0.931818181818,0.964705882353,0.958452959446,0.931818181818,0.931818181818,2,8,0,10,10,10
1782,WLNM_dir_neg_kfold,0.765625,0.475,00:00:02,10,90,18,22363,threshold_sweep,0.9,1,0.25,0.4,2,0,6,16,0.25,1,0,0.75,1,0.25,0.4,0.75,0.638888888889,0.307692307692,0.426401432711,0.25,94,86,8,0,94,0,86,0,8,23,88,0.173913043478,1.68507579377,7.65217391304,7.33333333333,5.5,3.63829000359,0.475458352741,0.249505928854,5.32278271304,1.39118184545,0.672924901186,3.27042079462,0.854769071322,0.442687747036,0.749191304359,0.444603920564,2.5,1.68507579377,0.749191304359,2.5,0.259446613992,0.18878248974,46,0.025974025974,0.333144633145,23,23,23,1,0,0.478260869565,0.217391304348,0.304347826087,23,0.158102766798,1.70986622074,6.95652173913,6.66666666667,5,3.45724878624,0.496979513022,0.271739130435,4.89776911384,1.40810862023,0.680434782609,2.98282302552,0.857561619837,0.461956521739,0.782420638139,0.457591727733,2.5,1.70986622074,0.782420638139,2.5,0.220665313522,0.182565789474,37,0.0208921513269,0.279731127458,23,23,23,1,0,0.478260869565,0.217391304348,0.304347826087,23,82,0.162055335968,1.6873447205,7.13043478261,6.83333333333,5.125,3.42854790129,0.480832937376,0.25980911983,4.97106250721,1.39432241056,0.67868504772,3.04251819979,0.85338925116,0.453870625663,0.750667010341,0.444880646629,2.5,1.6873447205,0.750667010341,2.5,0.264994601358,0.189873417722,40,0.0225861095426,0.29242045833,23,23,23,1,0,0.478260869565,0.217391304348,0.304347826087,-6,-0.0118577075099,0.00226892672545,-0.521739130435,-0.5,-0.375,-0.209742102293,0.00537458463507,0.0103031909766,-0.351720205833,0.00314056510441,0.00576014653427,-0.227902594836,-0.001379820162,0.0111828786272,0.00147570598183,0.000276726064657,0,0.00226892672545,0.00147570598183,0,0.00554798736617,0.00109092798144,-6,-0.00338791643139,-0.0407241748151,0,0,0,82,0,6,418,0.931818181818,1,0,0.0681818181818,1,0.931818181818,0.964705882353,0.958452959446,0.931818181818,0.931818181818,2,8,0,10,10,10
1783,WLNM_dir_neg_kfold,0.859375,0.547727272727,00:00:02,10,90,19,22364,threshold_sweep,0.1,1,0.25,0.4,2,0,6,16,0.25,1,0,0.75,1,0.25,0.4,0.75,0.638888888889,0.307692307692,0.426401432711,0.25,94,86,8,0,94,0,86,0,8,23,88,0.173913043478,1.68507579377,7.65217391304,7.33333333333,5.5,3.63829000359,0.475458352741,0.249505928854,5.32278271304,1.39118184545,0.672924901186,3.27042079462,0.854769071322,0.442687747036,0.749191304359,0.444603920564,2.5,1.68507579377,0.749191304359,2.5,0.259446613992,0.18878248974,46,0.025974025974,0.333144633145,23,23,23,1,0,0.478260869565,0.217391304348,0.304347826087,23,0.158102766798,1.70986622074,6.95652173913,6.66666666667,5,3.45724878624,0.496979513022,0.271739130435,4.89776911384,1.40810862023,0.680434782609,2.98282302552,0.857561619837,0.461956521739,0.782420638139,0.457591727733,2.5,1.70986622074,0.782420638139,2.5,0.220665313522,0.182565789474,37,0.0208921513269,0.279731127458,23,23,23,1,0,0.478260869565,0.217391304348,0.304347826087,23,82,0.162055335968,1.6873447205,7.13043478261,6.83333333333,5.125,3.42854790129,0.480832937376,0.25980911983,4.97106250721,1.39432241056,0.67868504772,3.04251819979,0.85338925116,0.453870625663,0.750667010341,0.444880646629,2.5,1.6873447205,0.750667010341,2.5,0.264994601358,0.189873417722,40,0.0225861095426,0.29242045833,23,23,23,1,0,0.478260869565,0.217391304348,0.304347826087,-6,-0.0118577075099,0.00226892672545,-0.521739130435,-0.5,-0.375,-0.209742102293,0.00537458463507,0.0103031909766,-0.351720205833,0.00314056510441,0.00576014653427,-0.227902594836,-0.001379820162,0.0111828786272,0.00147570598183,0.000276726064657,0,0.00226892672545,0.00147570598183,0,0.00554798736617,0.00109092798144,-6,-0.00338791643139,-0.0407241748151,0,0,0,82,0,6,418,0.931818181818,1,0,0.0681818181818,1,0.931818181818,0.964705882353,0.958452959446,0.931818181818,0.931818181818,2,8,0,10,10,10
1784,WLNM_dir_neg_kfold,0.859375,0.547727272727,00:00:02,10,90,19,22364,threshold_sweep,0.2,1,0.25,0.4,2,0,6,16,0.25,1,0,0.75,1,0.25,0.4,0.75,0.638888888889,0.307692307692,0.426401432711,0.25,94,86,8,0,94,0,86,0,8,23,88,0.173913043478,1.68507579377,7.65217391304,7.33333333333,5.5,3.63829000359,0.475458352741,0.249505928854,5.32278271304,1.39118184545,0.672924901186,3.27042079462,0.854769071322,0.442687747036,0.749191304359,0.444603920564,2.5,1.68507579377,0.749191304359,2.5,0.259446613992,0.18878248974,46,0.025974025974,0.333144633145,23,23,23,1,0,0.478260869565,0.217391304348,0.304347826087,23,0.158102766798,1.70986622074,6.95652173913,6.66666666667,5,3.45724878624,0.496979513022,0.271739130435,4.89776911384,1.40810862023,0.680434782609,2.98282302552,0.857561619837,0.461956521739,0.782420638139,0.457591727733,2.5,1.70986622074,0.782420638139,2.5,0.220665313522,0.182565789474,37,0.0208921513269,0.279731127458,23,23,23,1,0,0.478260869565,0.217391304348,0.304347826087,23,82,0.162055335968,1.6873447205,7.13043478261,6.83333333333,5.125,3.42854790129,0.480832937376,0.25980911983,4.97106250721,1.39432241056,0.67868504772,3.04251819979,0.85338925116,0.453870625663,0.750667010341,0.444880646629,2.5,1.6873447205,0.750667010341,2.5,0.264994601358,0.189873417722,40,0.0225861095426,0.29242045833,23,23,23,1,0,0.478260869565,0.217391304348,0.304347826087,-6,-0.0118577075099,0.00226892672545,-0.521739130435,-0.5,-0.375,-0.209742102293,0.00537458463507,0.0103031909766,-0.351720205833,0.00314056510441,0.00576014653427,-0.227902594836,-0.001379820162,0.0111828786272,0.00147570598183,0.000276726064657,0,0.00226892672545,0.00147570598183,0,0.00554798736617,0.00109092798144,-6,-0.00338791643139,-0.0407241748151,0,0,0,82,0,6,418,0.931818181818,1,0,0.0681818181818,1,0.931818181818,0.964705882353,0.958452959446,0.931818181818,0.931818181818,2,8,0,10,10,10
1785,WLNM_dir_neg_kfold,0.859375,0.547727272727,00:00:02,10,90,19,22364,threshold_sweep,0.3,1,0.25,0.4,2,0,6,16,0.25,1,0,0.75,1,0.25,0.4,0.75,0.638888888889,0.307692307692,0.426401432711,0.25,94,86,8,0,94,0,86,0,8,23,88,0.173913043478,1.68507579377,7.65217391304,7.33333333333,5.5,3.63829000359,0.475458352741,0.249505928854,5.32278271304,1.39118184545,0.672924901186,3.27042079462,0.854769071322,0.442687747036,0.749191304359,0.444603920564,2.5,1.68507579377,0.749191304359,2.5,0.259446613992,0.18878248974,46,0.025974025974,0.333144633145,23,23,23,1,0,0.478260869565,0.217391304348,0.304347826087,23,0.158102766798,1.70986622074,6.95652173913,6.66666666667,5,3.45724878624,0.496979513022,0.271739130435,4.89776911384,1.40810862023,0.680434782609,2.98282302552,0.857561619837,0.461956521739,0.782420638139,0.457591727733,2.5,1.70986622074,0.782420638139,2.5,0.220665313522,0.182565789474,37,0.0208921513269,0.279731127458,23,23,23,1,0,0.478260869565,0.217391304348,0.304347826087,23,82,0.162055335968,1.6873447205,7.13043478261,6.83333333333,5.125,3.42854790129,0.480832937376,0.25980911983,4.97106250721,1.39432241056,0.67868504772,3.04251819979,0.85338925116,0.453870625663,0.750667010341,0.444880646629,2.5,1.6873447205,0.750667010341,2.5,0.264994601358,0.189873417722,40,0.0225861095426,0.29242045833,23,23,23,1,0,0.478260869565,0.217391304348,0.304347826087,-6,-0.0118577075099,0.00226892672545,-0.521739130435,-0.5,-0.375,-0.209742102293,0.00537458463507,0.0103031909766,-0.351720205833,0.00314056510441,0.00576014653427,-0.227902594836,-0.001379820162,0.0111828786272,0.00147570598183,0.000276726064657,0,0.00226892672545,0.00147570598183,0,0.00554798736617,0.00109092798144,-6,-0.00338791643139,-0.0407241748151,0,0,0,82,0,6,418,0.931818181818,1,0,0.0681818181818,1,0.931818181818,0.964705882353,0.958452959446,0.931818181818,0.931818181818,2,8,0,10,10,10
1786,WLNM_dir_neg_kfold,0.859375,0.547727272727,00:00:02,10,90,19,22364,threshold_sweep,0.4,1,0.25,0.4,2,0,6,16,0.25,1,0,0.75,1,0.25,0.4,0.75,0.638888888889,0.307692307692,0.426401432711,0.25,94,86,8,0,94,0,86,0,8,23,88,0.173913043478,1.68507579377,7.65217391304,7.33333333333,5.5,3.63829000359,0.475458352741,0.249505928854,5.32278271304,1.39118184545,0.672924901186,3.27042079462,0.854769071322,0.442687747036,0.749191304359,0.444603920564,2.5,1.68507579377,0.749191304359,2.5,0.259446613992,0.18878248974,46,0.025974025974,0.333144633145,23,23,23,1,0,0.478260869565,0.217391304348,0.304347826087,23,0.158102766798,1.70986622074,6.95652173913,6.66666666667,5,3.45724878624,0.496979513022,0.271739130435,4.89776911384,1.40810862023,0.680434782609,2.98282302552,0.857561619837,0.461956521739,0.782420638139,0.457591727733,2.5,1.70986622074,0.782420638139,2.5,0.220665313522,0.182565789474,37,0.0208921513269,0.279731127458,23,23,23,1,0,0.478260869565,0.217391304348,0.304347826087,23,82,0.162055335968,1.6873447205,7.13043478261,6.83333333333,5.125,3.42854790129,0.480832937376,0.25980911983,4.97106250721,1.39432241056,0.67868504772,3.04251819979,0.85338925116,0.453870625663,0.750667010341,0.444880646629,2.5,1.6873447205,0.750667010341,2.5,0.264994601358,0.189873417722,40,0.0225861095426,0.29242045833,23,23,23,1,0,0.478260869565,0.217391304348,0.304347826087,-6,-0.0118577075099,0.00226892672545,-0.521739130435,-0.5,-0.375,-0.209742102293,0.00537458463507,0.0103031909766,-0.351720205833,0.00314056510441,0.00576014653427,-0.227902594836,-0.001379820162,0.0111828786272,0.00147570598183,0.000276726064657,0,0.00226892672545,0.00147570598183,0,0.00554798736617,0.00109092798144,-6,-0.00338791643139,-0.0407241748151,0,0,0,82,0,6,418,0.931818181818,1,0,0.0681818181818,1,0.931818181818,0.964705882353,0.958452959446,0.931818181818,0.931818181818,2,8,0,10,10,10
1787,WLNM_dir_neg_kfold,0.859375,0.547727272727,00:00:02,10,90,19,22364,threshold_sweep,0.5,1,0.25,0.4,2,0,6,16,0.25,1,0,0.75,1,0.25,0.4,0.75,0.638888888889,0.307692307692,0.426401432711,0.25,94,86,8,0,94,0,86,0,8,23,88,0.173913043478,1.68507579377,7.65217391304,7.33333333333,5.5,3.63829000359,0.475458352741,0.249505928854,5.32278271304,1.39118184545,0.672924901186,3.27042079462,0.854769071322,0.442687747036,0.749191304359,0.444603920564,2.5,1.68507579377,0.749191304359,2.5,0.259446613992,0.18878248974,46,0.025974025974,0.333144633145,23,23,23,1,0,0.478260869565,0.217391304348,0.304347826087,23,0.158102766798,1.70986622074,6.95652173913,6.66666666667,5,3.45724878624,0.496979513022,0.271739130435,4.89776911384,1.40810862023,0.680434782609,2.98282302552,0.857561619837,0.461956521739,0.782420638139,0.457591727733,2.5,1.70986622074,0.782420638139,2.5,0.220665313522,0.182565789474,37,0.0208921513269,0.279731127458,23,23,23,1,0,0.478260869565,0.217391304348,0.304347826087,23,82,0.162055335968,1.6873447205,7.13043478261,6.83333333333,5.125,3.42854790129,0.480832937376,0.25980911983,4.97106250721,1.39432241056,0.67868504772,3.04251819979,0.85338925116,0.453870625663,0.750667010341,0.444880646629,2.5,1.6873447205,0.750667010341,2.5,0.264994601358,0.189873417722,40,0.0225861095426,0.29242045833,23,23,23,1,0,0.478260869565,0.217391304348,0.304347826087,-6,-0.0118577075099,0.00226892672545,-0.521739130435,-0.5,-0.375,-0.209742102293,0.00537458463507,0.0103031909766,-0.351720205833,0.00314056510441,0.00576014653427,-0.227902594836,-0.001379820162,0.0111828786272,0.00147570598183,0.000276726064657,0,0.00226892672545,0.00147570598183,0,0.00554798736617,0.00109092798144,-6,-0.00338791643139,-0.0407241748151,0,0,0,82,0,6,418,0.931818181818,1,0,0.0681818181818,1,0.931818181818,0.964705882353,0.958452959446,0.931818181818,0.931818181818,2,8,0,10,10,10
1788,WLNM_dir_neg_kfold,0.859375,0.547727272727,00:00:02,10,90,19,22364,threshold_sweep,0.6,1,0.25,0.4,2,0,6,16,0.25,1,0,0.75,1,0.25,0.4,0.75,0.638888888889,0.307692307692,0.426401432711,0.25,94,86,8,0,94,0,86,0,8,23,88,0.173913043478,1.68507579377,7.65217391304,7.33333333333,5.5,3.63829000359,0.475458352741,0.249505928854,5.32278271304,1.39118184545,0.672924901186,3.27042079462,0.854769071322,0.442687747036,0.749191304359,0.444603920564,2.5,1.68507579377,0.749191304359,2.5,0.259446613992,0.18878248974,46,0.025974025974,0.333144633145,23,23,23,1,0,0.478260869565,0.217391304348,0.304347826087,23,0.158102766798,1.70986622074,6.95652173913,6.66666666667,5,3.45724878624,0.496979513022,0.271739130435,4.89776911384,1.40810862023,0.680434782609,2.98282302552,0.857561619837,0.461956521739,0.782420638139,0.457591727733,2.5,1.70986622074,0.782420638139,2.5,0.220665313522,0.182565789474,37,0.0208921513269,0.279731127458,23,23,23,1,0,0.478260869565,0.217391304348,0.304347826087,23,82,0.162055335968,1.6873447205,7.13043478261,6.83333333333,5.125,3.42854790129,0.480832937376,0.25980911983,4.97106250721,1.39432241056,0.67868504772,3.04251819979,0.85338925116,0.453870625663,0.750667010341,0.444880646629,2.5,1.6873447205,0.750667010341,2.5,0.264994601358,0.189873417722,40,0.0225861095426,0.29242045833,23,23,23,1,0,0.478260869565,0.217391304348,0.304347826087,-6,-0.0118577075099,0.00226892672545,-0.521739130435,-0.5,-0.375,-0.209742102293,0.00537458463507,0.0103031909766,-0.351720205833,0.00314056510441,0.00576014653427,-0.227902594836,-0.001379820162,0.0111828786272,0.00147570598183,0.000276726064657,0,0.00226892672545,0.00147570598183,0,0.00554798736617,0.00109092798144,-6,-0.00338791643139,-0.0407241748151,0,0,0,82,0,6,418,0.931818181818,1,0,0.0681818181818,1,0.931818181818,0.964705882353,0.958452959446,0.931818181818,0.931818181818,2,8,0,10,10,10
1789,WLNM_dir_neg_kfold,0.859375,0.547727272727,00:00:02,10,90,19,22364,threshold_sweep,0.7,1,0.25,0.4,2,0,6,16,0.25,1,0,0.75,1,0.25,0.4,0.75,0.638888888889,0.307692307692,0.426401432711,0.25,94,86,8,0,94,0,86,0,8,23,88,0.173913043478,1.68507579377,7.65217391304,7.33333333333,5.5,3.63829000359,0.475458352741,0.249505928854,5.32278271304,1.39118184545,0.672924901186,3.27042079462,0.854769071322,0.442687747036,0.749191304359,0.444603920564,2.5,1.68507579377,0.749191304359,2.5,0.259446613992,0.18878248974,46,0.025974025974,0.333144633145,23,23,23,1,0,0.478260869565,0.217391304348,0.304347826087,23,0.158102766798,1.70986622074,6.95652173913,6.66666666667,5,3.45724878624,0.496979513022,0.271739130435,4.89776911384,1.40810862023,0.680434782609,2.98282302552,0.857561619837,0.461956521739,0.782420638139,0.457591727733,2.5,1.70986622074,0.782420638139,2.5,0.220665313522,0.182565789474,37,0.0208921513269,0.279731127458,23,23,23,1,0,0.478260869565,0.217391304348,0.304347826087,23,82,0.162055335968,1.6873447205,7.13043478261,6.83333333333,5.125,3.42854790129,0.480832937376,0.25980911983,4.97106250721,1.39432241056,0.67868504772,3.04251819979,0.85338925116,0.453870625663,0.750667010341,0.444880646629,2.5,1.6873447205,0.750667010341,2.5,0.264994601358,0.189873417722,40,0.0225861095426,0.29242045833,23,23,23,1,0,0.478260869565,0.217391304348,0.304347826087,-6,-0.0118577075099,0.00226892672545,-0.521739130435,-0.5,-0.375,-0.209742102293,0.00537458463507,0.0103031909766,-0.351720205833,0.00314056510441,0.00576014653427,-0.227902594836,-0.001379820162,0.0111828786272,0.00147570598183,0.000276726064657,0,0.00226892672545,0.00147570598183,0,0.00554798736617,0.00109092798144,-6,-0.00338791643139,-0.0407241748151,0,0,0,82,0,6,418,0.931818181818,1,0,0.0681818181818,1,0.931818181818,0.964705882353,0.958452959446,0.931818181818,0.931818181818,2,8,0,10,10,10
1790,WLNM_dir_neg_kfold,0.859375,0.547727272727,00:00:02,10,90,19,22364,threshold_sweep,0.8,1,0.25,0.4,2,0,6,16,0.25,1,0,0.75,1,0.25,0.4,0.75,0.638888888889,0.307692307692,0.426401432711,0.25,94,86,8,0,94,0,86,0,8,23,88,0.173913043478,1.68507579377,7.65217391304,7.33333333333,5.5,3.63829000359,0.475458352741,0.249505928854,5.32278271304,1.39118184545,0.672924901186,3.27042079462,0.854769071322,0.442687747036,0.749191304359,0.444603920564,2.5,1.68507579377,0.749191304359,2.5,0.259446613992,0.18878248974,46,0.025974025974,0.333144633145,23,23,23,1,0,0.478260869565,0.217391304348,0.304347826087,23,0.158102766798,1.70986622074,6.95652173913,6.66666666667,5,3.45724878624,0.496979513022,0.271739130435,4.89776911384,1.40810862023,0.680434782609,2.98282302552,0.857561619837,0.461956521739,0.782420638139,0.457591727733,2.5,1.70986622074,0.782420638139,2.5,0.220665313522,0.182565789474,37,0.0208921513269,0.279731127458,23,23,23,1,0,0.478260869565,0.217391304348,0.304347826087,23,82,0.162055335968,1.6873447205,7.13043478261,6.83333333333,5.125,3.42854790129,0.480832937376,0.25980911983,4.97106250721,1.39432241056,0.67868504772,3.04251819979,0.85338925116,0.453870625663,0.750667010341,0.444880646629,2.5,1.6873447205,0.750667010341,2.5,0.264994601358,0.189873417722,40,0.0225861095426,0.29242045833,23,23,23,1,0,0.478260869565,0.217391304348,0.304347826087,-6,-0.0118577075099,0.00226892672545,-0.521739130435,-0.5,-0.375,-0.209742102293,0.00537458463507,0.0103031909766,-0.351720205833,0.00314056510441,0.00576014653427,-0.227902594836,-0.001379820162,0.0111828786272,0.00147570598183,0.000276726064657,0,0.00226892672545,0.00147570598183,0,0.00554798736617,0.00109092798144,-6,-0.00338791643139,-0.0407241748151,0,0,0,82,0,6,418,0.931818181818,1,0,0.0681818181818,1,0.931818181818,0.964705882353,0.958452959446,0.931818181818,0.931818181818,2,8,0,10,10,10
1791,WLNM_dir_neg_kfold,0.859375,0.547727272727,00:00:02,10,90,19,22364,threshold_sweep,0.9,1,0.25,0.4,2,0,6,16,0.25,1,0,0.75,1,0.25,0.4,0.75,0.638888888889,0.307692307692,0.426401432711,0.25,94,86,8,0,94,0,86,0,8,23,88,0.173913043478,1.68507579377,7.65217391304,7.33333333333,5.5,3.63829000359,0.475458352741,0.249505928854,5.32278271304,1.39118184545,0.672924901186,3.27042079462,0.854769071322,0.442687747036,0.749191304359,0.444603920564,2.5,1.68507579377,0.749191304359,2.5,0.259446613992,0.18878248974,46,0.025974025974,0.333144633145,23,23,23,1,0,0.478260869565,0.217391304348,0.304347826087,23,0.158102766798,1.70986622074,6.95652173913,6.66666666667,5,3.45724878624,0.496979513022,0.271739130435,4.89776911384,1.40810862023,0.680434782609,2.98282302552,0.857561619837,0.461956521739,0.782420638139,0.457591727733,2.5,1.70986622074,0.782420638139,2.5,0.220665313522,0.182565789474,37,0.0208921513269,0.279731127458,23,23,23,1,0,0.478260869565,0.217391304348,0.304347826087,23,82,0.162055335968,1.6873447205,7.13043478261,6.83333333333,5.125,3.42854790129,0.480832937376,0.25980911983,4.97106250721,1.39432241056,0.67868504772,3.04251819979,0.85338925116,0.453870625663,0.750667010341,0.444880646629,2.5,1.6873447205,0.750667010341,2.5,0.264994601358,0.189873417722,40,0.0225861095426,0.29242045833,23,23,23,1,0,0.478260869565,0.217391304348,0.304347826087,-6,-0.0118577075099,0.00226892672545,-0.521739130435,-0.5,-0.375,-0.209742102293,0.00537458463507,0.0103031909766,-0.351720205833,0.00314056510441,0.00576014653427,-0.227902594836,-0.001379820162,0.0111828786272,0.00147570598183,0.000276726064657,0,0.00226892672545,0.00147570598183,0,0.00554798736617,0.00109092798144,-6,-0.00338791643139,-0.0407241748151,0,0,0,82,0,6,418,0.931818181818,1,0,0.0681818181818,1,0.931818181818,0.964705882353,0.958452959446,0.931818181818,0.931818181818,2,8,0,10,10,10
1792,WLNM_dir_neg_kfold,0.8125,0.5,00:00:02,10,90,20,22365,threshold_sweep,0.1,0.666666666667,0.25,0.363636363636,2,1,6,15,0.25,0.9375,0.0625,0.75,0.666666666667,0.25,0.363636363636,0.708333333333,0.625,0.222222222222,0.267261241912,0.1875,94,86,8,0,94,0,86,0,8,23,88,0.173913043478,1.68507579377,7.65217391304,7.33333333333,5.5,3.63829000359,0.475458352741,0.249505928854,5.32278271304,1.39118184545,0.672924901186,3.27042079462,0.854769071322,0.442687747036,0.749191304359,0.444603920564,2.5,1.68507579377,0.749191304359,2.5,0.259446613992,0.18878248974,46,0.025974025974,0.333144633145,23,23,23,1,0,0.478260869565,0.217391304348,0.304347826087,23,0.158102766798,1.70986622074,6.95652173913,6.66666666667,5,3.45724878624,0.496979513022,0.271739130435,4.89776911384,1.40810862023,0.680434782609,2.98282302552,0.857561619837,0.461956521739,0.782420638139,0.457591727733,2.5,1.70986622074,0.782420638139,2.5,0.220665313522,0.182565789474,37,0.0208921513269,0.279731127458,23,23,23,1,0,0.478260869565,0.217391304348,0.304347826087,23,83,0.164031620553,1.8509135183,7.21739130435,6.38461538462,5.1875,3.50268107363,0.485311233093,0.260869565217,4.94275530848,1.36967918187,0.669460450498,3.01117812092,0.834422852784,0.445259298062,0.843531995361,0.455738200095,2.5,1.8509135183,0.843531995361,2.5,0.264994601358,0.189873417722,40,0.0225861095426,0.248348446425,23,23,23,1,0,0.434782608696,0.260869565217,0.304347826087,-5,-0.0098814229249,0.165837724528,-0.434782608696,-0.948717948718,-0.3125,-0.135608929958,0.00985288035172,0.0113636363636,-0.380027404562,-0.0215026635861,-0.00346445068813,-0.259242673708,-0.0203462185381,0.00257155102624,0.0943406910023,0.0111342795305,0,0.165837724528,0.0943406910023,0,0.00554798736617,0.00109092798144,-6,-0.00338791643139,-0.0847961867193,-0.0434782608696,0.0434782608696,0,82,1,6,417,0.931818181818,0.997607655502,0.00239234449761,0.0681818181818,0.987951807229,0.931818181818,0.959064327485,0.951338315457,0.929425837321,0.921348314607,3,8,0,10,10,10
1793,WLNM_dir_neg_kfold,0.8125,0.5,00:00:02,10,90,20,22365,threshold_sweep,0.2,1,0.25,0.4,2,0,6,16,0.25,1,0,0.75,1,0.25,0.4,0.75,0.638888888889,0.307692307692,0.426401432711,0.25,94,86,8,0,94,0,86,0,8,23,88,0.173913043478,1.68507579377,7.65217391304,7.33333333333,5.5,3.63829000359,0.475458352741,0.249505928854,5.32278271304,1.39118184545,0.672924901186,3.27042079462,0.854769071322,0.442687747036,0.749191304359,0.444603920564,2.5,1.68507579377,0.749191304359,2.5,0.259446613992,0.18878248974,46,0.025974025974,0.333144633145,23,23,23,1,0,0.478260869565,0.217391304348,0.304347826087,23,0.158102766798,1.70986622074,6.95652173913,6.66666666667,5,3.45724878624,0.496979513022,0.271739130435,4.89776911384,1.40810862023,0.680434782609,2.98282302552,0.857561619837,0.461956521739,0.782420638139,0.457591727733,2.5,1.70986622074,0.782420638139,2.5,0.220665313522,0.182565789474,37,0.0208921513269,0.279731127458,23,23,23,1,0,0.478260869565,0.217391304348,0.304347826087,23,82,0.162055335968,1.6873447205,7.13043478261,6.83333333333,5.125,3.42854790129,0.480832937376,0.25980911983,4.97106250721,1.39432241056,0.67868504772,3.04251819979,0.85338925116,0.453870625663,0.750667010341,0.444880646629,2.5,1.6873447205,0.750667010341,2.5,0.264994601358,0.189873417722,40,0.0225861095426,0.29242045833,23,23,23,1,0,0.478260869565,0.217391304348,0.304347826087,-6,-0.0118577075099,0.00226892672545,-0.521739130435,-0.5,-0.375,-0.209742102293,0.00537458463507,0.0103031909766,-0.351720205833,0.00314056510441,0.00576014653427,-0.227902594836,-0.001379820162,0.0111828786272,0.00147570598183,0.000276726064657,0,0.00226892672545,0.00147570598183,0,0.00554798736617,0.00109092798144,-6,-0.00338791643139,-0.0407241748151,0,0,0,82,0,6,418,0.931818181818,1,0,0.0681818181818,1,0.931818181818,0.964705882353,0.958452959446,0.931818181818,0.931818181818,2,8,0,10,10,10
1794,WLNM_dir_neg_kfold,0.8125,0.5,00:00:02,10,90,20,22365,threshold_sweep,0.3,1,0.25,0.4,2,0,6,16,0.25,1,0,0.75,1,0.25,0.4,0.75,0.638888888889,0.307692307692,0.426401432711,0.25,94,86,8,0,94,0,86,0,8,23,88,0.173913043478,1.68507579377,7.65217391304,7.33333333333,5.5,3.63829000359,0.475458352741,0.249505928854,5.32278271304,1.39118184545,0.672924901186,3.27042079462,0.854769071322,0.442687747036,0.749191304359,0.444603920564,2.5,1.68507579377,0.749191304359,2.5,0.259446613992,0.18878248974,46,0.025974025974,0.333144633145,23,23,23,1,0,0.478260869565,0.217391304348,0.304347826087,23,0.158102766798,1.70986622074,6.95652173913,6.66666666667,5,3.45724878624,0.496979513022,0.271739130435,4.89776911384,1.40810862023,0.680434782609,2.98282302552,0.857561619837,0.461956521739,0.782420638139,0.457591727733,2.5,1.70986622074,0.782420638139,2.5,0.220665313522,0.182565789474,37,0.0208921513269,0.279731127458,23,23,23,1,0,0.478260869565,0.217391304348,0.304347826087,23,82,0.162055335968,1.6873447205,7.13043478261,6.83333333333,5.125,3.42854790129,0.480832937376,0.25980911983,4.97106250721,1.39432241056,0.67868504772,3.04251819979,0.85338925116,0.453870625663,0.750667010341,0.444880646629,2.5,1.6873447205,0.750667010341,2.5,0.264994601358,0.189873417722,40,0.0225861095426,0.29242045833,23,23,23,1,0,0.478260869565,0.217391304348,0.304347826087,-6,-0.0118577075099,0.00226892672545,-0.521739130435,-0.5,-0.375,-0.209742102293,0.00537458463507,0.0103031909766,-0.351720205833,0.00314056510441,0.00576014653427,-0.227902594836,-0.001379820162,0.0111828786272,0.00147570598183,0.000276726064657,0,0.00226892672545,0.00147570598183,0,0.00554798736617,0.00109092798144,-6,-0.00338791643139,-0.0407241748151,0,0,0,82,0,6,418,0.931818181818,1,0,0.0681818181818,1,0.931818181818,0.964705882353,0.958452959446,0.931818181818,0.931818181818,2,8,0,10,10,10
1795,WLNM_dir_neg_kfold,0.8125,0.5,00:00:02,10,90,20,22365,threshold_sweep,0.4,1,0.25,0.4,2,0,6,16,0.25,1,0,0.75,1,0.25,0.4,0.75,0.638888888889,0.307692307692,0.426401432711,0.25,94,86,8,0,94,0,86,0,8,23,88,0.173913043478,1.68507579377,7.65217391304,7.33333333333,5.5,3.63829000359,0.475458352741,0.249505928854,5.32278271304,1.39118184545,0.672924901186,3.27042079462,0.854769071322,0.442687747036,0.749191304359,0.444603920564,2.5,1.68507579377,0.749191304359,2.5,0.259446613992,0.18878248974,46,0.025974025974,0.333144633145,23,23,23,1,0,0.478260869565,0.217391304348,0.304347826087,23,0.158102766798,1.70986622074,6.95652173913,6.66666666667,5,3.45724878624,0.496979513022,0.271739130435,4.89776911384,1.40810862023,0.680434782609,2.98282302552,0.857561619837,0.461956521739,0.782420638139,0.457591727733,2.5,1.70986622074,0.782420638139,2.5,0.220665313522,0.182565789474,37,0.0208921513269,0.279731127458,23,23,23,1,0,0.478260869565,0.217391304348,0.304347826087,23,82,0.162055335968,1.6873447205,7.13043478261,6.83333333333,5.125,3.42854790129,0.480832937376,0.25980911983,4.97106250721,1.39432241056,0.67868504772,3.04251819979,0.85338925116,0.453870625663,0.750667010341,0.444880646629,2.5,1.6873447205,0.750667010341,2.5,0.264994601358,0.189873417722,40,0.0225861095426,0.29242045833,23,23,23,1,0,0.478260869565,0.217391304348,0.304347826087,-6,-0.0118577075099,0.00226892672545,-0.521739130435,-0.5,-0.375,-0.209742102293,0.00537458463507,0.0103031909766,-0.351720205833,0.00314056510441,0.00576014653427,-0.227902594836,-0.001379820162,0.0111828786272,0.00147570598183,0.000276726064657,0,0.00226892672545,0.00147570598183,0,0.00554798736617,0.00109092798144,-6,-0.00338791643139,-0.0407241748151,0,0,0,82,0,6,418,0.931818181818,1,0,0.0681818181818,1,0.931818181818,0.964705882353,0.958452959446,0.931818181818,0.931818181818,2,8,0,10,10,10
1796,WLNM_dir_neg_kfold,0.8125,0.5,00:00:02,10,90,20,22365,threshold_sweep,0.5,1,0.25,0.4,2,0,6,16,0.25,1,0,0.75,1,0.25,0.4,0.75,0.638888888889,0.307692307692,0.426401432711,0.25,94,86,8,0,94,0,86,0,8,23,88,0.173913043478,1.68507579377,7.65217391304,7.33333333333,5.5,3.63829000359,0.475458352741,0.249505928854,5.32278271304,1.39118184545,0.672924901186,3.27042079462,0.854769071322,0.442687747036,0.749191304359,0.444603920564,2.5,1.68507579377,0.749191304359,2.5,0.259446613992,0.18878248974,46,0.025974025974,0.333144633145,23,23,23,1,0,0.478260869565,0.217391304348,0.304347826087,23,0.158102766798,1.70986622074,6.95652173913,6.66666666667,5,3.45724878624,0.496979513022,0.271739130435,4.89776911384,1.40810862023,0.680434782609,2.98282302552,0.857561619837,0.461956521739,0.782420638139,0.457591727733,2.5,1.70986622074,0.782420638139,2.5,0.220665313522,0.182565789474,37,0.0208921513269,0.279731127458,23,23,23,1,0,0.478260869565,0.217391304348,0.304347826087,23,82,0.162055335968,1.6873447205,7.13043478261,6.83333333333,5.125,3.42854790129,0.480832937376,0.25980911983,4.97106250721,1.39432241056,0.67868504772,3.04251819979,0.85338925116,0.453870625663,0.750667010341,0.444880646629,2.5,1.6873447205,0.750667010341,2.5,0.264994601358,0.189873417722,40,0.0225861095426,0.29242045833,23,23,23,1,0,0.478260869565,0.217391304348,0.304347826087,-6,-0.0118577075099,0.00226892672545,-0.521739130435,-0.5,-0.375,-0.209742102293,0.00537458463507,0.0103031909766,-0.351720205833,0.00314056510441,0.00576014653427,-0.227902594836,-0.001379820162,0.0111828786272,0.00147570598183,0.000276726064657,0,0.00226892672545,0.00147570598183,0,0.00554798736617,0.00109092798144,-6,-0.00338791643139,-0.0407241748151,0,0,0,82,0,6,418,0.931818181818,1,0,0.0681818181818,1,0.931818181818,0.964705882353,0.958452959446,0.931818181818,0.931818181818,2,8,0,10,10,10
1797,WLNM_dir_neg_kfold,0.8125,0.5,00:00:02,10,90,20,22365,threshold_sweep,0.6,1,0.25,0.4,2,0,6,16,0.25,1,0,0.75,1,0.25,0.4,0.75,0.638888888889,0.307692307692,0.426401432711,0.25,94,86,8,0,94,0,86,0,8,23,88,0.173913043478,1.68507579377,7.65217391304,7.33333333333,5.5,3.63829000359,0.475458352741,0.249505928854,5.32278271304,1.39118184545,0.672924901186,3.27042079462,0.854769071322,0.442687747036,0.749191304359,0.444603920564,2.5,1.68507579377,0.749191304359,2.5,0.259446613992,0.18878248974,46,0.025974025974,0.333144633145,23,23,23,1,0,0.478260869565,0.217391304348,0.304347826087,23,0.158102766798,1.70986622074,6.95652173913,6.66666666667,5,3.45724878624,0.496979513022,0.271739130435,4.89776911384,1.40810862023,0.680434782609,2.98282302552,0.857561619837,0.461956521739,0.782420638139,0.457591727733,2.5,1.70986622074,0.782420638139,2.5,0.220665313522,0.182565789474,37,0.0208921513269,0.279731127458,23,23,23,1,0,0.478260869565,0.217391304348,0.304347826087,23,82,0.162055335968,1.6873447205,7.13043478261,6.83333333333,5.125,3.42854790129,0.480832937376,0.25980911983,4.97106250721,1.39432241056,0.67868504772,3.04251819979,0.85338925116,0.453870625663,0.750667010341,0.444880646629,2.5,1.6873447205,0.750667010341,2.5,0.264994601358,0.189873417722,40,0.0225861095426,0.29242045833,23,23,23,1,0,0.478260869565,0.217391304348,0.304347826087,-6,-0.0118577075099,0.00226892672545,-0.521739130435,-0.5,-0.375,-0.209742102293,0.00537458463507,0.0103031909766,-0.351720205833,0.00314056510441,0.00576014653427,-0.227902594836,-0.001379820162,0.0111828786272,0.00147570598183,0.000276726064657,0,0.00226892672545,0.00147570598183,0,0.00554798736617,0.00109092798144,-6,-0.00338791643139,-0.0407241748151,0,0,0,82,0,6,418,0.931818181818,1,0,0.0681818181818,1,0.931818181818,0.964705882353,0.958452959446,0.931818181818,0.931818181818,2,8,0,10,10,10
1798,WLNM_dir_neg_kfold,0.8125,0.5,00:00:02,10,90,20,22365,threshold_sweep,0.7,1,0.25,0.4,2,0,6,16,0.25,1,0,0.75,1,0.25,0.4,0.75,0.638888888889,0.307692307692,0.426401432711,0.25,94,86,8,0,94,0,86,0,8,23,88,0.173913043478,1.68507579377,7.65217391304,7.33333333333,5.5,3.63829000359,0.475458352741,0.249505928854,5.32278271304,1.39118184545,0.672924901186,3.27042079462,0.854769071322,0.442687747036,0.749191304359,0.444603920564,2.5,1.68507579377,0.749191304359,2.5,0.259446613992,0.18878248974,46,0.025974025974,0.333144633145,23,23,23,1,0,0.478260869565,0.217391304348,0.304347826087,23,0.158102766798,1.70986622074,6.95652173913,6.66666666667,5,3.45724878624,0.496979513022,0.271739130435,4.89776911384,1.40810862023,0.680434782609,2.98282302552,0.857561619837,0.461956521739,0.782420638139,0.457591727733,2.5,1.70986622074,0.782420638139,2.5,0.220665313522,0.182565789474,37,0.0208921513269,0.279731127458,23,23,23,1,0,0.478260869565,0.217391304348,0.304347826087,23,82,0.162055335968,1.6873447205,7.13043478261,6.83333333333,5.125,3.42854790129,0.480832937376,0.25980911983,4.97106250721,1.39432241056,0.67868504772,3.04251819979,0.85338925116,0.453870625663,0.750667010341,0.444880646629,2.5,1.6873447205,0.750667010341,2.5,0.264994601358,0.189873417722,40,0.0225861095426,0.29242045833,23,23,23,1,0,0.478260869565,0.217391304348,0.304347826087,-6,-0.0118577075099,0.00226892672545,-0.521739130435,-0.5,-0.375,-0.209742102293,0.00537458463507,0.0103031909766,-0.351720205833,0.00314056510441,0.00576014653427,-0.227902594836,-0.001379820162,0.0111828786272,0.00147570598183,0.000276726064657,0,0.00226892672545,0.00147570598183,0,0.00554798736617,0.00109092798144,-6,-0.00338791643139,-0.0407241748151,0,0,0,82,0,6,418,0.931818181818,1,0,0.0681818181818,1,0.931818181818,0.964705882353,0.958452959446,0.931818181818,0.931818181818,2,8,0,10,10,10
1799,WLNM_dir_neg_kfold,0.8125,0.5,00:00:02,10,90,20,22365,threshold_sweep,0.8,1,0.25,0.4,2,0,6,16,0.25,1,0,0.75,1,0.25,0.4,0.75,0.638888888889,0.307692307692,0.426401432711,0.25,94,86,8,0,94,0,86,0,8,23,88,0.173913043478,1.68507579377,7.65217391304,7.33333333333,5.5,3.63829000359,0.475458352741,0.249505928854,5.32278271304,1.39118184545,0.672924901186,3.27042079462,0.854769071322,0.442687747036,0.749191304359,0.444603920564,2.5,1.68507579377,0.749191304359,2.5,0.259446613992,0.18878248974,46,0.025974025974,0.333144633145,23,23,23,1,0,0.478260869565,0.217391304348,0.304347826087,23,0.158102766798,1.70986622074,6.95652173913,6.66666666667,5,3.45724878624,0.496979513022,0.271739130435,4.89776911384,1.40810862023,0.680434782609,2.98282302552,0.857561619837,0.461956521739,0.782420638139,0.457591727733,2.5,1.70986622074,0.782420638139,2.5,0.220665313522,0.182565789474,37,0.0208921513269,0.279731127458,23,23,23,1,0,0.478260869565,0.217391304348,0.304347826087,23,82,0.162055335968,1.6873447205,7.13043478261,6.83333333333,5.125,3.42854790129,0.480832937376,0.25980911983,4.97106250721,1.39432241056,0.67868504772,3.04251819979,0.85338925116,0.453870625663,0.750667010341,0.444880646629,2.5,1.6873447205,0.750667010341,2.5,0.264994601358,0.189873417722,40,0.0225861095426,0.29242045833,23,23,23,1,0,0.478260869565,0.217391304348,0.304347826087,-6,-0.0118577075099,0.00226892672545,-0.521739130435,-0.5,-0.375,-0.209742102293,0.00537458463507,0.0103031909766,-0.351720205833,0.00314056510441,0.00576014653427,-0.227902594836,-0.001379820162,0.0111828786272,0.00147570598183,0.000276726064657,0,0.00226892672545,0.00147570598183,0,0.00554798736617,0.00109092798144,-6,-0.00338791643139,-0.0407241748151,0,0,0,82,0,6,418,0.931818181818,1,0,0.0681818181818,1,0.931818181818,0.964705882353,0.958452959446,0.931818181818,0.931818181818,2,8,0,10,10,10
1800,WLNM_dir_neg_kfold,0.8125,0.5,00:00:02,10,90,20,22365,threshold_sweep,0.9,1,0.25,0.4,2,0,6,16,0.25,1,0,0.75,1,0.25,0.4,0.75,0.638888888889,0.307692307692,0.426401432711,0.25,94,86,8,0,94,0,86,0,8,23,88,0.173913043478,1.68507579377,7.65217391304,7.33333333333,5.5,3.63829000359,0.475458352741,0.249505928854,5.32278271304,1.39118184545,0.672924901186,3.27042079462,0.854769071322,0.442687747036,0.749191304359,0.444603920564,2.5,1.68507579377,0.749191304359,2.5,0.259446613992,0.18878248974,46,0.025974025974,0.333144633145,23,23,23,1,0,0.478260869565,0.217391304348,0.304347826087,23,0.158102766798,1.70986622074,6.95652173913,6.66666666667,5,3.45724878624,0.496979513022,0.271739130435,4.89776911384,1.40810862023,0.680434782609,2.98282302552,0.857561619837,0.461956521739,0.782420638139,0.457591727733,2.5,1.70986622074,0.782420638139,2.5,0.220665313522,0.182565789474,37,0.0208921513269,0.279731127458,23,23,23,1,0,0.478260869565,0.217391304348,0.304347826087,23,82,0.162055335968,1.6873447205,7.13043478261,6.83333333333,5.125,3.42854790129,0.480832937376,0.25980911983,4.97106250721,1.39432241056,0.67868504772,3.04251819979,0.85338925116,0.453870625663,0.750667010341,0.444880646629,2.5,1.6873447205,0.750667010341,2.5,0.264994601358,0.189873417722,40,0.0225861095426,0.29242045833,23,23,23,1,0,0.478260869565,0.217391304348,0.304347826087,-6,-0.0118577075099,0.00226892672545,-0.521739130435,-0.5,-0.375,-0.209742102293,0.00537458463507,0.0103031909766,-0.351720205833,0.00314056510441,0.00576014653427,-0.227902594836,-0.001379820162,0.0111828786272,0.00147570598183,0.000276726064657,0,0.00226892672545,0.00147570598183,0,0.00554798736617,0.00109092798144,-6,-0.00338791643139,-0.0407241748151,0,0,0,82,0,6,418,0.931818181818,1,0,0.0681818181818,1,0.931818181818,0.964705882353,0.958452959446,0.931818181818,0.931818181818,2,8,0,10,10,10
